# Corrected for radial velocity of 20.55 km/s
# 
# star name zetOri, line HEI4713
# instrument: HERMES spectrograph @Mercator
# date of observation (midpoint)2018-10-15T04:32:02.622712
# BJD of observation (midpoint)2458406.6913082
# name of fits file: 00898167_HRF_OBJ_ext_CosmicsRemoved_log_merged_c.fits
# 
# wavelength(Angstrom,air) normalised_flux
4.700678847175921874e+03 9.966237260243038243e-01
4.700703293144542840e+03 9.983682270821208071e-01
4.700727739240294795e+03 1.000437458307203542e+00
4.700752185463178648e+03 9.958337685734682809e-01
4.700776631813196218e+03 9.949789156244047694e-01
4.700801078290347505e+03 1.003525926279933644e+00
4.700825524894632508e+03 1.001834442787756130e+00
4.700849971626053048e+03 1.001827780075651875e+00
4.700874418484609123e+03 1.002837998938448605e+00
4.700898865470302553e+03 9.983036263112049502e-01
4.700923312583130610e+03 9.993229943484858158e-01
4.700947759823098750e+03 9.974374243259803707e-01
4.700972207190204244e+03 9.997770358732717133e-01
4.700996654684448913e+03 9.908596928813835358e-01
4.701021102305832756e+03 9.911112990773301989e-01
4.701045550054356681e+03 9.980554168757544975e-01
4.701069997930022510e+03 1.003721500237827913e+00
4.701094445932829331e+03 1.001369730187564810e+00
4.701118894062778963e+03 1.001529601254332214e+00
4.701143342319871408e+03 9.988794055453193987e-01
4.701167790704106665e+03 1.003633194029130760e+00
4.701192239215487461e+03 9.924432044480638870e-01
4.701216687854012889e+03 1.006821695904615899e+00
4.701241136619682948e+03 1.001396688724323969e+00
4.701265585512500365e+03 9.961824251599012969e-01
4.701290034532464233e+03 1.002543254941478335e+00
4.701314483679575460e+03 9.964310963170787128e-01
4.701338932953834956e+03 9.968861407248710282e-01
4.701363382355244539e+03 9.981913362319724259e-01
4.701387831883803301e+03 9.982096834912149719e-01
4.701412281539511241e+03 9.925492996798001011e-01
4.701436731322371088e+03 9.930407372417121570e-01
4.701461181232381932e+03 1.001750297671390788e+00
4.701485631269544683e+03 1.004225712999584408e+00
4.701510081433861160e+03 1.003517699132971730e+00
4.701534531725330453e+03 9.966387780351119163e-01
4.701558982143954381e+03 9.981882118681248972e-01
4.701583432689732945e+03 1.002627803612232693e+00
4.701607883362667053e+03 9.998508502619487537e-01
4.701632334162757616e+03 1.002256365800613613e+00
4.701656785090004632e+03 1.003110970493751530e+00
4.701681236144409013e+03 1.003787272643073880e+00
4.701705687325971667e+03 9.958415875008191920e-01
4.701730138634693503e+03 9.957863563348164915e-01
4.701754590070575432e+03 1.005558750531692080e+00
4.701779041633615634e+03 1.003156599941069427e+00
4.701803493323818657e+03 9.984600579498974504e-01
4.701827945141181772e+03 1.000466716343870743e+00
4.701852397085707707e+03 9.995994841974324974e-01
4.701876849157396464e+03 1.005581675216718596e+00
4.701901301356248950e+03 1.003999742986230626e+00
4.701925753682265167e+03 1.000058609554029809e+00
4.701950206135445114e+03 9.967403725177393925e-01
4.701974658715791520e+03 9.965909020349195124e-01
4.701999111423304385e+03 9.993203860949839701e-01
4.702023564257983708e+03 9.993095520410033572e-01
4.702048017219830399e+03 1.002123008990960518e+00
4.702072470308844458e+03 1.006436267488923786e+00
4.702096923525028615e+03 1.009252397458861417e+00
4.702121376868381049e+03 1.003459474034731791e+00
4.702145830338904489e+03 1.001918072780446867e+00
4.702170283936598025e+03 1.000465225549602488e+00
4.702194737661463478e+03 1.000184717974292870e+00
4.702219191513500846e+03 1.002327116306474641e+00
4.702243645492710129e+03 1.003655330470016871e+00
4.702268099599093148e+03 1.007403056284676968e+00
4.702292553832650810e+03 1.003217567504666174e+00
4.702317008193382208e+03 1.000497501049753213e+00
4.702341462681289158e+03 9.994339178910417454e-01
4.702365917296373482e+03 1.000147977811938871e+00
4.702390372038633359e+03 1.001791537677207522e+00
4.702414826908070609e+03 1.009236583933595721e+00
4.702439281904686140e+03 1.002983771566682947e+00
4.702463737028480864e+03 1.004091984846730234e+00
4.702488192279453870e+03 9.973479871502651806e-01
4.702512647657606976e+03 9.961700944538938174e-01
4.702537103162941094e+03 9.918009552228111980e-01
4.702561558795456222e+03 9.971829464825824330e-01
4.702586014555153270e+03 1.000038242206341410e+00
4.702610470442034057e+03 1.003554909403734152e+00
4.702634926456097674e+03 1.001928600692696403e+00
4.702659382597344120e+03 9.897131204545396299e-01
4.702683838865776124e+03 9.955083941323674690e-01
4.702708295261392777e+03 1.003809616400810789e+00
4.702732751784196807e+03 9.992115525738739512e-01
4.702757208434186396e+03 9.953583952526092737e-01
4.702781665211362451e+03 9.984756666112695189e-01
4.702806122115727703e+03 1.003916968831075174e+00
4.702830579147281242e+03 1.001588310157305539e+00
4.702855036306023976e+03 9.997159133374251549e-01
4.702879493591956816e+03 1.000692880002955087e+00
4.702903951005080671e+03 1.000968779104941975e+00
4.702928408545394632e+03 1.000998114088545776e+00
4.702952866212900517e+03 1.000001170516149562e+00
4.702977324007600146e+03 9.938406034685128843e-01
4.703001781929491699e+03 1.000883862468819441e+00
4.703026239978578815e+03 1.000463840424349771e+00
4.703050698154858765e+03 9.946975995870649401e-01
4.703075156458334277e+03 1.001943380016196317e+00
4.703099614889006261e+03 9.988968556406306876e-01
4.703124073446873808e+03 9.972246401849089725e-01
4.703148532131939646e+03 9.976199438699631106e-01
4.703172990944202866e+03 9.953361201428869709e-01
4.703197449883664376e+03 9.996655153810736216e-01
4.703221908950325087e+03 1.005090243649912507e+00
4.703246368144185908e+03 1.002272377405913018e+00
4.703270827465246839e+03 9.973466838972737669e-01
4.703295286913509699e+03 9.962659564139947355e-01
4.703319746488974488e+03 1.004117545656218136e+00
4.703344206191641206e+03 1.005769200828438681e+00
4.703368666021509853e+03 9.980026901290102170e-01
4.703393125978584067e+03 9.957916903194817815e-01
4.703417586062862028e+03 1.000616737162277170e+00
4.703442046274345557e+03 9.978432833666581736e-01
4.703466506613034653e+03 9.941695404060739705e-01
4.703490967078929316e+03 9.981576121377533362e-01
4.703515427672032274e+03 9.959402616725809843e-01
4.703539888392342618e+03 9.924570312936118466e-01
4.703564349239861258e+03 1.002054588435713045e+00
4.703588810214589103e+03 1.003622710104548954e+00
4.703613271316527062e+03 1.000248844311634411e+00
4.703637732545675135e+03 9.980421789061416638e-01
4.703662193902034232e+03 1.003099205655925363e+00
4.703686655385605263e+03 9.980774273113784956e-01
4.703711116996388228e+03 9.881773813924388250e-01
4.703735578734384944e+03 9.987136318289416836e-01
4.703760040599595413e+03 1.003681905536834229e+00
4.703784502592018725e+03 9.978091358754340723e-01
4.703808964711658518e+03 1.001479895175261259e+00
4.703833426958513883e+03 9.977191019455180498e-01
4.703857889332585728e+03 9.987268781512460558e-01
4.703882351833874964e+03 9.984098813143161832e-01
4.703906814462380680e+03 1.001952096822716021e+00
4.703931277218105606e+03 9.985100005549734092e-01
4.703955740101048832e+03 9.918098529216371473e-01
4.703980203111213086e+03 9.915936715820594660e-01
4.704004666248596550e+03 1.005702345790693730e+00
4.704029129513201042e+03 9.986941124080239707e-01
4.704053592905027472e+03 9.929710950557287807e-01
4.704078056424076749e+03 9.989381539181132474e-01
4.704102520070347964e+03 1.002664452433348119e+00
4.704126983843842936e+03 1.002421580893477993e+00
4.704151447744563484e+03 1.003622865429281807e+00
4.704175911772507789e+03 1.000597629985209958e+00
4.704200375927677669e+03 1.001816714928884799e+00
4.704224840210074944e+03 1.002538932480470102e+00
4.704249304619697796e+03 1.001568398386108116e+00
4.704273769156549861e+03 1.001310100702191841e+00
4.704298233820629321e+03 1.002281884476755369e+00
4.704322698611937085e+03 9.939915151758274003e-01
4.704347163530475882e+03 9.985444203301071520e-01
4.704371628576243893e+03 1.002295798326362730e+00
4.704396093749242937e+03 1.003982862348455241e+00
4.704420559049473923e+03 1.002342414718692343e+00
4.704445024476936851e+03 9.989306278146974361e-01
4.704469490031632631e+03 9.920998517376149461e-01
4.704493955713562173e+03 9.919549109146820198e-01
4.704518421522726385e+03 9.916238748041728002e-01
4.704542887459125268e+03 9.938158081031392976e-01
4.704567353522759731e+03 9.938988073332917228e-01
4.704591819713629775e+03 9.937606073047714483e-01
4.704616286031737218e+03 9.912938939013749007e-01
4.704640752477082060e+03 9.936062103495575393e-01
4.704665219049665211e+03 9.985825528109920635e-01
4.704689685749486671e+03 9.963464469546232660e-01
4.704714152576548258e+03 1.000877925800839563e+00
4.704738619530850883e+03 9.897999575027748298e-01
4.704763086612392726e+03 9.945648223820443556e-01
4.704787553821177426e+03 9.903312037830591663e-01
4.704812021157203162e+03 9.926754967985738087e-01
4.704836488620472664e+03 9.842786252581610107e-01
4.704860956210985933e+03 9.956355983926631348e-01
4.704885423928742057e+03 9.933898239066413227e-01
4.704909891773743766e+03 9.954667111612761632e-01
4.704934359745990150e+03 9.873001689089898614e-01
4.704958827845483938e+03 9.882739166035177103e-01
4.704983296072224221e+03 9.876852108838310995e-01
4.705007764426211907e+03 9.854026235600712447e-01
4.705032232907446996e+03 9.862927103712983978e-01
4.705056701515932218e+03 9.968580988768975804e-01
4.705081170251665753e+03 9.908739033179102540e-01
4.705105639114649421e+03 9.913235582968605852e-01
4.705130108104884130e+03 9.913387211957475076e-01
4.705154577222370790e+03 9.891960535704967805e-01
4.705179046467109401e+03 9.866246837485007637e-01
4.705203515839099964e+03 9.855927340989760754e-01
4.705227985338345206e+03 9.897834534044650523e-01
4.705252454964843309e+03 9.919607277889914698e-01
4.705276924718597002e+03 9.886683589598963540e-01
4.705301394599605374e+03 9.879437043095053994e-01
4.705325864607870244e+03 9.872365715501578709e-01
4.705350334743392523e+03 9.882161117046074361e-01
4.705374805006171300e+03 9.864984417201644318e-01
4.705399275396208395e+03 9.938137876260664250e-01
4.705423745913504717e+03 9.833997186143733638e-01
4.705448216558059357e+03 9.947420991619279063e-01
4.705472687329875043e+03 9.916868527594404625e-01
4.705497158228950866e+03 9.889954186207141618e-01
4.705521629255287735e+03 9.923153998961888878e-01
4.705546100408887469e+03 9.897744352752798624e-01
4.705570571689749158e+03 9.891990291299821436e-01
4.705595043097874623e+03 9.885370536712305700e-01
4.705619514633263861e+03 9.845747751673470383e-01
4.705643986295917784e+03 9.858287478664630177e-01
4.705668458085837301e+03 9.817491866487759733e-01
4.705692930003023321e+03 9.846901815826265558e-01
4.705717402047474934e+03 9.862285704607997028e-01
4.705741874219193960e+03 9.869623240626435035e-01
4.705766346518182218e+03 9.881552630469518927e-01
4.705790818944438797e+03 9.956923985045943448e-01
4.705815291497963699e+03 9.921489247253364452e-01
4.705839764178758742e+03 9.907326025093257105e-01
4.705864236986824835e+03 9.937985243034711536e-01
4.705888709922162889e+03 9.936928864602996292e-01
4.705913182984771993e+03 9.972907430348220137e-01
4.705937656174653966e+03 9.906430377442082547e-01
4.705962129491808810e+03 9.922132125604050668e-01
4.705986602936237432e+03 9.968476342711151128e-01
4.706011076507941652e+03 9.969593962726928105e-01
4.706035550206920561e+03 9.877116842040156719e-01
4.706060024033175068e+03 9.950549361301381790e-01
4.706084497986706992e+03 9.937991377213856170e-01
4.706108972067515424e+03 9.914261389586854767e-01
4.706133446275603092e+03 1.000188331127898067e+00
4.706157920610968176e+03 1.000945629260040493e+00
4.706182395073612497e+03 9.945652456331709468e-01
4.706206869663536963e+03 1.001457045492375686e+00
4.706231344380741575e+03 1.003688803307299926e+00
4.706255819225228151e+03 9.986445922375454254e-01
4.706280294196995783e+03 9.936730196409746529e-01
4.706304769296046288e+03 1.001529683197964760e+00
4.706329244522380577e+03 9.961248745577832020e-01
4.706353719875997740e+03 9.990053607009424796e-01
4.706378195356900505e+03 1.005044730273076059e+00
4.706402670965087964e+03 1.002178426600085048e+00
4.706427146700561025e+03 1.001281710342651010e+00
4.706451622563321507e+03 9.931874646296749987e-01
4.706476098553368502e+03 1.001970082950902619e+00
4.706500574670702918e+03 9.992841721716241299e-01
4.706525050915326574e+03 9.984157174102343824e-01
4.706549527287238561e+03 9.965283810190416203e-01
4.706574003786440699e+03 9.968832301376364668e-01
4.706598480412933895e+03 9.973505775166389142e-01
4.706622957166718152e+03 1.000077846513259150e+00
4.706647434047793467e+03 1.005068190429032171e+00
4.706671911056162571e+03 1.001296807980710302e+00
4.706696388191823644e+03 9.981562028578941925e-01
4.706720865454778504e+03 9.989262485871641672e-01
4.706745342845028972e+03 1.001147928181786995e+00
4.706769820362573228e+03 1.003510261026581585e+00
4.706794298007414000e+03 1.010898008573858808e+00
4.706818775779551288e+03 9.982818580215088167e-01
4.706843253678985093e+03 1.006662799428515109e+00
4.706867731705717233e+03 9.969282806814889764e-01
4.706892209859747709e+03 9.976017843015084763e-01
4.706916688141077429e+03 9.973581037889800438e-01
4.706941166549707305e+03 9.954606248862272189e-01
4.706965645085636424e+03 9.978863975958486288e-01
4.706990123748867518e+03 1.001171084607918926e+00
4.707014602539399675e+03 1.001144704426240262e+00
4.707039081457234715e+03 1.001130835918716322e+00
4.707063560502372638e+03 9.992520108256647271e-01
4.707088039674814354e+03 9.990784482320479443e-01
4.707112518974560771e+03 1.004371279776640202e+00
4.707136998401611891e+03 1.000683607863069646e+00
4.707161477955968621e+03 1.000132626321491580e+00
4.707185957637631873e+03 1.001675851400244177e+00
4.707210437446603464e+03 1.001301633042392281e+00
4.707234917382880667e+03 9.975149461588870281e-01
4.707259397446467119e+03 1.000933429590107338e+00
4.707283877637361911e+03 1.001785896533048392e+00
4.707308357955567772e+03 1.002729998870717454e+00
4.707332838401083791e+03 1.001909302894703258e+00
4.707357318973909969e+03 1.003071665933630952e+00
4.707381799674048125e+03 9.960261225928773721e-01
4.707406280501499168e+03 9.966512224490293725e-01
4.707430761456262189e+03 1.000347689822931319e+00
4.707455242538339007e+03 1.004347657801968330e+00
4.707479723747730532e+03 1.000529435896579944e+00
4.707504205084437672e+03 9.993849387243737281e-01
4.707528686548459518e+03 1.001765725529402573e+00
4.707553168139797890e+03 9.977836800807573514e-01
4.707577649858453697e+03 9.976681661209491070e-01
4.707602131704426938e+03 1.001020902925526368e+00
4.707626613677718524e+03 9.984543073200480290e-01
4.707651095778328454e+03 1.000914978303869995e+00
4.707675578006258547e+03 9.983368422595938485e-01
4.707700060361509713e+03 9.996066599937519781e-01
4.707724542844081043e+03 1.008212209306236673e+00
4.707749025453973445e+03 1.004699677594291352e+00
4.707773508191188739e+03 1.000480993368479288e+00
4.707797991055726015e+03 9.977996647967422028e-01
4.707822474047588003e+03 9.961814436320615140e-01
4.707846957166773791e+03 9.978560712419520806e-01
4.707871440413285200e+03 9.999162232434303244e-01
4.707895923787120410e+03 1.003940590223443285e+00
4.707920407288283968e+03 1.002193103800051555e+00
4.707944890916773147e+03 1.005411949333938182e+00
4.707969374672590675e+03 1.005499642239451985e+00
4.707993858555735642e+03 1.002746503652074184e+00
4.708018342566209867e+03 1.006368635554423241e+00
4.708042826704013351e+03 1.006734272710296363e+00
4.708067310969147911e+03 1.003775751096609214e+00
4.708091795361612640e+03 1.000371835700509582e+00
4.708116279881409355e+03 9.979231731759655721e-01
4.708140764528538057e+03 9.978733360260895191e-01
4.708165249302999655e+03 9.922709399030441579e-01
4.708189734204795059e+03 1.000772750878366590e+00
4.708214219233924268e+03 1.008701541463118412e+00
4.708238704390387284e+03 9.985718744975949912e-01
4.708263189674187743e+03 1.006372215259010661e+00
4.708287675085322917e+03 1.005997513711250235e+00
4.708312160623796444e+03 1.002520926547604940e+00
4.708336646289606506e+03 9.991886774473275334e-01
4.708361132082754011e+03 9.976467446052996735e-01
4.708385618003241689e+03 9.976891288066729313e-01
4.708410104051067719e+03 1.004111157604032689e+00
4.708434590226234832e+03 1.004154068994515869e+00
4.708459076528743026e+03 9.970688659371406137e-01
4.708483562958591392e+03 1.002069806704117161e+00
4.708508049515782659e+03 9.996561126609836423e-01
4.708532536200316827e+03 9.932649819675469782e-01
4.708557023012193895e+03 1.003600300479597918e+00
4.708581509951415683e+03 1.004370203535078332e+00
4.708605997017983100e+03 1.003514690868560599e+00
4.708630484211894327e+03 1.005310595073469981e+00
4.708654971533152093e+03 9.975708262959144257e-01
4.708679458981756397e+03 9.995332673178070060e-01
4.708703946557709060e+03 1.001615201545478451e+00
4.708728434261009170e+03 1.003518784760745852e+00
4.708752922091657638e+03 1.002108516009330152e+00
4.708777410049657192e+03 1.004249729136655223e+00
4.708801898135005104e+03 1.003610268100965763e+00
4.708826386347704101e+03 1.004506013474883330e+00
4.708850874687755095e+03 9.977826526330656476e-01
4.708875363155158084e+03 9.975933106783774207e-01
4.708899851749913068e+03 9.937610288769515021e-01
4.708924340472022777e+03 1.002253993381361008e+00
4.708948829321485391e+03 1.002886389419977764e+00
4.708973318298302729e+03 9.984139840882538808e-01
4.708997807402475701e+03 9.937703566245361664e-01
4.709022296634005215e+03 9.960133236035562110e-01
4.709046785992891273e+03 1.000096155067756731e+00
4.709071275479133874e+03 1.004725777057162706e+00
4.709095765092734837e+03 1.001493998211947289e+00
4.709120254833695071e+03 9.997962814597283199e-01
4.709144744702013668e+03 9.923878299095313382e-01
4.709169234697693355e+03 9.937064614051731581e-01
4.709193724820733223e+03 9.934044424095613834e-01
4.709218215071135091e+03 9.910190463429968677e-01
4.709242705448898050e+03 9.973943974416799030e-01
4.709267195954024828e+03 1.001109537040189679e+00
4.709291686586513606e+03 9.954591487251928106e-01
4.709316177346367112e+03 9.995763057724078582e-01
4.709340668233585347e+03 9.994653554993977451e-01
4.709365159248168311e+03 1.002203164425030657e+00
4.709389650390117822e+03 9.986331443401326169e-01
4.709414141659433881e+03 1.001378073907379207e+00
4.709438633056117396e+03 1.000167812066206752e+00
4.709463124580167459e+03 9.979951127600796834e-01
4.709487616231587708e+03 9.946042576844581484e-01
4.709512108010376323e+03 9.933341059194613631e-01
4.709536599916536034e+03 1.001470051707846975e+00
4.709561091950065929e+03 9.961889960401613120e-01
4.709585584110966010e+03 9.955937078656822425e-01
4.709610076399239006e+03 9.965124012628281402e-01
4.709634568814884915e+03 9.917070365983089442e-01
4.709659061357903738e+03 9.934211716463773323e-01
4.709683554028296385e+03 9.963910534432316446e-01
4.709708046826062855e+03 9.882113882915671832e-01
4.709732539751205877e+03 9.952569509873542275e-01
4.709757032803725451e+03 9.924474736345645365e-01
4.709781525983619758e+03 9.963603409480501494e-01
4.709806019290891527e+03 9.923258287600019711e-01
4.709830512725542576e+03 9.888114068638488297e-01
4.709855006287571086e+03 9.967938079365208370e-01
4.709879499976978877e+03 9.925221738299638830e-01
4.709903993793766858e+03 9.912348012362612870e-01
4.709928487737935029e+03 9.889007290063643874e-01
4.709952981809485209e+03 9.895906383990881183e-01
4.709977476008416488e+03 9.984009790717375266e-01
4.710001970334730686e+03 9.862331002931702395e-01
4.710026464788428711e+03 9.905369700914481434e-01
4.710050959369509656e+03 9.890225300455506297e-01
4.710075454077974427e+03 9.914992786505686384e-01
4.710099948913825756e+03 9.872621027194367072e-01
4.710124443877061822e+03 9.927176379022177866e-01
4.710148938967686263e+03 9.947040987149692315e-01
4.710173434185696351e+03 9.942492675042229333e-01
4.710197929531093905e+03 9.956106785356739763e-01
4.710222425003880744e+03 9.960180707512482634e-01
4.710246920604056868e+03 9.919871753510812740e-01
4.710271416331623186e+03 9.885682850310653080e-01
4.710295912186578789e+03 9.916872078826990400e-01
4.710320408168926406e+03 9.892229722951009219e-01
4.710344904278665126e+03 9.920341225301836374e-01
4.710369400515796769e+03 9.882530078867561851e-01
4.710393896880322245e+03 9.939773982686581633e-01
4.710418393372240644e+03 9.882055443420930674e-01
4.710442889991553784e+03 9.939415922547567561e-01
4.710467386738261666e+03 9.801466520855594000e-01
4.710491883612366109e+03 9.869973437456127652e-01
4.710516380613867113e+03 9.982378807140565025e-01
4.710540877742764678e+03 9.992421689350181602e-01
4.710565374999059713e+03 9.905138200754439737e-01
4.710589872382753128e+03 9.872269401825407575e-01
4.710614369893845833e+03 9.905683622471193051e-01
4.710638867532339646e+03 9.903536810960602566e-01
4.710663365298232748e+03 9.899097925115978303e-01
4.710687863191526048e+03 9.926376945779343819e-01
4.710712361212222277e+03 9.854362310094644251e-01
4.710736859360320523e+03 9.946067929003624686e-01
4.710761357635822606e+03 9.908057748083948235e-01
4.710785856038726706e+03 9.916070189614831776e-01
4.710810354569037372e+03 9.860120832350828257e-01
4.710834853226751875e+03 9.862597769206639109e-01
4.710859352011872033e+03 9.907226650877438701e-01
4.710883850924398757e+03 9.883981674285059471e-01
4.710908349964332047e+03 9.863650105048556993e-01
4.710932849131674629e+03 9.956689624767126601e-01
4.710957348426423778e+03 9.902137927840204412e-01
4.710981847848583129e+03 9.920656267096986669e-01
4.711006347398151775e+03 9.856453753374813109e-01
4.711030847075130623e+03 9.766705814170877353e-01
4.711055346879520584e+03 9.819381969366760554e-01
4.711079846811322568e+03 9.870587941833576240e-01
4.711104346870536574e+03 9.890490963502582833e-01
4.711128847057164421e+03 9.921510351074112055e-01
4.711153347371205200e+03 9.840246983429206118e-01
4.711177847812660730e+03 9.825998746145339080e-01
4.711202348381531010e+03 9.766740003530927083e-01
4.711226849077816951e+03 9.776461934583771107e-01
4.711251349901518552e+03 9.806660911272281345e-01
4.711275850852637632e+03 9.835977902251211713e-01
4.711300351931174191e+03 9.802244194115342646e-01
4.711324853137129139e+03 9.782007168062853975e-01
4.711349354470503386e+03 9.757879590668059322e-01
4.711373855931297840e+03 9.809240097479984266e-01
4.711398357519511592e+03 9.791888541935168666e-01
4.711422859235146461e+03 9.795131825986601593e-01
4.711447361078203357e+03 9.652371843443627863e-01
4.711471863048682280e+03 9.704057939001957678e-01
4.711496365146584139e+03 9.811380909701299391e-01
4.711520867371909844e+03 9.803917757782639741e-01
4.711545369724659395e+03 9.740826494223272514e-01
4.711569872204834610e+03 9.735301343818849595e-01
4.711594374812435490e+03 9.790674974060930014e-01
4.711618877547461125e+03 9.745464225223341437e-01
4.711643380409915153e+03 9.716576166389797597e-01
4.711667883399795755e+03 9.765773233207127868e-01
4.711692386517105660e+03 9.763956671421106792e-01
4.711716889761843959e+03 9.693485936180475937e-01
4.711741393134011560e+03 9.577442302845474709e-01
4.711765896633610282e+03 9.637853403375858941e-01
4.711790400260639217e+03 9.662429332784023828e-01
4.711814904015100183e+03 9.649508207424407624e-01
4.711839407896993180e+03 9.648286164229676887e-01
4.711863911906319117e+03 9.671346447455687612e-01
4.711888416043077996e+03 9.612368213395159344e-01
4.711912920307271634e+03 9.656927506784246384e-01
4.711937424698900941e+03 9.667765081292484242e-01
4.711961929217965007e+03 9.560384535532994166e-01
4.711986433864464743e+03 9.629763642933498735e-01
4.712010938638401967e+03 9.514866337781932026e-01
4.712035443539776679e+03 9.648274850168767625e-01
4.712059948568588879e+03 9.694775853476098604e-01
4.712084453724841296e+03 9.622318874396429411e-01
4.712108959008533020e+03 9.592959536074042726e-01
4.712133464419663142e+03 9.583276021942517264e-01
4.712157969958236208e+03 9.536269765706693047e-01
4.712182475624250401e+03 9.488140388527865898e-01
4.712206981417705720e+03 9.522492778735809349e-01
4.712231487338604893e+03 9.548145853879922429e-01
4.712255993386947011e+03 9.584205973384263277e-01
4.712280499562733894e+03 9.517270389439816958e-01
4.712305005865965541e+03 9.493045489914826440e-01
4.712329512296641042e+03 9.516771005812512119e-01
4.712354018854764945e+03 9.415975766291195814e-01
4.712378525540334522e+03 9.520110781007230516e-01
4.712403032353351591e+03 9.484079936282784340e-01
4.712427539293817063e+03 9.477952843875711020e-01
4.712452046361731846e+03 9.408313376141944628e-01
4.712476553557095031e+03 9.428972103427070151e-01
4.712501060879909346e+03 9.363698526480357387e-01
4.712525568330173883e+03 9.371183044834741072e-01
4.712550075907889550e+03 9.290290364179895066e-01
4.712574583613058167e+03 9.385464792389847100e-01
4.712599091445678823e+03 9.435739626613941500e-01
4.712623599405753339e+03 9.319654320959980254e-01
4.712648107493281714e+03 9.349663986047117570e-01
4.712672615708264857e+03 9.263235367749390603e-01
4.712697124050703678e+03 9.237544139965975232e-01
4.712721632520598178e+03 9.271596226497645921e-01
4.712746141117950174e+03 9.303158027667669527e-01
4.712770649842759667e+03 9.262922871624202914e-01
4.712795158695025748e+03 9.324414964968040787e-01
4.712819667674752054e+03 9.268665295999809484e-01
4.712844176781936767e+03 9.273444421354548606e-01
4.712868686016581705e+03 9.310423905578779635e-01
4.712893195378687778e+03 9.292113882799312163e-01
4.712917704868255896e+03 9.163884674918181261e-01
4.712942214485285149e+03 9.195253940207422927e-01
4.712966724229777356e+03 9.317183816828296106e-01
4.712991234101733426e+03 9.268380540591936168e-01
4.713015744101152450e+03 9.162303574044106114e-01
4.713040254228037156e+03 9.167448048524136084e-01
4.713064764482386636e+03 9.208833514544871868e-01
4.713089274864202707e+03 9.122473730568682049e-01
4.713113785373484461e+03 9.146051966611618012e-01
4.713138296010234626e+03 9.126211132999627607e-01
4.713162806774452292e+03 9.126220518469420062e-01
4.713187317666139279e+03 9.133779933755021840e-01
4.713211828685294677e+03 9.181539834481329265e-01
4.713236339831920304e+03 9.211387333454296167e-01
4.713260851106017071e+03 9.145294374095687129e-01
4.713285362507584978e+03 9.119844503996633600e-01
4.713309874036624933e+03 9.062645986386205221e-01
4.713334385693137847e+03 9.125303210531681142e-01
4.713358897477123719e+03 9.047569225349390010e-01
4.713383409388583459e+03 9.128890257125250596e-01
4.713407921427517977e+03 9.143514376153141221e-01
4.713432433593928181e+03 9.131991294872608966e-01
4.713456945887814072e+03 9.126558838018252739e-01
4.713481458309176560e+03 9.147864230353817128e-01
4.713505970858016553e+03 9.163421087427952028e-01
4.713530483534334053e+03 9.177153767937564766e-01
4.713554996338130877e+03 9.177103743139349845e-01
4.713579509269406117e+03 9.192032858202581203e-01
4.713604022328162500e+03 9.231738636625916872e-01
4.713628535514398209e+03 9.175942819385228821e-01
4.713653048828116880e+03 9.246348124043547445e-01
4.713677562269315786e+03 9.268783377891676167e-01
4.713702075837997654e+03 9.305966208615970015e-01
4.713726589534163395e+03 9.315445346044619601e-01
4.713751103357813008e+03 9.358312671783560743e-01
4.713775617308946494e+03 9.302113794671188485e-01
4.713800131387565671e+03 9.283598512427388982e-01
4.713824645593671448e+03 9.321747723730597901e-01
4.713849159927262917e+03 9.294296781245011685e-01
4.713873674388341897e+03 9.381613853164545436e-01
4.713898188976909296e+03 9.409903339030700753e-01
4.713922703692964205e+03 9.383567334170945795e-01
4.713947218536509354e+03 9.382177490684462384e-01
4.713971733507543831e+03 9.408701541703875515e-01
4.713996248606069457e+03 9.408919757366349668e-01
4.714020763832085322e+03 9.456573582959426627e-01
4.714045279185594154e+03 9.463346201522154777e-01
4.714069794666595044e+03 9.429814791255167750e-01
4.714094310275088901e+03 9.429326575803139709e-01
4.714118826011076635e+03 9.511622738363736396e-01
4.714143341874559155e+03 9.512150822361873370e-01
4.714167857865536462e+03 9.485365008571419176e-01
4.714192373984010374e+03 9.500469903483396150e-01
4.714216890229980891e+03 9.481602394784587329e-01
4.714241406603448922e+03 9.538623048139598382e-01
4.714265923104412650e+03 9.542969133876199050e-01
4.714290439732877530e+03 9.534906826022232496e-01
4.714314956488839925e+03 9.508619871673362756e-01
4.714339473372302564e+03 9.600809055318842988e-01
4.714363990383266355e+03 9.604379801208101641e-01
4.714388507521731299e+03 9.518746384951118911e-01
4.714413024787697395e+03 9.565859896348705149e-01
4.714437542181165554e+03 9.580813072910068229e-01
4.714462059702137594e+03 9.570458438429123582e-01
4.714486577350613516e+03 9.595442473057669286e-01
4.714511095126593318e+03 9.588066448203257375e-01
4.714535613030078821e+03 9.596138088654266873e-01
4.714560131061070024e+03 9.620779097253564505e-01
4.714584649219567837e+03 9.670958454724600806e-01
4.714609167505573168e+03 9.620858265349898630e-01
4.714633685919086020e+03 9.567227888621504528e-01
4.714658204460107299e+03 9.708799340853113691e-01
4.714682723128637008e+03 9.688671586535093638e-01
4.714707241924676964e+03 9.722719447634878831e-01
4.714731760848227168e+03 9.680209054700915638e-01
4.714756279899289439e+03 9.728258231653134080e-01
4.714780799077862866e+03 9.754987269022920016e-01
4.714805318383949270e+03 9.730715645686478510e-01
4.714829837817547741e+03 9.722612003640400680e-01
4.714854357378661007e+03 9.791867341425215532e-01
4.714878877067288158e+03 9.733997552748691051e-01
4.714903396883430105e+03 9.770337170267847648e-01
4.714927916827087756e+03 9.797222826493535708e-01
4.714952436898262931e+03 9.813179080731124770e-01
4.714976957096953811e+03 9.726006345636218908e-01
4.715001477423164033e+03 9.745587273259672667e-01
4.715025997876891779e+03 9.821619122117806189e-01
4.715050518458137958e+03 9.899814992919582224e-01
4.715075039166905299e+03 9.810247828248483959e-01
4.715099560003191982e+03 9.774428220113361432e-01
4.715124080966999827e+03 9.757319066672021091e-01
4.715148602058329743e+03 9.827244033179757254e-01
4.715173123277181730e+03 9.823705686347861121e-01
4.715197644623557608e+03 9.855000386049335148e-01
4.715222166097456466e+03 9.848133304610635630e-01
4.715246687698879214e+03 9.817864762699941572e-01
4.715271209427827671e+03 9.852488275433193277e-01
4.715295731284301837e+03 9.837277079123185608e-01
4.715320253268302622e+03 9.857320834690029843e-01
4.715344775379830935e+03 9.876752899895462345e-01
4.715369297618885867e+03 9.874088018619227025e-01
4.715393819985469236e+03 9.856815193955168475e-01
4.715418342479581952e+03 9.833687847701273466e-01
4.715442865101224925e+03 9.850338439231742793e-01
4.715467387850396335e+03 9.898687632828003791e-01
4.715491910727100731e+03 9.938562236435389829e-01
4.715516433731335383e+03 9.925778299978776920e-01
4.715540956863103020e+03 9.888183275128417105e-01
4.715565480122404551e+03 9.881109873237017283e-01
4.715590003509239068e+03 9.917659859585435944e-01
4.715614527023607479e+03 9.919916665316429460e-01
4.715639050665510695e+03 9.896575189255421012e-01
4.715663574434950533e+03 9.912508645832420751e-01
4.715688098331926994e+03 9.869454922994316259e-01
4.715712622356440079e+03 9.897383178819270100e-01
4.715737146508489786e+03 9.893183317875553495e-01
4.715761670788077936e+03 9.965992074127835165e-01
4.715786195195205437e+03 9.973977562722711188e-01
4.715810719729874108e+03 9.893175481747839006e-01
4.715835244392080313e+03 9.928427212635239085e-01
4.715859769181829506e+03 9.978818666095585765e-01
4.715884294099119870e+03 1.000925621422338985e+00
4.715908819143952314e+03 1.000285208711733098e+00
4.715933344316327748e+03 9.930840455668668021e-01
4.715957869616247081e+03 9.949256585367997063e-01
4.715982395043710312e+03 1.000714430029314039e+00
4.716006920598718352e+03 1.002996303061321814e+00
4.716031446281272110e+03 9.939338734858026436e-01
4.716055972091372496e+03 9.977493013893536933e-01
4.716080498029018599e+03 9.984906570926175284e-01
4.716105024094214059e+03 1.001533716521227912e+00
4.716129550286957056e+03 1.000712383528359117e+00
4.716154076607248498e+03 9.950044727796414357e-01
4.716178603055091116e+03 1.000319439110485931e+00
4.716203129630482181e+03 9.947982685649205958e-01
4.716227656333425330e+03 9.994333163523700936e-01
4.716252183163918744e+03 9.996261620659461222e-01
4.716276710121966062e+03 1.000564612455750124e+00
4.716301237207565464e+03 9.954569290152691652e-01
4.716325764420717860e+03 1.001795672939460147e+00
4.716350291761425069e+03 1.002010524371299560e+00
4.716374819229687091e+03 9.980363266516154575e-01
4.716399346825504836e+03 1.002322074135851837e+00
4.716423874548879212e+03 9.974627244206476506e-01
4.716448402399809311e+03 9.938445752134830169e-01
4.716472930378297860e+03 9.960463159173573722e-01
4.716497458484343952e+03 1.000028831731394119e+00
4.716521986717950313e+03 1.004430068914129226e+00
4.716546515079115125e+03 1.002624572539512648e+00
4.716571043567840206e+03 1.002575737022717295e+00
4.716595572184125558e+03 9.973941175752397692e-01
4.716620100927972999e+03 9.997858340569677482e-01
4.716644629799383438e+03 9.996739708890759468e-01
4.716669158798355966e+03 1.001418345731428072e+00
4.716693687924891492e+03 1.004384127188614695e+00
4.716718217178992745e+03 1.002993629878896620e+00
4.716742746560657906e+03 1.008621803669656369e+00
4.716767276069887885e+03 1.001773163287350110e+00
4.716791805706684499e+03 1.002504432422842928e+00
4.716816335471048660e+03 1.005178472124433009e+00
4.716840865362979457e+03 1.001127292222032672e+00
4.716865395382478710e+03 1.000220331491815662e+00
4.716889925529546417e+03 1.003027914278065147e+00
4.716914455804184399e+03 1.000988988259410961e+00
4.716938986206391746e+03 9.990240073661909026e-01
4.716963516736171186e+03 9.980924535721997781e-01
4.716988047393519992e+03 9.993406023977493557e-01
4.717012578178443619e+03 9.999968219058662511e-01
4.717037109090937520e+03 1.001314417472352059e+00
4.717061640131006243e+03 1.001935954062798562e+00
4.717086171298649788e+03 9.987101508684005369e-01
4.717110702593866336e+03 9.988431980580483316e-01
4.717135234016659524e+03 1.003589976606583889e+00
4.717159765567028444e+03 1.000163850831869761e+00
4.717184297244974914e+03 9.975429203285536284e-01
4.717208829050497116e+03 1.005726162037472893e+00
4.717233360983599596e+03 1.001937681765498134e+00
4.717257893044279626e+03 1.000401302739976739e+00
4.717282425232538117e+03 1.003263195112107375e+00
4.717306957548378705e+03 9.980483861930560252e-01
4.717331489991798662e+03 1.000666851850060990e+00
4.717356022562800717e+03 1.003069915595693695e+00
4.717380555261384870e+03 1.007322807731830805e+00
4.717405088087551121e+03 1.000658269936670841e+00
4.717429621041302198e+03 1.001161988805681524e+00
4.717454154122636282e+03 1.002812410970535861e+00
4.717478687331554283e+03 1.009205498293176628e+00
4.717503220668058930e+03 1.005386739045505795e+00
4.717527754132150221e+03 9.975753116729891845e-01
4.717552287723827249e+03 9.986151758272434620e-01
4.717576821443091831e+03 1.000307440776099677e+00
4.717601355289944877e+03 1.002305342525142473e+00
4.717625889264386387e+03 1.006386527462783009e+00
4.717650423366417272e+03 9.982227796028678712e-01
4.717674957596037530e+03 1.003978737222836815e+00
4.717699491953248980e+03 1.001041500316867561e+00
4.717724026438052533e+03 1.003777937038534018e+00
4.717748561050447279e+03 1.001912095814607495e+00
4.717773095790435036e+03 1.005475177478369453e+00
4.717797630658016715e+03 1.004555021208323407e+00
4.717822165653192314e+03 1.000556834597474243e+00
4.717846700775961835e+03 9.979859721507141623e-01
4.717871236026327097e+03 9.987854485646928682e-01
4.717895771404288098e+03 1.003302416815646581e+00
4.717920306909845749e+03 1.004068910092082767e+00
4.717944842543001869e+03 1.005195145906971010e+00
4.717969378303754638e+03 1.005299598440870357e+00
4.717993914192106786e+03 1.006661013905135293e+00
4.718018450208058312e+03 1.005768610239146987e+00
4.718042986351610125e+03 1.004177811690561528e+00
4.718067522622761317e+03 1.007982445308714947e+00
4.718092059021514615e+03 1.008053276322418368e+00
4.718116595547870929e+03 1.004402675227964448e+00
4.718141132201828441e+03 1.003414043570011405e+00
4.718165668983389878e+03 9.978902089040316836e-01
4.718190205892556151e+03 9.986405506872811921e-01
4.718214742929326349e+03 9.992622283465508737e-01
4.718239280093701382e+03 1.000038714596526601e+00
4.718263817385683069e+03 1.003148347929893269e+00
4.718288354805270501e+03 1.000872876430010328e+00
4.718312892352465497e+03 9.999734398001119962e-01
4.718337430027268965e+03 9.996624394369785227e-01
4.718361967829680907e+03 9.973589955276598307e-01
4.718386505759702231e+03 1.004262961427243805e+00
4.718411043817332938e+03 1.002830574364720784e+00
4.718435582002575757e+03 9.993358037138173611e-01
4.718460120315427957e+03 9.995331698295327749e-01
4.718484658755893179e+03 1.002815387863761565e+00
4.718509197323971421e+03 1.008789828571239555e+00
4.718533736019661774e+03 1.006426014486004883e+00
4.718558274842966966e+03 1.005776320159702308e+00
4.718582813793886999e+03 1.003699466018271647e+00
4.718607352872421870e+03 9.941359341890628754e-01
4.718631892078572491e+03 9.966300612811394011e-01
4.718656431412339771e+03 1.002784149989411677e+00
4.718680970873724618e+03 1.001320296434371482e+00
4.718705510462727034e+03 9.971044099773295200e-01
4.718730050179347927e+03 9.957001273310638334e-01
4.718754590023589117e+03 9.982098607698797199e-01
4.718779129995448784e+03 1.004072535534859645e+00
4.718803670094929657e+03 1.006286834769789973e+00
4.718828210322031737e+03 1.003116386742724631e+00
4.718852750676755932e+03 9.994506811768253396e-01
4.718877291159102242e+03 1.000769516213622534e+00
4.718901831769072487e+03 1.000497011508850287e+00
4.718926372506666667e+03 1.001194755600621544e+00
4.718950913371884781e+03 9.997292003413354999e-01
4.718975454364728648e+03 9.932948357617149560e-01
4.718999995485197360e+03 1.010955640851479043e+00
4.719024536733294553e+03 1.007275051555739376e+00
4.719049078109017501e+03 1.001020374542988201e+00
4.719073619612368020e+03 9.981426552316338130e-01
4.719098161243347931e+03 9.947033523886867901e-01
4.719122703001957234e+03 9.943329718816705798e-01
4.719147244888195928e+03 9.975347419433766571e-01
4.719171786902064923e+03 9.916622301599133937e-01
4.719196329043565129e+03 1.000019928631363575e+00
4.719220871312698364e+03 9.921738374253351589e-01
4.719245413709462809e+03 1.003965205051591703e+00
4.719269956233861194e+03 1.002490926527309645e+00
4.719294498885893518e+03 1.002515735730803215e+00
4.719319041665559780e+03 1.003428944996600958e+00
4.719343584572861801e+03 1.000988438696841953e+00
4.719368127607798669e+03 1.002869911754189713e+00
4.719392670770373115e+03 1.002643247288469430e+00
4.719417214060584229e+03 9.999194291300061987e-01
4.719441757478432919e+03 9.977033141481602696e-01
4.719466301023921005e+03 9.943175668364935271e-01
4.719490844697048487e+03 1.000210562917245749e+00
4.719515388497814456e+03 1.001264818332569195e+00
4.719539932426221640e+03 1.002884737347881083e+00
4.719564476482270038e+03 1.000396234666902195e+00
4.719589020665959652e+03 9.977947889645424340e-01
4.719613564977292299e+03 1.001532670730837404e+00
4.719638109416267980e+03 1.003732694127403402e+00
4.719662653982887605e+03 9.984227747786630358e-01
4.719687198677151173e+03 9.979215858211583079e-01
4.719711743499061413e+03 1.002550620151634986e+00
4.719736288448615596e+03 9.977627793229447706e-01
4.719760833525817361e+03 9.970476879538301418e-01
4.719785378730665798e+03 9.921255511045218300e-01
4.719809924063161816e+03 9.922415952905893066e-01
4.719834469523307234e+03 1.000834189825189124e+00
4.719859015111101144e+03 1.000998658426079713e+00
4.719883560826544453e+03 1.003141204336876813e+00
4.719908106669638983e+03 9.987292317916101059e-01
4.719932652640383822e+03 9.979831588465982728e-01
4.719957198738780789e+03 1.004851437612318765e+00
4.719981744964831705e+03 9.953108284924269133e-01
4.720006291318532931e+03 9.975110158907910529e-01
4.720030837799889923e+03 9.952897589317848404e-01
4.720055384408900863e+03 9.966914947998647412e-01
4.720079931145566661e+03 1.004431147728199303e+00
4.720104478009888226e+03 1.000656700397308807e+00
4.720129025001867376e+03 9.957115464101098379e-01
4.720153572121502293e+03 9.968999779433991293e-01
4.720178119368794796e+03 1.001149700605565629e+00
4.720202666743746704e+03 1.001242403357451183e+00
4.720227214246357107e+03 1.002177422953425046e+00
4.720251761876626915e+03 1.004890372513773666e+00
4.720276309634557947e+03 9.992246779376837695e-01
4.720300857520149293e+03 9.953137642813157937e-01
4.720325405533402773e+03 9.993155814127058223e-01
4.720349953674319295e+03 9.953138505100365130e-01
4.720374501942897950e+03 9.948023242480577011e-01
4.720399050339140558e+03 9.992917823800626653e-01
4.720423598863047118e+03 1.005324818595484171e+00
4.720448147514620359e+03 1.004045455763152406e+00
4.720472696293857553e+03 9.950737545937158313e-01
4.720497245200762336e+03 9.948220863525613078e-01
4.720521794235333800e+03 1.010606078923654838e+00
4.720546343397572855e+03 1.011884663982229648e+00
4.720570892687479500e+03 1.003431947368836230e+00
4.720595442105056463e+03 1.000889943884781808e+00
4.720619991650301927e+03 9.941279153610106389e-01
4.720644541323219528e+03 9.967610862432778607e-01
4.720669091123806538e+03 1.005026483626423106e+00
4.720693641052065686e+03 1.005773688821268719e+00
4.720718191107997882e+03 9.983862796296691933e-01
4.720742741291602215e+03 9.925473565656933728e-01
4.720767291602880505e+03 9.973168314359841524e-01
4.720791842041833661e+03 1.000825797105959758e+00
4.720816392608460774e+03 9.991956663612107103e-01
4.720840943302764572e+03 9.980607654339243018e-01
4.720865494124744146e+03 1.000596751472768720e+00
4.720890045074401314e+03 9.972156369265769982e-01
4.720914596151736077e+03 9.947281103653266010e-01
4.720939147356748435e+03 9.982196627401551670e-01
4.720963698689439298e+03 9.963164599417878575e-01
4.720988250149811392e+03 9.966875865012676527e-01
4.721012801737862901e+03 1.000773542383290415e+00
4.721037353453596552e+03 1.004394231846271301e+00
4.721061905297010526e+03 1.002963554313666572e+00
4.721086457268106642e+03 1.001876655856974052e+00
4.721111009366886719e+03 1.008741561354468352e+00
4.721135561593350758e+03 1.001308867279199655e+00
4.721160113947497848e+03 9.978004951633612230e-01
4.721184666429330719e+03 9.930577851059170236e-01
4.721209219038848460e+03 9.990841638227767607e-01
4.721233771776053800e+03 1.000190432408002428e+00
4.721258324640944920e+03 9.996710244103289567e-01
4.721282877633524549e+03 1.004307028047725092e+00
4.721307430753791778e+03 1.002968024323286578e+00
4.721331984001748424e+03 9.970311069394922621e-01
4.721356537377394488e+03 9.979582689639691084e-01
4.721381090880730881e+03 9.968806332554754901e-01
4.721405644511757600e+03 9.974070533521325332e-01
4.721430198270477376e+03 1.002430713546079932e+00
4.721454752156888389e+03 9.970317988323713632e-01
4.721479306170992459e+03 1.000138033749328859e+00
4.721503860312790493e+03 1.004390416128957852e+00
4.721528414582282494e+03 1.003002796977155997e+00
4.721552968979469370e+03 1.000247046634270998e+00
4.721577523504352030e+03 9.970742800909372372e-01
4.721602078156930475e+03 9.953828650415573742e-01
4.721626632937207432e+03 9.997425424567673025e-01
4.721651187845181084e+03 9.969309212552791566e-01
4.721675742880852340e+03 9.968851426320677334e-01
4.721700298044223018e+03 9.992057248656326385e-01
4.721724853335293119e+03 9.975429240208374404e-01
4.721749408754064461e+03 9.953153114640134191e-01
4.721773964300534317e+03 9.992046750649645759e-01
4.721798519974708142e+03 9.997797730854706133e-01
4.721823075776583210e+03 9.963859562250566571e-01
4.721847631706161337e+03 1.001487888741124266e+00
4.721872187763442525e+03 9.978730269381550499e-01
4.721896743948428593e+03 1.007889980820469988e+00
4.721921300261119541e+03 9.997048930588580129e-01
4.721945856701516277e+03 9.973945213851477254e-01
4.721970413269619712e+03 1.002022226159440699e+00
4.721994969965428936e+03 9.983705190375804506e-01
4.722019526788944859e+03 9.936252382237598102e-01
4.722044083740170208e+03 9.977008585887207071e-01
4.722068640819104985e+03 9.987958879586689154e-01
4.722093198025748279e+03 9.941191747805140366e-01
4.722117755360102819e+03 9.973756967939285678e-01
4.722142312822167696e+03 1.000958130240442889e+00
4.722166870411943819e+03 1.005486161195024541e+00
4.722191428129433007e+03 1.004493452043532686e+00
4.722215985974633440e+03 1.002616784499239078e+00
4.722240543947548758e+03 9.994069128304871041e-01
4.722265102048178051e+03 9.967997278923749205e-01
4.722289660276522227e+03 1.004950322706841925e+00
4.722314218632581287e+03 1.008461914551285199e+00
4.722338777116357960e+03 9.973401447728431624e-01
4.722363335727850426e+03 1.001661384642481556e+00
4.722387894467060505e+03 9.902283031755463316e-01
4.722412453333988196e+03 9.987670075588704899e-01
4.722437012328635319e+03 1.000753122564703945e+00
4.722461571451002783e+03 1.006662304899822891e+00
4.722486130701088769e+03 1.010429288336917031e+00
4.722510690078896914e+03 1.008903007711521971e+00
4.722535249584426310e+03 1.003584614358347116e+00
4.722559809217677866e+03 1.000919790478631777e+00
4.722584368978652492e+03 9.998399618588005300e-01
4.722608928867349277e+03 9.939497562501755645e-01
4.722633488883770951e+03 9.998192744853918734e-01
4.722658049027917514e+03 9.989531531230895212e-01
4.722682609299789874e+03 9.943665531063673457e-01
4.722707169699388942e+03 9.953597557028195375e-01
4.722731730226714717e+03 1.002845374262641975e+00
4.722756290881766290e+03 9.962752710714589677e-01
4.722780851664548209e+03 9.968430930101002119e-01
4.722805412575056835e+03 1.006375306050759644e+00
4.722829973613295806e+03 1.005496290697762474e+00
4.722854534779265123e+03 1.005703468413087442e+00
4.722879096072965694e+03 1.005128659013268200e+00
4.722903657494397521e+03 9.961373182548768357e-01
4.722928219043560603e+03 1.001511977500057826e+00
4.722952780720456758e+03 9.996255514768851436e-01
4.722977342525086897e+03 9.979207598474375551e-01
4.723001904457451019e+03 9.990539301562687546e-01
4.723026466517550034e+03 1.002895786121186683e+00
4.723051028705383942e+03 9.974956563218400074e-01
4.723075591020953652e+03 9.915405375449948266e-01
4.723100153464260984e+03 9.997544544047980430e-01
4.723124716035306847e+03 1.005365664815157656e+00
4.723149278734088512e+03 1.011136701447996389e+00
4.723173841560610526e+03 1.005967089247915780e+00
4.723198404514871072e+03 9.997165253282778163e-01
4.723222967596872877e+03 1.003271100536550664e+00
4.723247530806614122e+03 1.000056407005721404e+00
4.723272094144097537e+03 9.952551694194295973e-01
4.723296657609323120e+03 1.002545050137592098e+00
4.723321221202290872e+03 1.004784583517172036e+00
4.723345784923002611e+03 9.996882637721694609e-01
4.723370348771458339e+03 1.007116406380365259e+00
4.723394912747658054e+03 1.002873643373882961e+00
4.723419476851604486e+03 9.899287479074053708e-01
4.723444041083295815e+03 1.003052432439275998e+00
4.723468605442734770e+03 9.983755117280215252e-01
4.723493169929921351e+03 9.960545994402844050e-01
4.723517734544855557e+03 9.981604513003941026e-01
4.723542299287538299e+03 9.967834062658426086e-01
4.723566864157970485e+03 9.995751437920132876e-01
4.723591429156152117e+03 1.000032762900123107e+00
4.723615994282085921e+03 9.936697491365280577e-01
4.723640559535770080e+03 9.979510110216134322e-01
4.723665124917207322e+03 9.959545660846225168e-01
4.723689690426396737e+03 9.963218076052486882e-01
4.723714256063339235e+03 9.989978003731903033e-01
4.723738821828035725e+03 1.003935013398355780e+00
4.723763387720487117e+03 1.000521222219828532e+00
4.723787953740693411e+03 9.968463858117878607e-01
4.723812519888657334e+03 9.976800264984831967e-01
4.723837086164376160e+03 9.973815050930218140e-01
4.723861652567852616e+03 9.972572003345805403e-01
4.723886219099087612e+03 1.004369898916976256e+00
4.723910785758081147e+03 1.010077894452579006e+00
4.723935352544835041e+03 9.986956839941737440e-01
4.723959919459348384e+03 9.938885344160867108e-01
4.723984486501621177e+03 1.001276356288361313e+00
4.724009053671657057e+03 1.001979854528853853e+00
4.724033620969454205e+03 9.987606963866442200e-01
4.724058188395014440e+03 1.003032520159818031e+00
4.724082755948336853e+03 1.005237116769471584e+00
4.724107323629425082e+03 1.004672518809010873e+00
4.724131891438276398e+03 1.005740973324087628e+00
4.724156459374894439e+03 1.005158465715492389e+00
4.724181027439277386e+03 1.005385579711741029e+00
4.724205595631427059e+03 9.870397661227033881e-01
4.724230163951344366e+03 1.002501249020729235e+00
4.724254732399030217e+03 1.001599774343292948e+00
4.724279300974483704e+03 9.991661359771945028e-01
4.724303869677708462e+03 9.991282152606711930e-01
4.724328438508700856e+03 9.967625907097417137e-01
4.724353007467465432e+03 9.978510751627327480e-01
4.724377576554000370e+03 9.990770657273697619e-01
4.724402145768308401e+03 9.979429969332040962e-01
4.724426715110387704e+03 1.002490855921356783e+00
4.724451284580241008e+03 1.003611149091889754e+00
4.724475854177869223e+03 1.002198866464986349e+00
4.724500423903270530e+03 1.000924509411937668e+00
4.724524993756448566e+03 9.984757781581824476e-01
4.724549563737400604e+03 1.002945931177393168e+00
4.724574133846132099e+03 1.006629648496940366e+00
4.724598704082638505e+03 1.001465597138970320e+00
4.724623274446923460e+03 9.989828885046826423e-01
4.724647844938986964e+03 9.998024602175312747e-01
4.724672415558830835e+03 9.970642106226340617e-01
