# star name zetOri, line HEI4713
# instrument: HERMES spectrograph @Mercator
# date of observation (midpoint)2018-10-14T02:45:24.538906
# BJD of observation (midpoint)2458405.6171703
# name of fits file: 00898015_HRF_OBJ_ext_CosmicsRemoved_log_merged_c.fits
# 
# wavelength(Angstrom,air) normalised_flux
4.701001088679317036e+03 1.001216584537182097e+00
4.701025536323761116e+03 9.984200767526381082e-01
4.701049984095344371e+03 9.944773667945417950e-01
4.701074431994068618e+03 1.000579662485877819e+00
4.701098880019935677e+03 1.002636297703653590e+00
4.701123328172944639e+03 1.002777548619497860e+00
4.701147776453096412e+03 9.974431175906076641e-01
4.701172224860391907e+03 1.000594594900062972e+00
4.701196673394832032e+03 9.954764437143119871e-01
4.701221122056417698e+03 9.949682697298851686e-01
4.701245570845147995e+03 1.001249041634404868e+00
4.701270019761025651e+03 1.002624761168241285e+00
4.701294468804049757e+03 9.980342800464769848e-01
4.701318917974222131e+03 1.002500381612921876e+00
4.701343367271542775e+03 9.968973103718508089e-01
4.701367816696011687e+03 9.966187886401673968e-01
4.701392266247630687e+03 9.979408102552094206e-01
4.701416715926400684e+03 9.954729960326786919e-01
4.701441165732320769e+03 1.000528253686759905e+00
4.701465615665393670e+03 9.948106644298492229e-01
4.701490065725617569e+03 1.002195956686175782e+00
4.701514515912995194e+03 9.928031087085769091e-01
4.701538966227526544e+03 1.002256035186334548e+00
4.701563416669211620e+03 1.002483682474420545e+00
4.701587867238052240e+03 9.971598198987963180e-01
4.701612317934048406e+03 9.973811885524112020e-01
4.701636768757201025e+03 9.925674847322174532e-01
4.701661219707510099e+03 1.000962177721185231e+00
4.701685670784977447e+03 9.994856960388531775e-01
4.701710121989603067e+03 1.000403893642553887e+00
4.701734573321386961e+03 1.002032877643953102e+00
4.701759024780330947e+03 9.984257904392137561e-01
4.701783476366435025e+03 9.978570078276831623e-01
4.701807928079700105e+03 1.000034348575905119e+00
4.701832379920127096e+03 1.003642642367387428e+00
4.701856831887715998e+03 1.002721874325092521e+00
4.701881283982467721e+03 9.983743350051748067e-01
4.701905736204383174e+03 9.970766315332535434e-01
4.701930188553462358e+03 1.000741568735149079e+00
4.701954641029707091e+03 9.980885155226782990e-01
4.701979093633117373e+03 9.994595884298163035e-01
4.702003546363693204e+03 1.002584788004894811e+00
4.702027999221436403e+03 1.000729150420717639e+00
4.702052452206346970e+03 9.981157546290574389e-01
4.702076905318426725e+03 9.999291585452371178e-01
4.702101358557673848e+03 1.001495106279004066e+00
4.702125811924091977e+03 9.966192528923918381e-01
4.702150265417679293e+03 9.957855870856773262e-01
4.702174719038437615e+03 1.000272124711861776e+00
4.702199172786367853e+03 1.004905617775364357e+00
4.702223626661470007e+03 1.002541151649074536e+00
4.702248080663744986e+03 1.002049907564266817e+00
4.702272534793192790e+03 9.941656994397519709e-01
4.702296989049815238e+03 1.004846179672067352e+00
4.702321443433613240e+03 1.001263299536524931e+00
4.702345897944585886e+03 9.994604149712876806e-01
4.702370352582734995e+03 1.001528667958204721e+00
4.702394807348060567e+03 9.988589287542332107e-01
4.702419262240564422e+03 1.001024791227877353e+00
4.702443717260245649e+03 9.974134799055606182e-01
4.702468172407106067e+03 1.002517948175189133e+00
4.702492627681145677e+03 1.000211949112358001e+00
4.702517083082365389e+03 1.001120723398817747e+00
4.702541538610766111e+03 1.002951047691923669e+00
4.702565994266347843e+03 1.007074183016184010e+00
4.702590450049111496e+03 1.003382806205310063e+00
4.702614905959058888e+03 1.003430492907620541e+00
4.702639361996189109e+03 1.004335047174553130e+00
4.702663818160503070e+03 1.002247447458691543e+00
4.702688274452002588e+03 1.001442378547453771e+00
4.702712730870686755e+03 1.003433535917857000e+00
4.702737187416557390e+03 1.001940711020164132e+00
4.702761644089614492e+03 9.999268423374100268e-01
4.702786100889859881e+03 1.004868239668076590e+00
4.702810557817292647e+03 1.002566052332549251e+00
4.702835014871913700e+03 9.991828794832992022e-01
4.702859472053724858e+03 1.000688481220733950e+00
4.702883929362725212e+03 1.000475791236723921e+00
4.702908386798916581e+03 1.004605465615106885e+00
4.702932844362299875e+03 1.003110448744200633e+00
4.702957302052875093e+03 9.984465505742859959e-01
4.702981759870642236e+03 9.966935610800174983e-01
4.703006217815603122e+03 9.956374844226647536e-01
4.703030675887757752e+03 9.980574200463315782e-01
4.703055134087107945e+03 9.998740616243252388e-01
4.703079592413652790e+03 9.898857652245868222e-01
4.703104050867393198e+03 1.001417703998923381e+00
4.703128509448330988e+03 1.003484506271551391e+00
4.703152968156466159e+03 9.968659738839417139e-01
4.703177426991798711e+03 9.986166394263586987e-01
4.703201885954330464e+03 9.979578848690269233e-01
4.703226345044061418e+03 9.940017016716971021e-01
4.703250804260991572e+03 9.953130014531016423e-01
4.703275263605122746e+03 9.993291912266196730e-01
4.703299723076455848e+03 9.988747165099103320e-01
4.703324182674989970e+03 9.946242733302115280e-01
4.703348642400727840e+03 9.970805250452940971e-01
4.703373102253667639e+03 9.990200800230248923e-01
4.703397562233812096e+03 9.980111001504975432e-01
4.703422022341161210e+03 9.941442704328530278e-01
4.703446482575714981e+03 9.968145322466599456e-01
4.703470942937475229e+03 9.969622086990541643e-01
4.703495403426441953e+03 9.981247840059154219e-01
4.703519864042616064e+03 9.936810154283806096e-01
4.703544324785997560e+03 9.937972374001619036e-01
4.703568785656588261e+03 9.945773933949096923e-01
4.703593246654387258e+03 9.913831494122365973e-01
4.703617707779397279e+03 9.920956258996903587e-01
4.703642169031617414e+03 9.978975181973334108e-01
4.703666630411048573e+03 9.978917603372459144e-01
4.703691091917690756e+03 1.005794456358256594e+00
4.703715553551546691e+03 9.908871806872547872e-01
4.703740015312615469e+03 9.985305388491356737e-01
4.703764477200898000e+03 9.970794699319167620e-01
4.703788939216395192e+03 9.951200512515779861e-01
4.703813401359107047e+03 9.967265771577097366e-01
4.703837863629035382e+03 9.957189483115135298e-01
4.703862326026180199e+03 9.903908343784512125e-01
4.703886788550541496e+03 9.975535709031757570e-01
4.703911251202121093e+03 9.988063498566801535e-01
4.703935713980919900e+03 1.000627531996125086e+00
4.703960176886937006e+03 9.986635698698537178e-01
4.703984639920173322e+03 9.983344659724170400e-01
4.704009103080631576e+03 1.000379112994761677e+00
4.704033566368309948e+03 1.001698353097200123e+00
4.704058029783210259e+03 9.981684663784241573e-01
4.704082493325333417e+03 1.001575637420711429e+00
4.704106956994678512e+03 1.006165282019877427e+00
4.704131420791248274e+03 1.002830085180767439e+00
4.704155884715042703e+03 1.000859893167869830e+00
4.704180348766061798e+03 9.982813971339737913e-01
4.704204812944307378e+03 1.004229309514886870e+00
4.704229277249778534e+03 1.005492857949888963e+00
4.704253741682477084e+03 1.001858492159855452e+00
4.704278206242403030e+03 9.992042248817488703e-01
4.704302670929558190e+03 1.002060018527948015e+00
4.704327135743941653e+03 1.002942002504177088e+00
4.704351600685555240e+03 1.002812943104616439e+00
4.704376065754398951e+03 1.004859529185636591e+00
4.704400530950473694e+03 1.002876151822115647e+00
4.704424996273780380e+03 1.001283720728571858e+00
4.704449461724319008e+03 9.997917996757621495e-01
4.704473927302091397e+03 1.003501365349156682e+00
4.704498393007096638e+03 9.990412178960818013e-01
4.704522858839336550e+03 1.001729490294795744e+00
4.704547324798812042e+03 1.004005792411033271e+00
4.704571790885522205e+03 1.003398584005401828e+00
4.704596257099469767e+03 1.004686961370355291e+00
4.704620723440653819e+03 1.004405044281529102e+00
4.704645189909075270e+03 1.003949037882388762e+00
4.704669656504735940e+03 9.988256854277971497e-01
4.704694123227634918e+03 9.962561170515126241e-01
4.704718590077773115e+03 1.001620956550037578e+00
4.704743057055152349e+03 1.003949824398173707e+00
4.704767524159772620e+03 1.004430063938033246e+00
4.704791991391633928e+03 9.965363030132355915e-01
4.704816458750738093e+03 1.000637901832216015e+00
4.704840926237085114e+03 9.996990347381250475e-01
4.704865393850675900e+03 9.977464889110446711e-01
4.704889861591510453e+03 9.959610500130917643e-01
4.704914329459589680e+03 9.991512104049997678e-01
4.704938797454915402e+03 9.960921028090968798e-01
4.704963265577486709e+03 1.000176955313973215e+00
4.704987733827305419e+03 9.991232124665623271e-01
4.705012202204371533e+03 9.978326600716338479e-01
4.705036670708685961e+03 9.976498264725994769e-01
4.705061139340249611e+03 1.001301537421535270e+00
4.705085608099062483e+03 9.972050505011138544e-01
4.705110076985125488e+03 9.939035286459881879e-01
4.705134545998439535e+03 9.955731325499131978e-01
4.705159015139005533e+03 9.944373753166771968e-01
4.705183484406823482e+03 1.000454743318477835e+00
4.705207953801894291e+03 9.972442197404901565e-01
4.705232423324217962e+03 9.923004725485541355e-01
4.705256892973796312e+03 9.951558949652612451e-01
4.705281362750630251e+03 9.884159218396558755e-01
4.705305832654718870e+03 9.901072369551900954e-01
4.705330302686063987e+03 9.932777531358026879e-01
4.705354772844665604e+03 9.926517342263494470e-01
4.705379243130525538e+03 9.910461126897004425e-01
4.705403713543642880e+03 9.932064810119765053e-01
4.705428184084019449e+03 9.876244435446949188e-01
4.705452654751655245e+03 9.861077806847954319e-01
4.705477125546552088e+03 9.853578538804248499e-01
4.705501596468709067e+03 9.850430437055230914e-01
4.705526067518127093e+03 9.857370918103725010e-01
4.705550538694807983e+03 9.836632161941699648e-01
4.705575009998750829e+03 9.844599229378319105e-01
4.705599481429958360e+03 9.853701648993111739e-01
4.705623952988428755e+03 9.854035173434324557e-01
4.705648424674164744e+03 9.845788913154468469e-01
4.705672896487166327e+03 9.864912316945341209e-01
4.705697368427433503e+03 9.842962668288310901e-01
4.705721840494968092e+03 9.824718711106373847e-01
4.705746312689770093e+03 9.809509373468794369e-01
4.705770785011839507e+03 9.810751787908782440e-01
4.705795257461178153e+03 9.819023635166685970e-01
4.705819730037786030e+03 9.874551525434708266e-01
4.705844202741664049e+03 9.903197106743726330e-01
4.705868675572813117e+03 9.863707833459389729e-01
4.705893148531233237e+03 9.827194087340079820e-01
4.705917621616925317e+03 9.887492565333210193e-01
4.705942094829890266e+03 9.895103219047796106e-01
4.705966568170128994e+03 9.905817164874034519e-01
4.705991041637641501e+03 9.794022966934834429e-01
4.706015515232428697e+03 9.873483671252305527e-01
4.706039988954491491e+03 9.898171642573377893e-01
4.706064462803829883e+03 9.864320876840234620e-01
4.706088936780445692e+03 9.828193436552974394e-01
4.706113410884338919e+03 9.827374382272008324e-01
4.706137885115509562e+03 9.862313408246523583e-01
4.706162359473958531e+03 9.874539701245894641e-01
4.706186833959687647e+03 9.868237386752307660e-01
4.706211308572696908e+03 9.857911445058844535e-01
4.706235783312986314e+03 9.841385941119091818e-01
4.706260258180557685e+03 9.892585322413119941e-01
4.706284733175410111e+03 9.865627104697473060e-01
4.706309208297545410e+03 9.878103987403504815e-01
4.706333683546964494e+03 9.917828295631382352e-01
4.706358158923667361e+03 9.915600124945204152e-01
4.706382634427654921e+03 9.889673924523117998e-01
4.706407110058928083e+03 9.931415662443284775e-01
4.706431585817486848e+03 9.883094075803373624e-01
4.706456061703333035e+03 9.906527259123439899e-01
4.706480537716465733e+03 9.914745256910897364e-01
4.706505013856886762e+03 9.937331454722402313e-01
4.706529490124596123e+03 9.951891255468505726e-01
4.706553966519594724e+03 9.946532922044346581e-01
4.706578443041883475e+03 9.903897573841523583e-01
4.706602919691462375e+03 9.946135329053167329e-01
4.706627396468333245e+03 9.964988465700677089e-01
4.706651873372496084e+03 9.977530652958862545e-01
4.706676350403950892e+03 9.978822675628035155e-01
4.706700827562699487e+03 9.949287708263467866e-01
4.706725304848741871e+03 9.946307258142988994e-01
4.706749782262078043e+03 9.981572595689159888e-01
4.706774259802710731e+03 9.928144702367007746e-01
4.706798737470639026e+03 9.998318265712152764e-01
4.706823215265862927e+03 1.000433770982282367e+00
4.706847693188385165e+03 9.940905270493527457e-01
4.706872171238204828e+03 9.959488480378018149e-01
4.706896649415322827e+03 9.964207049965193574e-01
4.706921127719740980e+03 9.939306673969825479e-01
4.706945606151458378e+03 9.974619194122029686e-01
4.706970084710475930e+03 9.982231788695949959e-01
4.706994563396795456e+03 9.977520229923879658e-01
4.707019042210416046e+03 1.002645517495932337e+00
4.707043521151339519e+03 9.971536789688192348e-01
4.707068000219566784e+03 1.000574967942947646e+00
4.707092479415096932e+03 1.002985933999272605e+00
4.707116958737931782e+03 9.954666701974008713e-01
4.707141438188072243e+03 9.961224321190474962e-01
4.707165917765518316e+03 1.001581023550085270e+00
4.707190397470270909e+03 9.998383551608142072e-01
4.707214877302330933e+03 1.002963679810846775e+00
4.707239357261698387e+03 9.972709931978266384e-01
4.707263837348375091e+03 9.978068316506979452e-01
4.707288317562360135e+03 1.003519139596866339e+00
4.707312797903655337e+03 9.997281460548166354e-01
4.707337278372260698e+03 9.941152075940798971e-01
4.707361758968177128e+03 9.968801894833768662e-01
4.707386239691405535e+03 9.975654745887743147e-01
4.707410720541946830e+03 1.002827891118183601e+00
4.707435201519801012e+03 9.997286774893434647e-01
4.707459682624968991e+03 9.973218669499601674e-01
4.707484163857450767e+03 9.978314805127331821e-01
4.707508645217248159e+03 1.007244945758060339e+00
4.707533126704362076e+03 1.007115237406491781e+00
4.707557608318791608e+03 1.000662750365476805e+00
4.707582090060537666e+03 9.912232511148701963e-01
4.707606571929602069e+03 9.972971780652702956e-01
4.707631053925985725e+03 1.000869448739803325e+00
4.707655536049687726e+03 9.957155817984150170e-01
4.707680018300708980e+03 1.001389093521223073e+00
4.707704500679051307e+03 1.003927486345757014e+00
4.707728983184714707e+03 9.989610372227628599e-01
4.707753465817699180e+03 1.004546067108259111e+00
4.707777948578006544e+03 1.002278749405454583e+00
4.707802431465636801e+03 1.002078525623337990e+00
4.707826914480590858e+03 1.003820825784055293e+00
4.707851397622869627e+03 1.007708936141944456e+00
4.707875880892473106e+03 9.973971305600982662e-01
4.707900364289402205e+03 1.001972345422777577e+00
4.707924847813657834e+03 1.002011785395432675e+00
4.707949331465240903e+03 9.994906676673476209e-01
4.707973815244150501e+03 9.998256519200954262e-01
4.707998299150389357e+03 1.004559699905946069e+00
4.708022783183957472e+03 1.003196728128734394e+00
4.708047267344854845e+03 9.988778707395752354e-01
4.708071751633082386e+03 1.001602949526991804e+00
4.708096236048641003e+03 9.984665650392019476e-01
4.708120720591530699e+03 1.000543599671803729e+00
4.708145205261754199e+03 1.002705818482451772e+00
4.708169690059309687e+03 1.003279873127958854e+00
4.708194174984198980e+03 1.002669101104689098e+00
4.708218660036422079e+03 9.983034997824573598e-01
4.708243145215980803e+03 1.003621330597658456e+00
4.708267630522875152e+03 1.004060213462491413e+00
4.708292115957106034e+03 9.990309930578361586e-01
4.708316601518673451e+03 1.000781076156949778e+00
4.708341087207578312e+03 1.000006673346421904e+00
4.708365573023821526e+03 1.002099967337523934e+00
4.708390058967404002e+03 1.004206770947690064e+00
4.708414545038325741e+03 1.002905048631499652e+00
4.708439031236588562e+03 1.003234327734266573e+00
4.708463517562191555e+03 9.992228049288941483e-01
4.708488004015136539e+03 1.002750819721116127e+00
4.708512490595423515e+03 9.972654957658351194e-01
4.708536977303053391e+03 9.971027176442366358e-01
4.708561464138026167e+03 1.001206349685590080e+00
4.708585951100344573e+03 9.981630468407435286e-01
4.708610438190006789e+03 1.004741445956835566e+00
4.708634925407015544e+03 1.001773105515411766e+00
4.708659412751369928e+03 1.004767388019446317e+00
4.708683900223070850e+03 1.001898800028163006e+00
4.708708387822120130e+03 9.999237811175535340e-01
4.708732875548516859e+03 9.984238713957137579e-01
4.708757363402262854e+03 9.998076059496350254e-01
4.708781851383359026e+03 1.003710533168296282e+00
4.708806339491804465e+03 9.995414502029718040e-01
4.708830827727600990e+03 1.000951867369286097e+00
4.708855316090749511e+03 1.003459138815391727e+00
4.708879804581249118e+03 1.001576499407111021e+00
4.708904293199102540e+03 1.003973857329013342e+00
4.708928781944309776e+03 1.001384685094447669e+00
4.708953270816870827e+03 1.005781067852049571e+00
4.708977759816785692e+03 9.973407449677720304e-01
4.709002248944057101e+03 1.001799133974002665e+00
4.709026738198685052e+03 1.004864167779441431e+00
4.709051227580668638e+03 1.005808840153886941e+00
4.709075717090010585e+03 9.980496022980261950e-01
4.709100206726710894e+03 9.989190890931621825e-01
4.709124696490769566e+03 1.005840259286798100e+00
4.709149186382187509e+03 1.006327365703093557e+00
4.709173676400965633e+03 9.995194284395727546e-01
4.709198166547104847e+03 9.985778424266008590e-01
4.709222656820605152e+03 1.004430203880736450e+00
4.709247147221468367e+03 1.007445713922423991e+00
4.709271637749693582e+03 1.005888458240044914e+00
4.709296128405282616e+03 9.983974172793408375e-01
4.709320619188235469e+03 1.001124598157675294e+00
4.709345110098553960e+03 1.002346750916470741e+00
4.709369601136237179e+03 1.000124060475761745e+00
4.709394092301286037e+03 1.000936779566314661e+00
4.709418583593702351e+03 9.990398557545532299e-01
4.709443075013486123e+03 1.000345759082784891e+00
4.709467566560637351e+03 9.993925370617624537e-01
4.709492058235157856e+03 9.965904239881505644e-01
4.709516550037047637e+03 9.982095972002259510e-01
4.709541041966307603e+03 1.001314378606317446e+00
4.709565534022938664e+03 9.994188065942162247e-01
4.709590026206940820e+03 1.000310816827562510e+00
4.709614518518314981e+03 9.989375408713450089e-01
4.709639010957062055e+03 9.941268381419176015e-01
4.709663503523182044e+03 9.990284383294866233e-01
4.709687996216675856e+03 9.988597483839477542e-01
4.709712489037545311e+03 9.966759195306007513e-01
4.709736981985789498e+03 1.001325898986730856e+00
4.709761475061410238e+03 9.998318722155180582e-01
4.709785968264406620e+03 1.002715608614907161e+00
4.709810461594781373e+03 9.948947449054006409e-01
4.709834955052533587e+03 9.988343594198555442e-01
4.709859448637665082e+03 9.946764477282682426e-01
4.709883942350175857e+03 9.994594027065283326e-01
4.709908436190065913e+03 1.002075112720556049e+00
4.709932930157337069e+03 9.964992314677545426e-01
4.709957424251990233e+03 9.946326196196594305e-01
4.709981918474024496e+03 9.946888365641565199e-01
4.710006412823441678e+03 9.982879858997689704e-01
4.710030907300241779e+03 9.982057398970224371e-01
4.710055401904426617e+03 9.962812890002848976e-01
4.710079896635996192e+03 9.951566194922861763e-01
4.710104391494950505e+03 9.937507604339392842e-01
4.710128886481290465e+03 9.911917975517942070e-01
4.710153381595017891e+03 9.913949375437093314e-01
4.710177876836131873e+03 9.963086469352979702e-01
4.710202372204634230e+03 9.920969018023746422e-01
4.710226867700525872e+03 9.908269571828994815e-01
4.710251363323805890e+03 9.975183732125725289e-01
4.710275859074476102e+03 9.923797316767386523e-01
4.710300354952536509e+03 9.866278051783263781e-01
4.710324850957988929e+03 9.900378943042598134e-01
4.710349347090833362e+03 9.935712207184437261e-01
4.710373843351069809e+03 9.904615133930675386e-01
4.710398339738699178e+03 9.903882991093333477e-01
4.710422836253723290e+03 9.885448747948418768e-01
4.710447332896141234e+03 9.905087323627126406e-01
4.710471829665955738e+03 9.903266527458479684e-01
4.710496326563164985e+03 9.912694586013683917e-01
4.710520823587770792e+03 9.858376797424828197e-01
4.710545320739774070e+03 9.847317372716166695e-01
4.710569818019175727e+03 9.916465780585497214e-01
4.710594315425975765e+03 9.869302531020099911e-01
4.710618812960174182e+03 9.876011441324272777e-01
4.710643310621773708e+03 9.859443196585678804e-01
4.710667808410772523e+03 9.890456515557164430e-01
4.710692306327173355e+03 9.869903535221863367e-01
4.710716804370976206e+03 9.849790330908454461e-01
4.710741302542181074e+03 9.973631830623908012e-01
4.710765800840789780e+03 9.839540212347405168e-01
4.710790299266801412e+03 9.898743197098239799e-01
4.710814797820218701e+03 9.880375359340743957e-01
4.710839296501040735e+03 9.824311094036238812e-01
4.710863795309268426e+03 9.816973055634318213e-01
4.710888294244902681e+03 9.894958605824842879e-01
4.710912793307943502e+03 9.852624313829790870e-01
4.710937292498392708e+03 9.822671332418249079e-01
4.710961791816251207e+03 9.862861562885170130e-01
4.710986291261518090e+03 9.856430967684620681e-01
4.711010790834194268e+03 9.873100687200229153e-01
4.711035290534281557e+03 9.840648284172999194e-01
4.711059790361779960e+03 9.756498662151793511e-01
4.711084290316690385e+03 9.819401924853470298e-01
4.711108790399012832e+03 9.810948362912000897e-01
4.711133290608749121e+03 9.803724464310382691e-01
4.711157790945898341e+03 9.811184501591394547e-01
4.711182291410462312e+03 9.839369399209515477e-01
4.711206792002441944e+03 9.903164394390309155e-01
4.711231292721836326e+03 9.841003495222708786e-01
4.711255793568648187e+03 9.775996587592498122e-01
4.711280294542876618e+03 9.853825831480123032e-01
4.711304795644523438e+03 9.851123460035826618e-01
4.711329296873587737e+03 9.820652683203189293e-01
4.711353798230071334e+03 9.863287837748833109e-01
4.711378299713975139e+03 9.844454537548099626e-01
4.711402801325299151e+03 9.797254071507560669e-01
4.711427303064044281e+03 9.824809281521260651e-01
4.711451804930211438e+03 9.811215177553557210e-01
4.711476306923800621e+03 9.803592414423175638e-01
4.711500809044813650e+03 9.804192941570298858e-01
4.711525311293249615e+03 9.796951906327308057e-01
4.711549813669110335e+03 9.769593517893708778e-01
4.711574316172395811e+03 9.774904274367951507e-01
4.711598818803106951e+03 9.742655341420736193e-01
4.711623321561244666e+03 9.799559820130320231e-01
4.711647824446808954e+03 9.774996545476392074e-01
4.711672327459801636e+03 9.727377357926135781e-01
4.711696830600222711e+03 9.760440243157336715e-01
4.711721333868073089e+03 9.754803911673954886e-01
4.711745837263351859e+03 9.728356209742355931e-01
4.711770340786062661e+03 9.742888675842952262e-01
4.711794844436203675e+03 9.753097969465132078e-01
4.711819348213775811e+03 9.823582588096755330e-01
4.711843852118780887e+03 9.742238439563158936e-01
4.711868356151218904e+03 9.692289919842193013e-01
4.711892860311090772e+03 9.676078737147322251e-01
4.711917364598397398e+03 9.730927878599326952e-01
4.711941869013137875e+03 9.764701168183468338e-01
4.711966373555314931e+03 9.718018592950404821e-01
4.711990878224927656e+03 9.695355159593863625e-01
4.712015383021977868e+03 9.687214801101116102e-01
4.712039887946465569e+03 9.649084086766874790e-01
4.712064392998391668e+03 9.759732776431790935e-01
4.712088898177757073e+03 9.703137576038189938e-01
4.712113403484561786e+03 9.721336991676566841e-01
4.712137908918806716e+03 9.668254668453702960e-01
4.712162414480492771e+03 9.670742493255346517e-01
4.712186920169620862e+03 9.666225602866431732e-01
4.712211425986190079e+03 9.637639798102939359e-01
4.712235931930203151e+03 9.669729523051030506e-01
4.712260438001660077e+03 9.691518051524496968e-01
4.712284944200560858e+03 9.600904591673193877e-01
4.712309450526906403e+03 9.625994938120193689e-01
4.712333956980697621e+03 9.668135023812783890e-01
4.712358463561935423e+03 9.707733523427483080e-01
4.712382970270619808e+03 9.632937494811109058e-01
4.712407477106752594e+03 9.608268567687523465e-01
4.712431984070332874e+03 9.598943354229204639e-01
4.712456491161361555e+03 9.592921597187202831e-01
4.712480998379840457e+03 9.645548294241504950e-01
4.712505505725770490e+03 9.632835337119397545e-01
4.712530013199149835e+03 9.585756367692419566e-01
4.712554520799982129e+03 9.523895253732825861e-01
4.712579028528265553e+03 9.590240487056981289e-01
4.712603536384002837e+03 9.573105707076688953e-01
4.712628044367193070e+03 9.574896265156570552e-01
4.712652552477837162e+03 9.557331185681927632e-01
4.712677060715936932e+03 9.612307321543899219e-01
4.712701569081492380e+03 9.582435861007732036e-01
4.712726077574503506e+03 9.542438389066663085e-01
4.712750586194971220e+03 9.526610329145657197e-01
4.712775094942897340e+03 9.483798768297269088e-01
4.712799603818280957e+03 9.493317070270400615e-01
4.712824112821123890e+03 9.513923169792199985e-01
4.712848621951426139e+03 9.487740017714765273e-01
4.712873131209188614e+03 9.431551049565969347e-01
4.712897640594412223e+03 9.444921556831730181e-01
4.712922150107096968e+03 9.406218001600372691e-01
4.712946659747243757e+03 9.431731926223643203e-01
4.712971169514853500e+03 9.401303162175139727e-01
4.712995679409927106e+03 9.399129533677899051e-01
4.713020189432464576e+03 9.370314811744144823e-01
4.713044699582466819e+03 9.382557707624847865e-01
4.713069209859934745e+03 9.403970606147911138e-01
4.713093720264869262e+03 9.357757716105989942e-01
4.713118230797269462e+03 9.258110030097089771e-01
4.713142741457138072e+03 9.308008480571039467e-01
4.713167252244474184e+03 9.372975477355998120e-01
4.713191763159279617e+03 9.388965199245565829e-01
4.713216274201554370e+03 9.285110222085563025e-01
4.713240785371299353e+03 9.282888152288637507e-01
4.713265296668515475e+03 9.264307959454614050e-01
4.713289808093202737e+03 9.244246966895964812e-01
4.713314319645362048e+03 9.260663355297800159e-01
4.713338831324993407e+03 9.219469496046349688e-01
4.713363343132099544e+03 9.198524442288362746e-01
4.713387855066678640e+03 9.178318950642516683e-01
4.713412367128733422e+03 9.115714640142181802e-01
4.713436879318262982e+03 9.116625412048344756e-01
4.713461391635269138e+03 9.181616147320986743e-01
4.713485904079751890e+03 9.193799429886413410e-01
4.713510416651712148e+03 9.166087360384405081e-01
4.713534929351149913e+03 9.082411237227054901e-01
4.713559442178067002e+03 9.103458694848952648e-01
4.713583955132463416e+03 9.118064971143956532e-01
4.713608468214340064e+03 9.083518437131314904e-01
4.713632981423696947e+03 9.080999151598807551e-01
4.713657494760535883e+03 9.043402436296887892e-01
4.713682008224856872e+03 9.055061989227151109e-01
4.713706521816659915e+03 9.077466349794308664e-01
4.713731035535946830e+03 9.075988962158025863e-01
4.713755549382717618e+03 9.060598162120212518e-01
4.713780063356973187e+03 9.078937291017756817e-01
4.713804577458714448e+03 9.080878990833368691e-01
4.713829091687941400e+03 9.091831706663900947e-01
4.713853606044654953e+03 9.130752476437378196e-01
4.713878120528856016e+03 9.092039391494449729e-01
4.713902635140545499e+03 9.078715667783769927e-01
4.713927149879723402e+03 9.087462009552582654e-01
4.713951664746390634e+03 9.120750900902542257e-01
4.713976179740548105e+03 9.087947062058404635e-01
4.714000694862195814e+03 9.118992634847367107e-01
4.714025210111334673e+03 9.111630398220528226e-01
4.714049725487966498e+03 9.157199999727179129e-01
4.714074240992090381e+03 9.146932351715640896e-01
4.714098756623707231e+03 9.203985073032877606e-01
4.714123272382818868e+03 9.210763670198516273e-01
4.714147788269425291e+03 9.205053462725536484e-01
4.714172304283526501e+03 9.249093157826522305e-01
4.714196820425123406e+03 9.226653319640008011e-01
4.714221336694217825e+03 9.181070250867640059e-01
4.714245853090808851e+03 9.310759166324061864e-01
4.714270369614898300e+03 9.236581754325888793e-01
4.714294886266486174e+03 9.263200218391255403e-01
4.714319403045573381e+03 9.333727563669721450e-01
4.714343919952159922e+03 9.280984656237780683e-01
4.714368436986248525e+03 9.331380810609773979e-01
4.714392954147837372e+03 9.318161767230156434e-01
4.714417471436928281e+03 9.354498880579509290e-01
4.714441988853522162e+03 9.371093891205310999e-01
4.714466506397619014e+03 9.320430505807324462e-01
4.714491024069219748e+03 9.408764055877582022e-01
4.714515541868325272e+03 9.397781360687136321e-01
4.714540059794936496e+03 9.395600342703057661e-01
4.714564577849053421e+03 9.381966777728443230e-01
4.714589096030676046e+03 9.397954356993558633e-01
4.714613614339807100e+03 9.432401761212338975e-01
4.714638132776445673e+03 9.440743671031692763e-01
4.714662651340592674e+03 9.442997879741946710e-01
4.714687170032249014e+03 9.494299313478199442e-01
4.714711688851415602e+03 9.527899318691792629e-01
4.714736207798092437e+03 9.552826997852257307e-01
4.714760726872280429e+03 9.507291853300516848e-01
4.714785246073980488e+03 9.508743874216736280e-01
4.714809765403192614e+03 9.534844585042638876e-01
4.714834284859918625e+03 9.510045583288057047e-01
4.714858804444158523e+03 9.518576719067323166e-01
4.714883324155912305e+03 9.567417664443483849e-01
4.714907843995181793e+03 9.579141682324218143e-01
4.714932363961967894e+03 9.567808122180908592e-01
4.714956884056269701e+03 9.612459532911703519e-01
4.714981404278089030e+03 9.645197031514992636e-01
4.715005924627425884e+03 9.656444504006147511e-01
4.715030445104281171e+03 9.585954769708217027e-01
4.715054965708655800e+03 9.623577339573418099e-01
4.715079486440550681e+03 9.622643029765115541e-01
4.715104007299965815e+03 9.592684092277279362e-01
4.715128528286902110e+03 9.661912519238878838e-01
4.715153049401360477e+03 9.699878735364159121e-01
4.715177570643340914e+03 9.696080066901053840e-01
4.715202092012845242e+03 9.687851677850511933e-01
4.715226613509872550e+03 9.749894495240660763e-01
4.715251135134424658e+03 9.732457177117930236e-01
4.715275656886502475e+03 9.710910004590572742e-01
4.715300178766105091e+03 9.749678664351876245e-01
4.715324700773235236e+03 9.754202079685978521e-01
4.715349222907891999e+03 9.822363379321676913e-01
4.715373745170076290e+03 9.794489336994536277e-01
4.715398267559789929e+03 9.784590483050450427e-01
4.715422790077032005e+03 9.862659696405728926e-01
4.715447312721804337e+03 9.865699630272876108e-01
4.715471835494106926e+03 9.863515057635913186e-01
4.715496358393940682e+03 9.863786704138630679e-01
4.715520881421306512e+03 9.829087430999500219e-01
4.715545404576204419e+03 9.888132614231250894e-01
4.715569927858635310e+03 9.887973999282931858e-01
4.715594451268600096e+03 9.896418737839033364e-01
4.715618974806099686e+03 9.862871530994247182e-01
4.715643498471134080e+03 9.877930522814449832e-01
4.715668022263705097e+03 9.874252802843938026e-01
4.715692546183811828e+03 9.812402881941478805e-01
4.715717070231455182e+03 9.858220011330151022e-01
4.715741594406636978e+03 9.924936014610148405e-01
4.715766118709357215e+03 9.912796900995037852e-01
4.715790643139615895e+03 9.907368658595684385e-01
4.715815167697414836e+03 9.896336945219921244e-01
4.715839692382754038e+03 9.912836617813283180e-01
4.715864217195634410e+03 9.933105790321218320e-01
4.715888742136056862e+03 9.956547472589825087e-01
4.715913267204021395e+03 9.923433306877704752e-01
4.715937792399528917e+03 9.937289629414282066e-01
4.715962317722580337e+03 9.953441274389840387e-01
4.715986843173176567e+03 9.971742425243705910e-01
4.716011368751317605e+03 9.977763813414590732e-01
4.716035894457004360e+03 9.963345554485336653e-01
4.716060420290236834e+03 9.943352837659987786e-01
4.716084946251016845e+03 1.001283634394700917e+00
4.716109472339344393e+03 9.995743566938688485e-01
4.716133998555221297e+03 1.006180983987105426e+00
4.716158524898645737e+03 9.992337920413913999e-01
4.716183051369621353e+03 9.974647075020732778e-01
4.716207577968146325e+03 9.974750625052100084e-01
4.716232104694222471e+03 9.997437404787339332e-01
4.716256631547850702e+03 9.974671484669714872e-01
4.716281158529031018e+03 1.000489097394551719e+00
4.716305685637764327e+03 1.003063054411378330e+00
4.716330212874051540e+03 9.989284042630323102e-01
4.716354740237892656e+03 9.988108393321427636e-01
4.716379267729289495e+03 9.983570600093117919e-01
4.716403795348241147e+03 9.969786479740320173e-01
4.716428323094750340e+03 1.003416969861113950e+00
4.716452850968815255e+03 1.000054353898437887e+00
4.716477378970438622e+03 9.960840459123196933e-01
4.716501907099620439e+03 1.000140436079088424e+00
4.716526435356360707e+03 1.000970008099997921e+00
4.716550963740661246e+03 1.002811573686681612e+00
4.716575492252521144e+03 1.003231691083735777e+00
4.716600020891943132e+03 1.001075785181548383e+00
4.716624549658926298e+03 1.000324052305484601e+00
4.716649078553471554e+03 1.002464960298086627e+00
4.716673607575579808e+03 1.003501405521360912e+00
4.716698136725251970e+03 1.005627433739016974e+00
4.716722666002488040e+03 1.000926461433579107e+00
4.716747195407289837e+03 1.000324910685337354e+00
4.716771724939656451e+03 1.002569145764260039e+00
4.716796254599589702e+03 1.000935924894521989e+00
4.716820784387089589e+03 9.995346207201161182e-01
4.716845314302157931e+03 1.003749961828581894e+00
4.716869844344793819e+03 1.003738716069575432e+00
4.716894374514999072e+03 9.979898531547058971e-01
4.716918904812773690e+03 9.976881175436526084e-01
4.716943435238118582e+03 1.002595580487105842e+00
4.716967965791034658e+03 9.999063987181805446e-01
4.716992496471521918e+03 9.962740643590329848e-01
4.717017027279581271e+03 9.983111887304318977e-01
4.717041558215214536e+03 9.976338218282344572e-01
4.717066089278420804e+03 1.000888724793295381e+00
4.717090620469200985e+03 1.002834364560394542e+00
4.717115151787555988e+03 9.984672940190638668e-01
4.717139683233487631e+03 1.001504238073972486e+00
4.717164214806995005e+03 1.001228057130983062e+00
4.717188746508079021e+03 1.001414568606074695e+00
4.717213278336740586e+03 9.990331089559202349e-01
4.717237810292980612e+03 9.986242264333166085e-01
4.717262342376799097e+03 1.001274008089733991e+00
4.717286874588197861e+03 1.003819103994541662e+00
4.717311406927175994e+03 1.001142563645269989e+00
4.717335939393736226e+03 1.007158036299858228e+00
4.717360471987876736e+03 1.006529418395529785e+00
4.717385004709600253e+03 1.001550610219658299e+00
4.717409537558906777e+03 1.005770618464651989e+00
4.717434070535796309e+03 1.003050542012059454e+00
4.717458603640270667e+03 9.989627177797351099e-01
4.717483136872328942e+03 9.982659327271253824e-01
4.717507670231973862e+03 1.000677036298310840e+00
4.717532203719203608e+03 1.011735334155503985e+00
4.717556737334021818e+03 1.015346808689916003e+00
4.717581271076426674e+03 1.002804178786704581e+00
4.717605804946419084e+03 1.002936281482960768e+00
4.717630338944001778e+03 9.984655210911108636e-01
4.717654873069172936e+03 1.002256082105535739e+00
4.717679407321934377e+03 1.002608561483284255e+00
4.717703941702287011e+03 1.004177393369500404e+00
4.717728476210230838e+03 1.003340471046563431e+00
4.717753010845767676e+03 1.001177216730736896e+00
4.717777545608896617e+03 1.002188229672970499e+00
4.717802080499618569e+03 1.003332118246783811e+00
4.717826615517935352e+03 9.985178717524417769e-01
4.717851150663846965e+03 9.989387769553221830e-01
4.717875685937354319e+03 1.001591018432645752e+00
4.717900221338457413e+03 1.001828799201950115e+00
4.717924756867157157e+03 1.004344707190345742e+00
4.717949292523454460e+03 1.000677130989261920e+00
4.717973828307350232e+03 1.003106349696138322e+00
4.717998364218844472e+03 1.003483372853782640e+00
4.718022900257938090e+03 1.000303684110995350e+00
4.718047436424631996e+03 1.003831267352802259e+00
4.718071972718927100e+03 1.002072947233919153e+00
4.718096509140823400e+03 9.989495421352959648e-01
4.718121045690321807e+03 1.001480306986541891e+00
4.718145582367423231e+03 1.007247437197922091e+00
4.718170119172127670e+03 1.005858914548843686e+00
4.718194656104436035e+03 1.003062983031211886e+00
4.718219193164349235e+03 9.974041714072658937e-01
4.718243730351868180e+03 9.967157990845019189e-01
4.718268267666993779e+03 1.001461595444338659e+00
4.718292805109725123e+03 1.002306929884438036e+00
4.718317342680064939e+03 1.001323846155854680e+00
4.718341880378012320e+03 1.002841324975724868e+00
4.718366418203568173e+03 1.001827828618389260e+00
4.718390956156733409e+03 1.000646630472799226e+00
4.718415494237508938e+03 1.001522568364566768e+00
4.718440032445895667e+03 9.981777620479410640e-01
4.718464570781892689e+03 1.003304617026591128e+00
4.718489109245502732e+03 1.000251080709949836e+00
4.718513647836725795e+03 9.997098685791201422e-01
4.718538186555561879e+03 1.002628379108478685e+00
4.718562725402011893e+03 9.998742614889449820e-01
4.718587264376076746e+03 9.998749851548465184e-01
4.718611803477756439e+03 1.000203999783192188e+00
4.718636342707052791e+03 9.994203201443836448e-01
4.718660882063965801e+03 1.001583198494749194e+00
4.718685421548496379e+03 1.003213554576926736e+00
4.718709961160644525e+03 1.004592183977630837e+00
4.718734500900411149e+03 1.003267658736352486e+00
4.718759040767798069e+03 1.000280944763594748e+00
4.718783580762804377e+03 1.000740580781203759e+00
4.718808120885431890e+03 1.004299655950653625e+00
4.718832661135680610e+03 1.005905992321748821e+00
4.718857201513550535e+03 1.000401541990291188e+00
4.718881742019044395e+03 1.000738108395862636e+00
4.718906282652161281e+03 1.003555927122317115e+00
4.718930823412902100e+03 1.001992369927920290e+00
4.718955364301266854e+03 9.995667486739996388e-01
4.718979905317258272e+03 1.003672427555553082e+00
4.719004446460874533e+03 9.953653104873781965e-01
4.719028987732118367e+03 1.000218895378774508e+00
4.719053529130988863e+03 9.963815572508172291e-01
4.719078070657487842e+03 9.982505914762382915e-01
4.719102612311615303e+03 9.998776264735773633e-01
4.719127154093372155e+03 1.000804919807947613e+00
4.719151696002758399e+03 9.996687631356985237e-01
4.719176238039775853e+03 9.978534426022940274e-01
4.719200780204424518e+03 1.001982071567637300e+00
4.719225322496705303e+03 9.955041971014002566e-01
4.719249864916619117e+03 9.974845760731277933e-01
4.719274407464165961e+03 9.986914613710101696e-01
4.719298950139346744e+03 1.001587417031508220e+00
4.719323492942161465e+03 1.004398599192398489e+00
4.719348035872612854e+03 9.984939194717856736e-01
4.719372578930699092e+03 1.002255980201851582e+00
4.719397122116421997e+03 1.001749750039147235e+00
4.719421665429782479e+03 1.000971600992303534e+00
4.719446208870781447e+03 1.004070011690869846e+00
4.719470752439418902e+03 1.002318617482534702e+00
4.719495296135694844e+03 1.002862642830953943e+00
4.719519839959611090e+03 9.967222492666933942e-01
4.719544383911168552e+03 9.934662980383043296e-01
4.719568927990366319e+03 9.954213008642375238e-01
4.719593472197207120e+03 9.973038659060822209e-01
4.719618016531690046e+03 9.965026903329979868e-01
4.719642560993816005e+03 9.965567117026042920e-01
4.719667105583585908e+03 1.002149814071103151e+00
4.719691650301000664e+03 9.963843502104310357e-01
4.719716195146060272e+03 9.956961230167349353e-01
4.719740740118766553e+03 1.000714312869786404e+00
4.719765285219118596e+03 9.981665636316485735e-01
4.719789830447118220e+03 9.986965817822904823e-01
4.719814375802766335e+03 9.973001666122807141e-01
4.719838921286062032e+03 1.000868165718364455e+00
4.719863466897008038e+03 1.001489367385855367e+00
4.719888012635603445e+03 1.003545757734593868e+00
4.719912558501849162e+03 1.003299509600086736e+00
4.719937104495746098e+03 1.006007709743276690e+00
4.719961650617295163e+03 1.002878080518149195e+00
4.719986196866496357e+03 1.006447818746366352e+00
4.720010743243351499e+03 1.006792555540138689e+00
4.720035289747860588e+03 1.001243048485485954e+00
4.720059836380023626e+03 1.002124345015912299e+00
4.720084383139842430e+03 1.004215226662663385e+00
4.720108930027317001e+03 9.977779309997359958e-01
4.720133477042447339e+03 9.961882832454086456e-01
4.720158024185236172e+03 1.000073469737118748e+00
4.720182571455681682e+03 9.968435925445111589e-01
4.720207118853786596e+03 9.967454281322634113e-01
4.720231666379550006e+03 1.002737128637202213e+00
4.720256214032973730e+03 1.001028712701064194e+00
4.720280761814057769e+03 1.001292881050277250e+00
4.720305309722803941e+03 1.001687576962313475e+00
4.720329857759210427e+03 1.002184099735470069e+00
4.720354405923280865e+03 1.003698285221331199e+00
4.720378954215013437e+03 1.004750401353203593e+00
4.720403502634409961e+03 1.001780568251464221e+00
4.720428051181471346e+03 9.987920913035562842e-01
4.720452599856198503e+03 9.985082465347722147e-01
4.720477148658590522e+03 1.004882400712452828e+00
4.720501697588649222e+03 9.994051990672713215e-01
4.720526246646375512e+03 9.950698052856838949e-01
4.720550795831769392e+03 9.990465196024522765e-01
4.720575345144831772e+03 9.997459289729447862e-01
4.720599894585563561e+03 9.996502679697653049e-01
4.720624444153964760e+03 9.998499144426170604e-01
4.720648993850036277e+03 1.000486952473556457e+00
4.720673543673779932e+03 1.000423608685846233e+00
4.720698093625194815e+03 1.002220657695233275e+00
4.720722643704281836e+03 9.980859059948695711e-01
4.720747193911041904e+03 9.956300491283598397e-01
4.720771744245476839e+03 9.949290018183597484e-01
4.720796294707584821e+03 9.942168578842496274e-01
4.720820845297369488e+03 9.958173699892288733e-01
4.720845396014829021e+03 9.978007332004393826e-01
4.720869946859965239e+03 1.000582147392745203e+00
4.720894497832778143e+03 9.984484793801613467e-01
4.720919048933269551e+03 9.954891977510084144e-01
4.720943600161438553e+03 9.972681676157748587e-01
4.720968151517287879e+03 9.961377756662150862e-01
4.720992703000815709e+03 9.970348407641730359e-01
4.721017254612024772e+03 1.000279141984172560e+00
4.721041806350915067e+03 1.001090155064421561e+00
4.721066358217486595e+03 9.983272438906990454e-01
4.721090910211741175e+03 9.951592740915539137e-01
4.721115462333678806e+03 9.943712461032835348e-01
4.721140014583299489e+03 9.988763754549561114e-01
4.721164566960605043e+03 9.983841653279951212e-01
4.721189119465595468e+03 1.006958128230565297e+00
4.721213672098272582e+03 1.003568955362737602e+00
4.721238224858635476e+03 1.000137100846544280e+00
4.721262777746685060e+03 9.999790020518722899e-01
4.721287330762422243e+03 1.001722225048194526e+00
4.721311883905848845e+03 9.997867503189634686e-01
4.721336437176963955e+03 9.964605664841249544e-01
4.721360990575769392e+03 9.977468791032316764e-01
4.721385544102264248e+03 9.988574505127593151e-01
4.721410097756450341e+03 9.973816606798204809e-01
4.721434651538328581e+03 9.989045092943519277e-01
4.721459205447899876e+03 9.972234024328687774e-01
4.721483759485163318e+03 9.983067383592285626e-01
4.721508313650120726e+03 1.002991344139081642e+00
4.721532867942772100e+03 1.004058106361104707e+00
4.721557422363119258e+03 9.997570821951248243e-01
4.721581976911161291e+03 9.984828633658792141e-01
4.721606531586900928e+03 1.004937476931381912e+00
4.721631086390336350e+03 9.983538491658648928e-01
4.721655641321470284e+03 9.936568246503955093e-01
4.721680196380302732e+03 9.980149093701569107e-01
4.721704751566833693e+03 1.000250047775818718e+00
4.721729306881064076e+03 1.002059795854054469e+00
4.721753862322995701e+03 9.949811707771266667e-01
4.721778417892627658e+03 9.917477343143845658e-01
4.721802973589961766e+03 9.959391825387319264e-01
4.721827529414998025e+03 1.000642625844831990e+00
4.721852085367737345e+03 1.003865502227480722e+00
4.721876641448180635e+03 9.939953958977812976e-01
4.721901197656327895e+03 1.004392106703447807e+00
4.721925753992180034e+03 9.952988811441401129e-01
4.721950310455738872e+03 9.987818095410857522e-01
4.721974867047003499e+03 9.982856161563109509e-01
4.721999423765974825e+03 9.995481123335292484e-01
4.722023980612653759e+03 9.968138204357103183e-01
4.722048537587041210e+03 9.935978954809053798e-01
4.722073094689138088e+03 9.973850161881917531e-01
4.722097651918943484e+03 9.986940228918486095e-01
4.722122209276460126e+03 9.979732920580379751e-01
4.722146766761688014e+03 9.954665765952139811e-01
4.722171324374627147e+03 1.003635675832034391e+00
4.722195882115278437e+03 9.982109323265406786e-01
4.722220439983642791e+03 1.000153210333715625e+00
4.722244997979721120e+03 9.990873659750929558e-01
4.722269556103513423e+03 9.996594806783035692e-01
4.722294114355021520e+03 1.002086011989573811e+00
4.722318672734244501e+03 9.995455149406350381e-01
4.722343231241183275e+03 9.975537373136853514e-01
4.722367789875839662e+03 9.977038562290964085e-01
4.722392348638213662e+03 9.958774143145682212e-01
4.722416907528306183e+03 1.001084455078814051e+00
4.722441466546118136e+03 9.967679513269666058e-01
4.722466025691648611e+03 1.000364176910177205e+00
4.722490584964899426e+03 1.001863131325372525e+00
4.722515144365872402e+03 1.002939888168883131e+00
4.722539703894565719e+03 1.002313857606225156e+00
4.722564263550982105e+03 1.001856770885223735e+00
4.722588823335120651e+03 1.004216809297309165e+00
4.722613383246984085e+03 9.996989112589664828e-01
4.722637943286570589e+03 9.963376041937644922e-01
4.722662503453882891e+03 1.002041767302987108e+00
4.722687063748920082e+03 1.003882877612523261e+00
4.722711624171683980e+03 1.003332018009930993e+00
4.722736184722174585e+03 9.980996505638771721e-01
4.722760745400392807e+03 9.958186720040157480e-01
4.722785306206339556e+03 1.001217362360241170e+00
4.722809867140014831e+03 1.003637545428611721e+00
4.722834428201420451e+03 9.993908203037158433e-01
4.722858989390555507e+03 9.992238853966551870e-01
4.722883550707421819e+03 9.997446598546926300e-01
4.722908112152020294e+03 1.001340531259626410e+00
4.722932673724350025e+03 1.001647638647510608e+00
4.722957235424412829e+03 9.972309492980699908e-01
4.722981797252209617e+03 9.991892897755679792e-01
4.723006359207740388e+03 1.002550326122711999e+00
4.723030921291006962e+03 1.002257533093183772e+00
4.723055483502008428e+03 9.974055419583863769e-01
4.723080045840745697e+03 9.959689297898485227e-01
4.723104608307220587e+03 1.001108654990026325e+00
4.723129170901432190e+03 1.000204990360672008e+00
4.723153733623382323e+03 1.003361606438475384e+00
4.723178296473071896e+03 1.000911064220294078e+00
4.723202859450500910e+03 1.001773886461342800e+00
4.723227422555670273e+03 1.002204579911445625e+00
4.723251985788579987e+03 1.007454491095555849e+00
4.723276549149230959e+03 1.007824033964236587e+00
4.723301112637625010e+03 1.000137329402775999e+00
4.723325676253761230e+03 9.984843275853182432e-01
4.723350239997641438e+03 1.002939447044579380e+00
4.723374803869265634e+03 1.000033461849063166e+00
4.723399367868634727e+03 1.001288953252673419e+00
4.723423931995749626e+03 1.002259944981861661e+00
4.723448496250611242e+03 1.000363920319143896e+00
4.723473060633218665e+03 1.000685234323470674e+00
4.723497625143573714e+03 1.001229280103384189e+00
4.723522189781677298e+03 9.986669180874117036e-01
4.723546754547530327e+03 1.000759959973264612e+00
4.723571319441131891e+03 9.989342115187946902e-01
4.723595884462483809e+03 9.969337826825268589e-01
4.723620449611586992e+03 1.006460947490981361e+00
4.723645014888441438e+03 1.002118413073622039e+00
4.723669580293048057e+03 9.917093398378374891e-01
4.723694145825407759e+03 1.000706345304291256e+00
4.723718711485520544e+03 9.985250644080938542e-01
4.723743277273388230e+03 9.995043291593214141e-01
4.723767843189009909e+03 9.986058060883681309e-01
4.723792409232387399e+03 9.955325387174974727e-01
4.723816975403521610e+03 9.984596430582637350e-01
4.723841541702412542e+03 1.004079831852954241e+00
4.723866108129060194e+03 1.001795560440666977e+00
4.723890674683466386e+03 9.983785284640196434e-01
4.723915241365631118e+03 1.005317089873401182e+00
4.723939808175556209e+03 9.985428124924239368e-01
4.723964375113240749e+03 9.953201022700397527e-01
4.723988942178686557e+03 1.002434593688337872e+00
4.724013509371893633e+03 1.003606319243690592e+00
4.724038076692862887e+03 1.004956649920441425e+00
4.724062644141594319e+03 1.000431279777638460e+00
4.724087211718089748e+03 9.973431143181279435e-01
4.724111779422349173e+03 9.994617459438935869e-01
4.724136347254374414e+03 9.983819946682200852e-01
4.724160915214163651e+03 9.984542375269181980e-01
4.724185483301719614e+03 9.955701678139795563e-01
4.724210051517042302e+03 1.001771801511809556e+00
4.724234619860132625e+03 9.982719187748577694e-01
4.724259188330991492e+03 1.000527115662695810e+00
4.724283756929618903e+03 1.002823908878261117e+00
4.724308325656014858e+03 1.000116524123856321e+00
4.724332894510182086e+03 9.982810106266748473e-01
4.724357463492119678e+03 1.001563776554694751e+00
4.724382032601828541e+03 1.004836367557736310e+00
4.724406601839309587e+03 1.004069211838906517e+00
4.724431171204563725e+03 1.003441695498018760e+00
4.724455740697590954e+03 1.005427863013334422e+00
4.724480310318393094e+03 1.002525940129141757e+00
4.724504880066969235e+03 1.004417018203634715e+00
4.724529449943320287e+03 1.004139247816521641e+00
4.724554019947448069e+03 1.003131057785037861e+00
4.724578590079352580e+03 9.968434144056820267e-01
4.724603160339034730e+03 9.957406219585321905e-01
4.724627730726495429e+03 1.002050591621884257e+00
4.724652301241733767e+03 1.004055830521758619e+00
4.724676871884752472e+03 1.000552704221388423e+00
4.724701442655550636e+03 9.972911721441420907e-01
4.724726013554130077e+03 9.955314675295308113e-01
4.724750584580489885e+03 1.002387489185552649e+00
4.724775155734632790e+03 1.003438575053484882e+00
4.724799727016558791e+03 1.002238870641233959e+00
4.724824298426266978e+03 9.962910605565703515e-01
4.724848869963760080e+03 9.971108237207938485e-01
4.724873441629037188e+03 1.006361283493986347e+00
4.724898013422101030e+03 1.008456057906017778e+00
4.724922585342949787e+03 1.002454210824376135e+00
4.724947157391585279e+03 9.991711375414352725e-01
4.724971729568008413e+03 9.941800912931803014e-01
4.724996301872220101e+03 9.984672360686739356e-01
