# star name zetOri, line HEI4713
# instrument: HERMES spectrograph @Mercator
# date of observation (midpoint)2018-10-13T06:35:36.061776
# BJD of observation (midpoint)2458404.7769581
# name of fits file: 00897909_HRF_OBJ_ext_CosmicsRemoved_log_merged_c.fits
# 
# wavelength(Angstrom,air) normalised_flux
4.701001088679317036e+03 9.964383679106199043e-01
4.701025536323761116e+03 1.000848471524873995e+00
4.701049984095344371e+03 1.001689883877960430e+00
4.701074431994068618e+03 9.994648982586591401e-01
4.701098880019935677e+03 1.001573635029018527e+00
4.701123328172944639e+03 9.983639000591583157e-01
4.701147776453096412e+03 9.983966968486107652e-01
4.701172224860391907e+03 9.986251334115520129e-01
4.701196673394832032e+03 9.983117893456787684e-01
4.701221122056417698e+03 9.961967093018876396e-01
4.701245570845147995e+03 9.960244445813574155e-01
4.701270019761025651e+03 1.000534754813853233e+00
4.701294468804049757e+03 1.001271468679840515e+00
4.701318917974222131e+03 1.000863275765552673e+00
4.701343367271542775e+03 1.000703730171333516e+00
4.701367816696011687e+03 9.972856243110923558e-01
4.701392266247630687e+03 9.981061367019167241e-01
4.701416715926400684e+03 9.944026186629572051e-01
4.701441165732320769e+03 1.003144361328218492e+00
4.701465615665393670e+03 9.996046648864217454e-01
4.701490065725617569e+03 9.949886869317947635e-01
4.701514515912995194e+03 9.966716325205073890e-01
4.701538966227526544e+03 9.995866110541454796e-01
4.701563416669211620e+03 1.000758466879417830e+00
4.701587867238052240e+03 1.002674165112126925e+00
4.701612317934048406e+03 9.970045161424668789e-01
4.701636768757201025e+03 1.003900575799534067e+00
4.701661219707510099e+03 9.972444080309416092e-01
4.701685670784977447e+03 9.976572662092717536e-01
4.701710121989603067e+03 1.000201745747997251e+00
4.701734573321386961e+03 1.000657075790966299e+00
4.701759024780330947e+03 1.000700556810068420e+00
4.701783476366435025e+03 9.997891921208241772e-01
4.701807928079700105e+03 9.982331314797308064e-01
4.701832379920127096e+03 9.988267503309791184e-01
4.701856831887715998e+03 9.976040625262524442e-01
4.701881283982467721e+03 1.001417412136310414e+00
4.701905736204383174e+03 1.001214835663513547e+00
4.701930188553462358e+03 1.003480992968138752e+00
4.701954641029707091e+03 9.973997248766673929e-01
4.701979093633117373e+03 9.981295591200202155e-01
4.702003546363693204e+03 1.005782096999870534e+00
4.702027999221436403e+03 9.986639102479023533e-01
4.702052452206346970e+03 9.969865106044253356e-01
4.702076905318426725e+03 1.001747161111805395e+00
4.702101358557673848e+03 1.001070179696641915e+00
4.702125811924091977e+03 9.987314480163559383e-01
4.702150265417679293e+03 9.979627462867328713e-01
4.702174719038437615e+03 9.966343702180230357e-01
4.702199172786367853e+03 1.000647255235125321e+00
4.702223626661470007e+03 1.006012169994065397e+00
4.702248080663744986e+03 1.000692868170849792e+00
4.702272534793192790e+03 1.001227020462414963e+00
4.702296989049815238e+03 1.006604168503182573e+00
4.702321443433613240e+03 1.002725570166305369e+00
4.702345897944585886e+03 9.982667116872732116e-01
4.702370352582734995e+03 9.975632851494300457e-01
4.702394807348060567e+03 9.990324613373100515e-01
4.702419262240564422e+03 1.001672012939564205e+00
4.702443717260245649e+03 1.001483665638047915e+00
4.702468172407106067e+03 1.002022653409748498e+00
4.702492627681145677e+03 9.999959738386026142e-01
4.702517083082365389e+03 1.006075665045723655e+00
4.702541538610766111e+03 1.002784203618379388e+00
4.702565994266347843e+03 1.005230243926280131e+00
4.702590450049111496e+03 1.004232827000921535e+00
4.702614905959058888e+03 9.971008413171731366e-01
4.702639361996189109e+03 9.977083312395417236e-01
4.702663818160503070e+03 1.004757208206105368e+00
4.702688274452002588e+03 1.001356061467728154e+00
4.702712730870686755e+03 1.000853490968771409e+00
4.702737187416557390e+03 1.005227278719590389e+00
4.702761644089614492e+03 1.003864610863828277e+00
4.702786100889859881e+03 1.002992324846347705e+00
4.702810557817292647e+03 1.000623394506177322e+00
4.702835014871913700e+03 9.994147965468014316e-01
4.702859472053724858e+03 9.954574111889700205e-01
4.702883929362725212e+03 9.896360874991296797e-01
4.702908386798916581e+03 9.983743704479112191e-01
4.702932844362299875e+03 9.997346422396482524e-01
4.702957302052875093e+03 1.003211405535300083e+00
4.702981759870642236e+03 1.004071719851812095e+00
4.703006217815603122e+03 9.975525146313473090e-01
4.703030675887757752e+03 1.004653294954226173e+00
4.703055134087107945e+03 1.000857885671346814e+00
4.703079592413652790e+03 1.003056066484880215e+00
4.703104050867393198e+03 9.996999487672114659e-01
4.703128509448330988e+03 1.000130697143725600e+00
4.703152968156466159e+03 9.982496654031022265e-01
4.703177426991798711e+03 9.997541722178135970e-01
4.703201885954330464e+03 1.001094684725182038e+00
4.703226345044061418e+03 9.980353531144749990e-01
4.703250804260991572e+03 9.996772594631484488e-01
4.703275263605122746e+03 9.997218769893545520e-01
4.703299723076455848e+03 9.990859887052240262e-01
4.703324182674989970e+03 1.002078742870560868e+00
4.703348642400727840e+03 9.995498959886803814e-01
4.703373102253667639e+03 9.985195854144838234e-01
4.703397562233812096e+03 9.979805138046931035e-01
4.703422022341161210e+03 9.957262292043597141e-01
4.703446482575714981e+03 9.955425337371105465e-01
4.703470942937475229e+03 9.963693618230047289e-01
4.703495403426441953e+03 9.975878773819230050e-01
4.703519864042616064e+03 9.948659403421160619e-01
4.703544324785997560e+03 9.984025475573667929e-01
4.703568785656588261e+03 9.990722529985429645e-01
4.703593246654387258e+03 9.944165676065184201e-01
4.703617707779397279e+03 9.980901439535754260e-01
4.703642169031617414e+03 9.990361697254389606e-01
4.703666630411048573e+03 9.921570802164731973e-01
4.703691091917690756e+03 9.953721952981556820e-01
4.703715553551546691e+03 9.953299811252517282e-01
4.703740015312615469e+03 9.969873384466942934e-01
4.703764477200898000e+03 9.963496690532952504e-01
4.703788939216395192e+03 9.996203215136457709e-01
4.703813401359107047e+03 9.952764801065110412e-01
4.703837863629035382e+03 9.980414900169164438e-01
4.703862326026180199e+03 9.998953554547211908e-01
4.703886788550541496e+03 1.001897855414187966e+00
4.703911251202121093e+03 9.988699007406222075e-01
4.703935713980919900e+03 9.979092282787217494e-01
4.703960176886937006e+03 9.965984658693569642e-01
4.703984639920173322e+03 9.960536087734827015e-01
4.704009103080631576e+03 9.994315137970204432e-01
4.704033566368309948e+03 9.980829544298610578e-01
4.704058029783210259e+03 1.000478279619024358e+00
4.704082493325333417e+03 9.955481635986445088e-01
4.704106956994678512e+03 9.905045383664784486e-01
4.704131420791248274e+03 9.964586708123192027e-01
4.704155884715042703e+03 9.988790243747427411e-01
4.704180348766061798e+03 9.955007165784015566e-01
4.704204812944307378e+03 9.963704408334480567e-01
4.704229277249778534e+03 9.978097880846973355e-01
4.704253741682477084e+03 9.988198148819781297e-01
4.704278206242403030e+03 9.977705279822621787e-01
4.704302670929558190e+03 1.002693289688179501e+00
4.704327135743941653e+03 1.000312425122188431e+00
4.704351600685555240e+03 9.999594164550368314e-01
4.704376065754398951e+03 9.960696558119230826e-01
4.704400530950473694e+03 9.952183328572984378e-01
4.704424996273780380e+03 1.000367398621146098e+00
4.704449461724319008e+03 1.001102656315529638e+00
4.704473927302091397e+03 9.962263000683082570e-01
4.704498393007096638e+03 9.976865171430969736e-01
4.704522858839336550e+03 1.000411023217166795e+00
4.704547324798812042e+03 1.000023752514057618e+00
4.704571790885522205e+03 1.001238205444817453e+00
4.704596257099469767e+03 9.998635935689923482e-01
4.704620723440653819e+03 9.969231074987181529e-01
4.704645189909075270e+03 9.977676453767470033e-01
4.704669656504735940e+03 1.000468232913826805e+00
4.704694123227634918e+03 9.990932576273318100e-01
4.704718590077773115e+03 9.983962386578754122e-01
4.704743057055152349e+03 9.982884741960291741e-01
4.704767524159772620e+03 9.969518802961713222e-01
4.704791991391633928e+03 1.003911710435946070e+00
4.704816458750738093e+03 9.933957536733130089e-01
4.704840926237085114e+03 9.977891099031573896e-01
4.704865393850675900e+03 9.927213998659689675e-01
4.704889861591510453e+03 9.997387217792346181e-01
4.704914329459589680e+03 1.000461288516667713e+00
4.704938797454915402e+03 9.950733550726109655e-01
4.704963265577486709e+03 9.945653436567848393e-01
4.704987733827305419e+03 9.969505457452242370e-01
4.705012202204371533e+03 1.002042356130634637e+00
4.705036670708685961e+03 1.001069570249962792e+00
4.705061139340249611e+03 9.928235293029771258e-01
4.705085608099062483e+03 9.912437150866357793e-01
4.705110076985125488e+03 9.938172057890073408e-01
4.705134545998439535e+03 9.950654697821130767e-01
4.705159015139005533e+03 9.951957779137300397e-01
4.705183484406823482e+03 9.925908581966603750e-01
4.705207953801894291e+03 9.917427643553951011e-01
4.705232423324217962e+03 9.917637961259903046e-01
4.705256892973796312e+03 9.894071380376034952e-01
4.705281362750630251e+03 9.975166352346667153e-01
4.705305832654718870e+03 9.862681965542153817e-01
4.705330302686063987e+03 9.852974908565167445e-01
4.705354772844665604e+03 9.874817598718376166e-01
4.705379243130525538e+03 9.870555261142288650e-01
4.705403713543642880e+03 9.844524150053921563e-01
4.705428184084019449e+03 9.808670616273925669e-01
4.705452654751655245e+03 9.882773598275854665e-01
4.705477125546552088e+03 9.895790956384714621e-01
4.705501596468709067e+03 9.857761170626250236e-01
4.705526067518127093e+03 9.829341063532196499e-01
4.705550538694807983e+03 9.853676798849120289e-01
4.705575009998750829e+03 9.878310262685693344e-01
4.705599481429958360e+03 9.874878548707913817e-01
4.705623952988428755e+03 9.858248698637315233e-01
4.705648424674164744e+03 9.826379725521822150e-01
4.705672896487166327e+03 9.831160905929839933e-01
4.705697368427433503e+03 9.878668583343319654e-01
4.705721840494968092e+03 9.886368691805721420e-01
4.705746312689770093e+03 9.858406591541524211e-01
4.705770785011839507e+03 9.853225681179031969e-01
4.705795257461178153e+03 9.849743534684490820e-01
4.705819730037786030e+03 9.801576502642864730e-01
4.705844202741664049e+03 9.828687790249881484e-01
4.705868675572813117e+03 9.749824157617242859e-01
4.705893148531233237e+03 9.824847344457260379e-01
4.705917621616925317e+03 9.839177169369865972e-01
4.705942094829890266e+03 9.802491502786437882e-01
4.705966568170128994e+03 9.825211419165195137e-01
4.705991041637641501e+03 9.787043231079122219e-01
4.706015515232428697e+03 9.850999043895733998e-01
4.706039988954491491e+03 9.882302247718995902e-01
4.706064462803829883e+03 9.867383625214236620e-01
4.706088936780445692e+03 9.871792796016306548e-01
4.706113410884338919e+03 9.855871056112470718e-01
4.706137885115509562e+03 9.841978028836386727e-01
4.706162359473958531e+03 9.858671792287699853e-01
4.706186833959687647e+03 9.884737157607632607e-01
4.706211308572696908e+03 9.846696752536954200e-01
4.706235783312986314e+03 9.901306559461479084e-01
4.706260258180557685e+03 9.882736422464266646e-01
4.706284733175410111e+03 9.846579461994164895e-01
4.706309208297545410e+03 9.859909550787331334e-01
4.706333683546964494e+03 9.896082472329612578e-01
4.706358158923667361e+03 9.907091303620806366e-01
4.706382634427654921e+03 9.902218352662598422e-01
4.706407110058928083e+03 9.893140134822991927e-01
4.706431585817486848e+03 9.923880574171854985e-01
4.706456061703333035e+03 9.952089944997057902e-01
4.706480537716465733e+03 9.959351642071938571e-01
4.706505013856886762e+03 9.899339548866813443e-01
4.706529490124596123e+03 9.903017458656898642e-01
4.706553966519594724e+03 9.924172251447043180e-01
4.706578443041883475e+03 9.909697357527114114e-01
4.706602919691462375e+03 9.912656228669319836e-01
4.706627396468333245e+03 9.928914223218109347e-01
4.706651873372496084e+03 9.942767323064581886e-01
4.706676350403950892e+03 1.000870637727083290e+00
4.706700827562699487e+03 9.955163912255825531e-01
4.706725304848741871e+03 9.950036219553772820e-01
4.706749782262078043e+03 9.945594623605559237e-01
4.706774259802710731e+03 9.927806447739903062e-01
4.706798737470639026e+03 9.928175572257048609e-01
4.706823215265862927e+03 9.959060975273088534e-01
4.706847693188385165e+03 1.004209466660020755e+00
4.706872171238204828e+03 9.983762626847159094e-01
4.706896649415322827e+03 9.971763148691046297e-01
4.706921127719740980e+03 1.001277417811182735e+00
4.706945606151458378e+03 9.987335125341810782e-01
4.706970084710475930e+03 9.957572111685852878e-01
4.706994563396795456e+03 9.942144440287026264e-01
4.707019042210416046e+03 9.968845226600439036e-01
4.707043521151339519e+03 9.961156677713821628e-01
4.707068000219566784e+03 9.917219812967110748e-01
4.707092479415096932e+03 1.000860212057770537e+00
4.707116958737931782e+03 1.004319484669133455e+00
4.707141438188072243e+03 1.001633582612031947e+00
4.707165917765518316e+03 1.003332679878628841e+00
4.707190397470270909e+03 1.002509892396543423e+00
4.707214877302330933e+03 1.003068425006524045e+00
4.707239357261698387e+03 9.918439742740956522e-01
4.707263837348375091e+03 9.963602884518601988e-01
4.707288317562360135e+03 1.002967265040663580e+00
4.707312797903655337e+03 9.948096348747679230e-01
4.707337278372260698e+03 1.002725751232493856e+00
4.707361758968177128e+03 9.996960084938342206e-01
4.707386239691405535e+03 1.000277486307281638e+00
4.707410720541946830e+03 1.005737117380144818e+00
4.707435201519801012e+03 1.001857689960845121e+00
4.707459682624968991e+03 1.000336479347444740e+00
4.707484163857450767e+03 1.002083057757545692e+00
4.707508645217248159e+03 1.000113263608324976e+00
4.707533126704362076e+03 1.000569239839730340e+00
4.707557608318791608e+03 1.001215634429241108e+00
4.707582090060537666e+03 1.005230343599506471e+00
4.707606571929602069e+03 1.001878935582694030e+00
4.707631053925985725e+03 1.003025567331584211e+00
4.707655536049687726e+03 1.001138921050658492e+00
4.707680018300708980e+03 9.994603452309829272e-01
4.707704500679051307e+03 1.006782565606551216e+00
4.707728983184714707e+03 1.003356234779648970e+00
4.707753465817699180e+03 1.002203952200200865e+00
4.707777948578006544e+03 1.001827118857059329e+00
4.707802431465636801e+03 9.982059744638402954e-01
4.707826914480590858e+03 1.002949013603556594e+00
4.707851397622869627e+03 1.004483752265096674e+00
4.707875880892473106e+03 1.000106333120170943e+00
4.707900364289402205e+03 1.002721643140384256e+00
4.707924847813657834e+03 1.000200628613201914e+00
4.707949331465240903e+03 9.996797241688907265e-01
4.707973815244150501e+03 1.006251226292844914e+00
4.707998299150389357e+03 1.001132191807485139e+00
4.708022783183957472e+03 1.001495222481755265e+00
4.708047267344854845e+03 9.986746111496469513e-01
4.708071751633082386e+03 1.004489354050268402e+00
4.708096236048641003e+03 1.000807704037413925e+00
4.708120720591530699e+03 9.928962367454238214e-01
4.708145205261754199e+03 9.972266664349039855e-01
4.708169690059309687e+03 1.000587805666702579e+00
4.708194174984198980e+03 1.001582912628913080e+00
4.708218660036422079e+03 1.003208718048130832e+00
4.708243145215980803e+03 1.004619176414776938e+00
4.708267630522875152e+03 1.001434701488992385e+00
4.708292115957106034e+03 1.002638919717473431e+00
4.708316601518673451e+03 9.996853589786554029e-01
4.708341087207578312e+03 1.002126597672423181e+00
4.708365573023821526e+03 1.007461886137323015e+00
4.708390058967404002e+03 1.001713989493927537e+00
4.708414545038325741e+03 1.001950090983016128e+00
4.708439031236588562e+03 9.996749347814133380e-01
4.708463517562191555e+03 1.004460193909236576e+00
4.708488004015136539e+03 1.006794163367888961e+00
4.708512490595423515e+03 1.003365985212125500e+00
4.708536977303053391e+03 1.003861309842686289e+00
4.708561464138026167e+03 9.993512236790420555e-01
4.708585951100344573e+03 1.005748176220139678e+00
4.708610438190006789e+03 1.006592616922190597e+00
4.708634925407015544e+03 1.002475129098848061e+00
4.708659412751369928e+03 1.000554940723204833e+00
4.708683900223070850e+03 9.992902728835864057e-01
4.708708387822120130e+03 9.985220179933658180e-01
4.708732875548516859e+03 9.966231489328443161e-01
4.708757363402262854e+03 1.001564345757870678e+00
4.708781851383359026e+03 9.991219088159167816e-01
4.708806339491804465e+03 9.940675251984710803e-01
4.708830827727600990e+03 1.003037766650194174e+00
4.708855316090749511e+03 1.007290613644211241e+00
4.708879804581249118e+03 1.001871672938827507e+00
4.708904293199102540e+03 1.001836454373012275e+00
4.708928781944309776e+03 1.000366147031322095e+00
4.708953270816870827e+03 1.000958322005362167e+00
4.708977759816785692e+03 1.004097538416725222e+00
4.709002248944057101e+03 9.997726407958825723e-01
4.709026738198685052e+03 1.001354382475004412e+00
4.709051227580668638e+03 1.000426441243249753e+00
4.709075717090010585e+03 1.001227620495219073e+00
4.709100206726710894e+03 9.971327973974841719e-01
4.709124696490769566e+03 1.001385101014902856e+00
4.709149186382187509e+03 1.002209952724166575e+00
4.709173676400965633e+03 1.001749473373271915e+00
4.709198166547104847e+03 1.000917533244972457e+00
4.709222656820605152e+03 1.000012247470265292e+00
4.709247147221468367e+03 1.002466116555134068e+00
4.709271637749693582e+03 1.001864983399010756e+00
4.709296128405282616e+03 1.003224131575013223e+00
4.709320619188235469e+03 1.002752095148967237e+00
4.709345110098553960e+03 1.004774036662704040e+00
4.709369601136237179e+03 9.995236737363157875e-01
4.709394092301286037e+03 9.996204300712170365e-01
4.709418583593702351e+03 1.002460945788779645e+00
4.709443075013486123e+03 9.993975231034948337e-01
4.709467566560637351e+03 1.000539368708663446e+00
4.709492058235157856e+03 9.967341066022830098e-01
4.709516550037047637e+03 1.001186478791995738e+00
4.709541041966307603e+03 1.004725547526529983e+00
4.709565534022938664e+03 9.989652631836716257e-01
4.709590026206940820e+03 9.979356939497063816e-01
4.709614518518314981e+03 9.957417771044723143e-01
4.709639010957062055e+03 9.983935341381720008e-01
4.709663503523182044e+03 9.952258649750130859e-01
4.709687996216675856e+03 9.972254065593518790e-01
4.709712489037545311e+03 1.004386604021632934e+00
4.709736981985789498e+03 1.001763301243304705e+00
4.709761475061410238e+03 1.001772132085066991e+00
4.709785968264406620e+03 1.002885927700361002e+00
4.709810461594781373e+03 1.001221856993067760e+00
4.709834955052533587e+03 9.986564482390792863e-01
4.709859448637665082e+03 1.002677849388398768e+00
4.709883942350175857e+03 1.000495045611610179e+00
4.709908436190065913e+03 9.985775722305633151e-01
4.709932930157337069e+03 9.960896542070805104e-01
4.709957424251990233e+03 9.955969295289121002e-01
4.709981918474024496e+03 1.001323966488434802e+00
4.710006412823441678e+03 1.001302509449690126e+00
4.710030907300241779e+03 1.000283044844244129e+00
4.710055401904426617e+03 9.975974003997166717e-01
4.710079896635996192e+03 9.968828647288358047e-01
4.710104391494950505e+03 9.894600866331134670e-01
4.710128886481290465e+03 9.977934562897364801e-01
4.710153381595017891e+03 9.915817522707158771e-01
4.710177876836131873e+03 9.891525359068888967e-01
4.710202372204634230e+03 9.977520919818377854e-01
4.710226867700525872e+03 9.972176979607063618e-01
4.710251363323805890e+03 9.946229241768443918e-01
4.710275859074476102e+03 9.915421762171890974e-01
4.710300354952536509e+03 9.920938544599381403e-01
4.710324850957988929e+03 9.927363143348045815e-01
4.710349347090833362e+03 9.978930388392274198e-01
4.710373843351069809e+03 9.913950968833588062e-01
4.710398339738699178e+03 9.938496790937466630e-01
4.710422836253723290e+03 9.945727206540726506e-01
4.710447332896141234e+03 9.889991475637791574e-01
4.710471829665955738e+03 9.910712789163536041e-01
4.710496326563164985e+03 9.913480967643196751e-01
4.710520823587770792e+03 9.944933615451038156e-01
4.710545320739774070e+03 9.873379044830398188e-01
4.710569818019175727e+03 9.879064408909927764e-01
4.710594315425975765e+03 9.955264938050362167e-01
4.710618812960174182e+03 9.977596692878990536e-01
4.710643310621773708e+03 9.935874127835294667e-01
4.710667808410772523e+03 9.943168219878708580e-01
4.710692306327173355e+03 9.898240081845478544e-01
4.710716804370976206e+03 9.870781088762451416e-01
4.710741302542181074e+03 9.950706067956324175e-01
4.710765800840789780e+03 9.959200329367374760e-01
4.710790299266801412e+03 9.866056783367466165e-01
4.710814797820218701e+03 9.886274934168945983e-01
4.710839296501040735e+03 9.937115579492280526e-01
4.710863795309268426e+03 9.901116638966098726e-01
4.710888294244902681e+03 9.929083014776642901e-01
4.710912793307943502e+03 9.906755913320147711e-01
4.710937292498392708e+03 9.892914013158223829e-01
4.710961791816251207e+03 9.872018533694049136e-01
4.710986291261518090e+03 9.905035834380586657e-01
4.711010790834194268e+03 9.912563274632214538e-01
4.711035290534281557e+03 9.884949209663096426e-01
4.711059790361779960e+03 9.839535446197874569e-01
4.711084290316690385e+03 9.839205734661079505e-01
4.711108790399012832e+03 9.879261791669302628e-01
4.711133290608749121e+03 9.895354844450376941e-01
4.711157790945898341e+03 9.913831013822855809e-01
4.711182291410462312e+03 9.874386476162563264e-01
4.711206792002441944e+03 9.905600263792366800e-01
4.711231292721836326e+03 9.869187349533674602e-01
4.711255793568648187e+03 9.866414091680334453e-01
4.711280294542876618e+03 9.899917403094017354e-01
4.711304795644523438e+03 9.856787805355664567e-01
4.711329296873587737e+03 9.851352986810082424e-01
4.711353798230071334e+03 9.835927779135644755e-01
4.711378299713975139e+03 9.812792384988570094e-01
4.711402801325299151e+03 9.861210514430831520e-01
4.711427303064044281e+03 9.801665492159823412e-01
4.711451804930211438e+03 9.808022336329091928e-01
4.711476306923800621e+03 9.792121764869140543e-01
4.711500809044813650e+03 9.772066551183231642e-01
4.711525311293249615e+03 9.761032578472516041e-01
4.711549813669110335e+03 9.820062459518088538e-01
4.711574316172395811e+03 9.769045763229906587e-01
4.711598818803106951e+03 9.753627434031690857e-01
4.711623321561244666e+03 9.763948006539718838e-01
4.711647824446808954e+03 9.758729057007078378e-01
4.711672327459801636e+03 9.754034543860202744e-01
4.711696830600222711e+03 9.752671146022789950e-01
4.711721333868073089e+03 9.799235838737170301e-01
4.711745837263351859e+03 9.724697528898813559e-01
4.711770340786062661e+03 9.743089722172356693e-01
4.711794844436203675e+03 9.775538004801372916e-01
4.711819348213775811e+03 9.790548597394067576e-01
4.711843852118780887e+03 9.691086916477421598e-01
4.711868356151218904e+03 9.736890735614294190e-01
4.711892860311090772e+03 9.750234402329596151e-01
4.711917364598397398e+03 9.704580118989839521e-01
4.711941869013137875e+03 9.701218745657164133e-01
4.711966373555314931e+03 9.687573616450771974e-01
4.711990878224927656e+03 9.677343707629529890e-01
4.712015383021977868e+03 9.694082542571673677e-01
4.712039887946465569e+03 9.690983940674778863e-01
4.712064392998391668e+03 9.680985781061269835e-01
4.712088898177757073e+03 9.583037539139862560e-01
4.712113403484561786e+03 9.625112988839763517e-01
4.712137908918806716e+03 9.574132729182907031e-01
4.712162414480492771e+03 9.596121074692601782e-01
4.712186920169620862e+03 9.633589537962057303e-01
4.712211425986190079e+03 9.618589162769636269e-01
4.712235931930203151e+03 9.617862557024413617e-01
4.712260438001660077e+03 9.635760871695518981e-01
4.712284944200560858e+03 9.641011213389207857e-01
4.712309450526906403e+03 9.634949559395373786e-01
4.712333956980697621e+03 9.563217993867267896e-01
4.712358463561935423e+03 9.517412539123231152e-01
4.712382970270619808e+03 9.534118506449870134e-01
4.712407477106752594e+03 9.490429819809376166e-01
4.712431984070332874e+03 9.546461743661261989e-01
4.712456491161361555e+03 9.520789574324589610e-01
4.712480998379840457e+03 9.517721542344383945e-01
4.712505505725770490e+03 9.519557861379570607e-01
4.712530013199149835e+03 9.540471378540692493e-01
4.712554520799982129e+03 9.553923593241394618e-01
4.712579028528265553e+03 9.496581678477595823e-01
4.712603536384002837e+03 9.511471876953379034e-01
4.712628044367193070e+03 9.513036668602966595e-01
4.712652552477837162e+03 9.466967399530927807e-01
4.712677060715936932e+03 9.428722480375214543e-01
4.712701569081492380e+03 9.410240983989639485e-01
4.712726077574503506e+03 9.425757242291239457e-01
4.712750586194971220e+03 9.384373284830694883e-01
4.712775094942897340e+03 9.459571537778217465e-01
4.712799603818280957e+03 9.429473438394649909e-01
4.712824112821123890e+03 9.364987479464313980e-01
4.712848621951426139e+03 9.355645891373500778e-01
4.712873131209188614e+03 9.340173693001371236e-01
4.712897640594412223e+03 9.316268960634510599e-01
4.712922150107096968e+03 9.304929506262837879e-01
4.712946659747243757e+03 9.333257879162243364e-01
4.712971169514853500e+03 9.318256156933957257e-01
4.712995679409927106e+03 9.253623122624131669e-01
4.713020189432464576e+03 9.263866892725984847e-01
4.713044699582466819e+03 9.300730834817716453e-01
4.713069209859934745e+03 9.239273533960103979e-01
4.713093720264869262e+03 9.275845013472742151e-01
4.713118230797269462e+03 9.288422363073323140e-01
4.713142741457138072e+03 9.197231451066509855e-01
4.713167252244474184e+03 9.193237291665947719e-01
4.713191763159279617e+03 9.225332843987351650e-01
4.713216274201554370e+03 9.222488572470948220e-01
4.713240785371299353e+03 9.198141890062444537e-01
4.713265296668515475e+03 9.197315524435564216e-01
4.713289808093202737e+03 9.170738572877692452e-01
4.713314319645362048e+03 9.137443264232371076e-01
4.713338831324993407e+03 9.154546444629313440e-01
4.713363343132099544e+03 9.094431094154400430e-01
4.713387855066678640e+03 9.109475674184817073e-01
4.713412367128733422e+03 9.179869944262158965e-01
4.713436879318262982e+03 9.129999390648799729e-01
4.713461391635269138e+03 9.067655961707574708e-01
4.713485904079751890e+03 9.068974680331157723e-01
4.713510416651712148e+03 9.084731213107126724e-01
4.713534929351149913e+03 9.116045773056906665e-01
4.713559442178067002e+03 9.158069333849538918e-01
4.713583955132463416e+03 9.087855471744331615e-01
4.713608468214340064e+03 9.086856925387123418e-01
4.713632981423696947e+03 9.079551737035489456e-01
4.713657494760535883e+03 9.103625505818446761e-01
4.713682008224856872e+03 9.101189938370922716e-01
4.713706521816659915e+03 9.070657089005701446e-01
4.713731035535946830e+03 9.084366879809939732e-01
4.713755549382717618e+03 9.102718893241660281e-01
4.713780063356973187e+03 9.102487026453325303e-01
4.713804577458714448e+03 9.107115674970518437e-01
4.713829091687941400e+03 9.127226654960869379e-01
4.713853606044654953e+03 9.144638887771351365e-01
4.713878120528856016e+03 9.140954125059883584e-01
4.713902635140545499e+03 9.164007051521666503e-01
4.713927149879723402e+03 9.111786518368228949e-01
4.713951664746390634e+03 9.117278134261778133e-01
4.713976179740548105e+03 9.152186173742299369e-01
4.714000694862195814e+03 9.180945146620633768e-01
4.714025210111334673e+03 9.175215364501284609e-01
4.714049725487966498e+03 9.156138893965655168e-01
4.714074240992090381e+03 9.188710873174893434e-01
4.714098756623707231e+03 9.239462020879444237e-01
4.714123272382818868e+03 9.257473486130779472e-01
4.714147788269425291e+03 9.245997479026812904e-01
4.714172304283526501e+03 9.287983105786955518e-01
4.714196820425123406e+03 9.271362489862505774e-01
4.714221336694217825e+03 9.264807056642784255e-01
4.714245853090808851e+03 9.254861913570960885e-01
4.714270369614898300e+03 9.272824836261570614e-01
4.714294886266486174e+03 9.289000858688132301e-01
4.714319403045573381e+03 9.316616176516043790e-01
4.714343919952159922e+03 9.344287795090330251e-01
4.714368436986248525e+03 9.330272380517286024e-01
4.714392954147837372e+03 9.367219323264950326e-01
4.714417471436928281e+03 9.395044362731298504e-01
4.714441988853522162e+03 9.455190129207733385e-01
4.714466506397619014e+03 9.366125165837401179e-01
4.714491024069219748e+03 9.493858596762463353e-01
4.714515541868325272e+03 9.444693809780254634e-01
4.714540059794936496e+03 9.455857610462636842e-01
4.714564577849053421e+03 9.475824798111907032e-01
4.714589096030676046e+03 9.470572101896459483e-01
4.714613614339807100e+03 9.537217615664144166e-01
4.714638132776445673e+03 9.536624903375605644e-01
4.714662651340592674e+03 9.535485178547458140e-01
4.714687170032249014e+03 9.537406738280688190e-01
4.714711688851415602e+03 9.579474382001250676e-01
4.714736207798092437e+03 9.557023281406559212e-01
4.714760726872280429e+03 9.606850998450331414e-01
4.714785246073980488e+03 9.553805533508049619e-01
4.714809765403192614e+03 9.596767427748111867e-01
4.714834284859918625e+03 9.571503120111181095e-01
4.714858804444158523e+03 9.578160443313763484e-01
4.714883324155912305e+03 9.576322830499478522e-01
4.714907843995181793e+03 9.605132506079496757e-01
4.714932363961967894e+03 9.660124721348990473e-01
4.714956884056269701e+03 9.617904313401004490e-01
4.714981404278089030e+03 9.655769446062253403e-01
4.715005924627425884e+03 9.622480355568912014e-01
4.715030445104281171e+03 9.678184959008986343e-01
4.715054965708655800e+03 9.624454515547139488e-01
4.715079486440550681e+03 9.663323425236828301e-01
4.715104007299965815e+03 9.700235773249592519e-01
4.715128528286902110e+03 9.694281539211033749e-01
4.715153049401360477e+03 9.722366373189257338e-01
4.715177570643340914e+03 9.718212778520501915e-01
4.715202092012845242e+03 9.683769301988982559e-01
4.715226613509872550e+03 9.756127217909594806e-01
4.715251135134424658e+03 9.731104886685264521e-01
4.715275656886502475e+03 9.750125258067016132e-01
4.715300178766105091e+03 9.764421279319512870e-01
4.715324700773235236e+03 9.745930587406114176e-01
4.715349222907891999e+03 9.754032885766200645e-01
4.715373745170076290e+03 9.766896341950640492e-01
4.715398267559789929e+03 9.781965290491612119e-01
4.715422790077032005e+03 9.802080613007201348e-01
4.715447312721804337e+03 9.807153698667107067e-01
4.715471835494106926e+03 9.794948939708535418e-01
4.715496358393940682e+03 9.828649058660217097e-01
4.715520881421306512e+03 9.854195245625352317e-01
4.715545404576204419e+03 9.842014903687902327e-01
4.715569927858635310e+03 9.835209426578044312e-01
4.715594451268600096e+03 9.884496400928175497e-01
4.715618974806099686e+03 9.864286448393227991e-01
4.715643498471134080e+03 9.853088789404453873e-01
4.715668022263705097e+03 9.902279556881257161e-01
4.715692546183811828e+03 9.859201253569992440e-01
4.715717070231455182e+03 9.871510157983306444e-01
4.715741594406636978e+03 9.896320324625420550e-01
4.715766118709357215e+03 9.856437919766215527e-01
4.715790643139615895e+03 9.862299770461316895e-01
4.715815167697414836e+03 9.893797247024542774e-01
4.715839692382754038e+03 9.937554997662350065e-01
4.715864217195634410e+03 9.918547837202348338e-01
4.715888742136056862e+03 9.914284504208614734e-01
4.715913267204021395e+03 9.930960356840482506e-01
4.715937792399528917e+03 9.898936682557583078e-01
4.715962317722580337e+03 9.902500026350189444e-01
4.715986843173176567e+03 9.941637108429166592e-01
4.716011368751317605e+03 9.987001350607436212e-01
4.716035894457004360e+03 9.980186659648803138e-01
4.716060420290236834e+03 1.000432024334889425e+00
4.716084946251016845e+03 9.954509466828230790e-01
4.716109472339344393e+03 9.987690231776668037e-01
4.716133998555221297e+03 1.000222898872792365e+00
4.716158524898645737e+03 9.974900577720464678e-01
4.716183051369621353e+03 9.989129265159549798e-01
4.716207577968146325e+03 9.996556494687285355e-01
4.716232104694222471e+03 1.003200134530486176e+00
4.716256631547850702e+03 1.000338572281737060e+00
4.716281158529031018e+03 9.980277785049422867e-01
4.716305685637764327e+03 9.985250417042910165e-01
4.716330212874051540e+03 9.988347609112405712e-01
4.716354740237892656e+03 1.002216147947219360e+00
4.716379267729289495e+03 1.000184232065754353e+00
4.716403795348241147e+03 9.967034451390806016e-01
4.716428323094750340e+03 9.995892728770513491e-01
4.716452850968815255e+03 1.000614634542440484e+00
4.716477378970438622e+03 1.000467667748710099e+00
4.716501907099620439e+03 1.002098544871464769e+00
4.716526435356360707e+03 9.982326902992774142e-01
4.716550963740661246e+03 9.959565010215180036e-01
4.716575492252521144e+03 9.981225625293276282e-01
4.716600020891943132e+03 9.992502436268564381e-01
4.716624549658926298e+03 1.003205235149700725e+00
4.716649078553471554e+03 9.992185386732973518e-01
4.716673607575579808e+03 9.984097396953702797e-01
4.716698136725251970e+03 1.000152622327904472e+00
4.716722666002488040e+03 1.000159375003839335e+00
4.716747195407289837e+03 1.001620049536205981e+00
4.716771724939656451e+03 1.001612130349424756e+00
4.716796254599589702e+03 1.001560163575889284e+00
4.716820784387089589e+03 1.004843799871943277e+00
4.716845314302157931e+03 1.004977141674574526e+00
4.716869844344793819e+03 1.001533303877919057e+00
4.716894374514999072e+03 9.967122054267553155e-01
4.716918904812773690e+03 9.984977586567417296e-01
4.716943435238118582e+03 1.002998220091244841e+00
4.716967965791034658e+03 1.004436340101899638e+00
4.716992496471521918e+03 9.956510201438284469e-01
4.717017027279581271e+03 9.991138918678891256e-01
4.717041558215214536e+03 1.000110952076734172e+00
4.717066089278420804e+03 1.002649273019242449e+00
4.717090620469200985e+03 1.001667445849203419e+00
4.717115151787555988e+03 9.963617864430746041e-01
4.717139683233487631e+03 9.982576043273583277e-01
4.717164214806995005e+03 1.001241539796277280e+00
4.717188746508079021e+03 1.000795401423015818e+00
4.717213278336740586e+03 1.001602661525063498e+00
4.717237810292980612e+03 1.006008089737259414e+00
4.717262342376799097e+03 1.004226356266449960e+00
4.717286874588197861e+03 1.002652667980617807e+00
4.717311406927175994e+03 1.005555401622318046e+00
4.717335939393736226e+03 1.005347312770004553e+00
4.717360471987876736e+03 1.003533580367312217e+00
4.717385004709600253e+03 1.003401075544955168e+00
4.717409537558906777e+03 1.002833678908132464e+00
4.717434070535796309e+03 1.003224047091457960e+00
4.717458603640270667e+03 1.003881838772365809e+00
4.717483136872328942e+03 1.004127156888483752e+00
4.717507670231973862e+03 1.003575992437559572e+00
4.717532203719203608e+03 1.002976497431512071e+00
4.717556737334021818e+03 1.003932892565605695e+00
4.717581271076426674e+03 1.002843319822435353e+00
4.717605804946419084e+03 1.000319220621301852e+00
4.717630338944001778e+03 1.001918196284294016e+00
4.717654873069172936e+03 1.003098128970914660e+00
4.717679407321934377e+03 9.988478693356116489e-01
4.717703941702287011e+03 1.003696206319489859e+00
4.717728476210230838e+03 1.000882562848416590e+00
4.717753010845767676e+03 1.000206547589367112e+00
4.717777545608896617e+03 1.002783599869435438e+00
4.717802080499618569e+03 1.006723864567964144e+00
4.717826615517935352e+03 1.007899127539126249e+00
4.717851150663846965e+03 1.001700795855034354e+00
4.717875685937354319e+03 1.006380504798097597e+00
4.717900221338457413e+03 9.996710413523938188e-01
4.717924756867157157e+03 1.002638773259104221e+00
4.717949292523454460e+03 1.001694875983095034e+00
4.717973828307350232e+03 1.003066776882089783e+00
4.717998364218844472e+03 1.006868953944835221e+00
4.718022900257938090e+03 1.005238292810610501e+00
4.718047436424631996e+03 1.000639240162094712e+00
4.718071972718927100e+03 9.999315424031087751e-01
4.718096509140823400e+03 1.000368491564877393e+00
4.718121045690321807e+03 1.004431059892229694e+00
4.718145582367423231e+03 1.004314843835367732e+00
4.718170119172127670e+03 1.002890492487708896e+00
4.718194656104436035e+03 1.002883611853340851e+00
4.718219193164349235e+03 1.003827884921202784e+00
4.718243730351868180e+03 1.002740997436820658e+00
4.718268267666993779e+03 1.006026371414566301e+00
4.718292805109725123e+03 1.008162223764671905e+00
4.718317342680064939e+03 1.005128416664787583e+00
4.718341880378012320e+03 1.001157858966912340e+00
4.718366418203568173e+03 1.003296572914610829e+00
4.718390956156733409e+03 9.988739017208705384e-01
4.718415494237508938e+03 9.996946643422319756e-01
4.718440032445895667e+03 1.002363709142676473e+00
4.718464570781892689e+03 1.001582992835199137e+00
4.718489109245502732e+03 1.001763760942685710e+00
4.718513647836725795e+03 1.005952452853389856e+00
4.718538186555561879e+03 1.002269930083273364e+00
4.718562725402011893e+03 1.003658128942203076e+00
4.718587264376076746e+03 1.002414794808027976e+00
4.718611803477756439e+03 1.001201979968526778e+00
4.718636342707052791e+03 1.003323849802191692e+00
4.718660882063965801e+03 1.000654570681334787e+00
4.718685421548496379e+03 1.000893298366906548e+00
4.718709961160644525e+03 1.002076432103966130e+00
4.718734500900411149e+03 1.001045651302742590e+00
4.718759040767798069e+03 1.002225959764065033e+00
4.718783580762804377e+03 1.004251030232337527e+00
4.718808120885431890e+03 1.002583404102389775e+00
4.718832661135680610e+03 1.000659936543487616e+00
4.718857201513550535e+03 9.981909048974492160e-01
4.718881742019044395e+03 1.001148430837079939e+00
4.718906282652161281e+03 1.003246292228393122e+00
4.718930823412902100e+03 1.001989355954262972e+00
4.718955364301266854e+03 9.989887530984594699e-01
4.718979905317258272e+03 1.002434621225830602e+00
4.719004446460874533e+03 1.001174034771613153e+00
4.719028987732118367e+03 9.985740809616672209e-01
4.719053529130988863e+03 1.004590921445253304e+00
4.719078070657487842e+03 1.004613038078371323e+00
4.719102612311615303e+03 1.001646921987838112e+00
4.719127154093372155e+03 9.982172276875990180e-01
4.719151696002758399e+03 1.000101303131126551e+00
4.719176238039775853e+03 9.993211090742560865e-01
4.719200780204424518e+03 1.000952920812413272e+00
4.719225322496705303e+03 1.001766400504434218e+00
4.719249864916619117e+03 1.001922121584746028e+00
4.719274407464165961e+03 1.001327877527755428e+00
4.719298950139346744e+03 1.000272258340352494e+00
4.719323492942161465e+03 1.003540275599701825e+00
4.719348035872612854e+03 9.989577059674636939e-01
4.719372578930699092e+03 9.997838568034569384e-01
4.719397122116421997e+03 1.002771503892974980e+00
4.719421665429782479e+03 1.002454743663914627e+00
4.719446208870781447e+03 1.000673150365434694e+00
4.719470752439418902e+03 9.996938762741731654e-01
4.719495296135694844e+03 9.998997882599083287e-01
4.719519839959611090e+03 1.000330713131860394e+00
4.719544383911168552e+03 1.000252737018776816e+00
4.719568927990366319e+03 9.999650519645375546e-01
4.719593472197207120e+03 1.001901262340065601e+00
4.719618016531690046e+03 1.000331754687114438e+00
4.719642560993816005e+03 9.970384910513541143e-01
4.719667105583585908e+03 9.979452763518223968e-01
4.719691650301000664e+03 1.003655018924071163e+00
4.719716195146060272e+03 9.989978480250674142e-01
4.719740740118766553e+03 9.990835065229501932e-01
4.719765285219118596e+03 1.003551201799475878e+00
4.719789830447118220e+03 1.004997837198386978e+00
4.719814375802766335e+03 1.001807421156714950e+00
4.719838921286062032e+03 9.996840489653485706e-01
4.719863466897008038e+03 1.001760035855735254e+00
4.719888012635603445e+03 1.000360535270150120e+00
4.719912558501849162e+03 1.000237908704630474e+00
4.719937104495746098e+03 1.000459940761114774e+00
4.719961650617295163e+03 1.002953410159235226e+00
4.719986196866496357e+03 9.996028205620881568e-01
4.720010743243351499e+03 9.990616411847296208e-01
4.720035289747860588e+03 9.986209166804277393e-01
4.720059836380023626e+03 1.004812497603187360e+00
4.720084383139842430e+03 1.002763676527725467e+00
4.720108930027317001e+03 9.982730895439018148e-01
4.720133477042447339e+03 1.002027567508743777e+00
4.720158024185236172e+03 1.005194728932292447e+00
4.720182571455681682e+03 1.000656493159380878e+00
4.720207118853786596e+03 1.001431018363788228e+00
4.720231666379550006e+03 9.989927439091613737e-01
4.720256214032973730e+03 9.988963777516468578e-01
4.720280761814057769e+03 1.000158811761327371e+00
4.720305309722803941e+03 1.001464311993490508e+00
4.720329857759210427e+03 1.000603904395758859e+00
4.720354405923280865e+03 9.978168792551690425e-01
4.720378954215013437e+03 9.991247430147793818e-01
4.720403502634409961e+03 9.967098160417320329e-01
4.720428051181471346e+03 9.982709458658693968e-01
4.720452599856198503e+03 1.000246435301446191e+00
4.720477148658590522e+03 9.949373371675285238e-01
4.720501697588649222e+03 9.999187574071767282e-01
4.720526246646375512e+03 9.979745995010828041e-01
4.720550795831769392e+03 1.000332556130264727e+00
4.720575345144831772e+03 1.001040540111763910e+00
4.720599894585563561e+03 9.982238628410025072e-01
4.720624444153964760e+03 1.006194208140584800e+00
4.720648993850036277e+03 1.003265989522991619e+00
4.720673543673779932e+03 9.986250431427773355e-01
4.720698093625194815e+03 1.000475505235325135e+00
4.720722643704281836e+03 1.001829470512248577e+00
4.720747193911041904e+03 9.984200239266624033e-01
4.720771744245476839e+03 1.000415649360419046e+00
4.720796294707584821e+03 9.988163147494358851e-01
4.720820845297369488e+03 9.964392656032307061e-01
4.720845396014829021e+03 9.996248642479690361e-01
4.720869946859965239e+03 9.982361234551834217e-01
4.720894497832778143e+03 9.985714104299686644e-01
4.720919048933269551e+03 9.968313969839736055e-01
4.720943600161438553e+03 9.985358028610724634e-01
4.720968151517287879e+03 9.998991769309403255e-01
4.720992703000815709e+03 1.002608088297547884e+00
4.721017254612024772e+03 1.003970782936519424e+00
4.721041806350915067e+03 1.001570064077734523e+00
4.721066358217486595e+03 1.000758692458296073e+00
4.721090910211741175e+03 9.993679411204529073e-01
4.721115462333678806e+03 9.971356185185302756e-01
4.721140014583299489e+03 9.962918429252531904e-01
4.721164566960605043e+03 1.002657753972971300e+00
4.721189119465595468e+03 1.004088824382161071e+00
4.721213672098272582e+03 9.963431989722685289e-01
4.721238224858635476e+03 9.986770127885641335e-01
4.721262777746685060e+03 1.002063343335887868e+00
4.721287330762422243e+03 1.001362773068123158e+00
4.721311883905848845e+03 1.000755894537852075e+00
4.721336437176963955e+03 1.000610370099099589e+00
4.721360990575769392e+03 9.968859267113718836e-01
4.721385544102264248e+03 9.968431922185962968e-01
4.721410097756450341e+03 9.980270724571261853e-01
4.721434651538328581e+03 9.974189345714392640e-01
4.721459205447899876e+03 9.986702745368506440e-01
4.721483759485163318e+03 9.982083264721161031e-01
4.721508313650120726e+03 9.990489163864030298e-01
4.721532867942772100e+03 9.985960461734667559e-01
4.721557422363119258e+03 9.967407149856374327e-01
4.721581976911161291e+03 9.957102426857087352e-01
4.721606531586900928e+03 9.992096019398898354e-01
4.721631086390336350e+03 1.001544206499143108e+00
4.721655641321470284e+03 9.972802409722586470e-01
4.721680196380302732e+03 9.981797396781368903e-01
4.721704751566833693e+03 9.949437222042732953e-01
4.721729306881064076e+03 1.000412017601105763e+00
4.721753862322995701e+03 1.001376573296424599e+00
4.721778417892627658e+03 9.987331757531758836e-01
4.721802973589961766e+03 9.978306031073739257e-01
4.721827529414998025e+03 9.989408487511861612e-01
4.721852085367737345e+03 1.003540411718760295e+00
4.721876641448180635e+03 1.003222808049884174e+00
4.721901197656327895e+03 9.989530461377859050e-01
4.721925753992180034e+03 1.005073697567877122e+00
4.721950310455738872e+03 1.001156076752402369e+00
4.721974867047003499e+03 1.002031613066789895e+00
4.721999423765974825e+03 1.003217916566153445e+00
4.722023980612653759e+03 9.989366515653274048e-01
4.722048537587041210e+03 9.967445805903021316e-01
4.722073094689138088e+03 1.000552657927264777e+00
4.722097651918943484e+03 1.001101966402470511e+00
4.722122209276460126e+03 9.966402477673830251e-01
4.722146766761688014e+03 9.991592828747255517e-01
4.722171324374627147e+03 9.995382112563419019e-01
4.722195882115278437e+03 9.989137727558559110e-01
4.722220439983642791e+03 9.950414428231827424e-01
4.722244997979721120e+03 9.919604012440684793e-01
4.722269556103513423e+03 9.972204481301789603e-01
4.722294114355021520e+03 1.003229944918729855e+00
4.722318672734244501e+03 1.001551394139737150e+00
4.722343231241183275e+03 9.992220362376856846e-01
4.722367789875839662e+03 1.001305214575312075e+00
4.722392348638213662e+03 9.933374327433572848e-01
4.722416907528306183e+03 9.968990710453445869e-01
4.722441466546118136e+03 1.000891225553991681e+00
4.722466025691648611e+03 1.006923985429800883e+00
4.722490584964899426e+03 1.004722291220717212e+00
4.722515144365872402e+03 9.967907106862933242e-01
4.722539703894565719e+03 9.947243057561552249e-01
4.722564263550982105e+03 9.979839943247412748e-01
4.722588823335120651e+03 9.993119988397533016e-01
4.722613383246984085e+03 9.991651297523418407e-01
4.722637943286570589e+03 9.975992816728461721e-01
4.722662503453882891e+03 1.002185513159150831e+00
4.722687063748920082e+03 1.001659249794651707e+00
4.722711624171683980e+03 1.003199797255482473e+00
4.722736184722174585e+03 1.000734113269010406e+00
4.722760745400392807e+03 9.974157135256638274e-01
4.722785306206339556e+03 9.982310379780978682e-01
4.722809867140014831e+03 1.001785459335805539e+00
4.722834428201420451e+03 1.001969621793919130e+00
4.722858989390555507e+03 1.000095605089970974e+00
4.722883550707421819e+03 1.000884430873337561e+00
4.722908112152020294e+03 9.917579036984786045e-01
4.722932673724350025e+03 1.001317902007848870e+00
4.722957235424412829e+03 9.951227949139725970e-01
4.722981797252209617e+03 9.959622930435944044e-01
4.723006359207740388e+03 9.955894070550199704e-01
4.723030921291006962e+03 1.000647768201036403e+00
4.723055483502008428e+03 1.003890266548291610e+00
4.723080045840745697e+03 9.959629495358872653e-01
4.723104608307220587e+03 9.906896095311394923e-01
4.723129170901432190e+03 9.957555706830261144e-01
4.723153733623382323e+03 9.961730064533302897e-01
4.723178296473071896e+03 9.981399520008500392e-01
4.723202859450500910e+03 9.960656538159532447e-01
4.723227422555670273e+03 1.000367148047472954e+00
4.723251985788579987e+03 1.004788146843522023e+00
4.723276549149230959e+03 1.002734785887047453e+00
4.723301112637625010e+03 9.995952912185016581e-01
4.723325676253761230e+03 9.985777781716639323e-01
4.723350239997641438e+03 9.991976603297518800e-01
4.723374803869265634e+03 1.002391623145676425e+00
4.723399367868634727e+03 1.002884186419595647e+00
4.723423931995749626e+03 9.972735696119414683e-01
4.723448496250611242e+03 9.985199708543822661e-01
4.723473060633218665e+03 1.002352073545384581e+00
4.723497625143573714e+03 9.999533625426292316e-01
4.723522189781677298e+03 9.963004601795997228e-01
4.723546754547530327e+03 9.991528857019726928e-01
4.723571319441131891e+03 1.004415430970455603e+00
4.723595884462483809e+03 1.003505540870660573e+00
4.723620449611586992e+03 9.999530093650097484e-01
4.723645014888441438e+03 1.000283159698938995e+00
4.723669580293048057e+03 9.977098678692016831e-01
4.723694145825407759e+03 1.000491071400332777e+00
4.723718711485520544e+03 1.005507131071608606e+00
4.723743277273388230e+03 1.001875815198015385e+00
4.723767843189009909e+03 9.982912051757366623e-01
4.723792409232387399e+03 9.990455755460955212e-01
4.723816975403521610e+03 9.976638393788032078e-01
4.723841541702412542e+03 9.958772036126031235e-01
4.723866108129060194e+03 9.998273038469822627e-01
4.723890674683466386e+03 1.003676748796867413e+00
4.723915241365631118e+03 1.002243553056165304e+00
4.723939808175556209e+03 1.005490591723090521e+00
4.723964375113240749e+03 1.001043447370549178e+00
4.723988942178686557e+03 1.001102123085031215e+00
4.724013509371893633e+03 1.003137482496496480e+00
4.724038076692862887e+03 9.964228012875466778e-01
4.724062644141594319e+03 1.000531122494891179e+00
4.724087211718089748e+03 1.005286341360130065e+00
4.724111779422349173e+03 1.001217187050229551e+00
4.724136347254374414e+03 9.981080176378057667e-01
4.724160915214163651e+03 9.979335907639473868e-01
4.724185483301719614e+03 1.002333130286708229e+00
4.724210051517042302e+03 9.983668620151698869e-01
4.724234619860132625e+03 9.999121648697892883e-01
4.724259188330991492e+03 1.001221567541172641e+00
4.724283756929618903e+03 9.988828128022496644e-01
4.724308325656014858e+03 9.963159745127837530e-01
4.724332894510182086e+03 9.991460545395556281e-01
4.724357463492119678e+03 1.007897605946233455e+00
4.724382032601828541e+03 1.007950081367959827e+00
4.724406601839309587e+03 9.998172506752830424e-01
4.724431171204563725e+03 1.002220117647149911e+00
4.724455740697590954e+03 1.002615054726847532e+00
4.724480310318393094e+03 1.000613315293428229e+00
4.724504880066969235e+03 9.966146497497305745e-01
4.724529449943320287e+03 9.995971678565874763e-01
4.724554019947448069e+03 9.994543618938984686e-01
4.724578590079352580e+03 1.004524708606421513e+00
4.724603160339034730e+03 1.002235399749249245e+00
4.724627730726495429e+03 1.000197271536382049e+00
4.724652301241733767e+03 1.002995587228403762e+00
4.724676871884752472e+03 1.001812235515065375e+00
4.724701442655550636e+03 1.003382133107679763e+00
4.724726013554130077e+03 9.987616185080592235e-01
4.724750584580489885e+03 1.003614277911045738e+00
4.724775155734632790e+03 1.003210243106184230e+00
4.724799727016558791e+03 1.000006362204241661e+00
4.724824298426266978e+03 1.000206089821031652e+00
4.724848869963760080e+03 1.002257705929685105e+00
4.724873441629037188e+03 1.005131208407990417e+00
4.724898013422101030e+03 1.003190362522929258e+00
4.724922585342949787e+03 1.001551456931079276e+00
4.724947157391585279e+03 1.003704701832202950e+00
4.724971729568008413e+03 9.988742345570370551e-01
4.724996301872220101e+03 9.999406759352790219e-01
