# star name zetOri, line HEI4713
# instrument: HERMES spectrograph @Mercator
# date of observation (midpoint)2018-10-15T01:01:48.581460
# BJD of observation (midpoint)2458406.5453007
# name of fits file: 00898143_HRF_OBJ_ext_CosmicsRemoved_log_merged_c.fits
# 
# wavelength(Angstrom,air) normalised_flux
4.701001088679317036e+03 1.000971019841397469e+00
4.701025536323761116e+03 9.955905463256230492e-01
4.701049984095344371e+03 9.984040919064905983e-01
4.701074431994068618e+03 9.981121334724315508e-01
4.701098880019935677e+03 9.993022737134178435e-01
4.701123328172944639e+03 1.004747891649343972e+00
4.701147776453096412e+03 9.997094883174526547e-01
4.701172224860391907e+03 9.992473121858947982e-01
4.701196673394832032e+03 9.984629696459799142e-01
4.701221122056417698e+03 9.983717382461126943e-01
4.701245570845147995e+03 1.003558584140497256e+00
4.701270019761025651e+03 9.990437219821624026e-01
4.701294468804049757e+03 1.001279156492588474e+00
4.701318917974222131e+03 1.002435858564338478e+00
4.701343367271542775e+03 1.001774774065661067e+00
4.701367816696011687e+03 9.998682120455453237e-01
4.701392266247630687e+03 1.003032111421564787e+00
4.701416715926400684e+03 9.981469955804199712e-01
4.701441165732320769e+03 9.960634841610417345e-01
4.701465615665393670e+03 9.967739522983503075e-01
4.701490065725617569e+03 1.001644765888050737e+00
4.701514515912995194e+03 9.964889005291237556e-01
4.701538966227526544e+03 9.974652133065936566e-01
4.701563416669211620e+03 9.952264780219094442e-01
4.701587867238052240e+03 9.929218412397790017e-01
4.701612317934048406e+03 9.979648851506068841e-01
4.701636768757201025e+03 1.000091016750516371e+00
4.701661219707510099e+03 1.004601745501805032e+00
4.701685670784977447e+03 1.000771536987187904e+00
4.701710121989603067e+03 1.003298050935600427e+00
4.701734573321386961e+03 9.959105103216805421e-01
4.701759024780330947e+03 1.000777325194393219e+00
4.701783476366435025e+03 9.969187990967811608e-01
4.701807928079700105e+03 9.972883585319565203e-01
4.701832379920127096e+03 9.965548680351271615e-01
4.701856831887715998e+03 9.942077155902317998e-01
4.701881283982467721e+03 9.944687363299863359e-01
4.701905736204383174e+03 9.955372802737351146e-01
4.701930188553462358e+03 9.977007997966765851e-01
4.701954641029707091e+03 9.975228347537591356e-01
4.701979093633117373e+03 1.000346303712986273e+00
4.702003546363693204e+03 1.000358924787234649e+00
4.702027999221436403e+03 1.000618502209071448e+00
4.702052452206346970e+03 1.003515612959405612e+00
4.702076905318426725e+03 1.005768149120927379e+00
4.702101358557673848e+03 1.000619327260137359e+00
4.702125811924091977e+03 9.987786741047985917e-01
4.702150265417679293e+03 9.995156870885338884e-01
4.702174719038437615e+03 9.945144570175652454e-01
4.702199172786367853e+03 1.002676584443705332e+00
4.702223626661470007e+03 1.004216108033066490e+00
4.702248080663744986e+03 1.006722614969842056e+00
4.702272534793192790e+03 1.001356985092144880e+00
4.702296989049815238e+03 9.992488717262442144e-01
4.702321443433613240e+03 1.002779840341753603e+00
4.702345897944585886e+03 1.003073471378441717e+00
4.702370352582734995e+03 9.984393097959177732e-01
4.702394807348060567e+03 9.990509612379778748e-01
4.702419262240564422e+03 9.969778555455282021e-01
4.702443717260245649e+03 1.003810356908305890e+00
4.702468172407106067e+03 1.000131272543981709e+00
4.702492627681145677e+03 1.003131047400970033e+00
4.702517083082365389e+03 9.991284320203015490e-01
4.702541538610766111e+03 9.985017652955846534e-01
4.702565994266347843e+03 1.006933300288585631e+00
4.702590450049111496e+03 9.987670314535777027e-01
4.702614905959058888e+03 9.996334964531459200e-01
4.702639361996189109e+03 1.006145254982806714e+00
4.702663818160503070e+03 1.002432029929117174e+00
4.702688274452002588e+03 1.004407145297326220e+00
4.702712730870686755e+03 9.959602800916442789e-01
4.702737187416557390e+03 9.945861457619733503e-01
4.702761644089614492e+03 1.002010865667926964e+00
4.702786100889859881e+03 1.002960458737728322e+00
4.702810557817292647e+03 1.002037251758475023e+00
4.702835014871913700e+03 1.002176864148651037e+00
4.702859472053724858e+03 1.004897534740502252e+00
4.702883929362725212e+03 1.007742363439086741e+00
4.702908386798916581e+03 9.976736516744254546e-01
4.702932844362299875e+03 1.000835610420095945e+00
4.702957302052875093e+03 1.001481279422008264e+00
4.702981759870642236e+03 9.994887641891772034e-01
4.703006217815603122e+03 1.001184048985677810e+00
4.703030675887757752e+03 1.000172618306901517e+00
4.703055134087107945e+03 1.004361497052326913e+00
4.703079592413652790e+03 9.976703379587819054e-01
4.703104050867393198e+03 9.965862208229855357e-01
4.703128509448330988e+03 9.982858089257400369e-01
4.703152968156466159e+03 9.988389409874015579e-01
4.703177426991798711e+03 9.993941324702991791e-01
4.703201885954330464e+03 9.997047965362716448e-01
4.703226345044061418e+03 9.975368234996753181e-01
4.703250804260991572e+03 9.968485565203272225e-01
4.703275263605122746e+03 9.998007459640783079e-01
4.703299723076455848e+03 1.001416061483074049e+00
4.703324182674989970e+03 1.001399802982352316e+00
4.703348642400727840e+03 9.997301058251459871e-01
4.703373102253667639e+03 1.001993069722793450e+00
4.703397562233812096e+03 1.001036892212667118e+00
4.703422022341161210e+03 9.971917060406411126e-01
4.703446482575714981e+03 1.000138726142750345e+00
4.703470942937475229e+03 9.964506908920324202e-01
4.703495403426441953e+03 9.988755158369675424e-01
4.703519864042616064e+03 1.003438956451720543e+00
4.703544324785997560e+03 9.947032239283258859e-01
4.703568785656588261e+03 9.986010739109871803e-01
4.703593246654387258e+03 9.958260772880859202e-01
4.703617707779397279e+03 9.901761791578714833e-01
4.703642169031617414e+03 9.975548568547804029e-01
4.703666630411048573e+03 9.982295170909509796e-01
4.703691091917690756e+03 1.002556474131933717e+00
4.703715553551546691e+03 1.001460357119039024e+00
4.703740015312615469e+03 9.982295388045071549e-01
4.703764477200898000e+03 1.003419344423488679e+00
4.703788939216395192e+03 9.954834104687796392e-01
4.703813401359107047e+03 9.971969767354059710e-01
4.703837863629035382e+03 9.944215817796852042e-01
4.703862326026180199e+03 9.932134780120099871e-01
4.703886788550541496e+03 9.961870737665540210e-01
4.703911251202121093e+03 9.993039912716699114e-01
4.703935713980919900e+03 1.001542094992379894e+00
4.703960176886937006e+03 1.001646690401909456e+00
4.703984639920173322e+03 9.996906932081711661e-01
4.704009103080631576e+03 9.958999323739110565e-01
4.704033566368309948e+03 9.928707341162222866e-01
4.704058029783210259e+03 9.970363912130156825e-01
4.704082493325333417e+03 9.952549289115980580e-01
4.704106956994678512e+03 9.927138678233137226e-01
4.704131420791248274e+03 1.000271866405273880e+00
4.704155884715042703e+03 1.000687783871667458e+00
4.704180348766061798e+03 1.000180489049286026e+00
4.704204812944307378e+03 9.923733721949529185e-01
4.704229277249778534e+03 9.985457301292098853e-01
4.704253741682477084e+03 9.980505781157935630e-01
4.704278206242403030e+03 9.960464548397286455e-01
4.704302670929558190e+03 9.954486055311324577e-01
4.704327135743941653e+03 9.946772836307212762e-01
4.704351600685555240e+03 1.001250941543143202e+00
4.704376065754398951e+03 1.001742355833806108e+00
4.704400530950473694e+03 1.003137648231027912e+00
4.704424996273780380e+03 9.977768875660791847e-01
4.704449461724319008e+03 9.958083173154764767e-01
4.704473927302091397e+03 9.963040409339914971e-01
4.704498393007096638e+03 1.001199234291920037e+00
4.704522858839336550e+03 9.985404152481409668e-01
4.704547324798812042e+03 9.985057350936904497e-01
4.704571790885522205e+03 9.942294271196875366e-01
4.704596257099469767e+03 9.924436091601875898e-01
4.704620723440653819e+03 9.967855645895896677e-01
4.704645189909075270e+03 1.000348410964723156e+00
4.704669656504735940e+03 1.003596300793778040e+00
4.704694123227634918e+03 1.001255009012567365e+00
4.704718590077773115e+03 9.936219999835939065e-01
4.704743057055152349e+03 9.976304202134894661e-01
4.704767524159772620e+03 9.967944510043940110e-01
4.704791991391633928e+03 1.002437122740377440e+00
4.704816458750738093e+03 9.940107182147619458e-01
4.704840926237085114e+03 9.996714049518894418e-01
4.704865393850675900e+03 9.948546835908363972e-01
4.704889861591510453e+03 9.949721594268851055e-01
4.704914329459589680e+03 9.941033609845159047e-01
4.704938797454915402e+03 9.938668184109040737e-01
4.704963265577486709e+03 9.972219606168406525e-01
4.704987733827305419e+03 9.998349050484875988e-01
4.705012202204371533e+03 9.982334960406057389e-01
4.705036670708685961e+03 1.002616310182174786e+00
4.705061139340249611e+03 9.990293097902273045e-01
4.705085608099062483e+03 9.870444308650977439e-01
4.705110076985125488e+03 9.880997111901524965e-01
4.705134545998439535e+03 9.926543559071786538e-01
4.705159015139005533e+03 9.930879330308427511e-01
4.705183484406823482e+03 9.873652455508993286e-01
4.705207953801894291e+03 9.969099874766345071e-01
4.705232423324217962e+03 9.953357262352431345e-01
4.705256892973796312e+03 9.933861417540055250e-01
4.705281362750630251e+03 9.919905219485268821e-01
4.705305832654718870e+03 9.898553639857687880e-01
4.705330302686063987e+03 9.923841179639378840e-01
4.705354772844665604e+03 9.905295969466669792e-01
4.705379243130525538e+03 9.992489414419147842e-01
4.705403713543642880e+03 9.881772332269518344e-01
4.705428184084019449e+03 9.910515312279463140e-01
4.705452654751655245e+03 9.896523218520139054e-01
4.705477125546552088e+03 9.885331911492999390e-01
4.705501596468709067e+03 9.844756753880417044e-01
4.705526067518127093e+03 9.885794387527804261e-01
4.705550538694807983e+03 9.871615517033628384e-01
4.705575009998750829e+03 9.864170582790464659e-01
4.705599481429958360e+03 9.860365202473299062e-01
4.705623952988428755e+03 9.882315115278417217e-01
4.705648424674164744e+03 9.879562604335053733e-01
4.705672896487166327e+03 9.865765298980638809e-01
4.705697368427433503e+03 9.883808630679914442e-01
4.705721840494968092e+03 9.900933776633735750e-01
4.705746312689770093e+03 9.878967357998671428e-01
4.705770785011839507e+03 9.877706362363777304e-01
4.705795257461178153e+03 9.849670962736019053e-01
4.705819730037786030e+03 9.864814985898616717e-01
4.705844202741664049e+03 9.892765486463619418e-01
4.705868675572813117e+03 9.895012949846411221e-01
4.705893148531233237e+03 9.835214573120735215e-01
4.705917621616925317e+03 9.894796689719395077e-01
4.705942094829890266e+03 9.899141834661868700e-01
4.705966568170128994e+03 9.916520910036580316e-01
4.705991041637641501e+03 9.842495556707924198e-01
4.706015515232428697e+03 9.847908246118454167e-01
4.706039988954491491e+03 9.879454041112061269e-01
4.706064462803829883e+03 9.908369624271851084e-01
4.706088936780445692e+03 9.879983920290148491e-01
4.706113410884338919e+03 9.892436356992554414e-01
4.706137885115509562e+03 9.882043094832236863e-01
4.706162359473958531e+03 9.870587605929492803e-01
4.706186833959687647e+03 9.882140313589590219e-01
4.706211308572696908e+03 9.968961717830380209e-01
4.706235783312986314e+03 9.935953583430807701e-01
4.706260258180557685e+03 9.907970190736388183e-01
4.706284733175410111e+03 9.958784991635860617e-01
4.706309208297545410e+03 9.935830251947457281e-01
4.706333683546964494e+03 9.969820610037218866e-01
4.706358158923667361e+03 9.978203132388422381e-01
4.706382634427654921e+03 9.945714504753984109e-01
4.706407110058928083e+03 9.984536731144763033e-01
4.706431585817486848e+03 1.001155059357820898e+00
4.706456061703333035e+03 1.000693601341904104e+00
4.706480537716465733e+03 9.958771599238679384e-01
4.706505013856886762e+03 9.920620213183488634e-01
4.706529490124596123e+03 9.966419740363438029e-01
4.706553966519594724e+03 9.986145729914419622e-01
4.706578443041883475e+03 1.002252002498125405e+00
4.706602919691462375e+03 1.000129725412804760e+00
4.706627396468333245e+03 9.961034271226627546e-01
4.706651873372496084e+03 9.994479920501965209e-01
4.706676350403950892e+03 9.980164264878998992e-01
4.706700827562699487e+03 9.990564096378187209e-01
4.706725304848741871e+03 9.974195538096893854e-01
4.706749782262078043e+03 9.923408204030952362e-01
4.706774259802710731e+03 1.001176037353860737e+00
4.706798737470639026e+03 9.988872255347686080e-01
4.706823215265862927e+03 9.992543196638041803e-01
4.706847693188385165e+03 9.935053938535085560e-01
4.706872171238204828e+03 9.977226985424590966e-01
4.706896649415322827e+03 9.990069464501600827e-01
4.706921127719740980e+03 1.001126789718648213e+00
4.706945606151458378e+03 9.996433705289720084e-01
4.706970084710475930e+03 1.002651979326095288e+00
4.706994563396795456e+03 1.002371164553564009e+00
4.707019042210416046e+03 9.987951711048531633e-01
4.707043521151339519e+03 1.000513781407491587e+00
4.707068000219566784e+03 1.001957860106924114e+00
4.707092479415096932e+03 1.003927431132297432e+00
4.707116958737931782e+03 1.006658062297395739e+00
4.707141438188072243e+03 1.001509789962239161e+00
4.707165917765518316e+03 9.986335768452462291e-01
4.707190397470270909e+03 1.000372230881168889e+00
4.707214877302330933e+03 1.005702574173928499e+00
4.707239357261698387e+03 1.001102615784553507e+00
4.707263837348375091e+03 1.001001628738410698e+00
4.707288317562360135e+03 1.003593235408749562e+00
4.707312797903655337e+03 1.003616787156349277e+00
4.707337278372260698e+03 1.002478799767313244e+00
4.707361758968177128e+03 1.003271672327179953e+00
4.707386239691405535e+03 9.992712604660869413e-01
4.707410720541946830e+03 1.002228358038646183e+00
4.707435201519801012e+03 1.004602407217023874e+00
4.707459682624968991e+03 9.997736157902920029e-01
4.707484163857450767e+03 9.975831468743892039e-01
4.707508645217248159e+03 1.006490517116021888e+00
4.707533126704362076e+03 1.002031618814456682e+00
4.707557608318791608e+03 9.957790801803403369e-01
4.707582090060537666e+03 1.000893338387815801e+00
4.707606571929602069e+03 1.000958981096981892e+00
4.707631053925985725e+03 1.002902325542398998e+00
4.707655536049687726e+03 1.004299970620981863e+00
4.707680018300708980e+03 1.001008403752098985e+00
4.707704500679051307e+03 1.005847367031150741e+00
4.707728983184714707e+03 1.009032363007142719e+00
4.707753465817699180e+03 1.003804478179384008e+00
4.707777948578006544e+03 1.006127905329628369e+00
4.707802431465636801e+03 1.003168691984520855e+00
4.707826914480590858e+03 1.004769508089440322e+00
4.707851397622869627e+03 1.006499405343116660e+00
4.707875880892473106e+03 1.002531392627344919e+00
4.707900364289402205e+03 9.991971059804354294e-01
4.707924847813657834e+03 1.006650262661705542e+00
4.707949331465240903e+03 1.005441287726172472e+00
4.707973815244150501e+03 1.003256703024949958e+00
4.707998299150389357e+03 1.000602160878180769e+00
4.708022783183957472e+03 1.004851442361686331e+00
4.708047267344854845e+03 1.001497469262546902e+00
4.708071751633082386e+03 9.986730858569745628e-01
4.708096236048641003e+03 9.957558690202412688e-01
4.708120720591530699e+03 9.989639533236350788e-01
4.708145205261754199e+03 1.001621994018720763e+00
4.708169690059309687e+03 1.001938845040482917e+00
4.708194174984198980e+03 9.994678249596820052e-01
4.708218660036422079e+03 1.001482486038592468e+00
4.708243145215980803e+03 9.976427388860396039e-01
4.708267630522875152e+03 9.998998147230440114e-01
4.708292115957106034e+03 1.003413633887392242e+00
4.708316601518673451e+03 1.004370164828832124e+00
4.708341087207578312e+03 1.004477697841231754e+00
4.708365573023821526e+03 1.008616207332563519e+00
4.708390058967404002e+03 1.006267107192324373e+00
4.708414545038325741e+03 1.001519361407327002e+00
4.708439031236588562e+03 1.005465567750041700e+00
4.708463517562191555e+03 9.996412917140243826e-01
4.708488004015136539e+03 1.005938770982116148e+00
4.708512490595423515e+03 1.003185836695375421e+00
4.708536977303053391e+03 1.002198889458401299e+00
4.708561464138026167e+03 1.000142661198429206e+00
4.708585951100344573e+03 1.002392337997770388e+00
4.708610438190006789e+03 1.002140133039262526e+00
4.708634925407015544e+03 9.997297981065510486e-01
4.708659412751369928e+03 9.995725054745862037e-01
4.708683900223070850e+03 1.001916080759039707e+00
4.708708387822120130e+03 1.001967725321928793e+00
4.708732875548516859e+03 9.996809400461129647e-01
4.708757363402262854e+03 9.970638324235600036e-01
4.708781851383359026e+03 1.001829899903311727e+00
4.708806339491804465e+03 1.003105837096299080e+00
4.708830827727600990e+03 9.974014230881069754e-01
4.708855316090749511e+03 1.001682361718400305e+00
4.708879804581249118e+03 1.001458675768026829e+00
4.708904293199102540e+03 1.005992260200114341e+00
4.708928781944309776e+03 9.994723838332765231e-01
4.708953270816870827e+03 9.999062552980544361e-01
4.708977759816785692e+03 1.000331469062421430e+00
4.709002248944057101e+03 1.005468009804124874e+00
4.709026738198685052e+03 1.004441843411230106e+00
4.709051227580668638e+03 9.948159649964442020e-01
4.709075717090010585e+03 9.998626598511413111e-01
4.709100206726710894e+03 1.001126043766744855e+00
4.709124696490769566e+03 1.005824761045744031e+00
4.709149186382187509e+03 1.007284185500067153e+00
4.709173676400965633e+03 9.984599507093377957e-01
4.709198166547104847e+03 1.002442939409380340e+00
4.709222656820605152e+03 1.003416644808615477e+00
4.709247147221468367e+03 1.007929099485142421e+00
4.709271637749693582e+03 1.005721824239827811e+00
4.709296128405282616e+03 1.000197583810503499e+00
4.709320619188235469e+03 1.000823106457541689e+00
4.709345110098553960e+03 1.001045266511973564e+00
4.709369601136237179e+03 9.971582262760413373e-01
4.709394092301286037e+03 9.988111904470871050e-01
4.709418583593702351e+03 1.006586701831743813e+00
4.709443075013486123e+03 1.005394695891238310e+00
4.709467566560637351e+03 1.008714105769022096e+00
4.709492058235157856e+03 1.001222026994859515e+00
4.709516550037047637e+03 1.004030753152896915e+00
4.709541041966307603e+03 9.986337054603313668e-01
4.709565534022938664e+03 9.984215899309107911e-01
4.709590026206940820e+03 1.006331445112668366e+00
4.709614518518314981e+03 1.002731509433453017e+00
4.709639010957062055e+03 9.979973979664082950e-01
4.709663503523182044e+03 9.934912114536585959e-01
4.709687996216675856e+03 1.000039885726329958e+00
4.709712489037545311e+03 1.003026287404541028e+00
4.709736981985789498e+03 1.002929869064872248e+00
4.709761475061410238e+03 1.000953158439618518e+00
4.709785968264406620e+03 1.002841519962359040e+00
4.709810461594781373e+03 9.938161951371129454e-01
4.709834955052533587e+03 9.971122541380603721e-01
4.709859448637665082e+03 1.000867981244555338e+00
4.709883942350175857e+03 1.003672418582501669e+00
4.709908436190065913e+03 1.001149809639679367e+00
4.709932930157337069e+03 9.935002939250792142e-01
4.709957424251990233e+03 9.907271730729036996e-01
4.709981918474024496e+03 9.905599840369375686e-01
4.710006412823441678e+03 9.888310074299133667e-01
4.710030907300241779e+03 1.000042405750311669e+00
4.710055401904426617e+03 9.975963654142437909e-01
4.710079896635996192e+03 9.923101326774202979e-01
4.710104391494950505e+03 1.004583356767991376e+00
4.710128886481290465e+03 9.957900228646090479e-01
4.710153381595017891e+03 9.944560546727280181e-01
4.710177876836131873e+03 1.000373732126172976e+00
4.710202372204634230e+03 9.954084659793658307e-01
4.710226867700525872e+03 9.866065019926417712e-01
4.710251363323805890e+03 9.961490217549837656e-01
4.710275859074476102e+03 9.963289165562545513e-01
4.710300354952536509e+03 1.000270415630367449e+00
4.710324850957988929e+03 9.986682222380024454e-01
4.710349347090833362e+03 9.933579324747879857e-01
4.710373843351069809e+03 9.952085390296836476e-01
4.710398339738699178e+03 9.924274104743576741e-01
4.710422836253723290e+03 9.953251523690022085e-01
4.710447332896141234e+03 9.891268152567038729e-01
4.710471829665955738e+03 9.910472682127954291e-01
4.710496326563164985e+03 9.921287513615012488e-01
4.710520823587770792e+03 9.950221582610148108e-01
4.710545320739774070e+03 9.884138000564688387e-01
4.710569818019175727e+03 9.907277531607854293e-01
4.710594315425975765e+03 9.970665430308118804e-01
4.710618812960174182e+03 9.923787960898197147e-01
4.710643310621773708e+03 9.952996803385387725e-01
4.710667808410772523e+03 9.862888740708363189e-01
4.710692306327173355e+03 9.861001393730401965e-01
4.710716804370976206e+03 9.914498902050246087e-01
4.710741302542181074e+03 9.933630659744407954e-01
4.710765800840789780e+03 9.848919956207985438e-01
4.710790299266801412e+03 9.910124719668506055e-01
4.710814797820218701e+03 9.926103966209504081e-01
4.710839296501040735e+03 9.989012633230588412e-01
4.710863795309268426e+03 9.903697301490836935e-01
4.710888294244902681e+03 9.877587459170917850e-01
4.710912793307943502e+03 9.901101693519875901e-01
4.710937292498392708e+03 9.918402350454781358e-01
4.710961791816251207e+03 9.838759746603946699e-01
4.710986291261518090e+03 9.910857486873182465e-01
4.711010790834194268e+03 9.884737182067852013e-01
4.711035290534281557e+03 9.873119118918503023e-01
4.711059790361779960e+03 9.903133287107840355e-01
4.711084290316690385e+03 9.880007534741302999e-01
4.711108790399012832e+03 9.879086957247492640e-01
4.711133290608749121e+03 9.871319032959687823e-01
4.711157790945898341e+03 9.876632161761798034e-01
4.711182291410462312e+03 9.917286345855899077e-01
4.711206792002441944e+03 9.912665511583760303e-01
4.711231292721836326e+03 9.922904246897163993e-01
4.711255793568648187e+03 9.917088682993581150e-01
4.711280294542876618e+03 9.883798323537325015e-01
4.711304795644523438e+03 9.930856527025041514e-01
4.711329296873587737e+03 9.949741537151367554e-01
4.711353798230071334e+03 9.900806066140313000e-01
4.711378299713975139e+03 9.900489490946178250e-01
4.711402801325299151e+03 9.875075367283001615e-01
4.711427303064044281e+03 9.797238789466939934e-01
4.711451804930211438e+03 9.869356859162752293e-01
4.711476306923800621e+03 9.866258560942944289e-01
4.711500809044813650e+03 9.887801016033633816e-01
4.711525311293249615e+03 9.831086744788091192e-01
4.711549813669110335e+03 9.787624911881848133e-01
4.711574316172395811e+03 9.828588671547745514e-01
4.711598818803106951e+03 9.757844980765277842e-01
4.711623321561244666e+03 9.760169944606152947e-01
4.711647824446808954e+03 9.836430214159538332e-01
4.711672327459801636e+03 9.805029315469115936e-01
4.711696830600222711e+03 9.792191184429225315e-01
4.711721333868073089e+03 9.820251030537284764e-01
4.711745837263351859e+03 9.762677360517159064e-01
4.711770340786062661e+03 9.781164856950376185e-01
4.711794844436203675e+03 9.739498066247395114e-01
4.711819348213775811e+03 9.766580701778609930e-01
4.711843852118780887e+03 9.718720566895167057e-01
4.711868356151218904e+03 9.728735340099966544e-01
4.711892860311090772e+03 9.756160220777154723e-01
4.711917364598397398e+03 9.740602566750231617e-01
4.711941869013137875e+03 9.735567205903612464e-01
4.711966373555314931e+03 9.669782937672095624e-01
4.711990878224927656e+03 9.708042563399502667e-01
4.712015383021977868e+03 9.674483262236176495e-01
4.712039887946465569e+03 9.726688166130912361e-01
4.712064392998391668e+03 9.741364308126092553e-01
4.712088898177757073e+03 9.721304266733891142e-01
4.712113403484561786e+03 9.675015819955470331e-01
4.712137908918806716e+03 9.676377813914860404e-01
4.712162414480492771e+03 9.680190295898762898e-01
4.712186920169620862e+03 9.648546876759576119e-01
4.712211425986190079e+03 9.637614566487564538e-01
4.712235931930203151e+03 9.627141980796030118e-01
4.712260438001660077e+03 9.648190953746684784e-01
4.712284944200560858e+03 9.583079093574872198e-01
4.712309450526906403e+03 9.516885308699500889e-01
4.712333956980697621e+03 9.595424561033265576e-01
4.712358463561935423e+03 9.615751132441703319e-01
4.712382970270619808e+03 9.611441013384199872e-01
4.712407477106752594e+03 9.585123024893055232e-01
4.712431984070332874e+03 9.526080921819071179e-01
4.712456491161361555e+03 9.597461302373143655e-01
4.712480998379840457e+03 9.533028570932805534e-01
4.712505505725770490e+03 9.536928124830335030e-01
4.712530013199149835e+03 9.536602639979123719e-01
4.712554520799982129e+03 9.602937988705322336e-01
4.712579028528265553e+03 9.576989189682675319e-01
4.712603536384002837e+03 9.430512841900146048e-01
4.712628044367193070e+03 9.516823544755627085e-01
4.712652552477837162e+03 9.523728743781508799e-01
4.712677060715936932e+03 9.527131834771028762e-01
4.712701569081492380e+03 9.508287198312219690e-01
4.712726077574503506e+03 9.467520995328331246e-01
4.712750586194971220e+03 9.439111881443870145e-01
4.712775094942897340e+03 9.547793758665019670e-01
4.712799603818280957e+03 9.447884682544527291e-01
4.712824112821123890e+03 9.424376493485721040e-01
4.712848621951426139e+03 9.382322383400151233e-01
4.712873131209188614e+03 9.408907696799821974e-01
4.712897640594412223e+03 9.404981212776376553e-01
4.712922150107096968e+03 9.392019830925019130e-01
4.712946659747243757e+03 9.404818489964259509e-01
4.712971169514853500e+03 9.393827180480727179e-01
4.712995679409927106e+03 9.385544139303879652e-01
4.713020189432464576e+03 9.383224142539715595e-01
4.713044699582466819e+03 9.353815772836797660e-01
4.713069209859934745e+03 9.347500719894347165e-01
4.713093720264869262e+03 9.352203374070445774e-01
4.713118230797269462e+03 9.366418614013721777e-01
4.713142741457138072e+03 9.294674589177804869e-01
4.713167252244474184e+03 9.284568520496898625e-01
4.713191763159279617e+03 9.261062177102535875e-01
4.713216274201554370e+03 9.275029291782841412e-01
4.713240785371299353e+03 9.223403061367269062e-01
4.713265296668515475e+03 9.311526411720461027e-01
4.713289808093202737e+03 9.278452848356424365e-01
4.713314319645362048e+03 9.277763480233625071e-01
4.713338831324993407e+03 9.286937415323459621e-01
4.713363343132099544e+03 9.250641950936705493e-01
4.713387855066678640e+03 9.228158336009176788e-01
4.713412367128733422e+03 9.271371998513653345e-01
4.713436879318262982e+03 9.296746393064790892e-01
4.713461391635269138e+03 9.233800375650450531e-01
4.713485904079751890e+03 9.209321100696923335e-01
4.713510416651712148e+03 9.168717838058461078e-01
4.713534929351149913e+03 9.162627190934239385e-01
4.713559442178067002e+03 9.156158651133334825e-01
4.713583955132463416e+03 9.170413179649564706e-01
4.713608468214340064e+03 9.099831546821371964e-01
4.713632981423696947e+03 9.202703511791704427e-01
4.713657494760535883e+03 9.176250347607985969e-01
4.713682008224856872e+03 9.231471608970178711e-01
4.713706521816659915e+03 9.198205747435482804e-01
4.713731035535946830e+03 9.194323158993630285e-01
4.713755549382717618e+03 9.195989818259485693e-01
4.713780063356973187e+03 9.192723103895363845e-01
4.713804577458714448e+03 9.223382183562164327e-01
4.713829091687941400e+03 9.237813902605911398e-01
4.713853606044654953e+03 9.230176729422312487e-01
4.713878120528856016e+03 9.261778491839391947e-01
4.713902635140545499e+03 9.203103877760148155e-01
4.713927149879723402e+03 9.267642874505900297e-01
4.713951664746390634e+03 9.259002550741485260e-01
4.713976179740548105e+03 9.256083773263967807e-01
4.714000694862195814e+03 9.257286115905151158e-01
4.714025210111334673e+03 9.303278387303545172e-01
4.714049725487966498e+03 9.288638732034801837e-01
4.714074240992090381e+03 9.296906589748664684e-01
4.714098756623707231e+03 9.326648449260521723e-01
4.714123272382818868e+03 9.322547940185627047e-01
4.714147788269425291e+03 9.280080613891533714e-01
4.714172304283526501e+03 9.352117203425682757e-01
4.714196820425123406e+03 9.334357377359902008e-01
4.714221336694217825e+03 9.318783228646908556e-01
4.714245853090808851e+03 9.406503964824216579e-01
4.714270369614898300e+03 9.404802629564227301e-01
4.714294886266486174e+03 9.408453199185887739e-01
4.714319403045573381e+03 9.417972971056689513e-01
4.714343919952159922e+03 9.413390699767664183e-01
4.714368436986248525e+03 9.412955344162483584e-01
4.714392954147837372e+03 9.443501861712809697e-01
4.714417471436928281e+03 9.452218864432689882e-01
4.714441988853522162e+03 9.449714730861222822e-01
4.714466506397619014e+03 9.450844646676868077e-01
4.714491024069219748e+03 9.504414266471867823e-01
4.714515541868325272e+03 9.505738042163546231e-01
4.714540059794936496e+03 9.546672686542332364e-01
4.714564577849053421e+03 9.569901697698495191e-01
4.714589096030676046e+03 9.549940620492636256e-01
4.714613614339807100e+03 9.583966918850292949e-01
4.714638132776445673e+03 9.596698173838550394e-01
4.714662651340592674e+03 9.550687881345593100e-01
4.714687170032249014e+03 9.510177158728874147e-01
4.714711688851415602e+03 9.533374602797757280e-01
4.714736207798092437e+03 9.583730885454067039e-01
4.714760726872280429e+03 9.551643166978254218e-01
4.714785246073980488e+03 9.596320376911922079e-01
4.714809765403192614e+03 9.596933796926788718e-01
4.714834284859918625e+03 9.622176931562661517e-01
4.714858804444158523e+03 9.615898827712409114e-01
4.714883324155912305e+03 9.641353086597871380e-01
4.714907843995181793e+03 9.619329184901740382e-01
4.714932363961967894e+03 9.631862244352286107e-01
4.714956884056269701e+03 9.656363849077190809e-01
4.714981404278089030e+03 9.689804020583182576e-01
4.715005924627425884e+03 9.689727103878936765e-01
4.715030445104281171e+03 9.674288007713847115e-01
4.715054965708655800e+03 9.624264723170071756e-01
4.715079486440550681e+03 9.774340617762948824e-01
4.715104007299965815e+03 9.707749244393425458e-01
4.715128528286902110e+03 9.687418508550484919e-01
4.715153049401360477e+03 9.768258744073931021e-01
4.715177570643340914e+03 9.732306490004379862e-01
4.715202092012845242e+03 9.745232052613096441e-01
4.715226613509872550e+03 9.745326267413517707e-01
4.715251135134424658e+03 9.722389302596949889e-01
4.715275656886502475e+03 9.804617320698068017e-01
4.715300178766105091e+03 9.811856657431646811e-01
4.715324700773235236e+03 9.779607186247367689e-01
4.715349222907891999e+03 9.789779422648288154e-01
4.715373745170076290e+03 9.750168843373393512e-01
4.715398267559789929e+03 9.810451803071664756e-01
4.715422790077032005e+03 9.873876900842597504e-01
4.715447312721804337e+03 9.802350088791389471e-01
4.715471835494106926e+03 9.805621513551669999e-01
4.715496358393940682e+03 9.872315841106972245e-01
4.715520881421306512e+03 9.841419086497145141e-01
4.715545404576204419e+03 9.844404165066860113e-01
4.715569927858635310e+03 9.860083603479347092e-01
4.715594451268600096e+03 9.825213803393025858e-01
4.715618974806099686e+03 9.803819251583480998e-01
4.715643498471134080e+03 9.830611736450916016e-01
4.715668022263705097e+03 9.897430185978043360e-01
4.715692546183811828e+03 9.888029752311200404e-01
4.715717070231455182e+03 9.878503045905165925e-01
4.715741594406636978e+03 9.873863381906800019e-01
4.715766118709357215e+03 9.911251805364021950e-01
4.715790643139615895e+03 9.870488118357132468e-01
4.715815167697414836e+03 9.892523647412212462e-01
4.715839692382754038e+03 9.914611831241529893e-01
4.715864217195634410e+03 9.937366437217188819e-01
4.715888742136056862e+03 9.851185817488405938e-01
4.715913267204021395e+03 9.849686972289584119e-01
4.715937792399528917e+03 9.897336232191394911e-01
4.715962317722580337e+03 9.913998002817808741e-01
4.715986843173176567e+03 9.937311374583723822e-01
4.716011368751317605e+03 9.959895903512149262e-01
4.716035894457004360e+03 9.959942716660364903e-01
4.716060420290236834e+03 9.960819786814735233e-01
4.716084946251016845e+03 9.951570005179896095e-01
4.716109472339344393e+03 1.000749841830997022e+00
4.716133998555221297e+03 9.991273412726097147e-01
4.716158524898645737e+03 9.970974860448010846e-01
4.716183051369621353e+03 9.962000744763607196e-01
4.716207577968146325e+03 9.976695843408668329e-01
4.716232104694222471e+03 9.980674972653139632e-01
4.716256631547850702e+03 1.000545945942453274e+00
4.716281158529031018e+03 9.987737470370627868e-01
4.716305685637764327e+03 1.000052041805492342e+00
4.716330212874051540e+03 1.001985364882777452e+00
4.716354740237892656e+03 9.972753910946277056e-01
4.716379267729289495e+03 9.946378139351738090e-01
4.716403795348241147e+03 9.973159410460618046e-01
4.716428323094750340e+03 1.000227290237156064e+00
4.716452850968815255e+03 1.001998705663334599e+00
4.716477378970438622e+03 9.958732218286865390e-01
4.716501907099620439e+03 9.979377188801425991e-01
4.716526435356360707e+03 9.986999718383636759e-01
4.716550963740661246e+03 9.927795779719484903e-01
4.716575492252521144e+03 9.964803915457658423e-01
4.716600020891943132e+03 9.946853766421611676e-01
4.716624549658926298e+03 9.981790607538852944e-01
4.716649078553471554e+03 9.995367529239829185e-01
4.716673607575579808e+03 1.003078330034630650e+00
4.716698136725251970e+03 1.001178509286696938e+00
4.716722666002488040e+03 1.008046465897539878e+00
4.716747195407289837e+03 1.003683768226983242e+00
4.716771724939656451e+03 1.000235564851942538e+00
4.716796254599589702e+03 1.006584104513228439e+00
4.716820784387089589e+03 1.003005610663169511e+00
4.716845314302157931e+03 1.002303354958726134e+00
4.716869844344793819e+03 9.985174983567369766e-01
4.716894374514999072e+03 1.003337634183860239e+00
4.716918904812773690e+03 1.002935739853518582e+00
4.716943435238118582e+03 1.006460249987545019e+00
4.716967965791034658e+03 1.001190060203999588e+00
4.716992496471521918e+03 9.982401525385372620e-01
4.717017027279581271e+03 9.979674743380710922e-01
4.717041558215214536e+03 1.004448035384261750e+00
4.717066089278420804e+03 1.000963953249813576e+00
4.717090620469200985e+03 1.004526852152414218e+00
4.717115151787555988e+03 1.003393643365490195e+00
4.717139683233487631e+03 1.003805862507381130e+00
4.717164214806995005e+03 1.006439484847489796e+00
4.717188746508079021e+03 1.005404316742811277e+00
4.717213278336740586e+03 1.004890753092424482e+00
4.717237810292980612e+03 1.004003428414613319e+00
4.717262342376799097e+03 1.002761162484690605e+00
4.717286874588197861e+03 1.004674072009638763e+00
4.717311406927175994e+03 9.959225003361065198e-01
4.717335939393736226e+03 1.004361207582112892e+00
4.717360471987876736e+03 1.001732405458746866e+00
4.717385004709600253e+03 1.004272509483373987e+00
4.717409537558906777e+03 1.007733961751710927e+00
4.717434070535796309e+03 9.982494251844450384e-01
4.717458603640270667e+03 9.973143851247472380e-01
4.717483136872328942e+03 9.999335879609034805e-01
4.717507670231973862e+03 9.967903969286983079e-01
4.717532203719203608e+03 1.003797511237943141e+00
4.717556737334021818e+03 1.002695660374449016e+00
4.717581271076426674e+03 1.000829853519060952e+00
4.717605804946419084e+03 9.980300837099388422e-01
4.717630338944001778e+03 1.000410842458553162e+00
4.717654873069172936e+03 1.001740008378722679e+00
4.717679407321934377e+03 1.001241864633131806e+00
4.717703941702287011e+03 1.001434155404624216e+00
4.717728476210230838e+03 1.001064283259099241e+00
4.717753010845767676e+03 1.001757730529325707e+00
4.717777545608896617e+03 1.003255291041739605e+00
4.717802080499618569e+03 9.984885933286125059e-01
4.717826615517935352e+03 1.002411390089671839e+00
4.717851150663846965e+03 1.003683495456633157e+00
4.717875685937354319e+03 1.004808686005567386e+00
4.717900221338457413e+03 1.002223653257711344e+00
4.717924756867157157e+03 1.004512686881401162e+00
4.717949292523454460e+03 1.001908570065270343e+00
4.717973828307350232e+03 1.005441887353825114e+00
4.717998364218844472e+03 1.006118147419553965e+00
4.718022900257938090e+03 1.004924960605806605e+00
4.718047436424631996e+03 1.002103423958050632e+00
4.718071972718927100e+03 1.004550884876125316e+00
4.718096509140823400e+03 1.000295548136737933e+00
4.718121045690321807e+03 1.000501486102426396e+00
4.718145582367423231e+03 9.968987823155943673e-01
4.718170119172127670e+03 9.971149221663792028e-01
4.718194656104436035e+03 1.001731290927668105e+00
4.718219193164349235e+03 1.008390820719821557e+00
4.718243730351868180e+03 9.996839994654617145e-01
4.718268267666993779e+03 1.003858642619208652e+00
4.718292805109725123e+03 1.005421025191792550e+00
4.718317342680064939e+03 1.001604759140882095e+00
4.718341880378012320e+03 1.006132042842871943e+00
4.718366418203568173e+03 1.003340148563097278e+00
4.718390956156733409e+03 1.004085472705245952e+00
4.718415494237508938e+03 1.000916052885563845e+00
4.718440032445895667e+03 1.001997864574499131e+00
4.718464570781892689e+03 1.004055579657345376e+00
4.718489109245502732e+03 9.977393981500993769e-01
4.718513647836725795e+03 1.002239411384706624e+00
4.718538186555561879e+03 9.976141550778295786e-01
4.718562725402011893e+03 1.001475035260910973e+00
4.718587264376076746e+03 1.004470645634543358e+00
4.718611803477756439e+03 1.001060245017854955e+00
4.718636342707052791e+03 1.001224429977636277e+00
4.718660882063965801e+03 1.000692052622931927e+00
4.718685421548496379e+03 1.002093738160288794e+00
4.718709961160644525e+03 9.987794822519366900e-01
4.718734500900411149e+03 1.001579170360376025e+00
4.718759040767798069e+03 1.003998688040305565e+00
4.718783580762804377e+03 1.004665109276086765e+00
4.718808120885431890e+03 9.971867560922595963e-01
4.718832661135680610e+03 1.000920541323070623e+00
4.718857201513550535e+03 1.003682384613346468e+00
4.718881742019044395e+03 9.977076518628730240e-01
4.718906282652161281e+03 1.002733723251751918e+00
4.718930823412902100e+03 1.005977930276652721e+00
4.718955364301266854e+03 9.964805548628993259e-01
4.718979905317258272e+03 9.983764977563484022e-01
4.719004446460874533e+03 1.004942428755764228e+00
4.719028987732118367e+03 1.004767049323358918e+00
4.719053529130988863e+03 1.004630968820046100e+00
4.719078070657487842e+03 9.975351034284442031e-01
4.719102612311615303e+03 1.000010535580640569e+00
4.719127154093372155e+03 1.004806149323645093e+00
4.719151696002758399e+03 1.002660475829084019e+00
4.719176238039775853e+03 9.986086956560705774e-01
4.719200780204424518e+03 9.948060556449747072e-01
4.719225322496705303e+03 1.001629113330151144e+00
4.719249864916619117e+03 1.002049400362444498e+00
4.719274407464165961e+03 1.001485281617226830e+00
4.719298950139346744e+03 9.996804634289093716e-01
4.719323492942161465e+03 9.999552487847523929e-01
4.719348035872612854e+03 1.000973442090212107e+00
4.719372578930699092e+03 1.002597925233611464e+00
4.719397122116421997e+03 1.003176840705761297e+00
4.719421665429782479e+03 1.001164769713357883e+00
4.719446208870781447e+03 1.002325518522009462e+00
4.719470752439418902e+03 1.002404918417276747e+00
4.719495296135694844e+03 1.003493356075087828e+00
4.719519839959611090e+03 1.005302661903475503e+00
4.719544383911168552e+03 9.981967087075517275e-01
4.719568927990366319e+03 1.000704812196036908e+00
4.719593472197207120e+03 9.996183795776938386e-01
4.719618016531690046e+03 9.990348896836299675e-01
4.719642560993816005e+03 9.972773948765819574e-01
4.719667105583585908e+03 9.972785488543677301e-01
4.719691650301000664e+03 1.002385124740388767e+00
4.719716195146060272e+03 9.960295402622842964e-01
4.719740740118766553e+03 9.968342242351766469e-01
4.719765285219118596e+03 9.988393024182539159e-01
4.719789830447118220e+03 1.001742334846054350e+00
4.719814375802766335e+03 1.000682932605321929e+00
4.719838921286062032e+03 9.995212229868102316e-01
4.719863466897008038e+03 9.949722751564954448e-01
4.719888012635603445e+03 9.987435168426681553e-01
4.719912558501849162e+03 1.004717825358663275e+00
4.719937104495746098e+03 1.000527793170187474e+00
4.719961650617295163e+03 9.991045291350161284e-01
4.719986196866496357e+03 9.986068922031244854e-01
4.720010743243351499e+03 9.980067159148241496e-01
4.720035289747860588e+03 9.996047238802152624e-01
4.720059836380023626e+03 9.998563251972673038e-01
4.720084383139842430e+03 9.960642801264499857e-01
4.720108930027317001e+03 1.003348948320379463e+00
4.720133477042447339e+03 1.000826907953474620e+00
4.720158024185236172e+03 9.961668707760255037e-01
4.720182571455681682e+03 1.002348421440750315e+00
4.720207118853786596e+03 9.974953981522738378e-01
4.720231666379550006e+03 9.954004049040473534e-01
4.720256214032973730e+03 1.006946933866645466e+00
4.720280761814057769e+03 1.005156373936938907e+00
4.720305309722803941e+03 9.963115913042878136e-01
4.720329857759210427e+03 9.934272666995251910e-01
4.720354405923280865e+03 9.999802042088203891e-01
4.720378954215013437e+03 1.000144047556381421e+00
4.720403502634409961e+03 9.941499921017563635e-01
4.720428051181471346e+03 9.982566628346805082e-01
4.720452599856198503e+03 9.949014166795480119e-01
4.720477148658590522e+03 1.001787658456379848e+00
4.720501697588649222e+03 1.002792501550320070e+00
4.720526246646375512e+03 9.971253270816466951e-01
4.720550795831769392e+03 9.992114906343642078e-01
4.720575345144831772e+03 1.003830414727180820e+00
4.720599894585563561e+03 1.002577293802506819e+00
4.720624444153964760e+03 9.970045173454714638e-01
4.720648993850036277e+03 1.000532038566594562e+00
4.720673543673779932e+03 9.969832255430206569e-01
4.720698093625194815e+03 1.001264829267200840e+00
4.720722643704281836e+03 1.002132824337624628e+00
4.720747193911041904e+03 1.009942112454894181e+00
4.720771744245476839e+03 1.001830456960470794e+00
4.720796294707584821e+03 9.932490363956921753e-01
4.720820845297369488e+03 9.952039835661219414e-01
4.720845396014829021e+03 9.996297523504901195e-01
4.720869946859965239e+03 1.001155334100328309e+00
4.720894497832778143e+03 1.003174475976098989e+00
4.720919048933269551e+03 1.004437595095925673e+00
4.720943600161438553e+03 1.000093142151163406e+00
4.720968151517287879e+03 1.004123550753971195e+00
4.720992703000815709e+03 1.007149970240180048e+00
4.721017254612024772e+03 1.009196972913322998e+00
4.721041806350915067e+03 1.001688343659192348e+00
4.721066358217486595e+03 9.945013518767860106e-01
4.721090910211741175e+03 9.948718389742182699e-01
4.721115462333678806e+03 9.924947335529621384e-01
4.721140014583299489e+03 9.976596846751418779e-01
4.721164566960605043e+03 1.003911977808968903e+00
4.721189119465595468e+03 1.002423340491481962e+00
4.721213672098272582e+03 1.000716502016390619e+00
4.721238224858635476e+03 1.002912882180819087e+00
4.721262777746685060e+03 1.000351058275439797e+00
4.721287330762422243e+03 1.002100346082878124e+00
4.721311883905848845e+03 1.001902904659453419e+00
4.721336437176963955e+03 9.989479566272836397e-01
4.721360990575769392e+03 1.003555759023264438e+00
4.721385544102264248e+03 9.978404386689985195e-01
4.721410097756450341e+03 9.998340664850660087e-01
4.721434651538328581e+03 1.003760491414556810e+00
4.721459205447899876e+03 1.003093754914111235e+00
4.721483759485163318e+03 9.993140048078184012e-01
4.721508313650120726e+03 9.983693475446053789e-01
4.721532867942772100e+03 9.997064077156944117e-01
4.721557422363119258e+03 1.000236240610723693e+00
4.721581976911161291e+03 9.984716034909190130e-01
4.721606531586900928e+03 9.984427177753989469e-01
4.721631086390336350e+03 1.003052536238182579e+00
4.721655641321470284e+03 9.973954359018492033e-01
4.721680196380302732e+03 9.997479996913024580e-01
4.721704751566833693e+03 1.003629602950587119e+00
4.721729306881064076e+03 9.981915257521681850e-01
4.721753862322995701e+03 1.000962473659853913e+00
4.721778417892627658e+03 1.006084410707652310e+00
4.721802973589961766e+03 1.006721796827344750e+00
4.721827529414998025e+03 1.003960639698976864e+00
4.721852085367737345e+03 1.003415010545546160e+00
4.721876641448180635e+03 1.007824946843741465e+00
4.721901197656327895e+03 1.003003268893631672e+00
4.721925753992180034e+03 1.003499329166780196e+00
4.721950310455738872e+03 9.984088055900568470e-01
4.721974867047003499e+03 1.001204542326267877e+00
4.721999423765974825e+03 9.953275140250875674e-01
4.722023980612653759e+03 9.968773363454710434e-01
4.722048537587041210e+03 1.000741485470953318e+00
4.722073094689138088e+03 9.981998900189926749e-01
4.722097651918943484e+03 9.996493180897393360e-01
4.722122209276460126e+03 9.996072252370478139e-01
4.722146766761688014e+03 1.000052408732291509e+00
4.722171324374627147e+03 1.004507405362242034e+00
4.722195882115278437e+03 9.984058141084477533e-01
4.722220439983642791e+03 1.000857903824952100e+00
4.722244997979721120e+03 1.002688606321206821e+00
4.722269556103513423e+03 1.001321150254676828e+00
4.722294114355021520e+03 9.926226514839233683e-01
4.722318672734244501e+03 9.899015852746672062e-01
4.722343231241183275e+03 9.987384520929926124e-01
4.722367789875839662e+03 9.995385710047797190e-01
4.722392348638213662e+03 9.960822674443681191e-01
4.722416907528306183e+03 9.961086431624657234e-01
4.722441466546118136e+03 1.001598838151208426e+00
4.722466025691648611e+03 9.934265615116240067e-01
4.722490584964899426e+03 9.985977619966832641e-01
4.722515144365872402e+03 9.984812377770072578e-01
4.722539703894565719e+03 9.976348181937839676e-01
4.722564263550982105e+03 9.979679033480283179e-01
4.722588823335120651e+03 9.950864955429434833e-01
4.722613383246984085e+03 9.957472537608645924e-01
4.722637943286570589e+03 9.981095377483990561e-01
4.722662503453882891e+03 1.008567648727921373e+00
4.722687063748920082e+03 9.923545976946283043e-01
4.722711624171683980e+03 9.957176827320456391e-01
4.722736184722174585e+03 9.936768691525189601e-01
4.722760745400392807e+03 9.983433334082303379e-01
4.722785306206339556e+03 9.947379362782513557e-01
4.722809867140014831e+03 9.916966040998942411e-01
4.722834428201420451e+03 9.984714111259698210e-01
4.722858989390555507e+03 1.000506386335748843e+00
4.722883550707421819e+03 9.969409472474135558e-01
4.722908112152020294e+03 9.905778317100049080e-01
4.722932673724350025e+03 1.002388973629721569e+00
4.722957235424412829e+03 1.002461188132180991e+00
4.722981797252209617e+03 1.000312536269057917e+00
4.723006359207740388e+03 1.001662243606721070e+00
4.723030921291006962e+03 1.000230943432549591e+00
4.723055483502008428e+03 9.946943137035184623e-01
4.723080045840745697e+03 9.959601550542721560e-01
4.723104608307220587e+03 9.970949120965643120e-01
4.723129170901432190e+03 9.908934794053874118e-01
4.723153733623382323e+03 1.001152564197190342e+00
4.723178296473071896e+03 9.993952564670174343e-01
4.723202859450500910e+03 1.001289610843393074e+00
4.723227422555670273e+03 9.968975320735942169e-01
4.723251985788579987e+03 9.959460307473082530e-01
4.723276549149230959e+03 9.953190267344776965e-01
4.723301112637625010e+03 9.931528772981583764e-01
4.723325676253761230e+03 9.945194956696814526e-01
4.723350239997641438e+03 9.992818191149204221e-01
4.723374803869265634e+03 1.001401106299111277e+00
4.723399367868634727e+03 1.001035926048423841e+00
4.723423931995749626e+03 1.001996677767729604e+00
4.723448496250611242e+03 1.002169246886558840e+00
4.723473060633218665e+03 1.000287777293601188e+00
4.723497625143573714e+03 9.969652084370183021e-01
4.723522189781677298e+03 1.000930065411879788e+00
4.723546754547530327e+03 9.975743563896504185e-01
4.723571319441131891e+03 9.923348358231699473e-01
4.723595884462483809e+03 9.966953065674106771e-01
4.723620449611586992e+03 1.000267179880957258e+00
4.723645014888441438e+03 1.000859377444677900e+00
4.723669580293048057e+03 1.012305837817834009e+00
4.723694145825407759e+03 1.006032753549966241e+00
4.723718711485520544e+03 1.004987755173488484e+00
4.723743277273388230e+03 1.007723228891489908e+00
4.723767843189009909e+03 9.990468094670464927e-01
4.723792409232387399e+03 9.997739518658634861e-01
4.723816975403521610e+03 9.989779013994117829e-01
4.723841541702412542e+03 1.000498638565317178e+00
4.723866108129060194e+03 1.002110437404923449e+00
4.723890674683466386e+03 9.958367992328251983e-01
4.723915241365631118e+03 9.990510658295975732e-01
4.723939808175556209e+03 1.000130503154595729e+00
4.723964375113240749e+03 9.955069422395298462e-01
4.723988942178686557e+03 9.993984433103461074e-01
4.724013509371893633e+03 9.995554202844123548e-01
4.724038076692862887e+03 1.004516704194763577e+00
4.724062644141594319e+03 1.007074618350394246e+00
4.724087211718089748e+03 1.004771871939612593e+00
4.724111779422349173e+03 1.001385264364968108e+00
4.724136347254374414e+03 9.966455291460061261e-01
4.724160915214163651e+03 9.953891631257634209e-01
4.724185483301719614e+03 1.003014554126872460e+00
4.724210051517042302e+03 1.001527823489182234e+00
4.724234619860132625e+03 1.003201529780375134e+00
4.724259188330991492e+03 9.994214758527508735e-01
4.724283756929618903e+03 9.976610721557670480e-01
4.724308325656014858e+03 9.995813586596148381e-01
4.724332894510182086e+03 9.966294472989705167e-01
4.724357463492119678e+03 9.948166531649564881e-01
4.724382032601828541e+03 1.000134546777669664e+00
4.724406601839309587e+03 1.004049338002443115e+00
4.724431171204563725e+03 1.001908196109043470e+00
4.724455740697590954e+03 1.001602549736828607e+00
4.724480310318393094e+03 1.004488329411186376e+00
4.724504880066969235e+03 1.007450170221350305e+00
4.724529449943320287e+03 9.998643917990470698e-01
4.724554019947448069e+03 9.948836335848713075e-01
4.724578590079352580e+03 1.005187651793797210e+00
4.724603160339034730e+03 1.009542528202421963e+00
4.724627730726495429e+03 1.003190471581593579e+00
4.724652301241733767e+03 9.996848598012877396e-01
4.724676871884752472e+03 1.001801042634711481e+00
4.724701442655550636e+03 1.002620725092336906e+00
4.724726013554130077e+03 1.000481528880047266e+00
4.724750584580489885e+03 1.005858496470679375e+00
4.724775155734632790e+03 1.003813375920761919e+00
4.724799727016558791e+03 1.002975256669174087e+00
4.724824298426266978e+03 1.007186901817891833e+00
4.724848869963760080e+03 1.006936046711065735e+00
4.724873441629037188e+03 1.001625001420466843e+00
4.724898013422101030e+03 9.966230625375588348e-01
4.724922585342949787e+03 9.961725483443729656e-01
4.724947157391585279e+03 9.989853102147273622e-01
4.724971729568008413e+03 9.997070168468024098e-01
4.724996301872220101e+03 9.992733521430283705e-01
