# star name zetOri, line HEI4713
# instrument: HERMES spectrograph @Mercator
# date of observation (midpoint)2018-10-15T06:16:00.872652
# BJD of observation (midpoint)2458406.7635159
# name of fits file: 00898175_HRF_OBJ_ext_CosmicsRemoved_log_merged_c.fits
# 
# wavelength(Angstrom,air) normalised_flux
4.701001088679317036e+03 9.984854100117848130e-01
4.701025536323761116e+03 9.989984883506966007e-01
4.701049984095344371e+03 1.004514425543924450e+00
4.701074431994068618e+03 9.977543516482543229e-01
4.701098880019935677e+03 1.001891094451457187e+00
4.701123328172944639e+03 1.002189170563720477e+00
4.701147776453096412e+03 9.978568582617268756e-01
4.701172224860391907e+03 1.000015178419115580e+00
4.701196673394832032e+03 1.004745080998427520e+00
4.701221122056417698e+03 9.993934505682000591e-01
4.701245570845147995e+03 9.978578743680930341e-01
4.701270019761025651e+03 9.976213423280360093e-01
4.701294468804049757e+03 9.900639363006213944e-01
4.701318917974222131e+03 1.002828264927773994e+00
4.701343367271542775e+03 9.982833602583051080e-01
4.701367816696011687e+03 1.003730177624057474e+00
4.701392266247630687e+03 1.001918168106773255e+00
4.701416715926400684e+03 9.926403613657631686e-01
4.701441165732320769e+03 9.905710538432553891e-01
4.701465615665393670e+03 1.002022857425955538e+00
4.701490065725617569e+03 1.006537278437198202e+00
4.701514515912995194e+03 1.008379318655222123e+00
4.701538966227526544e+03 9.971682930748372309e-01
4.701563416669211620e+03 1.000686266962217852e+00
4.701587867238052240e+03 1.003284820697748048e+00
4.701612317934048406e+03 1.001248720606671583e+00
4.701636768757201025e+03 9.990615318434464820e-01
4.701661219707510099e+03 1.002149597124620817e+00
4.701685670784977447e+03 9.941789770792892611e-01
4.701710121989603067e+03 9.928366166641487967e-01
4.701734573321386961e+03 9.919989765822589955e-01
4.701759024780330947e+03 9.903171828704294688e-01
4.701783476366435025e+03 9.983495707606023783e-01
4.701807928079700105e+03 1.002029062968553541e+00
4.701832379920127096e+03 9.993485214915982517e-01
4.701856831887715998e+03 9.962301902975053691e-01
4.701881283982467721e+03 9.956451741011045353e-01
4.701905736204383174e+03 1.000956675573513976e+00
4.701930188553462358e+03 1.002986220412180218e+00
4.701954641029707091e+03 1.000945905038026940e+00
4.701979093633117373e+03 1.000439146669633406e+00
4.702003546363693204e+03 9.985865492263068521e-01
4.702027999221436403e+03 9.932736743626762177e-01
4.702052452206346970e+03 9.998055485132145703e-01
4.702076905318426725e+03 9.976028296957832886e-01
4.702101358557673848e+03 9.989533403136054979e-01
4.702125811924091977e+03 9.952973316417124128e-01
4.702150265417679293e+03 1.003394031165953715e+00
4.702174719038437615e+03 1.005307770089063135e+00
4.702199172786367853e+03 1.006025246251987415e+00
4.702223626661470007e+03 1.003367548379261009e+00
4.702248080663744986e+03 1.003010659192786536e+00
4.702272534793192790e+03 1.000946102217551426e+00
4.702296989049815238e+03 1.002409083292331138e+00
4.702321443433613240e+03 9.940226839468031539e-01
4.702345897944585886e+03 9.982212449612564154e-01
4.702370352582734995e+03 1.000009323227506242e+00
4.702394807348060567e+03 9.977742867399770343e-01
4.702419262240564422e+03 1.004684951902919954e+00
4.702443717260245649e+03 1.001518449621429330e+00
4.702468172407106067e+03 9.975476557441738112e-01
4.702492627681145677e+03 1.000229304071905023e+00
4.702517083082365389e+03 1.002482308597463456e+00
4.702541538610766111e+03 1.000634181133034595e+00
4.702565994266347843e+03 9.976346109072079527e-01
4.702590450049111496e+03 9.974369701969189039e-01
4.702614905959058888e+03 1.007793841339571950e+00
4.702639361996189109e+03 1.007812378437364043e+00
4.702663818160503070e+03 1.001871512884639159e+00
4.702688274452002588e+03 1.001822629639108175e+00
4.702712730870686755e+03 1.001777662872417540e+00
4.702737187416557390e+03 9.974950098316348601e-01
4.702761644089614492e+03 9.995172438495610878e-01
4.702786100889859881e+03 1.001072708799751299e+00
4.702810557817292647e+03 1.000779204183688265e+00
4.702835014871913700e+03 1.004317957552291807e+00
4.702859472053724858e+03 1.004754158432994204e+00
4.702883929362725212e+03 1.005896931201214706e+00
4.702908386798916581e+03 9.935592004370701336e-01
4.702932844362299875e+03 1.002442497249545816e+00
4.702957302052875093e+03 1.006741768421528516e+00
4.702981759870642236e+03 9.989585902247595239e-01
4.703006217815603122e+03 9.951617422969432081e-01
4.703030675887757752e+03 1.000114057461185535e+00
4.703055134087107945e+03 1.000974318024279164e+00
4.703079592413652790e+03 9.994452504686403005e-01
4.703104050867393198e+03 1.002131402222551815e+00
4.703128509448330988e+03 1.001530969788537062e+00
4.703152968156466159e+03 9.963220596833956000e-01
4.703177426991798711e+03 9.966679183075912718e-01
4.703201885954330464e+03 1.004791208724393314e+00
4.703226345044061418e+03 1.001283290649617852e+00
4.703250804260991572e+03 9.986074938382731858e-01
4.703275263605122746e+03 1.001646917238435464e+00
4.703299723076455848e+03 9.939560978773622768e-01
4.703324182674989970e+03 9.985201427791476902e-01
4.703348642400727840e+03 9.997230515880678459e-01
4.703373102253667639e+03 9.983397518956225181e-01
4.703397562233812096e+03 9.956568992303257426e-01
4.703422022341161210e+03 1.001713658481917957e+00
4.703446482575714981e+03 9.989518965342605306e-01
4.703470942937475229e+03 1.004402902290996380e+00
4.703495403426441953e+03 9.938307885148897070e-01
4.703519864042616064e+03 1.000018017477704690e+00
4.703544324785997560e+03 1.003311662628333822e+00
4.703568785656588261e+03 9.994573049003682153e-01
4.703593246654387258e+03 9.948975969179260082e-01
4.703617707779397279e+03 1.000708376487859042e+00
4.703642169031617414e+03 9.965204975825481259e-01
4.703666630411048573e+03 9.920792408584656608e-01
4.703691091917690756e+03 9.996275111367163291e-01
4.703715553551546691e+03 9.960019329998133220e-01
4.703740015312615469e+03 9.946755665038163885e-01
4.703764477200898000e+03 1.000855214578011854e+00
4.703788939216395192e+03 9.971761594616644908e-01
4.703813401359107047e+03 9.990720055361846930e-01
4.703837863629035382e+03 1.003869583302575696e+00
4.703862326026180199e+03 9.961231504320889885e-01
4.703886788550541496e+03 1.001889255665623368e+00
4.703911251202121093e+03 9.951758246314513778e-01
4.703935713980919900e+03 1.003372871125354227e+00
4.703960176886937006e+03 9.959862824452211383e-01
4.703984639920173322e+03 1.003622514733676363e+00
4.704009103080631576e+03 9.896174691273315061e-01
4.704033566368309948e+03 1.002673535556338980e+00
4.704058029783210259e+03 9.945270631828702079e-01
4.704082493325333417e+03 9.955592425408225088e-01
4.704106956994678512e+03 1.006200932924892433e+00
4.704131420791248274e+03 9.985664168952803621e-01
4.704155884715042703e+03 9.962243460846591514e-01
4.704180348766061798e+03 1.002492632762229219e+00
4.704204812944307378e+03 9.952435937855482750e-01
4.704229277249778534e+03 9.997276893745720150e-01
4.704253741682477084e+03 1.005926613750203424e+00
4.704278206242403030e+03 1.001713986212397600e+00
4.704302670929558190e+03 1.000505855798953903e+00
4.704327135743941653e+03 1.004741109932641763e+00
4.704351600685555240e+03 9.970032026094521882e-01
4.704376065754398951e+03 9.993499406938644025e-01
4.704400530950473694e+03 1.008689416825280682e+00
4.704424996273780380e+03 1.001546919579273665e+00
4.704449461724319008e+03 1.001838386338825604e+00
4.704473927302091397e+03 1.003618730772862566e+00
4.704498393007096638e+03 1.001866692573483375e+00
4.704522858839336550e+03 1.001824704190710680e+00
4.704547324798812042e+03 1.004550147752662381e+00
4.704571790885522205e+03 1.008657625436506278e+00
4.704596257099469767e+03 9.975945419926618429e-01
4.704620723440653819e+03 9.937412456199842259e-01
4.704645189909075270e+03 9.985427799082701172e-01
4.704669656504735940e+03 1.004636536398647362e+00
4.704694123227634918e+03 1.000173874116993433e+00
4.704718590077773115e+03 1.005000958345155793e+00
4.704743057055152349e+03 1.007914265706380208e+00
4.704767524159772620e+03 1.005145820161863490e+00
4.704791991391633928e+03 9.979757152527728437e-01
4.704816458750738093e+03 9.982655228241501533e-01
4.704840926237085114e+03 9.911421378432441198e-01
4.704865393850675900e+03 9.901405967205130221e-01
4.704889861591510453e+03 9.978296464681808420e-01
4.704914329459589680e+03 1.000010504834818459e+00
4.704938797454915402e+03 9.981121299806869906e-01
4.704963265577486709e+03 9.929132025900633263e-01
4.704987733827305419e+03 9.939488158525912054e-01
4.705012202204371533e+03 9.900174330912089316e-01
4.705036670708685961e+03 9.878137147259553608e-01
4.705061139340249611e+03 9.853082874234772026e-01
4.705085608099062483e+03 9.955309783720813765e-01
4.705110076985125488e+03 9.991041876107037423e-01
4.705134545998439535e+03 9.939282501310053863e-01
4.705159015139005533e+03 9.923226081398950349e-01
4.705183484406823482e+03 9.955537790064713510e-01
4.705207953801894291e+03 9.952329279506383353e-01
4.705232423324217962e+03 9.945565111572060024e-01
4.705256892973796312e+03 9.875678806024188461e-01
4.705281362750630251e+03 9.923395274634898566e-01
4.705305832654718870e+03 9.909581123030402061e-01
4.705330302686063987e+03 9.948457457496663325e-01
4.705354772844665604e+03 9.968239954990300022e-01
4.705379243130525538e+03 9.926619349684648874e-01
4.705403713543642880e+03 9.869827099907015899e-01
4.705428184084019449e+03 9.871855481085670680e-01
4.705452654751655245e+03 9.886341752529498317e-01
4.705477125546552088e+03 9.875950355726745844e-01
4.705501596468709067e+03 9.853349603157390835e-01
4.705526067518127093e+03 9.856347599728997322e-01
4.705550538694807983e+03 9.933560248292803152e-01
4.705575009998750829e+03 9.917386250915370960e-01
4.705599481429958360e+03 9.965017272060471276e-01
4.705623952988428755e+03 9.888846574607933482e-01
4.705648424674164744e+03 9.900821533120576223e-01
4.705672896487166327e+03 9.863405173432494566e-01
4.705697368427433503e+03 9.871969822578934295e-01
4.705721840494968092e+03 9.863109753564254234e-01
4.705746312689770093e+03 9.911630676904519266e-01
4.705770785011839507e+03 9.889521921392416814e-01
4.705795257461178153e+03 9.860629789708710291e-01
4.705819730037786030e+03 9.874883767409964319e-01
4.705844202741664049e+03 9.916301211532102533e-01
4.705868675572813117e+03 9.871866720304318665e-01
4.705893148531233237e+03 9.845731874257025451e-01
4.705917621616925317e+03 9.861521138406578180e-01
4.705942094829890266e+03 9.883456042858187462e-01
4.705966568170128994e+03 9.909653321805084181e-01
4.705991041637641501e+03 9.852549844572537907e-01
4.706015515232428697e+03 9.857353914066238065e-01
4.706039988954491491e+03 9.894717853018758502e-01
4.706064462803829883e+03 9.818390727723717015e-01
4.706088936780445692e+03 9.940497344195614593e-01
4.706113410884338919e+03 9.957689974952960155e-01
4.706137885115509562e+03 9.820213921635588816e-01
4.706162359473958531e+03 9.913670701908575689e-01
4.706186833959687647e+03 9.935925384526144155e-01
4.706211308572696908e+03 9.913837151975924966e-01
4.706235783312986314e+03 9.991703299432365126e-01
4.706260258180557685e+03 9.853825567479912451e-01
4.706284733175410111e+03 9.958250043737659762e-01
4.706309208297545410e+03 9.931577002301101853e-01
4.706333683546964494e+03 9.910891352804864773e-01
4.706358158923667361e+03 9.917757055480052042e-01
4.706382634427654921e+03 9.977042901846802092e-01
4.706407110058928083e+03 9.961584045398190757e-01
4.706431585817486848e+03 9.926435397866040233e-01
4.706456061703333035e+03 9.979843119159983456e-01
4.706480537716465733e+03 9.904833411958430256e-01
4.706505013856886762e+03 9.906359332488320346e-01
4.706529490124596123e+03 1.000954722643051298e+00
4.706553966519594724e+03 9.945492600898044877e-01
4.706578443041883475e+03 9.897104725450961427e-01
4.706602919691462375e+03 9.974973052506642679e-01
4.706627396468333245e+03 9.933675134698589648e-01
4.706651873372496084e+03 9.971389348481024539e-01
4.706676350403950892e+03 9.969313804899646581e-01
4.706700827562699487e+03 1.009015992257404015e+00
4.706725304848741871e+03 1.000902537428997485e+00
4.706749782262078043e+03 9.903368624233664930e-01
4.706774259802710731e+03 9.882009733447815192e-01
4.706798737470639026e+03 9.947819154433744648e-01
4.706823215265862927e+03 1.001858159207827503e+00
4.706847693188385165e+03 9.998572100544939056e-01
4.706872171238204828e+03 1.001481541659933194e+00
4.706896649415322827e+03 9.996456843481245080e-01
4.706921127719740980e+03 1.006968009825998767e+00
4.706945606151458378e+03 1.006396899415860524e+00
4.706970084710475930e+03 1.001107656929958178e+00
4.706994563396795456e+03 9.936315917475143644e-01
4.707019042210416046e+03 1.003271483533848318e+00
4.707043521151339519e+03 1.005972728851712183e+00
4.707068000219566784e+03 1.000988338241672659e+00
4.707092479415096932e+03 9.874913291196776299e-01
4.707116958737931782e+03 9.996609676341596806e-01
4.707141438188072243e+03 1.005645336615990981e+00
4.707165917765518316e+03 9.955252092930467755e-01
4.707190397470270909e+03 1.008204482851029704e+00
4.707214877302330933e+03 1.000387373438096139e+00
4.707239357261698387e+03 9.972298167256490320e-01
4.707263837348375091e+03 1.000060427748245884e+00
4.707288317562360135e+03 1.009579006146742230e+00
4.707312797903655337e+03 1.006314418155667356e+00
4.707337278372260698e+03 1.003912080938413665e+00
4.707361758968177128e+03 1.005599538637124590e+00
4.707386239691405535e+03 1.002809959937497108e+00
4.707410720541946830e+03 9.995613624433243860e-01
4.707435201519801012e+03 1.003086849767006905e+00
4.707459682624968991e+03 1.000780010495946559e+00
4.707484163857450767e+03 9.964023759188668228e-01
4.707508645217248159e+03 1.003838042552561483e+00
4.707533126704362076e+03 9.922292924953275417e-01
4.707557608318791608e+03 1.001739882876529153e+00
4.707582090060537666e+03 9.938347338518290774e-01
4.707606571929602069e+03 9.996341666287894556e-01
4.707631053925985725e+03 9.933789205517179477e-01
4.707655536049687726e+03 1.002214495306230635e+00
4.707680018300708980e+03 1.006054950271756843e+00
4.707704500679051307e+03 1.005392773408653850e+00
4.707728983184714707e+03 1.004498649955493095e+00
4.707753465817699180e+03 9.985199815428092984e-01
4.707777948578006544e+03 9.976484394317665094e-01
4.707802431465636801e+03 9.994030828931277366e-01
4.707826914480590858e+03 1.006468674661099572e+00
4.707851397622869627e+03 9.978836529155205026e-01
4.707875880892473106e+03 1.004242794466496003e+00
4.707900364289402205e+03 9.983428416175359477e-01
4.707924847813657834e+03 9.984341333496460358e-01
4.707949331465240903e+03 1.003011629798883364e+00
4.707973815244150501e+03 9.928757560094524370e-01
4.707998299150389357e+03 1.007056080819659805e+00
4.708022783183957472e+03 1.004853121863687582e+00
4.708047267344854845e+03 1.004621623826465582e+00
4.708071751633082386e+03 1.006900410987812133e+00
4.708096236048641003e+03 9.966269369932013733e-01
4.708120720591530699e+03 9.931355619668761348e-01
4.708145205261754199e+03 1.002514740933556192e+00
4.708169690059309687e+03 1.001754595485264465e+00
4.708194174984198980e+03 9.991488435326879580e-01
4.708218660036422079e+03 1.004042186125751357e+00
4.708243145215980803e+03 9.980136508099067827e-01
4.708267630522875152e+03 1.005129407063475311e+00
4.708292115957106034e+03 1.001138600015984981e+00
4.708316601518673451e+03 9.980688925792945421e-01
4.708341087207578312e+03 1.000110888355376426e+00
4.708365573023821526e+03 1.004576894711164403e+00
4.708390058967404002e+03 9.994798535354501023e-01
4.708414545038325741e+03 1.002908003872536646e+00
4.708439031236588562e+03 9.984354621191143808e-01
4.708463517562191555e+03 9.938300903158332478e-01
4.708488004015136539e+03 9.938839244852208932e-01
4.708512490595423515e+03 1.001191799608860622e+00
4.708536977303053391e+03 9.983008997645134164e-01
4.708561464138026167e+03 9.998012465914015712e-01
4.708585951100344573e+03 1.002109281536080143e+00
4.708610438190006789e+03 9.990255332829743873e-01
4.708634925407015544e+03 1.000499690949080422e+00
4.708659412751369928e+03 9.965671145177483758e-01
4.708683900223070850e+03 1.006793620209824880e+00
4.708708387822120130e+03 1.002907808178731486e+00
4.708732875548516859e+03 1.006020021991063551e+00
4.708757363402262854e+03 9.980681330598452083e-01
4.708781851383359026e+03 1.001594625253414916e+00
4.708806339491804465e+03 1.004494459322199384e+00
4.708830827727600990e+03 1.007736371917627327e+00
4.708855316090749511e+03 1.000089520563463452e+00
4.708879804581249118e+03 9.928776978862042801e-01
4.708904293199102540e+03 9.960985820024760296e-01
4.708928781944309776e+03 9.937906755844859719e-01
4.708953270816870827e+03 1.001011012912285780e+00
4.708977759816785692e+03 1.011550779464185590e+00
4.709002248944057101e+03 1.007266967829707704e+00
4.709026738198685052e+03 1.004149594362820919e+00
4.709051227580668638e+03 9.999909768983339386e-01
4.709075717090010585e+03 9.978105292839890561e-01
4.709100206726710894e+03 9.973907783979045760e-01
4.709124696490769566e+03 9.993316607924775941e-01
4.709149186382187509e+03 1.001583369940656443e+00
4.709173676400965633e+03 9.997233904762422574e-01
4.709198166547104847e+03 1.008562137600376607e+00
4.709222656820605152e+03 1.000676584258029633e+00
4.709247147221468367e+03 1.000422502842611472e+00
4.709271637749693582e+03 1.008283475920307648e+00
4.709296128405282616e+03 1.004417509778371409e+00
4.709320619188235469e+03 9.998846039887424597e-01
4.709345110098553960e+03 1.000699609091687314e+00
4.709369601136237179e+03 1.004552390695308217e+00
4.709394092301286037e+03 9.971540591651693042e-01
4.709418583593702351e+03 9.958959775613035470e-01
4.709443075013486123e+03 9.877038316500221793e-01
4.709467566560637351e+03 9.998324419639934568e-01
4.709492058235157856e+03 1.003988303848481811e+00
4.709516550037047637e+03 1.004149173714368182e+00
4.709541041966307603e+03 9.927218756761058138e-01
4.709565534022938664e+03 9.939793062598624163e-01
4.709590026206940820e+03 9.971781728296931213e-01
4.709614518518314981e+03 9.897925988766973493e-01
4.709639010957062055e+03 9.953938131759492158e-01
4.709663503523182044e+03 1.000182753410516101e+00
4.709687996216675856e+03 9.988913007023281221e-01
4.709712489037545311e+03 1.003267900320121697e+00
4.709736981985789498e+03 1.003070796611899462e+00
4.709761475061410238e+03 9.953572211048914431e-01
4.709785968264406620e+03 9.919767482575551076e-01
4.709810461594781373e+03 9.933872774766568936e-01
4.709834955052533587e+03 9.952211977139286958e-01
4.709859448637665082e+03 9.933205796330480952e-01
4.709883942350175857e+03 9.997772792797922081e-01
4.709908436190065913e+03 1.006558331208338597e+00
4.709932930157337069e+03 9.920110225359890510e-01
4.709957424251990233e+03 9.983945305925994163e-01
4.709981918474024496e+03 9.962556245133580290e-01
4.710006412823441678e+03 9.977598126386011401e-01
4.710030907300241779e+03 9.962572323647684858e-01
4.710055401904426617e+03 9.947709537286498760e-01
4.710079896635996192e+03 9.909962090659090173e-01
4.710104391494950505e+03 9.893045332288139537e-01
4.710128886481290465e+03 9.903631149327855043e-01
4.710153381595017891e+03 9.925723912489782252e-01
4.710177876836131873e+03 9.992545804306225410e-01
4.710202372204634230e+03 9.842462557384027422e-01
4.710226867700525872e+03 9.938830115163118650e-01
4.710251363323805890e+03 9.889204915619363989e-01
4.710275859074476102e+03 9.887778387939933911e-01
4.710300354952536509e+03 9.939342181650245855e-01
4.710324850957988929e+03 9.866784337715230890e-01
4.710349347090833362e+03 9.922670463818803466e-01
4.710373843351069809e+03 1.002252714101116160e+00
4.710398339738699178e+03 9.973742281831073919e-01
4.710422836253723290e+03 9.910533502693428254e-01
4.710447332896141234e+03 9.940300078435587716e-01
4.710471829665955738e+03 9.894257226081342171e-01
4.710496326563164985e+03 9.934712961453618929e-01
4.710520823587770792e+03 9.927823071968001623e-01
4.710545320739774070e+03 9.931690652980293965e-01
4.710569818019175727e+03 9.831965246400996561e-01
4.710594315425975765e+03 9.958375148837932400e-01
4.710618812960174182e+03 9.970175220268029381e-01
4.710643310621773708e+03 1.004307547153844293e+00
4.710667808410772523e+03 9.960458114466387292e-01
4.710692306327173355e+03 9.996162726554644884e-01
4.710716804370976206e+03 9.976661283623695642e-01
4.710741302542181074e+03 9.960030721133520393e-01
4.710765800840789780e+03 9.927519291663549073e-01
4.710790299266801412e+03 9.928347190296303859e-01
4.710814797820218701e+03 9.883984232115219370e-01
4.710839296501040735e+03 9.897963309948273336e-01
4.710863795309268426e+03 9.957540577455360475e-01
4.710888294244902681e+03 9.876343188817001684e-01
4.710912793307943502e+03 9.895368717393107083e-01
4.710937292498392708e+03 9.940811352855655203e-01
4.710961791816251207e+03 9.872526458853235765e-01
4.710986291261518090e+03 9.909171418979418888e-01
4.711010790834194268e+03 9.880527617833575471e-01
4.711035290534281557e+03 9.861318210893812441e-01
4.711059790361779960e+03 9.882505686563592961e-01
4.711084290316690385e+03 9.858087846748195826e-01
4.711108790399012832e+03 9.858752696074319921e-01
4.711133290608749121e+03 9.795867732504731640e-01
4.711157790945898341e+03 9.862366650711491545e-01
4.711182291410462312e+03 9.848087378415949500e-01
4.711206792002441944e+03 9.939195913163160201e-01
4.711231292721836326e+03 9.922064727412670537e-01
4.711255793568648187e+03 9.838622603884931150e-01
4.711280294542876618e+03 9.870125900976003397e-01
4.711304795644523438e+03 9.741954050094931983e-01
4.711329296873587737e+03 9.747375174999939329e-01
4.711353798230071334e+03 9.793114107934465240e-01
4.711378299713975139e+03 9.847562089072430247e-01
4.711402801325299151e+03 9.836479095182931731e-01
4.711427303064044281e+03 9.802010994683139078e-01
4.711451804930211438e+03 9.906625767642814884e-01
4.711476306923800621e+03 9.912225559913276918e-01
4.711500809044813650e+03 9.817277291498637259e-01
4.711525311293249615e+03 9.837646531847117348e-01
4.711549813669110335e+03 9.829362391491678341e-01
4.711574316172395811e+03 9.824443441432293422e-01
4.711598818803106951e+03 9.757719460040481518e-01
4.711623321561244666e+03 9.805124016687372102e-01
4.711647824446808954e+03 9.814646322347752028e-01
4.711672327459801636e+03 9.767606202634676604e-01
4.711696830600222711e+03 9.729357644803864336e-01
4.711721333868073089e+03 9.773380574251345765e-01
4.711745837263351859e+03 9.757241854080827004e-01
4.711770340786062661e+03 9.741264037755279492e-01
4.711794844436203675e+03 9.776554594214684757e-01
4.711819348213775811e+03 9.780166319629288729e-01
4.711843852118780887e+03 9.812735843260066426e-01
4.711868356151218904e+03 9.713697856146923382e-01
4.711892860311090772e+03 9.788456639285203487e-01
4.711917364598397398e+03 9.787153038963417595e-01
4.711941869013137875e+03 9.707482597901468946e-01
4.711966373555314931e+03 9.685984962927183251e-01
4.711990878224927656e+03 9.642110348549858267e-01
4.712015383021977868e+03 9.644894589894223991e-01
4.712039887946465569e+03 9.606265383984607942e-01
4.712064392998391668e+03 9.657980656343088111e-01
4.712088898177757073e+03 9.683085353118301430e-01
4.712113403484561786e+03 9.706689337658950256e-01
4.712137908918806716e+03 9.734700079471226841e-01
4.712162414480492771e+03 9.622798789693940424e-01
4.712186920169620862e+03 9.585680072652345007e-01
4.712211425986190079e+03 9.558874248612093671e-01
4.712235931930203151e+03 9.688989300790509240e-01
4.712260438001660077e+03 9.683992829925456292e-01
4.712284944200560858e+03 9.625781766443469722e-01
4.712309450526906403e+03 9.609365835457711613e-01
4.712333956980697621e+03 9.504347886703181647e-01
4.712358463561935423e+03 9.486908642209609388e-01
4.712382970270619808e+03 9.508360495403475054e-01
4.712407477106752594e+03 9.529179764890908233e-01
4.712431984070332874e+03 9.583291470995660699e-01
4.712456491161361555e+03 9.627773387584400711e-01
4.712480998379840457e+03 9.602406684020650118e-01
4.712505505725770490e+03 9.546080517990376269e-01
4.712530013199149835e+03 9.537363212281566582e-01
4.712554520799982129e+03 9.518689181540386235e-01
4.712579028528265553e+03 9.539064637295011639e-01
4.712603536384002837e+03 9.518160722070992952e-01
4.712628044367193070e+03 9.621210596576688090e-01
4.712652552477837162e+03 9.504613203850102998e-01
4.712677060715936932e+03 9.466088795825288171e-01
4.712701569081492380e+03 9.469349272788384342e-01
4.712726077574503506e+03 9.404355501030035036e-01
4.712750586194971220e+03 9.391535492381145600e-01
4.712775094942897340e+03 9.450012914064996883e-01
4.712799603818280957e+03 9.506007752237478625e-01
4.712824112821123890e+03 9.456330446585331506e-01
4.712848621951426139e+03 9.399818363938620136e-01
4.712873131209188614e+03 9.429319745009444587e-01
4.712897640594412223e+03 9.442903310201986589e-01
4.712922150107096968e+03 9.297914606123939274e-01
4.712946659747243757e+03 9.357927317671199674e-01
4.712971169514853500e+03 9.353356077981539451e-01
4.712995679409927106e+03 9.297384317491915739e-01
4.713020189432464576e+03 9.298564658296981644e-01
4.713044699582466819e+03 9.285766362509664251e-01
4.713069209859934745e+03 9.240171133791493796e-01
4.713093720264869262e+03 9.273277867919511586e-01
4.713118230797269462e+03 9.269440157521374735e-01
4.713142741457138072e+03 9.238642786399892115e-01
4.713167252244474184e+03 9.217989677900079171e-01
4.713191763159279617e+03 9.214613966324252115e-01
4.713216274201554370e+03 9.324070429990580777e-01
4.713240785371299353e+03 9.195188204026534251e-01
4.713265296668515475e+03 9.213278540960710972e-01
4.713289808093202737e+03 9.223047270098743144e-01
4.713314319645362048e+03 9.215184698338015901e-01
4.713338831324993407e+03 9.193911933028646732e-01
4.713363343132099544e+03 9.254539451727256116e-01
4.713387855066678640e+03 9.137410425582134232e-01
4.713412367128733422e+03 9.217506320176966916e-01
4.713436879318262982e+03 9.221352154633838394e-01
4.713461391635269138e+03 9.208827910107124648e-01
4.713485904079751890e+03 9.209404817436405155e-01
4.713510416651712148e+03 9.237675137328670294e-01
4.713534929351149913e+03 9.098831631198704972e-01
4.713559442178067002e+03 9.170949914647348322e-01
4.713583955132463416e+03 9.173114847023167151e-01
4.713608468214340064e+03 9.153936791656278604e-01
4.713632981423696947e+03 9.155636853731832225e-01
4.713657494760535883e+03 9.200567171540050548e-01
4.713682008224856872e+03 9.202293564901484757e-01
4.713706521816659915e+03 9.158595829703386482e-01
4.713731035535946830e+03 9.164998298875497440e-01
4.713755549382717618e+03 9.160531227155677136e-01
4.713780063356973187e+03 9.122011543282831925e-01
4.713804577458714448e+03 9.186715054228222765e-01
4.713829091687941400e+03 9.196108075368119028e-01
4.713853606044654953e+03 9.181619451241473939e-01
4.713878120528856016e+03 9.197701978856389626e-01
4.713902635140545499e+03 9.168034734001682118e-01
4.713927149879723402e+03 9.199200219515343280e-01
4.713951664746390634e+03 9.271182623874035800e-01
4.713976179740548105e+03 9.330722652076774981e-01
4.714000694862195814e+03 9.258018238156170421e-01
4.714025210111334673e+03 9.268561765760483517e-01
4.714049725487966498e+03 9.209878351300263555e-01
4.714074240992090381e+03 9.271940313817792489e-01
4.714098756623707231e+03 9.331660745420676806e-01
4.714123272382818868e+03 9.313592709099918210e-01
4.714147788269425291e+03 9.266090636367563249e-01
4.714172304283526501e+03 9.300052225921642268e-01
4.714196820425123406e+03 9.254439421276788869e-01
4.714221336694217825e+03 9.342416746508047654e-01
4.714245853090808851e+03 9.353345541630869731e-01
4.714270369614898300e+03 9.434137227815787563e-01
4.714294886266486174e+03 9.347161918622712840e-01
4.714319403045573381e+03 9.406877125787547200e-01
4.714343919952159922e+03 9.399890027625266153e-01
4.714368436986248525e+03 9.400502031048766360e-01
4.714392954147837372e+03 9.460581246843384751e-01
4.714417471436928281e+03 9.429691018647334833e-01
4.714441988853522162e+03 9.521082073273038349e-01
4.714466506397619014e+03 9.471971805693886193e-01
4.714491024069219748e+03 9.465426786817731086e-01
4.714515541868325272e+03 9.467083543512384569e-01
4.714540059794936496e+03 9.492961399599714190e-01
4.714564577849053421e+03 9.456063347457447366e-01
4.714589096030676046e+03 9.530926604717728789e-01
4.714613614339807100e+03 9.550958790475998494e-01
4.714638132776445673e+03 9.573969072593153662e-01
4.714662651340592674e+03 9.552270678388228298e-01
4.714687170032249014e+03 9.581425064846719186e-01
4.714711688851415602e+03 9.525899046664217940e-01
4.714736207798092437e+03 9.624696143221257438e-01
4.714760726872280429e+03 9.597503350116548537e-01
4.714785246073980488e+03 9.567276977582217512e-01
4.714809765403192614e+03 9.640922520171280041e-01
4.714834284859918625e+03 9.699924867076561430e-01
4.714858804444158523e+03 9.575549676443686486e-01
4.714883324155912305e+03 9.582925861261120115e-01
4.714907843995181793e+03 9.641356448249432942e-01
4.714932363961967894e+03 9.581249849780976158e-01
4.714956884056269701e+03 9.624950812751502660e-01
4.714981404278089030e+03 9.661973393892060447e-01
4.715005924627425884e+03 9.632751263725332080e-01
4.715030445104281171e+03 9.648310522381443599e-01
4.715054965708655800e+03 9.639962651347349087e-01
4.715079486440550681e+03 9.640793975680981287e-01
4.715104007299965815e+03 9.721526138522983418e-01
4.715128528286902110e+03 9.676323777030411133e-01
4.715153049401360477e+03 9.731199847084514021e-01
4.715177570643340914e+03 9.717268755045999074e-01
4.715202092012845242e+03 9.709539369816327925e-01
4.715226613509872550e+03 9.729858222520024746e-01
4.715251135134424658e+03 9.780869215778169590e-01
4.715275656886502475e+03 9.743052567718966106e-01
4.715300178766105091e+03 9.783409853302252879e-01
4.715324700773235236e+03 9.783124860284565516e-01
4.715349222907891999e+03 9.776546489415286478e-01
4.715373745170076290e+03 9.820790939245703788e-01
4.715398267559789929e+03 9.750096824091302183e-01
4.715422790077032005e+03 9.755445601156667035e-01
4.715447312721804337e+03 9.772428475208827514e-01
4.715471835494106926e+03 9.837103282573567142e-01
4.715496358393940682e+03 9.832477006744921866e-01
4.715520881421306512e+03 9.799453969616949145e-01
4.715545404576204419e+03 9.789719614506969814e-01
4.715569927858635310e+03 9.884451567912123648e-01
4.715594451268600096e+03 9.890749162605362299e-01
4.715618974806099686e+03 9.895883632916029349e-01
4.715643498471134080e+03 9.904761194870248531e-01
4.715668022263705097e+03 9.807023103390976049e-01
4.715692546183811828e+03 9.860796233798135857e-01
4.715717070231455182e+03 9.812617639816139103e-01
4.715741594406636978e+03 9.834305165130199367e-01
4.715766118709357215e+03 9.922833589496303786e-01
4.715790643139615895e+03 9.903251294971890939e-01
4.715815167697414836e+03 9.935319970384786092e-01
4.715839692382754038e+03 9.870677335248893014e-01
4.715864217195634410e+03 9.909201358048731478e-01
4.715888742136056862e+03 9.880054891286563779e-01
4.715913267204021395e+03 9.893757939971572490e-01
4.715937792399528917e+03 9.938330445765450882e-01
4.715962317722580337e+03 9.896770680993818292e-01
4.715986843173176567e+03 1.001481971589876396e+00
4.716011368751317605e+03 9.948435325070549284e-01
4.716035894457004360e+03 1.003608615042578256e+00
4.716060420290236834e+03 1.001821058076221682e+00
4.716084946251016845e+03 9.977746059095128350e-01
4.716109472339344393e+03 9.973085294398211786e-01
4.716133998555221297e+03 9.987706455558670315e-01
4.716158524898645737e+03 9.929841925342265396e-01
4.716183051369621353e+03 9.990079062150396538e-01
4.716207577968146325e+03 1.003738340240758031e+00
4.716232104694222471e+03 9.971159406317778862e-01
4.716256631547850702e+03 9.909366734350650852e-01
4.716281158529031018e+03 9.935737552905562486e-01
4.716305685637764327e+03 9.980440199138500557e-01
4.716330212874051540e+03 1.001164533149108582e+00
4.716354740237892656e+03 1.000615776308403593e+00
4.716379267729289495e+03 1.001006792884185703e+00
4.716403795348241147e+03 9.938564845018496019e-01
4.716428323094750340e+03 9.945173836204829199e-01
4.716452850968815255e+03 9.898128969364725638e-01
4.716477378970438622e+03 9.952911847974129644e-01
4.716501907099620439e+03 9.960435857999880849e-01
4.716526435356360707e+03 9.950334052895399850e-01
4.716550963740661246e+03 1.002962753753655623e+00
4.716575492252521144e+03 1.001204018005664498e+00
4.716600020891943132e+03 1.001762351464323242e+00
4.716624549658926298e+03 1.007533637364038004e+00
4.716649078553471554e+03 1.006935816948673956e+00
4.716673607575579808e+03 1.001389670320267378e+00
4.716698136725251970e+03 9.972567426198597484e-01
4.716722666002488040e+03 9.966660448613133827e-01
4.716747195407289837e+03 1.002449591509272819e+00
4.716771724939656451e+03 1.006986058440889398e+00
4.716796254599589702e+03 1.006698605186781004e+00
4.716820784387089589e+03 1.011372745673309703e+00
4.716845314302157931e+03 1.005817479362041800e+00
4.716869844344793819e+03 1.004012036003410380e+00
4.716894374514999072e+03 1.001787707564149477e+00
4.716918904812773690e+03 1.000285903168196544e+00
4.716943435238118582e+03 9.947821216263064148e-01
4.716967965791034658e+03 9.917450188004136580e-01
4.716992496471521918e+03 1.007426070049670663e+00
4.717017027279581271e+03 1.001444998929155616e+00
4.717041558215214536e+03 1.000046884063509944e+00
4.717066089278420804e+03 1.008679932171211213e+00
4.717090620469200985e+03 1.006207296077213265e+00
4.717115151787555988e+03 9.976837963274614030e-01
4.717139683233487631e+03 9.978742190884389851e-01
4.717164214806995005e+03 1.000925977789135723e+00
4.717188746508079021e+03 9.987162396288392641e-01
4.717213278336740586e+03 1.001175917144504934e+00
4.717237810292980612e+03 1.001085869133572004e+00
4.717262342376799097e+03 9.939763418464228062e-01
4.717286874588197861e+03 1.005478635107270202e+00
4.717311406927175994e+03 1.000847003755467091e+00
4.717335939393736226e+03 9.988507397524822862e-01
4.717360471987876736e+03 1.000267011741635681e+00
4.717385004709600253e+03 1.003495757579938585e+00
4.717409537558906777e+03 1.006612702240847090e+00
4.717434070535796309e+03 1.003277472988513885e+00
4.717458603640270667e+03 1.001119262270290911e+00
4.717483136872328942e+03 1.004737401470648273e+00
4.717507670231973862e+03 1.004799523380522475e+00
4.717532203719203608e+03 1.004743606174312687e+00
4.717556737334021818e+03 1.005856819535228874e+00
4.717581271076426674e+03 1.007870439321102429e+00
4.717605804946419084e+03 1.005298094741959192e+00
4.717630338944001778e+03 1.008197402084195504e+00
4.717654873069172936e+03 1.005592498774878996e+00
4.717679407321934377e+03 9.991746302577029226e-01
4.717703941702287011e+03 1.006277280821293196e+00
4.717728476210230838e+03 9.967656119991816777e-01
4.717753010845767676e+03 9.979248057975051989e-01
4.717777545608896617e+03 9.924577733945546543e-01
4.717802080499618569e+03 9.964442303060933037e-01
4.717826615517935352e+03 9.988410664065062727e-01
4.717851150663846965e+03 1.010310872080059985e+00
4.717875685937354319e+03 1.011377716529987092e+00
4.717900221338457413e+03 9.998289154383720456e-01
4.717924756867157157e+03 9.980223383556833250e-01
4.717949292523454460e+03 1.009216885989741241e+00
4.717973828307350232e+03 1.004709507849808281e+00
4.717998364218844472e+03 9.991439814903453343e-01
4.718022900257938090e+03 1.000627079758467763e+00
4.718047436424631996e+03 1.003456953273042407e+00
4.718071972718927100e+03 1.000026465861700409e+00
4.718096509140823400e+03 1.002356803475703773e+00
4.718121045690321807e+03 9.995091622766626438e-01
4.718145582367423231e+03 9.999162086303390318e-01
4.718170119172127670e+03 1.001530598895113977e+00
4.718194656104436035e+03 1.000778000592633887e+00
4.718219193164349235e+03 1.003383112904384200e+00
4.718243730351868180e+03 1.006962522486736678e+00
4.718268267666993779e+03 1.004054014342571133e+00
4.718292805109725123e+03 1.005425559890499532e+00
4.718317342680064939e+03 1.003717461342175543e+00
4.718341880378012320e+03 9.999936111050699017e-01
4.718366418203568173e+03 1.002962826792459738e+00
4.718390956156733409e+03 9.993393739069974524e-01
4.718415494237508938e+03 1.002583344555203482e+00
4.718440032445895667e+03 1.006044006453482798e+00
4.718464570781892689e+03 1.002842397414182241e+00
4.718489109245502732e+03 1.007022970432703390e+00
4.718513647836725795e+03 1.009469349981511943e+00
4.718538186555561879e+03 1.001687581410423133e+00
4.718562725402011893e+03 1.002314560816655709e+00
4.718587264376076746e+03 1.000488777412843477e+00
4.718611803477756439e+03 9.994946421951037552e-01
4.718636342707052791e+03 9.989574886165903944e-01
4.718660882063965801e+03 1.003909167419262838e+00
4.718685421548496379e+03 1.007325763649041583e+00
4.718709961160644525e+03 1.012796745169520785e+00
4.718734500900411149e+03 1.004181716573155692e+00
4.718759040767798069e+03 9.965088098589388599e-01
4.718783580762804377e+03 1.002061722404145483e+00
4.718808120885431890e+03 1.000544187868441570e+00
4.718832661135680610e+03 9.991612296442483609e-01
4.718857201513550535e+03 1.003757857574353984e+00
4.718881742019044395e+03 9.955697377843507612e-01
4.718906282652161281e+03 1.006472610016766023e+00
4.718930823412902100e+03 1.003942764327201198e+00
4.718955364301266854e+03 1.003836706092034570e+00
4.718979905317258272e+03 1.005868442575988064e+00
4.719004446460874533e+03 9.972159295128373291e-01
4.719028987732118367e+03 9.973470771824751724e-01
4.719053529130988863e+03 9.951707185330257444e-01
4.719078070657487842e+03 1.001346061956116751e+00
4.719102612311615303e+03 9.986035025764393724e-01
4.719127154093372155e+03 9.991646440023795872e-01
4.719151696002758399e+03 1.002037467215806998e+00
4.719176238039775853e+03 1.004587429596416559e+00
4.719200780204424518e+03 1.002044296197919460e+00
4.719225322496705303e+03 9.978168223619541255e-01
4.719249864916619117e+03 1.000406197785506990e+00
4.719274407464165961e+03 1.001600507275601348e+00
4.719298950139346744e+03 1.001929199992981356e+00
4.719323492942161465e+03 1.003533705675411225e+00
4.719348035872612854e+03 1.000083395238558381e+00
4.719372578930699092e+03 1.004589325561541235e+00
4.719397122116421997e+03 1.006373721942394495e+00
4.719421665429782479e+03 1.001255563394159553e+00
4.719446208870781447e+03 9.911234016295570326e-01
4.719470752439418902e+03 9.907272913667183323e-01
4.719495296135694844e+03 1.002147068371746608e+00
4.719519839959611090e+03 9.984610574875643074e-01
4.719544383911168552e+03 1.000946571164418764e+00
4.719568927990366319e+03 9.957123222994952449e-01
4.719593472197207120e+03 1.002556575292381957e+00
4.719618016531690046e+03 9.959557177535964811e-01
4.719642560993816005e+03 9.918019635640323850e-01
4.719667105583585908e+03 1.002020496306800901e+00
4.719691650301000664e+03 1.007706059395046871e+00
4.719716195146060272e+03 1.003811712259176536e+00
4.719740740118766553e+03 9.943429461045948381e-01
4.719765285219118596e+03 1.009870449567115802e+00
4.719789830447118220e+03 9.993083107016648148e-01
4.719814375802766335e+03 9.994201789602430441e-01
4.719838921286062032e+03 1.005080323263750408e+00
4.719863466897008038e+03 1.003172766468399812e+00
4.719888012635603445e+03 1.002028363847793813e+00
4.719912558501849162e+03 1.000235036082355311e+00
4.719937104495746098e+03 9.945046899555666231e-01
4.719961650617295163e+03 9.977188844816000657e-01
4.719986196866496357e+03 9.942798631136522403e-01
4.720010743243351499e+03 1.008972691204107708e+00
4.720035289747860588e+03 1.008149049714628820e+00
4.720059836380023626e+03 1.001084483466613939e+00
4.720084383139842430e+03 9.951542687970525991e-01
4.720108930027317001e+03 9.938929637588829191e-01
4.720133477042447339e+03 9.942801564011884974e-01
4.720158024185236172e+03 9.997840296512586766e-01
4.720182571455681682e+03 1.000396383334449357e+00
4.720207118853786596e+03 9.963945925753073807e-01
4.720231666379550006e+03 9.974655395411677894e-01
4.720256214032973730e+03 1.001759389336415618e+00
4.720280761814057769e+03 9.952626275729107297e-01
4.720305309722803941e+03 1.002731854965807079e+00
4.720329857759210427e+03 9.987728732291569766e-01
4.720354405923280865e+03 9.978237287744137207e-01
4.720378954215013437e+03 1.002613017385267646e+00
4.720403502634409961e+03 1.001366525952051889e+00
4.720428051181471346e+03 1.005596119898038321e+00
4.720452599856198503e+03 1.005445935069606334e+00
4.720477148658590522e+03 9.939099578828821668e-01
4.720501697588649222e+03 9.964570778493568870e-01
4.720526246646375512e+03 1.001568889484284686e+00
4.720550795831769392e+03 1.000616535858555700e+00
4.720575345144831772e+03 1.000363225804272949e+00
4.720599894585563561e+03 9.962527093275763690e-01
4.720624444153964760e+03 9.975874795684112062e-01
4.720648993850036277e+03 1.002839077877203167e+00
4.720673543673779932e+03 1.002377180650196431e+00
4.720698093625194815e+03 9.981381747191669929e-01
4.720722643704281836e+03 1.007798830007424762e+00
4.720747193911041904e+03 1.005406745984338324e+00
4.720771744245476839e+03 9.967656583028784434e-01
4.720796294707584821e+03 9.967447883502473793e-01
4.720820845297369488e+03 9.936391987645508683e-01
4.720845396014829021e+03 9.958405008654335200e-01
4.720869946859965239e+03 1.000269539007368369e+00
4.720894497832778143e+03 1.002564560370581725e+00
4.720919048933269551e+03 9.989629450572841129e-01
4.720943600161438553e+03 9.933198732025173561e-01
4.720968151517287879e+03 9.958588838226465345e-01
4.720992703000815709e+03 1.007870930582051683e+00
4.721017254612024772e+03 1.001604954549106363e+00
4.721041806350915067e+03 9.899884478057051629e-01
4.721066358217486595e+03 9.968796793468417405e-01
4.721090910211741175e+03 9.985006218908359932e-01
4.721115462333678806e+03 1.002415416256138947e+00
4.721140014583299489e+03 1.002639772971949172e+00
4.721164566960605043e+03 9.961328765226376003e-01
4.721189119465595468e+03 9.905787304049090691e-01
4.721213672098272582e+03 9.956101805795911641e-01
4.721238224858635476e+03 1.000343207383620259e+00
4.721262777746685060e+03 1.004513743499825473e+00
4.721287330762422243e+03 1.003232389639522548e+00
4.721311883905848845e+03 9.951057730434412774e-01
4.721336437176963955e+03 1.000869377681064654e+00
4.721360990575769392e+03 1.004988876524351316e+00
4.721385544102264248e+03 1.005463031523560646e+00
4.721410097756450341e+03 1.000973942457996646e+00
4.721434651538328581e+03 9.984040645161229577e-01
4.721459205447899876e+03 1.002513238716069788e+00
4.721483759485163318e+03 9.959694809639493274e-01
4.721508313650120726e+03 1.004103390178912703e+00
4.721532867942772100e+03 9.921145633841886857e-01
4.721557422363119258e+03 9.935407210894564578e-01
4.721581976911161291e+03 9.954335666119882298e-01
4.721606531586900928e+03 9.957499086613214034e-01
4.721631086390336350e+03 9.995104613333072319e-01
4.721655641321470284e+03 1.004146370352558826e+00
4.721680196380302732e+03 1.004921541958996301e+00
4.721704751566833693e+03 9.967152586420051641e-01
4.721729306881064076e+03 9.940435871570759696e-01
4.721753862322995701e+03 1.000958174899900799e+00
4.721778417892627658e+03 1.003590269275860258e+00
4.721802973589961766e+03 9.971556021589126351e-01
4.721827529414998025e+03 9.987231044201373420e-01
4.721852085367737345e+03 1.003026222427447323e+00
4.721876641448180635e+03 1.000444091193078311e+00
4.721901197656327895e+03 1.000079848303226049e+00
4.721925753992180034e+03 1.002536868735820930e+00
4.721950310455738872e+03 9.921866321743465500e-01
4.721974867047003499e+03 1.004800186434626985e+00
4.721999423765974825e+03 9.947679328183878233e-01
4.722023980612653759e+03 1.001437299279046123e+00
4.722048537587041210e+03 1.006631507743225518e+00
4.722073094689138088e+03 1.004408619563196714e+00
4.722097651918943484e+03 1.002878148668635117e+00
4.722122209276460126e+03 9.996417095751868320e-01
4.722146766761688014e+03 9.982097543255897820e-01
4.722171324374627147e+03 1.000507360376732713e+00
4.722195882115278437e+03 1.001490732143190732e+00
4.722220439983642791e+03 1.008692083459233446e+00
4.722244997979721120e+03 1.000351037165131629e+00
4.722269556103513423e+03 1.001076958934112859e+00
4.722294114355021520e+03 1.005514640975405438e+00
4.722318672734244501e+03 9.981518735358893002e-01
4.722343231241183275e+03 9.978495982249501184e-01
4.722367789875839662e+03 1.000046100232611312e+00
4.722392348638213662e+03 9.973277984851596223e-01
4.722416907528306183e+03 9.996614385270861103e-01
4.722441466546118136e+03 1.005192596144022898e+00
4.722466025691648611e+03 1.002892647804271453e+00
4.722490584964899426e+03 9.962088426827664378e-01
4.722515144365872402e+03 9.931453569087315136e-01
4.722539703894565719e+03 1.001751925696714229e+00
4.722564263550982105e+03 1.002738933141213318e+00
4.722588823335120651e+03 1.001929012276765674e+00
4.722613383246984085e+03 1.000572842343346869e+00
4.722637943286570589e+03 9.992633006320930100e-01
4.722662503453882891e+03 9.962413452009759585e-01
4.722687063748920082e+03 9.959707723764229526e-01
4.722711624171683980e+03 1.008194249945745691e+00
4.722736184722174585e+03 1.007622979484337655e+00
4.722760745400392807e+03 9.995790650852568460e-01
4.722785306206339556e+03 9.946827607002873828e-01
4.722809867140014831e+03 1.001765423616775674e+00
4.722834428201420451e+03 1.006300955198620173e+00
4.722858989390555507e+03 9.980946880284342626e-01
4.722883550707421819e+03 9.985734932202178227e-01
4.722908112152020294e+03 9.976496053487704518e-01
4.722932673724350025e+03 9.894285438599080829e-01
4.722957235424412829e+03 1.001098000845089597e+00
4.722981797252209617e+03 9.931620126168377860e-01
4.723006359207740388e+03 9.945081465820524436e-01
4.723030921291006962e+03 9.857447821103367813e-01
4.723055483502008428e+03 9.817224971947741130e-01
4.723080045840745697e+03 1.000549183004797671e+00
4.723104608307220587e+03 1.002575296848692066e+00
4.723129170901432190e+03 9.996164638117516210e-01
4.723153733623382323e+03 9.997760197147284034e-01
4.723178296473071896e+03 1.000382989368286069e+00
4.723202859450500910e+03 1.012297493026397266e+00
4.723227422555670273e+03 1.010634460790678535e+00
4.723251985788579987e+03 9.989825741637156087e-01
4.723276549149230959e+03 1.008347695626642171e+00
4.723301112637625010e+03 1.000499313822853287e+00
4.723325676253761230e+03 1.002285830282976908e+00
4.723350239997641438e+03 1.000703672297974522e+00
4.723374803869265634e+03 9.987027354069198948e-01
4.723399367868634727e+03 9.983477144514002477e-01
4.723423931995749626e+03 9.988654897762989648e-01
4.723448496250611242e+03 1.000436710282418762e+00
4.723473060633218665e+03 9.964182510661439007e-01
4.723497625143573714e+03 9.930237236336534323e-01
4.723522189781677298e+03 1.001621472710309213e+00
4.723546754547530327e+03 9.950020841743689726e-01
4.723571319441131891e+03 9.993782353723739131e-01
4.723595884462483809e+03 1.001581995591330987e+00
4.723620449611586992e+03 1.000531237444598265e+00
4.723645014888441438e+03 1.008634861003704142e+00
4.723669580293048057e+03 1.013186756504784736e+00
4.723694145825407759e+03 1.006902988493902473e+00
4.723718711485520544e+03 1.002945783476080432e+00
4.723743277273388230e+03 9.972824279074812281e-01
4.723767843189009909e+03 1.000593611920131298e+00
4.723792409232387399e+03 1.011154001831519267e+00
4.723816975403521610e+03 1.005132647147237490e+00
4.723841541702412542e+03 9.982114736022758006e-01
4.723866108129060194e+03 9.978261215803726492e-01
4.723890674683466386e+03 1.006266739696909163e+00
4.723915241365631118e+03 1.001129898164522913e+00
4.723939808175556209e+03 9.928665003832718439e-01
4.723964375113240749e+03 9.951900764463162963e-01
4.723988942178686557e+03 9.934907435382603902e-01
4.724013509371893633e+03 1.007510103047061234e+00
4.724038076692862887e+03 9.996079886833125761e-01
4.724062644141594319e+03 9.935002741129741466e-01
4.724087211718089748e+03 1.007687608749396446e+00
4.724111779422349173e+03 1.001541819835299441e+00
4.724136347254374414e+03 9.916234239671185557e-01
4.724160915214163651e+03 9.967409645670980423e-01
4.724185483301719614e+03 1.001247619632398722e+00
4.724210051517042302e+03 1.002862210578883140e+00
4.724234619860132625e+03 1.006604766306214538e+00
4.724259188330991492e+03 9.995245178463189051e-01
4.724283756929618903e+03 9.999401711056286057e-01
4.724308325656014858e+03 9.949416787581962796e-01
4.724332894510182086e+03 1.002322254747614050e+00
4.724357463492119678e+03 9.989206916108028800e-01
4.724382032601828541e+03 9.987638315940274847e-01
4.724406601839309587e+03 9.969215594089952948e-01
4.724431171204563725e+03 1.001587872925680855e+00
4.724455740697590954e+03 1.005792856522348622e+00
4.724480310318393094e+03 1.001382061337541707e+00
4.724504880066969235e+03 1.000399957261544515e+00
4.724529449943320287e+03 1.004741669928806980e+00
4.724554019947448069e+03 1.009974085359747864e+00
4.724578590079352580e+03 1.006932716158992935e+00
4.724603160339034730e+03 9.967890303068254187e-01
4.724627730726495429e+03 1.005903451524896131e+00
4.724652301241733767e+03 1.006406010427704834e+00
4.724676871884752472e+03 1.002350869090240071e+00
4.724701442655550636e+03 9.975840462332498104e-01
4.724726013554130077e+03 9.964401737546058069e-01
4.724750584580489885e+03 1.002331572567418450e+00
4.724775155734632790e+03 1.000792461381568188e+00
4.724799727016558791e+03 9.927322853416657988e-01
4.724824298426266978e+03 1.011858339632323078e+00
4.724848869963760080e+03 9.930528094030645070e-01
4.724873441629037188e+03 9.870912089126195887e-01
4.724898013422101030e+03 9.955374933512766145e-01
4.724922585342949787e+03 9.978139934233900554e-01
4.724947157391585279e+03 9.977664189386155069e-01
4.724971729568008413e+03 9.962760500399683306e-01
4.724996301872220101e+03 9.965915500901592061e-01
