# star name zetOri, line HEI4471
# instrument: HERMES spectrograph @Mercator
# date: AVERAGE of observations from October 2018
# 
# wavelength(Angstrom,air) normalised_flux
4.460012509882908489e+03 1.000641408681895994e+00
4.460035704261721548e+03 9.989580086245842816e-01
4.460058898761158162e+03 9.991918315991537014e-01
4.460082093381218328e+03 9.969590844324889289e-01
4.460105288121902049e+03 9.955549877176775864e-01
4.460128482983210233e+03 9.989793279228981193e-01
4.460151677965144700e+03 9.960440972045774277e-01
4.460174873067704539e+03 9.997011002718679817e-01
4.460198068290890660e+03 1.002501333268439154e+00
4.460221263634703973e+03 1.003760991260510327e+00
4.460244459099145388e+03 1.001786593632160605e+00
4.460267654684214904e+03 9.986177612240564327e-01
4.460290850389914340e+03 1.000939553897680634e+00
4.460314046216242787e+03 1.000965181986052110e+00
4.460337242163202063e+03 9.999688879746684300e-01
4.460360438230791260e+03 1.000327909802585236e+00
4.460383634419013106e+03 1.002191523596436484e+00
4.460406830727866691e+03 1.000569775406399353e+00
4.460430027157353834e+03 1.002590408896744334e+00
4.460453223707473626e+03 1.001455096807733147e+00
4.460476420378227886e+03 1.001815297501976287e+00
4.460499617169616613e+03 1.001906858929494826e+00
4.460522814081640718e+03 1.002710038436207540e+00
4.460546011114300200e+03 1.001153526171584929e+00
4.460569208267597787e+03 1.002010257965904483e+00
4.460592405541531662e+03 1.003928897100577977e+00
4.460615602936103642e+03 1.001664834193512377e+00
4.460638800451313728e+03 9.979860884144859945e-01
4.460661998087162829e+03 1.001680076778808326e+00
4.460685195843651854e+03 1.001179305327245750e+00
4.460708393720781714e+03 9.980069186539682891e-01
4.460731591718552409e+03 9.967114946712699597e-01
4.460754789836964846e+03 9.967044213918645479e-01
4.460777988076019028e+03 9.951201769179967016e-01
4.460801186435715863e+03 9.998925065658951228e-01
4.460824384916057170e+03 1.002504930608818956e+00
4.460847583517042040e+03 1.001025319235115951e+00
4.460870782238671381e+03 1.001214902007911522e+00
4.460893981080947015e+03 9.997668791209359807e-01
4.460917180043868029e+03 1.003457453708123337e+00
4.460940379127435335e+03 1.005073711626596866e+00
4.460963578331650751e+03 9.980852246858304966e-01
4.460986777656513368e+03 9.978452042116122689e-01
4.461009977102025005e+03 1.001324944735566769e+00
4.461033176668185661e+03 9.980634433105066705e-01
4.461056376354995336e+03 1.000868782332505313e+00
4.461079576162456760e+03 1.000054222635937240e+00
4.461102776090568113e+03 9.988221488833041173e-01
4.461125976139332124e+03 9.971843054447775412e-01
4.461149176308747883e+03 1.000531874205349059e+00
4.461172376598816300e+03 1.003513443030634278e+00
4.461195577009538283e+03 9.982588310445220658e-01
4.461218777540914743e+03 1.000102319228809433e+00
4.461241978192945680e+03 1.001497232239046742e+00
4.461265178965632913e+03 1.000767526895832482e+00
4.461288379858975532e+03 9.998456017846426569e-01
4.461311580872974446e+03 9.966735237807119452e-01
4.461334782007631475e+03 1.000997272636934721e+00
4.461357983262945709e+03 1.001872179875631597e+00
4.461381184638918967e+03 9.966439287386021917e-01
4.461404386135551249e+03 9.978985891570075761e-01
4.461427587752843465e+03 1.000857725699414669e+00
4.461450789490796524e+03 1.003152266952454630e+00
4.461473991349409516e+03 9.940944205311554871e-01
4.461497193328685171e+03 9.949428715697690162e-01
4.461520395428622578e+03 1.001426636049068675e+00
4.461543597649223557e+03 1.001331150383545809e+00
4.461566799990488107e+03 9.990238051156401511e-01
4.461590002452416229e+03 1.000116350752009220e+00
4.461613205035009742e+03 1.003370388698468174e+00
4.461636407738268645e+03 9.981418092275887721e-01
4.461659610562192938e+03 9.993683806759383614e-01
4.461682813506784441e+03 9.981804220277967765e-01
4.461706016572044064e+03 9.985081780766349446e-01
4.461729219757970895e+03 9.962596066564800568e-01
4.461752423064565846e+03 9.967243618567744878e-01
4.461775626491830735e+03 9.966056701392357331e-01
4.461798830039765562e+03 1.001144989044981726e+00
4.461822033708370327e+03 1.004668241530245032e+00
4.461845237497646849e+03 9.976176105951986006e-01
4.461868441407595128e+03 1.001075959562608864e+00
4.461891645438215164e+03 1.003033218412385796e+00
4.461914849589508776e+03 1.002797748020908486e+00
4.461938053861475055e+03 1.000999750858276416e+00
4.461961258254116728e+03 1.003873466400279080e+00
4.461984462767432888e+03 1.005786661122626269e+00
4.462007667401424442e+03 9.956645736528176860e-01
4.462030872156092300e+03 1.003893122439231123e+00
4.462054077031436464e+03 1.005912386305114703e+00
4.462077282027458750e+03 9.977438481735717568e-01
4.462100487144158251e+03 9.970522039439092543e-01
4.462123692381536785e+03 1.002327491470919929e+00
4.462146897739594351e+03 9.946877819362550666e-01
4.462170103218331860e+03 1.006755423187272847e+00
4.462193308817750221e+03 9.976575618523833011e-01
4.462216514537850344e+03 9.928606280050195076e-01
4.462239720378631318e+03 9.910698383704247272e-01
4.462262926340094964e+03 1.000219400945364656e+00
4.462286132422241280e+03 9.964591650807377299e-01
4.462309338625071177e+03 1.000957684641857526e+00
4.462332544948586474e+03 1.000580798203548838e+00
4.462355751392785351e+03 1.000698003920566403e+00
4.462378957957670536e+03 1.001309124053077149e+00
4.462402164643242031e+03 1.009735042675173888e+00
4.462425371449499835e+03 1.005080033285886909e+00
4.462448578376445766e+03 1.005148186042163161e+00
4.462471785424078917e+03 9.965827458199203459e-01
4.462494992592401104e+03 1.000464877340609515e+00
4.462518199881412329e+03 1.003713907905469771e+00
4.462541407291114410e+03 1.002259290661500879e+00
4.462564614821506439e+03 9.985406875572331309e-01
4.462587822472589323e+03 1.001843108443547958e+00
4.462611030244364883e+03 1.008444706983073758e+00
4.462634238136832209e+03 1.003756600944993860e+00
4.462657446149992211e+03 9.996340792497602212e-01
4.462680654283846707e+03 1.002450522270149857e+00
4.462703862538395697e+03 1.004424978826807591e+00
4.462727070913639182e+03 1.001280162978495758e+00
4.462750279409578070e+03 1.003624515802304495e+00
4.462773488026214181e+03 1.001218427299310321e+00
4.462796696763545697e+03 9.993503271135608657e-01
4.462819905621575344e+03 1.002038358467307377e+00
4.462843114600304034e+03 1.001783141421233037e+00
4.462866323699729946e+03 1.000330717447257989e+00
4.462889532919855810e+03 9.963735201991795742e-01
4.462912742260681625e+03 9.982294678975044411e-01
4.462935951722208301e+03 9.962390589311094224e-01
4.462959161304435838e+03 9.958797384967252864e-01
4.462982371007366055e+03 1.004087743278766487e+00
4.463005580830998042e+03 1.002762361611269748e+00
4.463028790775333619e+03 9.997187006818505361e-01
4.463052000840371875e+03 1.000980889109423844e+00
4.463075211026115539e+03 1.000901377263840208e+00
4.463098421332563703e+03 9.977886090386217655e-01
4.463121631759718184e+03 9.975286816096766707e-01
4.463144842307578074e+03 1.000357462059100033e+00
4.463168052976145191e+03 1.003535194564746602e+00
4.463191263765420445e+03 1.005176693945543542e+00
4.463214474675402926e+03 1.005459978683066691e+00
4.463237685706094453e+03 1.007831901017138598e+00
4.463260896857495936e+03 1.005093999248899417e+00
4.463284108129606466e+03 9.965771750467774526e-01
4.463307319522428770e+03 9.944266369365620806e-01
4.463330531035961030e+03 9.984391202997308090e-01
4.463353742670205975e+03 1.000019882330976495e+00
4.463376954425163603e+03 9.991264507905622816e-01
4.463400166300833916e+03 9.976932983212286610e-01
4.463423378297218733e+03 1.001993770340700696e+00
4.463446590414317143e+03 1.002719870850270478e+00
4.463469802652130966e+03 1.001832829162081717e+00
4.463493015010661111e+03 1.001953143499679122e+00
4.463516227489906669e+03 9.990491966699697191e-01
4.463539440089869458e+03 9.929556412313245151e-01
4.463562652810549480e+03 1.001064978350782342e+00
4.463585865651948552e+03 9.967453759322121298e-01
4.463609078614065766e+03 1.000322178362496039e+00
4.463632291696902939e+03 1.006496350045275268e+00
4.463655504900459164e+03 9.952141984840112698e-01
4.463678718224737167e+03 9.981953356574079228e-01
4.463701931669736041e+03 1.001652226597226303e+00
4.463725145235456694e+03 1.001116716787126437e+00
4.463748358921900035e+03 1.006178597631320670e+00
4.463771572729066975e+03 1.002908063273625583e+00
4.463794786656957513e+03 1.003287464708632948e+00
4.463818000705572558e+03 1.001935335890946188e+00
4.463841214874912112e+03 1.007683812552286229e+00
4.463864429164977992e+03 1.002861464152851712e+00
4.463887643575770198e+03 1.002967733623517654e+00
4.463910858107289641e+03 1.001594347712750022e+00
4.463934072759536321e+03 9.981611025264306436e-01
4.463957287532511145e+03 1.002596928259745113e+00
4.463980502426215025e+03 9.971571847811772082e-01
4.464003717440647961e+03 9.985340318254487535e-01
4.464026932575811770e+03 9.991192547025546933e-01
4.464050147831705544e+03 9.982352192617637288e-01
4.464073363208331102e+03 9.988029514489240590e-01
4.464096578705689353e+03 9.963389902675315879e-01
4.464119794323779388e+03 9.933293954666438941e-01
4.464143010062603025e+03 9.985318042783510872e-01
4.464166225922160265e+03 9.999253065165077947e-01
4.464189441902452018e+03 9.977472388327195407e-01
4.464212658003479191e+03 9.992911065636638224e-01
4.464235874225241787e+03 9.969205310960169708e-01
4.464259090567740714e+03 1.002348335162296822e+00
4.464282307030976881e+03 1.000759618601913425e+00
4.464305523614951198e+03 9.956007508967590347e-01
4.464328740319662757e+03 9.967222411010050465e-01
4.464351957145114284e+03 9.960118073936357064e-01
4.464375174091304871e+03 9.960613828288116256e-01
4.464398391158235427e+03 9.984178543519520721e-01
4.464421608345906861e+03 1.002287533004669662e+00
4.464444825654319175e+03 1.002112848322648686e+00
4.464468043083474186e+03 9.971714319022506601e-01
4.464491260633371894e+03 1.000573084532719870e+00
4.464514478304013210e+03 9.999982546140555595e-01
4.464537696095398132e+03 9.988745491537123211e-01
4.464560914007527572e+03 1.000289503738525099e+00
4.464584132040402437e+03 9.967016344657315674e-01
4.464607350194022729e+03 9.980294908453286595e-01
4.464630568468389356e+03 9.960725661852914969e-01
4.464653786863503228e+03 1.001070448505734012e+00
4.464677005379365255e+03 1.000135496203881980e+00
4.464700224015975436e+03 9.911690709321396842e-01
4.464723442773333772e+03 9.988691473739407245e-01
4.464746661651442992e+03 9.999262902780819973e-01
4.464769880650301275e+03 1.004434214867972797e+00
4.464793099769911350e+03 9.944778233357185471e-01
4.464816319010272309e+03 9.958345643897726918e-01
4.464839538371385061e+03 9.943109992252449070e-01
4.464862757853251424e+03 9.972620032251334754e-01
4.464885977455870488e+03 9.956662443159502995e-01
4.464909197179243165e+03 9.938124875709215544e-01
4.464932417023371272e+03 9.965860154097829771e-01
4.464955636988254810e+03 9.909597848295146338e-01
4.464978857073893778e+03 9.984847527565360314e-01
4.465002077280289086e+03 9.981840379120466844e-01
4.465025297607441644e+03 9.946256432386797464e-01
4.465048518055351451e+03 9.922291562833555068e-01
4.465071738624020327e+03 9.939990383635114446e-01
4.465094959313448271e+03 9.949076299215293684e-01
4.465118180123635284e+03 9.956104471201798756e-01
4.465141401054582275e+03 9.945584998250421860e-01
4.465164622106291063e+03 9.946795526196925419e-01
4.465187843278760738e+03 9.933062198587009339e-01
4.465211064571993120e+03 9.928311280289532359e-01
4.465234285985988208e+03 9.873496231632977738e-01
4.465257507520746003e+03 9.878691246608457543e-01
4.465280729176268323e+03 9.866886776749254073e-01
4.465303950952555169e+03 9.896947169428802482e-01
4.465327172849607450e+03 9.886510752014771031e-01
4.465350394867426076e+03 9.927853077149719763e-01
4.465373617006010136e+03 9.891846498505805219e-01
4.465396839265362360e+03 9.852317761531771412e-01
4.465420061645481837e+03 9.891323713467563561e-01
4.465443284146370388e+03 9.911207710135514493e-01
4.465466506768027102e+03 9.886929443756742319e-01
4.465489729510453799e+03 9.876590540814971231e-01
4.465512952373651387e+03 9.851018465444294492e-01
4.465536175357618959e+03 9.873170825525264815e-01
4.465559398462359241e+03 9.851723123464916076e-01
4.465582621687870414e+03 9.861264993106980681e-01
4.465605845034155209e+03 9.889523630068727256e-01
4.465629068501213624e+03 9.907286291262673572e-01
4.465652292089045659e+03 9.864861284362788085e-01
4.465675515797652224e+03 9.871425627250893786e-01
4.465698739627034229e+03 9.858890896274876692e-01
4.465721963577192582e+03 9.885172304531546494e-01
4.465745187648127285e+03 9.922255775188435489e-01
4.465768411839839246e+03 9.959600830735648724e-01
4.465791636152329374e+03 9.853487222416433822e-01
4.465814860585597671e+03 9.866434609813475864e-01
4.465838085139645045e+03 9.842541745729527225e-01
4.465861309814471497e+03 9.883774433985779151e-01
4.465884534610078845e+03 9.847248751716545234e-01
4.465907759526467999e+03 9.870185580109362977e-01
4.465930984563638049e+03 9.827500929641761473e-01
4.465954209721589905e+03 9.822103124417059794e-01
4.465977435000325386e+03 9.808312140568470339e-01
4.466000660399843582e+03 9.846424726836719987e-01
4.466023885920146313e+03 9.895436760133998755e-01
4.466047111561234487e+03 9.852368067500950621e-01
4.466070337323107196e+03 9.829344471772323288e-01
4.466093563205766259e+03 9.826874103370316638e-01
4.466116789209211674e+03 9.841852890669554599e-01
4.466140015333444353e+03 9.876496037022609586e-01
4.466163241578465204e+03 9.847319073338423046e-01
4.466186467944274227e+03 9.833029092992876530e-01
4.466209694430873242e+03 9.843141336444115597e-01
4.466232921038261338e+03 9.830521623676786724e-01
4.466256147766439426e+03 9.840794461036009855e-01
4.466279374615409324e+03 9.872638756797383897e-01
4.466302601585171033e+03 9.876446794044103639e-01
4.466325828675724551e+03 9.845721686261498240e-01
4.466349055887070790e+03 9.836110699653426437e-01
4.466372283219210658e+03 9.825413701413838741e-01
4.466395510672145065e+03 9.816280565127017965e-01
4.466418738245874010e+03 9.853890158554839962e-01
4.466441965940398404e+03 9.841901468388103424e-01
4.466465193755719156e+03 9.842867869559923655e-01
4.466488421691836265e+03 9.857832830115161871e-01
4.466511649748750642e+03 9.840956274689531824e-01
4.466534877926463196e+03 9.789083785785422931e-01
4.466558106224974836e+03 9.870789993168899157e-01
4.466581334644284652e+03 9.828426773028615671e-01
4.466604563184395374e+03 9.843788689903614220e-01
4.466627791845305183e+03 9.851906048031363605e-01
4.466651020627016806e+03 9.848517958279472406e-01
4.466674249529530243e+03 9.816374609721824074e-01
4.466697478552846405e+03 9.812913421788730384e-01
4.466720707696965292e+03 9.844018897545453450e-01
4.466743936961886902e+03 9.830778860099966820e-01
4.466767166347613966e+03 9.820436237774168298e-01
4.466790395854144663e+03 9.804790584773652729e-01
4.466813625481481722e+03 9.850164567201719068e-01
4.466836855229625144e+03 9.855501582220159706e-01
4.466860085098574928e+03 9.834494316426170002e-01
4.466883315088331983e+03 9.772928448586197803e-01
4.466906545198896310e+03 9.824823305864419654e-01
4.466929775430270638e+03 9.867572586744669527e-01
4.466953005782453147e+03 9.826236344436600767e-01
4.466976236255446565e+03 9.807075971609742204e-01
4.466999466849249984e+03 9.795258300749927205e-01
4.467022697563864313e+03 9.846023888645383249e-01
4.467045928399290460e+03 9.839760460743363080e-01
4.467069159355529337e+03 9.801332301219352061e-01
4.467092390432580942e+03 9.795602930024299715e-01
4.467115621630446185e+03 9.827818086805143460e-01
4.467138852949125976e+03 9.852898140505842450e-01
4.467162084388620315e+03 9.854211160079849874e-01
4.467185315948930111e+03 9.836220053799102914e-01
4.467208547630056273e+03 9.842734693313395233e-01
4.467231779431999712e+03 9.871217651548972460e-01
4.467255011354759517e+03 9.820431735855759126e-01
4.467278243398338418e+03 9.806463650934248433e-01
4.467301475562735504e+03 9.841483273292858103e-01
4.467324707847951686e+03 9.833570463720069377e-01
4.467347940253988781e+03 9.863639084642887855e-01
4.467371172780844972e+03 9.798404327378733569e-01
4.467394405428523896e+03 9.871150918018035680e-01
4.467417638197023734e+03 9.822675198346270120e-01
4.467440871086346306e+03 9.858856812022467331e-01
4.467464104096491610e+03 9.841769879650745789e-01
4.467487337227460557e+03 9.751793685497380793e-01
4.467510570479254056e+03 9.835222929473970144e-01
4.467533803851873017e+03 9.886578110083543702e-01
4.467557037345316530e+03 9.858462311440006065e-01
4.467580270959587324e+03 9.844809219142144352e-01
4.467603504694684489e+03 9.832140434465996837e-01
4.467626738550608934e+03 9.822202430957266417e-01
4.467649972527361570e+03 9.839690331382514588e-01
4.467673206624943305e+03 9.843508925914365992e-01
4.467696440843354139e+03 9.811393194880525526e-01
4.467719675182594983e+03 9.840197969758277541e-01
4.467742909642666746e+03 9.829539428415026148e-01
4.467766144223569427e+03 9.807567385351735334e-01
4.467789378925303936e+03 9.809461702597116473e-01
4.467812613747871183e+03 9.788296359146263503e-01
4.467835848691271167e+03 9.816010741760926583e-01
4.467859083755504798e+03 9.731529444730258049e-01
4.467882318940572986e+03 9.766856571702298151e-01
4.467905554246476640e+03 9.810356922381344713e-01
4.467928789673215761e+03 9.758202946649087162e-01
4.467952025220791256e+03 9.804606487052244246e-01
4.467975260889203128e+03 9.747925587126509139e-01
4.467998496678453193e+03 9.838500699771147717e-01
4.468021732588540544e+03 9.795332437583752494e-01
4.468044968619466999e+03 9.741544560095415362e-01
4.468068204771233468e+03 9.804331131130977761e-01
4.468091441043839950e+03 9.710202515543516766e-01
4.468114677437286446e+03 9.761299424739430242e-01
4.468137913951574774e+03 9.723175699506172442e-01
4.468161150586704935e+03 9.738130151271370272e-01
4.468184387342676928e+03 9.773312516629556468e-01
4.468207624219492573e+03 9.763188884745250817e-01
4.468230861217152778e+03 9.771060852371235006e-01
4.468254098335656636e+03 9.809317680829293673e-01
4.468277335575005964e+03 9.748599536813207234e-01
4.468300572935200762e+03 9.744622509249563080e-01
4.468323810416241031e+03 9.785327184847590898e-01
4.468347048018129499e+03 9.740868401494937601e-01
4.468370285740865256e+03 9.740006296360963489e-01
4.468393523584449213e+03 9.721452965858399242e-01
4.468416761548881368e+03 9.706469997157980423e-01
4.468439999634163541e+03 9.692121127577204565e-01
4.468463237840296642e+03 9.722110581046238265e-01
4.468486476167278852e+03 9.752481326068001000e-01
4.468509714615113808e+03 9.674425183977154452e-01
4.468532953183799691e+03 9.716998715495178685e-01
4.468556191873339230e+03 9.707999652918333222e-01
4.468579430683731516e+03 9.649617405634507428e-01
4.468602669614977458e+03 9.713232956878306013e-01
4.468625908667077965e+03 9.665824641292142250e-01
4.468649147840033947e+03 9.661990338994503880e-01
4.468672387133845405e+03 9.702612186320510590e-01
4.468695626548513246e+03 9.685620997604335036e-01
4.468718866084037472e+03 9.654475842212548731e-01
4.468742105740419902e+03 9.665624421176812753e-01
4.468765345517661444e+03 9.666307397746063401e-01
4.468788585415760281e+03 9.604979241161779591e-01
4.468811825434720049e+03 9.655748635064190788e-01
4.468835065574538930e+03 9.743900992527683158e-01
4.468858305835219653e+03 9.680209694232758677e-01
4.468881546216761308e+03 9.643570197081927642e-01
4.468904786719164804e+03 9.610139651713464071e-01
4.468928027342431051e+03 9.575845195722096914e-01
4.468951268086560049e+03 9.611350809130592143e-01
4.468974508951553616e+03 9.581401646644445158e-01
4.468997749937411754e+03 9.515702971401437393e-01
4.469020991044135371e+03 9.530478653748453155e-01
4.469044232271724468e+03 9.622854169918217959e-01
4.469067473620179953e+03 9.572000712763962804e-01
4.469090715089501828e+03 9.512027332708111738e-01
4.469113956679691910e+03 9.527695703597409693e-01
4.469137198390751109e+03 9.431766098624471129e-01
4.469160440222678517e+03 9.510920296998565115e-01
4.469183682175475042e+03 9.443069067056760746e-01
4.469206924249142503e+03 9.451358361663979579e-01
4.469230166443680901e+03 9.384278152435970854e-01
4.469253408759090235e+03 9.470425928235002289e-01
4.469276651195372324e+03 9.402940128448906698e-01
4.469299893752526259e+03 9.418335655163477815e-01
4.469323136430554769e+03 9.312171595275395841e-01
4.469346379229456033e+03 9.337366844835524038e-01
4.469369622149232782e+03 9.395980748664025661e-01
4.469392865189884105e+03 9.388224027743374833e-01
4.469416108351411822e+03 9.317591293243527861e-01
4.469439351633815932e+03 9.266085644017021394e-01
4.469462595037097344e+03 9.270102964965675207e-01
4.469485838561256060e+03 9.267745397859131762e-01
4.469509082206292987e+03 9.266813891827020422e-01
4.469532325972209037e+03 9.231158858987507099e-01
4.469555569859005118e+03 9.211780253053425405e-01
4.469578813866681230e+03 9.194991301788726368e-01
4.469602057995238283e+03 9.181203188563500373e-01
4.469625302244677187e+03 9.141087761530823919e-01
4.469648546614997940e+03 9.180345481103950878e-01
4.469671791106201454e+03 9.135197482200191343e-01
4.469695035718288636e+03 9.071393889899764806e-01
4.469718280451259488e+03 9.123749598683265072e-01
4.469741525305114919e+03 9.084922194989076827e-01
4.469764770279855838e+03 9.027643028822098792e-01
4.469788015375483155e+03 8.993142859536393807e-01
4.469811260591996870e+03 8.965890326390173470e-01
4.469834505929396983e+03 9.023367682083126562e-01
4.469857751387685312e+03 8.891601385544655178e-01
4.469880996966862767e+03 8.891682708692593140e-01
4.469904242666928440e+03 8.935832359265962754e-01
4.469927488487884148e+03 8.874771001824424133e-01
4.469950734429729891e+03 8.865804417480520616e-01
4.469973980492467490e+03 8.839992506333308464e-01
4.469997226676096034e+03 8.810140706525204646e-01
4.470020472980616432e+03 8.788923390541824032e-01
4.470043719406030505e+03 8.788880956202405059e-01
4.470066965952337341e+03 8.744138026884086257e-01
4.470090212619538761e+03 8.729697785386001385e-01
4.470113459407634764e+03 8.712117036162272399e-01
4.470136706316625350e+03 8.679187619087060934e-01
4.470159953346513248e+03 8.647977257990620004e-01
4.470183200497296639e+03 8.648906591369075469e-01
4.470206447768978251e+03 8.696878535001321131e-01
4.470229695161557174e+03 8.600646712860396947e-01
4.470252942675034319e+03 8.618704082155198565e-01
4.470276190309410595e+03 8.517290754483576309e-01
4.470299438064686910e+03 8.534291740175037333e-01
4.470322685940864176e+03 8.527963819548802782e-01
4.470345933937941481e+03 8.473143794621365021e-01
4.470369182055921556e+03 8.472149636179554522e-01
4.470392430294802580e+03 8.431152237186828602e-01
4.470415678654587282e+03 8.432785154494583102e-01
4.470438927135275662e+03 8.434478356288896972e-01
4.470462175736867721e+03 8.402317947116536567e-01
4.470485424459365277e+03 8.351963342919590527e-01
4.470508673302767420e+03 8.329329074953180090e-01
4.470531922267075970e+03 8.329857447506741064e-01
4.470555171352291836e+03 8.348768011067053685e-01
4.470578420558414109e+03 8.347810115908754769e-01
4.470601669885444608e+03 8.232693552727607944e-01
4.470624919333383332e+03 8.248008229815240178e-01
4.470648168902231191e+03 8.247147472352972519e-01
4.470671418591990005e+03 8.234428899836654381e-01
4.470694668402657953e+03 8.222867805140708919e-01
4.470717918334237766e+03 8.191839820880405520e-01
4.470741168386729441e+03 8.224973310120975434e-01
4.470764418560132981e+03 8.118929773071630329e-01
4.470787668854449294e+03 8.224484077352742784e-01
4.470810919269679289e+03 8.165343874254746837e-01
4.470834169805823876e+03 8.088715173576490614e-01
4.470857420462883056e+03 8.047666958239788615e-01
4.470880671240857737e+03 8.021083753538070793e-01
4.470903922139748829e+03 8.044032051809194561e-01
4.470927173159556332e+03 8.049511695184586868e-01
4.470950424300281156e+03 8.040564659425221139e-01
4.470973675561924210e+03 7.977485979272604943e-01
4.470996926944485494e+03 7.950577514691931080e-01
4.471020178447965918e+03 7.979554773619341734e-01
4.471043430072366391e+03 7.944300465932490063e-01
4.471066681817687822e+03 7.902039482391399750e-01
4.471089933683930212e+03 7.917350338351571981e-01
4.471113185671094470e+03 7.873210489088929842e-01
4.471136437779180596e+03 7.893194131458705076e-01
4.471159690008190410e+03 7.943829260971493333e-01
4.471182942358123910e+03 7.930769294554700366e-01
4.471206194828981097e+03 7.837470132207804419e-01
4.471229447420762881e+03 7.799846131531041893e-01
4.471252700133471080e+03 7.825327437650330120e-01
4.471275952967104786e+03 7.746987203665504085e-01
4.471299205921665816e+03 7.791371592175445615e-01
4.471322458997154172e+03 7.804252997269602865e-01
4.471345712193570762e+03 7.789523261175217428e-01
4.471368965510915586e+03 7.740974334232672005e-01
4.471392218949190465e+03 7.771418675915586771e-01
4.471415472508394487e+03 7.710291540454851100e-01
4.471438726188529472e+03 7.709865677666523087e-01
4.471461979989595420e+03 7.690896710757803012e-01
4.471485233911593241e+03 7.670603690839349342e-01
4.471508487954523844e+03 7.681975114151230466e-01
4.471531742118387228e+03 7.683603216015113535e-01
4.471554996403184305e+03 7.662750846382743175e-01
4.471578250808915072e+03 7.629258628129247377e-01
4.471601505335582260e+03 7.647206204427445808e-01
4.471624759983184049e+03 7.582513839599301919e-01
4.471648014751722258e+03 7.627470340413236016e-01
4.471671269641197796e+03 7.655377538145698990e-01
4.471694524651609754e+03 7.592870180074662301e-01
4.471717779782960861e+03 7.608341466183614621e-01
4.471741035035250206e+03 7.552523966175570536e-01
4.471764290408479610e+03 7.528332782438117432e-01
4.471787545902648162e+03 7.601573124845528717e-01
4.471810801517757682e+03 7.613166178060425393e-01
4.471834057253808169e+03 7.615011107820378600e-01
4.471857313110801442e+03 7.600027438427198190e-01
4.471880569088736593e+03 7.608065920693179995e-01
4.471903825187614530e+03 7.601181884282824930e-01
4.471927081407437072e+03 7.574863679147246787e-01
4.471950337748203310e+03 7.614217441966655286e-01
4.471973594209915063e+03 7.612140808291603111e-01
4.471996850792572332e+03 7.589231446803693659e-01
4.472020107496176024e+03 7.587332275934777215e-01
4.472043364320726141e+03 7.601831648522473506e-01
4.472066621266224502e+03 7.579341657833679191e-01
4.472089878332670196e+03 7.649497148442274685e-01
4.472113135520065043e+03 7.632626203524967012e-01
4.472136392828409953e+03 7.672528717628560591e-01
4.472159650257704016e+03 7.701816083225626608e-01
4.472182907807949960e+03 7.674001358260401640e-01
4.472206165479145966e+03 7.678468629301604675e-01
4.472229423271294763e+03 7.733563208814568934e-01
4.472252681184395442e+03 7.734037539713128906e-01
4.472275939218449821e+03 7.740152785130114399e-01
4.472299197373457901e+03 7.806754825509525375e-01
4.472322455649420590e+03 7.782701693897396966e-01
4.472345714046338799e+03 7.817876397396379407e-01
4.472368972564211617e+03 7.791750868876087255e-01
4.472392231203041774e+03 7.820128609223724325e-01
4.472415489962828360e+03 7.880585675407233426e-01
4.472438748843573194e+03 7.883000192279293605e-01
4.472462007845275366e+03 7.927480478738756497e-01
4.472485266967936695e+03 7.944640911244943426e-01
4.472508526211558092e+03 7.983471933466734782e-01
4.472531785576139555e+03 8.040083467620399160e-01
4.472555045061681085e+03 8.020309597244859035e-01
4.472578304668184501e+03 8.110069415778962121e-01
4.472601564395649802e+03 8.091601317418808392e-01
4.472624824244077899e+03 8.145008246406382213e-01
4.472648084213468792e+03 8.136743968375250713e-01
4.472671344303824299e+03 8.121686211944890710e-01
4.472694604515143510e+03 8.167277590006956078e-01
4.472717864847428245e+03 8.158814324527332573e-01
4.472741125300679414e+03 8.124880247779983078e-01
4.472764385874896107e+03 8.175929134308239643e-01
4.472787646570080142e+03 8.276460087205897986e-01
4.472810907386232429e+03 8.307382360382428166e-01
4.472834168323352969e+03 8.265458322564226412e-01
4.472857429381441762e+03 8.323572084836546869e-01
4.472880690560500625e+03 8.365781220581485211e-01
4.472903951860529560e+03 8.392422397035539383e-01
4.472927213281528566e+03 8.432197329427495447e-01
4.472950474823499462e+03 8.458162925095865647e-01
4.472973736486443158e+03 8.466001809518335364e-01
4.472996998270358745e+03 8.450930866362376115e-01
4.473020260175248040e+03 8.501300975291794515e-01
4.473043522201111955e+03 8.628994789435900925e-01
4.473066784347949579e+03 8.630554458925051575e-01
4.473090046615762731e+03 8.625029483294845978e-01
4.473113309004551411e+03 8.639729516316622115e-01
4.473136571514316529e+03 8.613009787736947143e-01
4.473159834145058994e+03 8.690856281428543939e-01
4.473183096896779716e+03 8.710989398472521739e-01
4.473206359769478695e+03 8.740396361606219688e-01
4.473229622763155930e+03 8.764119100210446822e-01
4.473252885877813242e+03 8.788013154658563808e-01
4.473276149113450629e+03 8.758370866266180776e-01
4.473299412470069910e+03 8.741344191951655462e-01
4.473322675947669268e+03 8.879267422244081498e-01
4.473345939546251429e+03 8.875925648098730303e-01
4.473369203265816395e+03 8.871624948003847821e-01
4.473392467106365075e+03 8.931140646342810019e-01
4.473415731067897468e+03 8.986680851564337047e-01
4.473438995150414485e+03 8.980826501878204082e-01
4.473462259353917034e+03 9.066033307761963700e-01
4.473485523678405116e+03 9.066871222924889340e-01
4.473508788123879640e+03 9.112579638123250447e-01
4.473532052690341516e+03 9.119079834558784237e-01
4.473555317377791653e+03 9.121738153211373934e-01
4.473578582186230051e+03 9.111336785171718633e-01
4.473601847115657620e+03 9.146651515294778045e-01
4.473625112166074359e+03 9.212494441099939868e-01
4.473648377337482088e+03 9.278303312596541952e-01
4.473671642629879898e+03 9.243587171873326458e-01
4.473694908043269606e+03 9.185424464598547223e-01
4.473718173577652124e+03 9.311493853890264738e-01
4.473741439233027450e+03 9.297189370733929259e-01
4.473764705009395584e+03 9.230396849428499362e-01
4.473787970906758346e+03 9.310811627618382769e-01
4.473811236925115736e+03 9.379491424349885031e-01
4.473834503064468663e+03 9.362256588741881824e-01
4.473857769324817127e+03 9.356586163644811105e-01
4.473881035706162038e+03 9.392247606465171650e-01
4.473904302208505214e+03 9.411179507550269108e-01
4.473927568831844837e+03 9.370944386036191842e-01
4.473950835576184545e+03 9.401602507418005406e-01
4.473974102441522518e+03 9.405492523307775743e-01
4.473997369427860576e+03 9.507997484135503052e-01
4.474020636535198719e+03 9.540499425931806554e-01
4.474043903763537855e+03 9.529337682567937673e-01
4.474067171112878896e+03 9.548413452217798802e-01
4.474090438583221840e+03 9.557666185657984759e-01
4.474113706174567596e+03 9.549462321757852257e-01
4.474136973886917986e+03 9.640808321386891144e-01
4.474160241720271188e+03 9.658668127250360502e-01
4.474183509674629931e+03 9.637696414095584529e-01
4.474206777749994217e+03 9.680264579835577976e-01
4.474230045946364953e+03 9.667986295757148296e-01
4.474253314263741231e+03 9.654738436459333606e-01
4.474276582702125779e+03 9.646480763251377155e-01
4.474299851261517688e+03 9.734764064318149890e-01
4.474323119941918776e+03 9.729770875768313232e-01
4.474346388743328134e+03 9.748584691109116740e-01
4.474369657665748491e+03 9.792754535992698184e-01
4.474392926709178028e+03 9.776025918682064164e-01
4.474416195873619472e+03 9.764533135126752805e-01
4.474439465159072824e+03 9.742617108603692788e-01
4.474462734565538085e+03 9.767443499928436523e-01
4.474486004093017073e+03 9.835271162900047770e-01
4.474509273741508878e+03 9.829248377259803826e-01
4.474532543511015319e+03 9.862311833346865120e-01
4.474555813401536398e+03 9.805455469954655889e-01
4.474579083413073022e+03 9.885083852784873892e-01
4.474602353545625192e+03 9.887634843984879351e-01
4.474625623799194727e+03 9.798921074001879505e-01
4.474648894173781628e+03 9.877848932466842813e-01
4.474672164669386802e+03 9.919348871232717135e-01
4.474695435286010252e+03 9.855306156500438508e-01
4.474718706023652885e+03 9.867946738556623298e-01
4.474741976882316521e+03 9.904574872975638877e-01
4.474765247861999342e+03 9.891474047708964656e-01
4.474788518962704075e+03 9.808561522571178637e-01
4.474811790184429810e+03 9.917680138323698991e-01
4.474835061527179278e+03 9.924637103716429376e-01
4.474858332990950657e+03 9.994935087033256504e-01
4.474881604575745769e+03 9.894736505538129778e-01
4.474904876281565521e+03 9.879031597776403162e-01
4.474928148108410824e+03 9.864447591783299663e-01
4.474951420056280767e+03 9.942080221106011084e-01
4.474974692125177171e+03 9.964679648143290880e-01
4.474997964315100944e+03 9.921040543598367289e-01
4.475021236626051177e+03 9.974035223847073084e-01
4.475044509058030599e+03 9.928670119733654653e-01
4.475067781611037390e+03 9.899336441513831852e-01
4.475091054285074279e+03 9.947729059453740419e-01
4.475114327080141265e+03 1.000759753453941636e+00
4.475137599996239260e+03 1.000055098157104583e+00
4.475160873033368262e+03 9.989928341980506277e-01
4.475184146191528271e+03 1.001773727569197581e+00
4.475207419470722016e+03 1.002724031286422290e+00
4.475230692870947678e+03 1.003654129400848749e+00
4.475253966392207985e+03 9.957964179025935447e-01
4.475277240034502029e+03 9.981247191506817940e-01
4.475300513797831627e+03 9.999636168796416369e-01
4.475323787682196780e+03 9.977532557950959946e-01
4.475347061687598398e+03 9.972801285143509942e-01
4.475370335814036480e+03 9.928679435920833019e-01
4.475393610061511936e+03 9.910566353157107544e-01
4.475416884430025675e+03 9.949141054157291109e-01
4.475440158919578607e+03 9.987827977448744399e-01
4.475463433530170732e+03 9.930820009845631180e-01
4.475486708261802960e+03 9.994568966806791632e-01
4.475509983114475290e+03 1.007104972438758628e+00
4.475533258088189541e+03 9.953546945427825809e-01
4.475556533182945714e+03 1.005454196330153760e+00
4.475579808398744717e+03 1.004761637887497283e+00
4.475603083735586551e+03 9.964760526959982601e-01
4.475626359193472126e+03 1.002684152431865705e+00
4.475649634772402351e+03 9.996617418326505522e-01
4.475672910472377225e+03 9.954926510127932726e-01
4.475696186293398569e+03 1.000020632682367072e+00
4.475719462235465471e+03 9.963745746380168189e-01
4.475742738298579752e+03 1.002059040553745728e+00
4.475766014482741411e+03 9.975133807358156357e-01
4.475789290787951359e+03 9.941805040495927948e-01
4.475812567214210503e+03 9.938425723995136796e-01
4.475835843761518845e+03 9.946977646646684157e-01
4.475859120429877294e+03 1.005160662950576933e+00
4.475882397219286759e+03 1.006854537222186874e+00
4.475905674129748149e+03 1.001807649905642972e+00
4.475928951161260557e+03 1.005765721285446723e+00
4.475952228313825799e+03 1.001946781034585898e+00
4.475975505587444786e+03 9.978396747575520864e-01
4.475998782982116609e+03 9.984486876339094819e-01
4.476022060497843995e+03 9.957088461677781055e-01
4.476045338134626036e+03 1.000607949406184138e+00
4.476068615892464550e+03 9.970911095204695318e-01
4.476091893771358627e+03 9.931217262128930745e-01
4.476115171771310088e+03 1.002771354553393612e+00
4.476138449892318931e+03 1.001809363351778170e+00
4.476161728134386976e+03 1.005190574416255700e+00
4.476185006497513314e+03 9.999828105932487832e-01
4.476208284981698853e+03 1.001041520690830078e+00
4.476231563586944503e+03 9.967296345063463292e-01
4.476254842313252084e+03 1.001210814556650508e+00
4.476278121160620685e+03 1.002010401351398405e+00
4.476301400129051217e+03 1.003821231799315372e+00
4.476324679218543679e+03 9.957293685730670418e-01
4.476347958429100800e+03 1.000080335116712682e+00
4.476371237760720760e+03 1.004511497104668472e+00
4.476394517213406289e+03 9.994265275120940428e-01
4.476417796787156476e+03 1.000067465571677916e+00
4.476441076481972232e+03 9.944708575124869832e-01
4.476464356297855375e+03 9.999182657622316395e-01
4.476487636234804995e+03 9.993237809214475798e-01
4.476510916292822913e+03 1.001549922268431647e+00
4.476534196471908217e+03 1.004036650166178157e+00
4.476557476772063637e+03 1.003398634833682745e+00
4.476580757193288264e+03 9.957327429239427596e-01
4.476604037735583006e+03 9.970739511321717874e-01
4.476627318398948773e+03 9.988177242208601259e-01
4.476650599183386475e+03 1.000800265516290422e+00
4.476673880088895203e+03 1.003881963423358226e+00
4.476697161115477684e+03 1.006367312534244718e+00
4.476720442263133009e+03 1.001823268125195732e+00
4.476743723531862997e+03 9.962984475436541532e-01
4.476767004921667649e+03 1.001652556344344802e+00
4.476790286432546964e+03 9.967327617315732136e-01
4.476813568064502761e+03 1.002407206633839865e+00
4.476836849817535040e+03 9.991821027384877318e-01
4.476860131691643801e+03 9.976505158089278291e-01
4.476883413686831773e+03 1.004078607837602055e+00
4.476906695803097136e+03 1.001939329634883080e+00
4.476929978040441711e+03 1.000062012384786314e+00
4.476953260398866405e+03 9.980371290633878179e-01
4.476976542878371220e+03 9.967192063392809054e-01
4.476999825478957064e+03 9.986839378565572911e-01
4.477023108200623938e+03 9.981871987237642685e-01
4.477046391043373660e+03 9.960828410783121312e-01
4.477069674007206231e+03 1.001514882180565502e+00
4.477092957092121651e+03 1.002980071137252738e+00
4.477116240298121738e+03 1.003262864470797044e+00
4.477139523625206493e+03 9.993351378279996533e-01
4.477162807073376825e+03 9.965019413103332058e-01
4.477186090642632735e+03 9.977677610999962088e-01
4.477209374332976040e+03 1.001207162128826322e+00
4.477232658144405832e+03 1.000296794291781310e+00
4.477255942076923930e+03 9.971799141323185456e-01
4.477279226130530333e+03 9.995060627677275766e-01
4.477302510305225951e+03 9.973247512522602776e-01
4.477325794601011694e+03 1.001756383733281908e+00
4.477349079017887561e+03 1.003661931177215028e+00
4.477372363555854463e+03 9.959316063789430684e-01
4.477395648214913308e+03 1.002738579401914354e+00
4.477418932995064097e+03 1.001198939290356860e+00
4.477442217896307739e+03 1.005948547101972901e+00
4.477465502918645143e+03 1.002803087322831521e+00
4.477488788062077219e+03 1.002329915062730725e+00
4.477512073326603058e+03 1.001361061279150366e+00
4.477535358712225388e+03 9.996778601070075432e-01
4.477558644218943300e+03 1.002944918470723312e+00
4.477581929846757703e+03 9.949718719014857271e-01
4.477605215595670415e+03 9.985245095859069941e-01
4.477628501465679619e+03 1.002602743847490707e+00
4.477651787456788952e+03 1.001635215846589100e+00
4.477675073568996595e+03 9.963819912736625595e-01
4.477698359802304367e+03 9.988952754425775016e-01
4.477721646156712268e+03 9.974635466267341988e-01
4.477744932632222117e+03 1.000567934131594283e+00
4.477768219228833004e+03 1.002971960940115537e+00
4.477791505946545840e+03 1.001216503993238138e+00
4.477814792785362442e+03 9.909191854875216698e-01
4.477838079745282812e+03 1.001562086563144716e+00
4.477861366826306948e+03 1.001119595614434976e+00
4.477884654028436671e+03 9.980694708492243716e-01
4.477907941351671070e+03 1.003110569857307510e+00
4.477931228796011965e+03 1.002896627986093581e+00
4.477954516361460264e+03 1.003524474340718342e+00
4.477977804048015059e+03 1.001119585416966107e+00
