# star name zetOri, line HEI4471
# instrument: HERMES spectrograph @Mercator
# date of observation (midpoint)2018-10-11T05:56:34.720057
# BJD of observation (midpoint)2458402.7496937
# name of fits file: 00897645_HRF_OBJ_ext_CosmicsRemoved_log_merged_c.fits
# 
# wavelength(Angstrom,air) normalised_flux
4.460012509882908489e+03 9.993867733299162115e-01
4.460035704261721548e+03 9.999746019792434826e-01
4.460058898761158162e+03 9.998056080060122586e-01
4.460082093381218328e+03 1.000061025170007278e+00
4.460105288121902049e+03 9.983268681210376583e-01
4.460128482983210233e+03 9.977859649034469536e-01
4.460151677965144700e+03 1.001246948253359914e+00
4.460174873067704539e+03 1.003391315469046585e+00
4.460198068290890660e+03 9.990504031825484521e-01
4.460221263634703973e+03 1.000069700648248183e+00
4.460244459099145388e+03 1.003344451504946111e+00
4.460267654684214904e+03 1.002317664906568373e+00
4.460290850389914340e+03 9.985092482710447026e-01
4.460314046216242787e+03 1.000387551626328753e+00
4.460337242163202063e+03 1.002869952738971060e+00
4.460360438230791260e+03 9.966448550737245782e-01
4.460383634419013106e+03 9.956281168588440034e-01
4.460406830727866691e+03 9.976046640833905466e-01
4.460430027157353834e+03 9.979939856662076725e-01
4.460453223707473626e+03 1.001405589266995744e+00
4.460476420378227886e+03 9.996508852079257768e-01
4.460499617169616613e+03 9.976632144967582105e-01
4.460522814081640718e+03 9.973918730042465874e-01
4.460546011114300200e+03 9.988144139997662263e-01
4.460569208267597787e+03 1.001751970993947527e+00
4.460592405541531662e+03 1.001688766183072454e+00
4.460615602936103642e+03 9.979828552613206893e-01
4.460638800451313728e+03 1.000210823821691131e+00
4.460661998087162829e+03 1.003798981078253494e+00
4.460685195843651854e+03 1.003101714116025223e+00
4.460708393720781714e+03 1.001975765262307139e+00
4.460731591718552409e+03 1.004005911350076330e+00
4.460754789836964846e+03 1.004051790749321826e+00
4.460777988076019028e+03 1.000310099540098419e+00
4.460801186435715863e+03 1.002308758592387106e+00
4.460824384916057170e+03 1.002728493552877298e+00
4.460847583517042040e+03 9.970175456185029761e-01
4.460870782238671381e+03 1.002040511186295113e+00
4.460893981080947015e+03 1.002165926479470226e+00
4.460917180043868029e+03 9.991065154622648103e-01
4.460940379127435335e+03 1.002426205254397074e+00
4.460963578331650751e+03 9.985855682560732527e-01
4.460986777656513368e+03 9.989949853077079167e-01
4.461009977102025005e+03 9.987527377688022456e-01
4.461033176668185661e+03 9.972430397291405235e-01
4.461056376354995336e+03 9.961866295764153501e-01
4.461079576162456760e+03 9.993689983714014735e-01
4.461102776090568113e+03 1.001331261357464308e+00
4.461125976139332124e+03 9.991146536709359927e-01
4.461149176308747883e+03 1.002107545410059419e+00
4.461172376598816300e+03 9.963962408515886215e-01
4.461195577009538283e+03 9.972017248746005702e-01
4.461218777540914743e+03 1.001468206426441965e+00
4.461241978192945680e+03 1.001548086593775810e+00
4.461265178965632913e+03 1.002238757234962252e+00
4.461288379858975532e+03 9.973263756532890767e-01
4.461311580872974446e+03 1.000195946076498421e+00
4.461334782007631475e+03 1.001331366172675708e+00
4.461357983262945709e+03 1.000958416317541122e+00
4.461381184638918967e+03 9.965218509334394792e-01
4.461404386135551249e+03 1.002412515850150676e+00
4.461427587752843465e+03 1.001538941061937971e+00
4.461450789490796524e+03 9.970493858559741351e-01
4.461473991349409516e+03 9.984267051572807139e-01
4.461497193328685171e+03 1.001190653284451226e+00
4.461520395428622578e+03 9.959770473394986556e-01
4.461543597649223557e+03 1.001424479421855418e+00
4.461566799990488107e+03 9.948999823104229812e-01
4.461590002452416229e+03 9.994493441137825007e-01
4.461613205035009742e+03 9.973691302046798768e-01
4.461636407738268645e+03 1.000425263713041524e+00
4.461659610562192938e+03 9.993487627392640960e-01
4.461682813506784441e+03 9.968750631101812587e-01
4.461706016572044064e+03 9.998056258245801020e-01
4.461729219757970895e+03 9.997431060010731896e-01
4.461752423064565846e+03 9.981140489193878196e-01
4.461775626491830735e+03 1.002039231333493374e+00
4.461798830039765562e+03 1.006487286104439605e+00
4.461822033708370327e+03 9.977142404364910400e-01
4.461845237497646849e+03 1.000902344676538824e+00
4.461868441407595128e+03 1.001856592557435865e+00
4.461891645438215164e+03 1.000093812043156616e+00
4.461914849589508776e+03 9.952003312765973497e-01
4.461938053861475055e+03 9.995780118907970913e-01
4.461961258254116728e+03 1.000406657782988207e+00
4.461984462767432888e+03 1.002450966261220433e+00
4.462007667401424442e+03 1.007168490513898451e+00
4.462030872156092300e+03 1.004149945449371417e+00
4.462054077031436464e+03 1.003808204793437131e+00
4.462077282027458750e+03 1.001090939122670997e+00
4.462100487144158251e+03 1.003731844711628796e+00
4.462123692381536785e+03 1.002348191518978915e+00
4.462146897739594351e+03 1.005038823255418823e+00
4.462170103218331860e+03 1.000667841713831718e+00
4.462193308817750221e+03 9.997625948567863130e-01
4.462216514537850344e+03 1.000339055290647705e+00
4.462239720378631318e+03 1.004864974423273383e+00
4.462262926340094964e+03 1.002090799538974508e+00
4.462286132422241280e+03 1.003520066751181883e+00
4.462309338625071177e+03 1.000733841599822815e+00
4.462332544948586474e+03 9.956551562261313215e-01
4.462355751392785351e+03 1.000635110283334406e+00
4.462378957957670536e+03 9.977815428134491071e-01
4.462402164643242031e+03 1.001309123914225996e+00
4.462425371449499835e+03 1.001129176346838401e+00
4.462448578376445766e+03 9.972930765346501580e-01
4.462471785424078917e+03 1.002847056089245514e+00
4.462494992592401104e+03 1.002661878169398335e+00
4.462518199881412329e+03 1.000408815263396090e+00
4.462541407291114410e+03 1.001480925577196590e+00
4.462564614821506439e+03 1.000372113395031182e+00
4.462587822472589323e+03 1.001375522547134578e+00
4.462611030244364883e+03 1.004615081649080643e+00
4.462634238136832209e+03 1.003898178127079932e+00
4.462657446149992211e+03 9.993613220796898622e-01
4.462680654283846707e+03 1.000324195003404526e+00
4.462703862538395697e+03 1.003760499047992472e+00
4.462727070913639182e+03 1.003052091915424660e+00
4.462750279409578070e+03 1.001404945442034622e+00
4.462773488026214181e+03 1.005942250018385886e+00
4.462796696763545697e+03 1.001056687168312864e+00
4.462819905621575344e+03 9.980430366855123081e-01
4.462843114600304034e+03 9.993991228203977784e-01
4.462866323699729946e+03 9.986004046007881385e-01
4.462889532919855810e+03 9.996253753100954320e-01
4.462912742260681625e+03 9.983242802638897517e-01
4.462935951722208301e+03 9.996566089050819004e-01
4.462959161304435838e+03 1.000748163974022109e+00
4.462982371007366055e+03 1.001715714865386131e+00
4.463005580830998042e+03 1.001894940734867401e+00
4.463028790775333619e+03 1.002259155131830726e+00
4.463052000840371875e+03 1.002835378115040088e+00
4.463075211026115539e+03 9.985627917776639384e-01
4.463098421332563703e+03 9.985247004067102639e-01
4.463121631759718184e+03 9.969445673855147350e-01
4.463144842307578074e+03 9.990982370193111084e-01
4.463168052976145191e+03 1.004257890149979460e+00
4.463191263765420445e+03 1.002818643635202456e+00
4.463214474675402926e+03 1.001495450806672238e+00
4.463237685706094453e+03 1.004997676302277432e+00
4.463260896857495936e+03 1.004571016782780601e+00
4.463284108129606466e+03 9.975684290206519034e-01
4.463307319522428770e+03 9.931357105477006675e-01
4.463330531035961030e+03 9.983236078515936862e-01
4.463353742670205975e+03 9.966662307095180973e-01
4.463376954425163603e+03 1.004310596454549565e+00
4.463400166300833916e+03 9.990313437030967636e-01
4.463423378297218733e+03 1.004450160270909276e+00
4.463446590414317143e+03 1.003961847198576063e+00
4.463469802652130966e+03 1.001922382707633785e+00
4.463493015010661111e+03 1.001699081026096838e+00
4.463516227489906669e+03 1.000936080410343099e+00
4.463539440089869458e+03 1.000143200564020507e+00
4.463562652810549480e+03 1.001242735794768635e+00
4.463585865651948552e+03 1.002443283678018826e+00
4.463609078614065766e+03 1.003203558741772472e+00
4.463632291696902939e+03 9.985084031705772079e-01
4.463655504900459164e+03 1.000131700816360603e+00
4.463678718224737167e+03 1.001194860660555186e+00
4.463701931669736041e+03 9.980551840120615026e-01
4.463725145235456694e+03 1.001922412598122758e+00
4.463748358921900035e+03 9.999636994783950295e-01
4.463771572729066975e+03 1.000199554819650949e+00
4.463794786656957513e+03 1.003172566114339359e+00
4.463818000705572558e+03 1.006630302295798307e+00
4.463841214874912112e+03 1.003144867821636810e+00
4.463864429164977992e+03 9.991984744272209840e-01
4.463887643575770198e+03 1.004901188976346615e+00
4.463910858107289641e+03 1.005979486462868611e+00
4.463934072759536321e+03 1.001371852119841810e+00
4.463957287532511145e+03 1.000113281687793343e+00
4.463980502426215025e+03 9.991456409234357183e-01
4.464003717440647961e+03 9.980861641035927434e-01
4.464026932575811770e+03 1.000259768717019160e+00
4.464050147831705544e+03 1.000128190239829129e+00
4.464073363208331102e+03 1.000803866579797363e+00
4.464096578705689353e+03 9.975448611094288598e-01
4.464119794323779388e+03 9.957788963936562432e-01
4.464143010062603025e+03 1.001118528702310773e+00
4.464166225922160265e+03 9.989110500066573639e-01
4.464189441902452018e+03 9.963027190299886815e-01
4.464212658003479191e+03 9.966607703142531527e-01
4.464235874225241787e+03 9.995004707976292702e-01
4.464259090567740714e+03 9.968305576414739910e-01
4.464282307030976881e+03 9.963031114922233922e-01
4.464305523614951198e+03 9.982598729815373995e-01
4.464328740319662757e+03 1.000028707419009066e+00
4.464351957145114284e+03 1.001129581923519307e+00
4.464375174091304871e+03 9.992282485388848112e-01
4.464398391158235427e+03 9.976668482545776317e-01
4.464421608345906861e+03 1.000096697911106780e+00
4.464444825654319175e+03 1.001335716204912352e+00
4.464468043083474186e+03 9.914917346519100949e-01
4.464491260633371894e+03 9.946021750019288232e-01
4.464514478304013210e+03 9.968973694065881297e-01
4.464537696095398132e+03 9.984400561303318211e-01
4.464560914007527572e+03 1.000517991467724022e+00
4.464584132040402437e+03 9.975745130533923977e-01
4.464607350194022729e+03 9.948286610872867364e-01
4.464630568468389356e+03 9.983255214293682567e-01
4.464653786863503228e+03 9.994470232544943045e-01
4.464677005379365255e+03 9.970347657886940995e-01
4.464700224015975436e+03 9.969293321611059078e-01
4.464723442773333772e+03 9.978912003196981351e-01
4.464746661651442992e+03 9.969355753009854215e-01
4.464769880650301275e+03 9.950444601860841676e-01
4.464793099769911350e+03 9.923275933997486309e-01
4.464816319010272309e+03 9.996603041875280482e-01
4.464839538371385061e+03 9.974245356454517486e-01
4.464862757853251424e+03 9.936496117653297322e-01
4.464885977455870488e+03 9.947249758392003871e-01
4.464909197179243165e+03 9.960931694998789165e-01
4.464932417023371272e+03 9.913512318747358387e-01
4.464955636988254810e+03 9.915235262404864525e-01
4.464978857073893778e+03 9.923276888639573912e-01
4.465002077280289086e+03 9.902093555334731123e-01
4.465025297607441644e+03 9.959858907209618861e-01
4.465048518055351451e+03 9.966178041641321483e-01
4.465071738624020327e+03 9.915018362324038437e-01
4.465094959313448271e+03 9.933261666131688594e-01
4.465118180123635284e+03 9.944850025694182971e-01
4.465141401054582275e+03 9.904074329364923601e-01
4.465164622106291063e+03 9.910448488131675671e-01
4.465187843278760738e+03 9.948044798780528719e-01
4.465211064571993120e+03 9.948565361486680914e-01
4.465234285985988208e+03 9.941643219452586111e-01
4.465257507520746003e+03 9.885979722673085002e-01
4.465280729176268323e+03 9.895876029441265098e-01
4.465303950952555169e+03 9.931624283926904218e-01
4.465327172849607450e+03 9.921930189948957590e-01
4.465350394867426076e+03 9.889443444184145005e-01
4.465373617006010136e+03 9.869897909135862957e-01
4.465396839265362360e+03 9.899740867418245216e-01
4.465420061645481837e+03 9.841774815867636583e-01
4.465443284146370388e+03 9.857913945786649368e-01
4.465466506768027102e+03 9.889581340399354881e-01
4.465489729510453799e+03 9.855199273292893913e-01
4.465512952373651387e+03 9.879235894140564467e-01
4.465536175357618959e+03 9.842301049356314557e-01
4.465559398462359241e+03 9.880907078913822028e-01
4.465582621687870414e+03 9.898439789750406170e-01
4.465605845034155209e+03 9.859475033556709400e-01
4.465629068501213624e+03 9.900985873265228943e-01
4.465652292089045659e+03 9.841347572605159133e-01
4.465675515797652224e+03 9.864493333996943170e-01
4.465698739627034229e+03 9.912478231708988785e-01
4.465721963577192582e+03 9.846931166642067801e-01
4.465745187648127285e+03 9.839555620472635322e-01
4.465768411839839246e+03 9.870370278545851361e-01
4.465791636152329374e+03 9.884026697014782759e-01
4.465814860585597671e+03 9.870304717196620725e-01
4.465838085139645045e+03 9.849175921964675728e-01
4.465861309814471497e+03 9.836357225888553435e-01
4.465884534610078845e+03 9.856822657733308457e-01
4.465907759526467999e+03 9.856197717168718730e-01
4.465930984563638049e+03 9.839794362069421707e-01
4.465954209721589905e+03 9.830175598056909436e-01
4.465977435000325386e+03 9.841718906586550686e-01
4.466000660399843582e+03 9.844998500149604315e-01
4.466023885920146313e+03 9.873600656942416176e-01
4.466047111561234487e+03 9.824746557177704842e-01
4.466070337323107196e+03 9.821632940714860593e-01
4.466093563205766259e+03 9.849793726376727676e-01
4.466116789209211674e+03 9.828876328543718621e-01
4.466140015333444353e+03 9.833987211526677985e-01
4.466163241578465204e+03 9.841109451528267105e-01
4.466186467944274227e+03 9.853130257771504086e-01
4.466209694430873242e+03 9.834862964869456325e-01
4.466232921038261338e+03 9.845188212590613164e-01
4.466256147766439426e+03 9.858827974265765848e-01
4.466279374615409324e+03 9.842967671721805090e-01
4.466302601585171033e+03 9.834068651240346348e-01
4.466325828675724551e+03 9.798278880421070758e-01
4.466349055887070790e+03 9.843351035949282624e-01
4.466372283219210658e+03 9.856609822050441672e-01
4.466395510672145065e+03 9.829524707883530166e-01
4.466418738245874010e+03 9.829934249592605644e-01
4.466441965940398404e+03 9.831396589325820390e-01
4.466465193755719156e+03 9.871872886794189617e-01
4.466488421691836265e+03 9.834910188433709788e-01
4.466511649748750642e+03 9.775708116360327660e-01
4.466534877926463196e+03 9.809789533172904585e-01
4.466558106224974836e+03 9.801286919731627689e-01
4.466581334644284652e+03 9.784287055465219485e-01
4.466604563184395374e+03 9.808186144311595855e-01
4.466627791845305183e+03 9.807455970398917255e-01
4.466651020627016806e+03 9.763533043337561113e-01
4.466674249529530243e+03 9.780783006734915519e-01
4.466697478552846405e+03 9.848007500795540325e-01
4.466720707696965292e+03 9.827641185864871565e-01
4.466743936961886902e+03 9.808491823482334837e-01
4.466767166347613966e+03 9.753881754599474929e-01
4.466790395854144663e+03 9.780450685455587267e-01
4.466813625481481722e+03 9.812161468283976395e-01
4.466836855229625144e+03 9.802874612159236944e-01
4.466860085098574928e+03 9.784155092476805038e-01
4.466883315088331983e+03 9.788086635825704596e-01
4.466906545198896310e+03 9.815592015789224023e-01
4.466929775430270638e+03 9.812801061038390893e-01
4.466953005782453147e+03 9.806190986165272960e-01
4.466976236255446565e+03 9.834652655638220775e-01
4.466999466849249984e+03 9.813759922332802033e-01
4.467022697563864313e+03 9.802738825674656153e-01
4.467045928399290460e+03 9.862402869874535849e-01
4.467069159355529337e+03 9.843414202841969107e-01
4.467092390432580942e+03 9.787250577474739810e-01
4.467115621630446185e+03 9.777770267271589377e-01
4.467138852949125976e+03 9.828817003974368305e-01
4.467162084388620315e+03 9.851023811035722888e-01
4.467185315948930111e+03 9.807537680583492401e-01
4.467208547630056273e+03 9.811440288748571881e-01
4.467231779431999712e+03 9.817061376751621271e-01
4.467255011354759517e+03 9.864680472641140785e-01
4.467278243398338418e+03 9.831721803116916236e-01
4.467301475562735504e+03 9.783615763161577217e-01
4.467324707847951686e+03 9.804378810673995970e-01
4.467347940253988781e+03 9.786902747661322399e-01
4.467371172780844972e+03 9.767481571497828030e-01
4.467394405428523896e+03 9.836426450776314390e-01
4.467417638197023734e+03 9.818315830805327549e-01
4.467440871086346306e+03 9.771937070694813876e-01
4.467464104096491610e+03 9.831683258891990018e-01
4.467487337227460557e+03 9.829562330039937068e-01
4.467510570479254056e+03 9.808043172076842398e-01
4.467533803851873017e+03 9.792249906994358044e-01
4.467557037345316530e+03 9.814985839146873614e-01
4.467580270959587324e+03 9.782803650583805632e-01
4.467603504694684489e+03 9.773312196832143472e-01
4.467626738550608934e+03 9.803358356659731543e-01
4.467649972527361570e+03 9.834070591592382060e-01
4.467673206624943305e+03 9.833123336036235784e-01
4.467696440843354139e+03 9.763091819626099621e-01
4.467719675182594983e+03 9.789279008910390933e-01
4.467742909642666746e+03 9.855285271445747286e-01
4.467766144223569427e+03 9.835595566500964226e-01
4.467789378925303936e+03 9.820774241632264090e-01
4.467812613747871183e+03 9.820444778251217199e-01
4.467835848691271167e+03 9.787861433640865361e-01
4.467859083755504798e+03 9.783933164227858192e-01
4.467882318940572986e+03 9.795706684946400289e-01
4.467905554246476640e+03 9.776068519886913499e-01
4.467928789673215761e+03 9.817481533196635857e-01
4.467952025220791256e+03 9.807296838712903364e-01
4.467975260889203128e+03 9.777054787757942789e-01
4.467998496678453193e+03 9.808577650344927346e-01
4.468021732588540544e+03 9.810526220517267193e-01
4.468044968619466999e+03 9.750354964304307481e-01
4.468068204771233468e+03 9.790631283983162181e-01
4.468091441043839950e+03 9.722487641950591231e-01
4.468114677437286446e+03 9.739329811430929018e-01
4.468137913951574774e+03 9.778137398743800279e-01
4.468161150586704935e+03 9.776747955320048700e-01
4.468184387342676928e+03 9.765687312977534562e-01
4.468207624219492573e+03 9.773745874997811223e-01
4.468230861217152778e+03 9.766113142635326483e-01
4.468254098335656636e+03 9.752646213186736412e-01
4.468277335575005964e+03 9.772398414497712738e-01
4.468300572935200762e+03 9.764845320019649444e-01
4.468323810416241031e+03 9.742349479327372386e-01
4.468347048018129499e+03 9.701686475071641391e-01
4.468370285740865256e+03 9.760189837199085838e-01
4.468393523584449213e+03 9.773716502926115268e-01
4.468416761548881368e+03 9.700586755706039899e-01
4.468439999634163541e+03 9.716143773881559254e-01
4.468463237840296642e+03 9.763903475153308253e-01
4.468486476167278852e+03 9.735549231577705909e-01
4.468509714615113808e+03 9.746971539992327349e-01
4.468532953183799691e+03 9.732866677259992549e-01
4.468556191873339230e+03 9.751544489245597136e-01
4.468579430683731516e+03 9.746755370561545062e-01
4.468602669614977458e+03 9.712323323164129274e-01
4.468625908667077965e+03 9.714930969535173766e-01
4.468649147840033947e+03 9.690305507390981621e-01
4.468672387133845405e+03 9.736825932323982524e-01
4.468695626548513246e+03 9.764601234890663006e-01
4.468718866084037472e+03 9.740324630252844562e-01
4.468742105740419902e+03 9.705689348225045032e-01
4.468765345517661444e+03 9.705125622354471293e-01
4.468788585415760281e+03 9.666827174894589980e-01
4.468811825434720049e+03 9.675193782430483447e-01
4.468835065574538930e+03 9.685031682633786776e-01
4.468858305835219653e+03 9.698677528756846078e-01
4.468881546216761308e+03 9.698546828051604063e-01
4.468904786719164804e+03 9.673508813915050464e-01
4.468928027342431051e+03 9.622824000465497463e-01
4.468951268086560049e+03 9.663360267508537271e-01
4.468974508951553616e+03 9.652407008087433571e-01
4.468997749937411754e+03 9.630239252263367300e-01
4.469020991044135371e+03 9.588136775572598802e-01
4.469044232271724468e+03 9.576828607127444437e-01
4.469067473620179953e+03 9.577671640897008620e-01
4.469090715089501828e+03 9.655963066795337779e-01
4.469113956679691910e+03 9.612029757371691741e-01
4.469137198390751109e+03 9.542335812012974205e-01
4.469160440222678517e+03 9.551099340881897826e-01
4.469183682175475042e+03 9.588802868634941357e-01
4.469206924249142503e+03 9.541975391617093516e-01
4.469230166443680901e+03 9.544525383729076662e-01
4.469253408759090235e+03 9.480572059607585977e-01
4.469276651195372324e+03 9.483222647888690515e-01
4.469299893752526259e+03 9.507603704409869350e-01
4.469323136430554769e+03 9.471660512982432722e-01
4.469346379229456033e+03 9.450812565746586902e-01
4.469369622149232782e+03 9.443519873093728645e-01
4.469392865189884105e+03 9.440482950832850273e-01
4.469416108351411822e+03 9.431063223869771139e-01
4.469439351633815932e+03 9.452911891727390215e-01
4.469462595037097344e+03 9.402062949286376092e-01
4.469485838561256060e+03 9.393291854342532554e-01
4.469509082206292987e+03 9.342561456429666622e-01
4.469532325972209037e+03 9.335797690748216526e-01
4.469555569859005118e+03 9.330073868127571890e-01
4.469578813866681230e+03 9.263943210311524901e-01
4.469602057995238283e+03 9.333771171747071715e-01
4.469625302244677187e+03 9.265846782581969032e-01
4.469648546614997940e+03 9.259927584138825107e-01
4.469671791106201454e+03 9.180244387573711640e-01
4.469695035718288636e+03 9.176285168643193435e-01
4.469718280451259488e+03 9.264238428968976091e-01
4.469741525305114919e+03 9.168452392902617376e-01
4.469764770279855838e+03 9.129310920414037689e-01
4.469788015375483155e+03 9.124157675183175442e-01
4.469811260591996870e+03 9.101633203893864099e-01
4.469834505929396983e+03 9.026580154894524588e-01
4.469857751387685312e+03 9.038544661576548567e-01
4.469880996966862767e+03 9.052684539303139655e-01
4.469904242666928440e+03 9.023663494096269000e-01
4.469927488487884148e+03 8.982195251824467430e-01
4.469950734429729891e+03 8.969839479776667845e-01
4.469973980492467490e+03 8.969195492642877410e-01
4.469997226676096034e+03 8.932990141608949664e-01
4.470020472980616432e+03 8.928568555145446339e-01
4.470043719406030505e+03 8.938421841725926464e-01
4.470066965952337341e+03 8.864283242294732634e-01
4.470090212619538761e+03 8.812235878051259963e-01
4.470113459407634764e+03 8.775550458399814513e-01
4.470136706316625350e+03 8.795479473483776012e-01
4.470159953346513248e+03 8.738332780576457681e-01
4.470183200497296639e+03 8.686490224009002503e-01
4.470206447768978251e+03 8.700635364273662242e-01
4.470229695161557174e+03 8.655914383735290318e-01
4.470252942675034319e+03 8.659186736547352936e-01
4.470276190309410595e+03 8.590725774454466279e-01
4.470299438064686910e+03 8.633505836027387526e-01
4.470322685940864176e+03 8.589051581655944290e-01
4.470345933937941481e+03 8.583965776254687263e-01
4.470369182055921556e+03 8.509532151797679633e-01
4.470392430294802580e+03 8.506873674547417163e-01
4.470415678654587282e+03 8.475705665384865028e-01
4.470438927135275662e+03 8.414294323324564839e-01
4.470462175736867721e+03 8.429218427467215502e-01
4.470485424459365277e+03 8.443890047194551052e-01
4.470508673302767420e+03 8.386226906371083700e-01
4.470531922267075970e+03 8.325876987118825401e-01
4.470555171352291836e+03 8.317469571460431865e-01
4.470578420558414109e+03 8.295759009602345913e-01
4.470601669885444608e+03 8.278167116535224412e-01
4.470624919333383332e+03 8.272076641905067307e-01
4.470648168902231191e+03 8.201745427533716493e-01
4.470671418591990005e+03 8.165454577783438639e-01
4.470694668402657953e+03 8.236685727697420356e-01
4.470717918334237766e+03 8.085085642780492909e-01
4.470741168386729441e+03 8.132696473844991392e-01
4.470764418560132981e+03 8.078946249940458513e-01
4.470787668854449294e+03 8.042477172544941766e-01
4.470810919269679289e+03 8.055029296715602305e-01
4.470834169805823876e+03 8.076809266534732412e-01
4.470857420462883056e+03 8.001634447744881973e-01
4.470880671240857737e+03 7.954439366033685399e-01
4.470903922139748829e+03 7.930186566755539346e-01
4.470927173159556332e+03 7.962864879716748945e-01
4.470950424300281156e+03 7.947845190317818220e-01
4.470973675561924210e+03 7.911140742693545391e-01
4.470996926944485494e+03 7.886140774732166570e-01
4.471020178447965918e+03 7.878937836277496443e-01
4.471043430072366391e+03 7.877730963568072564e-01
4.471066681817687822e+03 7.844249851483580116e-01
4.471089933683930212e+03 7.839631566073426150e-01
4.471113185671094470e+03 7.812042857818881636e-01
4.471136437779180596e+03 7.787539148487698792e-01
4.471159690008190410e+03 7.737913380125752694e-01
4.471182942358123910e+03 7.737942708522709268e-01
4.471206194828981097e+03 7.713132898502047530e-01
4.471229447420762881e+03 7.709416642703987854e-01
4.471252700133471080e+03 7.644026206567848813e-01
4.471275952967104786e+03 7.697278312775066578e-01
4.471299205921665816e+03 7.702453898987867698e-01
4.471322458997154172e+03 7.664900559346594644e-01
4.471345712193570762e+03 7.670279185039068359e-01
4.471368965510915586e+03 7.583548608268854130e-01
4.471392218949190465e+03 7.581359092161376045e-01
4.471415472508394487e+03 7.568188848126877755e-01
4.471438726188529472e+03 7.551098697883923405e-01
4.471461979989595420e+03 7.565667000665751152e-01
4.471485233911593241e+03 7.525862834497565323e-01
4.471508487954523844e+03 7.471860839048752867e-01
4.471531742118387228e+03 7.466838491122684829e-01
4.471554996403184305e+03 7.438355171972207414e-01
4.471578250808915072e+03 7.480343076906792454e-01
4.471601505335582260e+03 7.453045954327557343e-01
4.471624759983184049e+03 7.417636621926787521e-01
4.471648014751722258e+03 7.415947704659913153e-01
4.471671269641197796e+03 7.399129459988457169e-01
4.471694524651609754e+03 7.414493383564626505e-01
4.471717779782960861e+03 7.418230166268832138e-01
4.471741035035250206e+03 7.422083831871396642e-01
4.471764290408479610e+03 7.411743814626642335e-01
4.471787545902648162e+03 7.409473237697628001e-01
4.471810801517757682e+03 7.381795674954478859e-01
4.471834057253808169e+03 7.387193374505317545e-01
4.471857313110801442e+03 7.392895922532400910e-01
4.471880569088736593e+03 7.407927248186426672e-01
4.471903825187614530e+03 7.409667876033506628e-01
4.471927081407437072e+03 7.414853196528455870e-01
4.471950337748203310e+03 7.431935674053100627e-01
4.471973594209915063e+03 7.409197865574841391e-01
4.471996850792572332e+03 7.414987674395779882e-01
4.472020107496176024e+03 7.423357127199677885e-01
4.472043364320726141e+03 7.452673080729154131e-01
4.472066621266224502e+03 7.447668231785444792e-01
4.472089878332670196e+03 7.489547269259900775e-01
4.472113135520065043e+03 7.504917454795667631e-01
4.472136392828409953e+03 7.489171782754767692e-01
4.472159650257704016e+03 7.511902559915590860e-01
4.472182907807949960e+03 7.530556951143823063e-01
4.472206165479145966e+03 7.545884687495143517e-01
4.472229423271294763e+03 7.573991190328277501e-01
4.472252681184395442e+03 7.577591496194880927e-01
4.472275939218449821e+03 7.576182258530164138e-01
4.472299197373457901e+03 7.611565109780589200e-01
4.472322455649420590e+03 7.638765063737782413e-01
4.472345714046338799e+03 7.685169306082543228e-01
4.472368972564211617e+03 7.730849039703731052e-01
4.472392231203041774e+03 7.742501377815120822e-01
4.472415489962828360e+03 7.793285605606942168e-01
4.472438748843573194e+03 7.785077795861796712e-01
4.472462007845275366e+03 7.853916553907726028e-01
4.472485266967936695e+03 7.804852949053193711e-01
4.472508526211558092e+03 7.891745598351799229e-01
4.472531785576139555e+03 7.947149091609332361e-01
4.472555045061681085e+03 7.873425576183069596e-01
4.472578304668184501e+03 7.896951407103668386e-01
4.472601564395649802e+03 7.967638200562447981e-01
4.472624824244077899e+03 8.031470121524072470e-01
4.472648084213468792e+03 8.068559307336695685e-01
4.472671344303824299e+03 8.093351770645608179e-01
4.472694604515143510e+03 8.126493083391339578e-01
4.472717864847428245e+03 8.105111780867475524e-01
4.472741125300679414e+03 8.156650531211911970e-01
4.472764385874896107e+03 8.194583077012741468e-01
4.472787646570080142e+03 8.197235192804015469e-01
4.472810907386232429e+03 8.266270096197365636e-01
4.472834168323352969e+03 8.272672137241126045e-01
4.472857429381441762e+03 8.300871373000432429e-01
4.472880690560500625e+03 8.326966530548706169e-01
4.472903951860529560e+03 8.345284657273168705e-01
4.472927213281528566e+03 8.391023171562305150e-01
4.472950474823499462e+03 8.424089561844625429e-01
4.472973736486443158e+03 8.462582695407424582e-01
4.472996998270358745e+03 8.464541475015598948e-01
4.473020260175248040e+03 8.529058050532011270e-01
4.473043522201111955e+03 8.583066072362969257e-01
4.473066784347949579e+03 8.572933363384438454e-01
4.473090046615762731e+03 8.614486408563127862e-01
4.473113309004551411e+03 8.659687893958959437e-01
4.473136571514316529e+03 8.687646583371688713e-01
4.473159834145058994e+03 8.722222541209809776e-01
4.473183096896779716e+03 8.729925821500734706e-01
4.473206359769478695e+03 8.747629408904931125e-01
4.473229622763155930e+03 8.790006183736475132e-01
4.473252885877813242e+03 8.825687473894142654e-01
4.473276149113450629e+03 8.804862031567994851e-01
4.473299412470069910e+03 8.893415477609779574e-01
4.473322675947669268e+03 8.927287044793545956e-01
4.473345939546251429e+03 9.022390529426251859e-01
4.473369203265816395e+03 9.052542741838284224e-01
4.473392467106365075e+03 9.004221035923771765e-01
4.473415731067897468e+03 9.001073302219093630e-01
4.473438995150414485e+03 9.068950474515814486e-01
4.473462259353917034e+03 9.128429845530855458e-01
4.473485523678405116e+03 9.123336926390003265e-01
4.473508788123879640e+03 9.115197620112838184e-01
4.473532052690341516e+03 9.134507713241932780e-01
4.473555317377791653e+03 9.181611247065192272e-01
4.473578582186230051e+03 9.229874608632446797e-01
4.473601847115657620e+03 9.259869553566838496e-01
4.473625112166074359e+03 9.315771022048171535e-01
4.473648377337482088e+03 9.320702942965245485e-01
4.473671642629879898e+03 9.354553342124357629e-01
4.473694908043269606e+03 9.388489090428866479e-01
4.473718173577652124e+03 9.396144812159539228e-01
4.473741439233027450e+03 9.482081939137214643e-01
4.473764705009395584e+03 9.426151748075171088e-01
4.473787970906758346e+03 9.441579109912235923e-01
4.473811236925115736e+03 9.481284267438934155e-01
4.473834503064468663e+03 9.501474451912137464e-01
4.473857769324817127e+03 9.475800017293758426e-01
4.473881035706162038e+03 9.528443159694448550e-01
4.473904302208505214e+03 9.538348802448471941e-01
4.473927568831844837e+03 9.568830882343709598e-01
4.473950835576184545e+03 9.567160979906815799e-01
4.473974102441522518e+03 9.608144830219376153e-01
4.473997369427860576e+03 9.636338933187179601e-01
4.474020636535198719e+03 9.624300510920061891e-01
4.474043903763537855e+03 9.553574865282045137e-01
4.474067171112878896e+03 9.582387988649588850e-01
4.474090438583221840e+03 9.660629646644509627e-01
4.474113706174567596e+03 9.619154472412493329e-01
4.474136973886917986e+03 9.710684776138868157e-01
4.474160241720271188e+03 9.740327931025475339e-01
4.474183509674629931e+03 9.727456472737966431e-01
4.474206777749994217e+03 9.730168944148228638e-01
4.474230045946364953e+03 9.771887629835689371e-01
4.474253314263741231e+03 9.763158591417943066e-01
4.474276582702125779e+03 9.729099893686670164e-01
4.474299851261517688e+03 9.755555511186513318e-01
4.474323119941918776e+03 9.758289455121399447e-01
4.474346388743328134e+03 9.821415438292595557e-01
4.474369657665748491e+03 9.770102782841726397e-01
4.474392926709178028e+03 9.819831195589565631e-01
4.474416195873619472e+03 9.814995641199600884e-01
4.474439465159072824e+03 9.925357196264025239e-01
4.474462734565538085e+03 9.874025137734216973e-01
4.474486004093017073e+03 9.849775936926137287e-01
4.474509273741508878e+03 9.864207666146888043e-01
4.474532543511015319e+03 9.864003620240466841e-01
4.474555813401536398e+03 9.863040575144420563e-01
4.474579083413073022e+03 9.878718664312320374e-01
4.474602353545625192e+03 9.867742818386925352e-01
4.474625623799194727e+03 9.824670466642596578e-01
4.474648894173781628e+03 9.852314085873440375e-01
4.474672164669386802e+03 9.856095043067761852e-01
4.474695435286010252e+03 9.898040640882709296e-01
4.474718706023652885e+03 9.895336264526741754e-01
4.474741976882316521e+03 9.913184765161355827e-01
4.474765247861999342e+03 9.906208900365602865e-01
4.474788518962704075e+03 9.882995709177573307e-01
4.474811790184429810e+03 9.882673464458278101e-01
4.474835061527179278e+03 9.913973599001263404e-01
4.474858332990950657e+03 9.967314439686532079e-01
4.474881604575745769e+03 9.909440341477562253e-01
4.474904876281565521e+03 9.928782651463962106e-01
4.474928148108410824e+03 9.891747441170765098e-01
4.474951420056280767e+03 9.964751666477547065e-01
4.474974692125177171e+03 9.952146834232634687e-01
4.474997964315100944e+03 9.931933205356590078e-01
4.475021236626051177e+03 9.976244605676851673e-01
4.475044509058030599e+03 9.936364706583414863e-01
4.475067781611037390e+03 9.891436307788816773e-01
4.475091054285074279e+03 9.942054613967236110e-01
4.475114327080141265e+03 9.922103749689223928e-01
4.475137599996239260e+03 9.927293614126370125e-01
4.475160873033368262e+03 9.990738169762616305e-01
4.475184146191528271e+03 9.923952325957274834e-01
4.475207419470722016e+03 9.883752233178555446e-01
4.475230692870947678e+03 9.933400518652405475e-01
4.475253966392207985e+03 1.004162962020909600e+00
4.475277240034502029e+03 9.990618432046087793e-01
4.475300513797831627e+03 1.000194925983740379e+00
4.475323787682196780e+03 1.000609847041413536e+00
4.475347061687598398e+03 9.970651066358090509e-01
4.475370335814036480e+03 9.905140267334501258e-01
4.475393610061511936e+03 9.913821949991384885e-01
4.475416884430025675e+03 9.957041387717229242e-01
4.475440158919578607e+03 9.965200604958199815e-01
4.475463433530170732e+03 9.974048557904069412e-01
4.475486708261802960e+03 9.981948144017177560e-01
4.475509983114475290e+03 9.989729490249431576e-01
4.475533258088189541e+03 9.968276552414764291e-01
4.475556533182945714e+03 9.956083468721698138e-01
4.475579808398744717e+03 9.990889115277739041e-01
4.475603083735586551e+03 9.974432309822064413e-01
4.475626359193472126e+03 9.973816408928588562e-01
4.475649634772402351e+03 1.000969263062898573e+00
4.475672910472377225e+03 1.001201071671061538e+00
4.475696186293398569e+03 9.997230322093589860e-01
4.475719462235465471e+03 1.001094139576014674e+00
4.475742738298579752e+03 9.971226227262987019e-01
4.475766014482741411e+03 9.937005211787878212e-01
4.475789290787951359e+03 9.994966463621256514e-01
4.475812567214210503e+03 1.001084384635039237e+00
4.475835843761518845e+03 9.949680297904860415e-01
4.475859120429877294e+03 9.961392324320590408e-01
4.475882397219286759e+03 9.985110525018652261e-01
4.475905674129748149e+03 9.988889780830257914e-01
4.475928951161260557e+03 9.960642193800935962e-01
4.475952228313825799e+03 9.978094452719189489e-01
4.475975505587444786e+03 9.940414665229577729e-01
4.475998782982116609e+03 9.927841941230182154e-01
4.476022060497843995e+03 9.937708441512921320e-01
4.476045338134626036e+03 9.971338965790735864e-01
4.476068615892464550e+03 9.947971674678618426e-01
4.476091893771358627e+03 1.000328405037491875e+00
4.476115171771310088e+03 9.985114440737213881e-01
4.476138449892318931e+03 1.000958676042959405e+00
4.476161728134386976e+03 9.995663245510700845e-01
4.476185006497513314e+03 1.001643446590812170e+00
4.476208284981698853e+03 1.002003719718705499e+00
4.476231563586944503e+03 9.990475037073802689e-01
4.476254842313252084e+03 1.001935543194070410e+00
4.476278121160620685e+03 9.987253402128156710e-01
4.476301400129051217e+03 9.975042066135115792e-01
4.476324679218543679e+03 9.986651677349529521e-01
4.476347958429100800e+03 9.981411295537445660e-01
4.476371237760720760e+03 9.956971107104917174e-01
4.476394517213406289e+03 1.003835343531082058e+00
4.476417796787156476e+03 9.983365333988508672e-01
4.476441076481972232e+03 9.972076264598193074e-01
4.476464356297855375e+03 9.977922983527937051e-01
4.476487636234804995e+03 9.998908719365096065e-01
4.476510916292822913e+03 9.965552721786735679e-01
4.476534196471908217e+03 1.004321301940937605e+00
4.476557476772063637e+03 9.988506958115074275e-01
4.476580757193288264e+03 9.980139542438128952e-01
4.476604037735583006e+03 9.982284157345305831e-01
4.476627318398948773e+03 1.002654455015525636e+00
4.476650599183386475e+03 1.001057522259226618e+00
4.476673880088895203e+03 9.989725949439118846e-01
4.476697161115477684e+03 1.000499651115242195e+00
4.476720442263133009e+03 1.000834712593316578e+00
4.476743723531862997e+03 9.983261542876193939e-01
4.476767004921667649e+03 1.001481495839672498e+00
4.476790286432546964e+03 1.002770683842272526e+00
4.476813568064502761e+03 1.000582185985773087e+00
4.476836849817535040e+03 1.004132881916853792e+00
4.476860131691643801e+03 1.003189005362002728e+00
4.476883413686831773e+03 1.005382083422914796e+00
4.476906695803097136e+03 1.001057886403632802e+00
4.476929978040441711e+03 9.985465928513821421e-01
4.476953260398866405e+03 9.984654853570098521e-01
4.476976542878371220e+03 9.963893577155846781e-01
4.476999825478957064e+03 9.970847808490704844e-01
4.477023108200623938e+03 9.999883556427919817e-01
4.477046391043373660e+03 1.000985473962303640e+00
4.477069674007206231e+03 1.005508681016090922e+00
4.477092957092121651e+03 9.957257289590241145e-01
4.477116240298121738e+03 9.959405807860698401e-01
4.477139523625206493e+03 1.002048854789412857e+00
4.477162807073376825e+03 9.995144502924419028e-01
4.477186090642632735e+03 1.003699622903494015e+00
4.477209374332976040e+03 1.003643822118378104e+00
4.477232658144405832e+03 9.992965475107268292e-01
4.477255942076923930e+03 9.975769843589282759e-01
4.477279226130530333e+03 9.970883131100017893e-01
4.477302510305225951e+03 1.000994243053589194e+00
4.477325794601011694e+03 1.001562614873148904e+00
4.477349079017887561e+03 1.009304776780197699e+00
4.477372363555854463e+03 9.972411190670780190e-01
4.477395648214913308e+03 1.005487373274970730e+00
4.477418932995064097e+03 1.001257255837298077e+00
4.477442217896307739e+03 1.001323611019235615e+00
4.477465502918645143e+03 1.001993477183924730e+00
4.477488788062077219e+03 1.000677084274599338e+00
4.477512073326603058e+03 9.998202401254614458e-01
4.477535358712225388e+03 1.002320581642938802e+00
4.477558644218943300e+03 1.001914158230233776e+00
4.477581929846757703e+03 1.000552346672193726e+00
4.477605215595670415e+03 1.002374919369930728e+00
4.477628501465679619e+03 9.982254588749209789e-01
4.477651787456788952e+03 1.000305990370361275e+00
4.477675073568996595e+03 9.986980115612165143e-01
4.477698359802304367e+03 1.003628996750338231e+00
4.477721646156712268e+03 1.001593098224416556e+00
4.477744932632222117e+03 9.978492879407863114e-01
4.477768219228833004e+03 9.973289296893157463e-01
4.477791505946545840e+03 9.999029061224586901e-01
4.477814792785362442e+03 1.003252483637722570e+00
4.477838079745282812e+03 9.995201906620859722e-01
4.477861366826306948e+03 9.999788712557181602e-01
4.477884654028436671e+03 1.002593343431084527e+00
4.477907941351671070e+03 9.984127686316449646e-01
4.477931228796011965e+03 1.000603199014204581e+00
4.477954516361460264e+03 9.982428850386142472e-01
4.477977804048015059e+03 1.001752116780393997e+00
