# star name zetOri, line HEI4471
# instrument: HERMES spectrograph @Mercator
# date of observation (midpoint)2018-10-11T02:39:06.751700
# BJD of observation (midpoint)2458402.6125531
# name of fits file: 00897625_HRF_OBJ_ext_CosmicsRemoved_log_merged_c.fits
# 
# wavelength(Angstrom,air) normalised_flux
4.460012509882908489e+03 9.964303446994045022e-01
4.460035704261721548e+03 9.993284917717804028e-01
4.460058898761158162e+03 1.002648207160260041e+00
4.460082093381218328e+03 9.995940559640861256e-01
4.460105288121902049e+03 9.986421934744966755e-01
4.460128482983210233e+03 9.987236742602680906e-01
4.460151677965144700e+03 9.976008079239618853e-01
4.460174873067704539e+03 1.001085775761099805e+00
4.460198068290890660e+03 9.998725976808667815e-01
4.460221263634703973e+03 1.004365904002122223e+00
4.460244459099145388e+03 1.005539667317431718e+00
4.460267654684214904e+03 1.000172805305430401e+00
4.460290850389914340e+03 1.000476458744146591e+00
4.460314046216242787e+03 1.004753593124070754e+00
4.460337242163202063e+03 9.978715394575846664e-01
4.460360438230791260e+03 9.959496481438135929e-01
4.460383634419013106e+03 9.990364301167415917e-01
4.460406830727866691e+03 9.962935882156841449e-01
4.460430027157353834e+03 9.961654858116535394e-01
4.460453223707473626e+03 9.976096833235690298e-01
4.460476420378227886e+03 9.999804965088610054e-01
4.460499617169616613e+03 1.003222018809627691e+00
4.460522814081640718e+03 1.003156038508511427e+00
4.460546011114300200e+03 1.002033084059123391e+00
4.460569208267597787e+03 1.005615686759201877e+00
4.460592405541531662e+03 1.001500221241418576e+00
4.460615602936103642e+03 1.000338156527264877e+00
4.460638800451313728e+03 1.003556624048172363e+00
4.460661998087162829e+03 1.000129425394439053e+00
4.460685195843651854e+03 9.985777505003016197e-01
4.460708393720781714e+03 1.002207469622294234e+00
4.460731591718552409e+03 1.004788496651532581e+00
4.460754789836964846e+03 1.004232903723595971e+00
4.460777988076019028e+03 9.978041714669723117e-01
4.460801186435715863e+03 9.951280195016307673e-01
4.460824384916057170e+03 1.002365055062666599e+00
4.460847583517042040e+03 1.000957957519406971e+00
4.460870782238671381e+03 9.966300868314869055e-01
4.460893981080947015e+03 1.000352540319645600e+00
4.460917180043868029e+03 1.002512800348085431e+00
4.460940379127435335e+03 1.000985580100414829e+00
4.460963578331650751e+03 1.000326879388175438e+00
4.460986777656513368e+03 1.000380976327203575e+00
4.461009977102025005e+03 9.971177538938855722e-01
4.461033176668185661e+03 1.000225530426311904e+00
4.461056376354995336e+03 1.002766909346045177e+00
4.461079576162456760e+03 9.998876502198522642e-01
4.461102776090568113e+03 9.985790002558148082e-01
4.461125976139332124e+03 1.001645384355120738e+00
4.461149176308747883e+03 9.989468061049682213e-01
4.461172376598816300e+03 9.957010185399934876e-01
4.461195577009538283e+03 9.982054394122201746e-01
4.461218777540914743e+03 1.001578118812660900e+00
4.461241978192945680e+03 1.004465981477411285e+00
4.461265178965632913e+03 1.001784805200350181e+00
4.461288379858975532e+03 1.001041813269382574e+00
4.461311580872974446e+03 1.001925168619382411e+00
4.461334782007631475e+03 1.000927515550394054e+00
4.461357983262945709e+03 1.001189850573486195e+00
4.461381184638918967e+03 9.988557694038422419e-01
4.461404386135551249e+03 9.969408029613674449e-01
4.461427587752843465e+03 9.980281242336925818e-01
4.461450789490796524e+03 1.001410530396530829e+00
4.461473991349409516e+03 9.998734341555898242e-01
4.461497193328685171e+03 9.988902422311879414e-01
4.461520395428622578e+03 1.003270156615432507e+00
4.461543597649223557e+03 1.005399378379780995e+00
4.461566799990488107e+03 1.002109508150282657e+00
4.461590002452416229e+03 9.992855548323786863e-01
4.461613205035009742e+03 1.000374105176581763e+00
4.461636407738268645e+03 1.000971980940505324e+00
4.461659610562192938e+03 9.986494974639492650e-01
4.461682813506784441e+03 9.973202414462264409e-01
4.461706016572044064e+03 9.989783151428740515e-01
4.461729219757970895e+03 9.996121482463798946e-01
4.461752423064565846e+03 9.980908864710432704e-01
4.461775626491830735e+03 9.976721932927469227e-01
4.461798830039765562e+03 9.992647000693823944e-01
4.461822033708370327e+03 1.002031713175064009e+00
4.461845237497646849e+03 9.985627164352995910e-01
4.461868441407595128e+03 9.940968971043026015e-01
4.461891645438215164e+03 9.995973933518574883e-01
4.461914849589508776e+03 9.998840485364482999e-01
4.461938053861475055e+03 9.976360339063521376e-01
4.461961258254116728e+03 9.985495330529111646e-01
4.461984462767432888e+03 1.002785462750500178e+00
4.462007667401424442e+03 9.925570098962099852e-01
4.462030872156092300e+03 9.992493307161148808e-01
4.462054077031436464e+03 1.000459067268123059e+00
4.462077282027458750e+03 1.005781503855591286e+00
4.462100487144158251e+03 1.003506359321176156e+00
4.462123692381536785e+03 9.950162289244294245e-01
4.462146897739594351e+03 1.000387841056630922e+00
4.462170103218331860e+03 9.984559595388982078e-01
4.462193308817750221e+03 1.002602156686300594e+00
4.462216514537850344e+03 9.992198383369996773e-01
4.462239720378631318e+03 1.001728928483984982e+00
4.462262926340094964e+03 1.001383052747776947e+00
4.462286132422241280e+03 1.002996937933924970e+00
4.462309338625071177e+03 1.000356790454331346e+00
4.462332544948586474e+03 1.002759057965970424e+00
4.462355751392785351e+03 1.002022228025796213e+00
4.462378957957670536e+03 1.003961673453208636e+00
4.462402164643242031e+03 1.001737286715649988e+00
4.462425371449499835e+03 9.990490482811592576e-01
4.462448578376445766e+03 9.978242249830502342e-01
4.462471785424078917e+03 9.966990073242651960e-01
4.462494992592401104e+03 1.000091431024356936e+00
4.462518199881412329e+03 9.991469373846559865e-01
4.462541407291114410e+03 9.976458567946786538e-01
4.462564614821506439e+03 9.922476980058310136e-01
4.462587822472589323e+03 9.975164901391786465e-01
4.462611030244364883e+03 1.001433440924208718e+00
4.462634238136832209e+03 1.000939910521096099e+00
4.462657446149992211e+03 1.002372623770597659e+00
4.462680654283846707e+03 1.005731139974124888e+00
4.462703862538395697e+03 1.004112274708038210e+00
4.462727070913639182e+03 1.003245762356621773e+00
4.462750279409578070e+03 1.004123855736857474e+00
4.462773488026214181e+03 1.005498217779100090e+00
4.462796696763545697e+03 1.003405086830485349e+00
4.462819905621575344e+03 1.005357015674757992e+00
4.462843114600304034e+03 1.005612887890074081e+00
4.462866323699729946e+03 1.000985499499742026e+00
4.462889532919855810e+03 9.995558061326909050e-01
4.462912742260681625e+03 9.996683259199906635e-01
4.462935951722208301e+03 1.001158840755983048e+00
4.462959161304435838e+03 1.001830566334297012e+00
4.462982371007366055e+03 9.987742167865977239e-01
4.463005580830998042e+03 1.003674553535046643e+00
4.463028790775333619e+03 1.004549488493810427e+00
4.463052000840371875e+03 9.988320224531718194e-01
4.463075211026115539e+03 1.002093061736933466e+00
4.463098421332563703e+03 1.001828756817999544e+00
4.463121631759718184e+03 9.987032553555916792e-01
4.463144842307578074e+03 9.980631967417854522e-01
4.463168052976145191e+03 1.001410561533370380e+00
4.463191263765420445e+03 1.003808273640408144e+00
4.463214474675402926e+03 1.002092226256860785e+00
4.463237685706094453e+03 1.003456795212195996e+00
4.463260896857495936e+03 9.997511625659089018e-01
4.463284108129606466e+03 1.001343359011928502e+00
4.463307319522428770e+03 1.003615676400644308e+00
4.463330531035961030e+03 1.001838642969796744e+00
4.463353742670205975e+03 1.002439417850551573e+00
4.463376954425163603e+03 1.002974026927883511e+00
4.463400166300833916e+03 1.005218522616524002e+00
4.463423378297218733e+03 1.003665056657029764e+00
4.463446590414317143e+03 1.003929200223383944e+00
4.463469802652130966e+03 1.001563007377652248e+00
4.463493015010661111e+03 1.006244942775882611e+00
4.463516227489906669e+03 1.004396997756658472e+00
4.463539440089869458e+03 9.984543911392178561e-01
4.463562652810549480e+03 1.003261878249388062e+00
4.463585865651948552e+03 1.003419373971811135e+00
4.463609078614065766e+03 1.004649512411103229e+00
4.463632291696902939e+03 1.001786434411983784e+00
4.463655504900459164e+03 1.000083836895103939e+00
4.463678718224737167e+03 9.968950968879605190e-01
4.463701931669736041e+03 9.972576426371662084e-01
4.463725145235456694e+03 1.003523383155975557e+00
4.463748358921900035e+03 9.980099953882555219e-01
4.463771572729066975e+03 9.989335926637605834e-01
4.463794786656957513e+03 1.002979283794782184e+00
4.463818000705572558e+03 1.000238096697351198e+00
4.463841214874912112e+03 1.000769160445193151e+00
4.463864429164977992e+03 1.002544503279233057e+00
4.463887643575770198e+03 9.965953159370382064e-01
4.463910858107289641e+03 1.001218399109247148e+00
4.463934072759536321e+03 1.002795364475689510e+00
4.463957287532511145e+03 1.001838778577671896e+00
4.463980502426215025e+03 9.983246177362178342e-01
4.464003717440647961e+03 9.995681650988182954e-01
4.464026932575811770e+03 1.002860307105394977e+00
4.464050147831705544e+03 9.974855217512925698e-01
4.464073363208331102e+03 9.953716299619456143e-01
4.464096578705689353e+03 9.997636935505118672e-01
4.464119794323779388e+03 9.985863038340289100e-01
4.464143010062603025e+03 9.947304178081035619e-01
4.464166225922160265e+03 9.963548342228569776e-01
4.464189441902452018e+03 9.957871250300212029e-01
4.464212658003479191e+03 1.000147815921293981e+00
4.464235874225241787e+03 9.968731577606091410e-01
4.464259090567740714e+03 9.987932688430510852e-01
4.464282307030976881e+03 1.000404220672600486e+00
4.464305523614951198e+03 9.989956186063373433e-01
4.464328740319662757e+03 9.964461222810153673e-01
4.464351957145114284e+03 1.001490800366562572e+00
4.464375174091304871e+03 1.000689881519930546e+00
4.464398391158235427e+03 9.984548421192435130e-01
4.464421608345906861e+03 9.956580208551002453e-01
4.464444825654319175e+03 9.930446355977278206e-01
4.464468043083474186e+03 9.938975981511374291e-01
4.464491260633371894e+03 9.962669031438464717e-01
4.464514478304013210e+03 9.954903525909994944e-01
4.464537696095398132e+03 9.958087970222919694e-01
4.464560914007527572e+03 9.957002783865555040e-01
4.464584132040402437e+03 9.969448436979921890e-01
4.464607350194022729e+03 9.995886945678150726e-01
4.464630568468389356e+03 9.984804964946644157e-01
4.464653786863503228e+03 9.948642676774053228e-01
4.464677005379365255e+03 9.985917809621978058e-01
4.464700224015975436e+03 9.966200183102025267e-01
4.464723442773333772e+03 9.956967524848800988e-01
4.464746661651442992e+03 9.959111767468703524e-01
4.464769880650301275e+03 9.935856385288206472e-01
4.464793099769911350e+03 9.948555572940607217e-01
4.464816319010272309e+03 9.975610455294007251e-01
4.464839538371385061e+03 9.956247924456299581e-01
4.464862757853251424e+03 9.916703625876853723e-01
4.464885977455870488e+03 9.957594770635260772e-01
4.464909197179243165e+03 9.931514841587382181e-01
4.464932417023371272e+03 9.934091545744468954e-01
4.464955636988254810e+03 9.944482934138124675e-01
4.464978857073893778e+03 9.952761902240361280e-01
4.465002077280289086e+03 9.925213420566517675e-01
4.465025297607441644e+03 9.875152556821943373e-01
4.465048518055351451e+03 9.911136905886001047e-01
4.465071738624020327e+03 9.897199425759471980e-01
4.465094959313448271e+03 9.930053830052842923e-01
4.465118180123635284e+03 9.951141971454913193e-01
4.465141401054582275e+03 9.914397383933476471e-01
4.465164622106291063e+03 9.895090928554910459e-01
4.465187843278760738e+03 9.934049452571396266e-01
4.465211064571993120e+03 9.934936811889572006e-01
4.465234285985988208e+03 9.966275571960987456e-01
4.465257507520746003e+03 9.938936813588316044e-01
4.465280729176268323e+03 9.876738342182272978e-01
4.465303950952555169e+03 9.866680011851701737e-01
4.465327172849607450e+03 9.905023899545825072e-01
4.465350394867426076e+03 9.922446551017509719e-01
4.465373617006010136e+03 9.903855767725477932e-01
4.465396839265362360e+03 9.880284051660056521e-01
4.465420061645481837e+03 9.916720389526231250e-01
4.465443284146370388e+03 9.910176953517981779e-01
4.465466506768027102e+03 9.867083209465209448e-01
4.465489729510453799e+03 9.873370184317602494e-01
4.465512952373651387e+03 9.887441735038380308e-01
4.465536175357618959e+03 9.854040832297046304e-01
4.465559398462359241e+03 9.889120204272424663e-01
4.465582621687870414e+03 9.883986107518246689e-01
4.465605845034155209e+03 9.865148315299521187e-01
4.465629068501213624e+03 9.854071558081241022e-01
4.465652292089045659e+03 9.874828450957932047e-01
4.465675515797652224e+03 9.835362484119617443e-01
4.465698739627034229e+03 9.823706995399258401e-01
4.465721963577192582e+03 9.810586383313421033e-01
4.465745187648127285e+03 9.843766047780250217e-01
4.465768411839839246e+03 9.836920686825053606e-01
4.465791636152329374e+03 9.832515299339672499e-01
4.465814860585597671e+03 9.902388457288987533e-01
4.465838085139645045e+03 9.836012539671944443e-01
4.465861309814471497e+03 9.857545002577613458e-01
4.465884534610078845e+03 9.832378976683848748e-01
4.465907759526467999e+03 9.847387048003573007e-01
4.465930984563638049e+03 9.860037770618566011e-01
4.465954209721589905e+03 9.838054750430628159e-01
4.465977435000325386e+03 9.842220630252586089e-01
4.466000660399843582e+03 9.811634021799711114e-01
4.466023885920146313e+03 9.826698002725752223e-01
4.466047111561234487e+03 9.834208099778271039e-01
4.466070337323107196e+03 9.815057256244218431e-01
4.466093563205766259e+03 9.822741692207487274e-01
4.466116789209211674e+03 9.855555898976874341e-01
4.466140015333444353e+03 9.861517466310694147e-01
4.466163241578465204e+03 9.868684039859321189e-01
4.466186467944274227e+03 9.798808343412408473e-01
4.466209694430873242e+03 9.826366449002572612e-01
4.466232921038261338e+03 9.878566362893643760e-01
4.466256147766439426e+03 9.857499485075424950e-01
4.466279374615409324e+03 9.836942254921785533e-01
4.466302601585171033e+03 9.814710853647818922e-01
4.466325828675724551e+03 9.816446918911148067e-01
4.466349055887070790e+03 9.846317000028435018e-01
4.466372283219210658e+03 9.851826300343101694e-01
4.466395510672145065e+03 9.814372615785785792e-01
4.466418738245874010e+03 9.877195921171437742e-01
4.466441965940398404e+03 9.855728330987363339e-01
4.466465193755719156e+03 9.780916545360616166e-01
4.466488421691836265e+03 9.837868252724676355e-01
4.466511649748750642e+03 9.818662973481800949e-01
4.466534877926463196e+03 9.800672988306629030e-01
4.466558106224974836e+03 9.812891027563445112e-01
4.466581334644284652e+03 9.887110802379501795e-01
4.466604563184395374e+03 9.811870638819080170e-01
4.466627791845305183e+03 9.776075774836441301e-01
4.466651020627016806e+03 9.794399464989118620e-01
4.466674249529530243e+03 9.808224007675023781e-01
4.466697478552846405e+03 9.789059738104732844e-01
4.466720707696965292e+03 9.835753807330919196e-01
4.466743936961886902e+03 9.816963089888390837e-01
4.466767166347613966e+03 9.765255006409886418e-01
4.466790395854144663e+03 9.834625203396361037e-01
4.466813625481481722e+03 9.821937956222966948e-01
4.466836855229625144e+03 9.805368955484969895e-01
4.466860085098574928e+03 9.824092183611222717e-01
4.466883315088331983e+03 9.782308576292796376e-01
4.466906545198896310e+03 9.834881001152241398e-01
4.466929775430270638e+03 9.805960126379580366e-01
4.466953005782453147e+03 9.801705384265289034e-01
4.466976236255446565e+03 9.832524298022849996e-01
4.466999466849249984e+03 9.842666940655034891e-01
4.467022697563864313e+03 9.807313289053263272e-01
4.467045928399290460e+03 9.823913685081258063e-01
4.467069159355529337e+03 9.795222344617031673e-01
4.467092390432580942e+03 9.790902451961300823e-01
4.467115621630446185e+03 9.823366117646846751e-01
4.467138852949125976e+03 9.842867021997189214e-01
4.467162084388620315e+03 9.831465729741081239e-01
4.467185315948930111e+03 9.842766993372353834e-01
4.467208547630056273e+03 9.825952672728887061e-01
4.467231779431999712e+03 9.855752550201348772e-01
4.467255011354759517e+03 9.872057954692479154e-01
4.467278243398338418e+03 9.893032309666982549e-01
4.467301475562735504e+03 9.788712599434438166e-01
4.467324707847951686e+03 9.803285635831161526e-01
4.467347940253988781e+03 9.783028527033498234e-01
4.467371172780844972e+03 9.830000351190680830e-01
4.467394405428523896e+03 9.773390724725194989e-01
4.467417638197023734e+03 9.869206840124621349e-01
4.467440871086346306e+03 9.825067677788407172e-01
4.467464104096491610e+03 9.835515461764080536e-01
4.467487337227460557e+03 9.809383244165553739e-01
4.467510570479254056e+03 9.845695987610717514e-01
4.467533803851873017e+03 9.784240377095674290e-01
4.467557037345316530e+03 9.830532656790578194e-01
4.467580270959587324e+03 9.821429682324751553e-01
4.467603504694684489e+03 9.823363828271171050e-01
4.467626738550608934e+03 9.769159147555610545e-01
4.467649972527361570e+03 9.786959080155442914e-01
4.467673206624943305e+03 9.864520068043821643e-01
4.467696440843354139e+03 9.816815642506661055e-01
4.467719675182594983e+03 9.813703595273176594e-01
4.467742909642666746e+03 9.845451303441831170e-01
4.467766144223569427e+03 9.817405560111175378e-01
4.467789378925303936e+03 9.775044967303749832e-01
4.467812613747871183e+03 9.801263612093870092e-01
4.467835848691271167e+03 9.807609421396589200e-01
4.467859083755504798e+03 9.786952921087481716e-01
4.467882318940572986e+03 9.807468655361211152e-01
4.467905554246476640e+03 9.787190724585458357e-01
4.467928789673215761e+03 9.744705431196956091e-01
4.467952025220791256e+03 9.790574488947201282e-01
4.467975260889203128e+03 9.810406596611287444e-01
4.467998496678453193e+03 9.785319604247064706e-01
4.468021732588540544e+03 9.791227041755653504e-01
4.468044968619466999e+03 9.809031140609623112e-01
4.468068204771233468e+03 9.791654463842738298e-01
4.468091441043839950e+03 9.787624140527804162e-01
4.468114677437286446e+03 9.770070926898476449e-01
4.468137913951574774e+03 9.772762739812744792e-01
4.468161150586704935e+03 9.778437057966538060e-01
4.468184387342676928e+03 9.797615278302937991e-01
4.468207624219492573e+03 9.749919895405224635e-01
4.468230861217152778e+03 9.715657884352308926e-01
4.468254098335656636e+03 9.739567154306090213e-01
4.468277335575005964e+03 9.738401000583467582e-01
4.468300572935200762e+03 9.728423948258703158e-01
4.468323810416241031e+03 9.740840625535422959e-01
4.468347048018129499e+03 9.757671090740203113e-01
4.468370285740865256e+03 9.763079623079857772e-01
4.468393523584449213e+03 9.759794624239986893e-01
4.468416761548881368e+03 9.742550465592605402e-01
4.468439999634163541e+03 9.708369761033813772e-01
4.468463237840296642e+03 9.715172524272224219e-01
4.468486476167278852e+03 9.732092524799699218e-01
4.468509714615113808e+03 9.743817133795226182e-01
4.468532953183799691e+03 9.708959744632896793e-01
4.468556191873339230e+03 9.711563874685087416e-01
4.468579430683731516e+03 9.710934943469180514e-01
4.468602669614977458e+03 9.692245508222907535e-01
4.468625908667077965e+03 9.689344502765517841e-01
4.468649147840033947e+03 9.711036309621015050e-01
4.468672387133845405e+03 9.736223881996330931e-01
4.468695626548513246e+03 9.701253755451824112e-01
4.468718866084037472e+03 9.732380208923954168e-01
4.468742105740419902e+03 9.698589447805494590e-01
4.468765345517661444e+03 9.674254250260476695e-01
4.468788585415760281e+03 9.697326779407099417e-01
4.468811825434720049e+03 9.664002787479435419e-01
4.468835065574538930e+03 9.692307928944006168e-01
4.468858305835219653e+03 9.712245976111492096e-01
4.468881546216761308e+03 9.664454318830273394e-01
4.468904786719164804e+03 9.666492506613986180e-01
4.468928027342431051e+03 9.629467801066435850e-01
4.468951268086560049e+03 9.620242204133713226e-01
4.468974508951553616e+03 9.634851378637030450e-01
4.468997749937411754e+03 9.582624256631933068e-01
4.469020991044135371e+03 9.670011000535595480e-01
4.469044232271724468e+03 9.622302917111953402e-01
4.469067473620179953e+03 9.581222832163244219e-01
4.469090715089501828e+03 9.615223763303815119e-01
4.469113956679691910e+03 9.572819581260807453e-01
4.469137198390751109e+03 9.559861312019770629e-01
4.469160440222678517e+03 9.582643007185193129e-01
4.469183682175475042e+03 9.540120501276362353e-01
4.469206924249142503e+03 9.559518931323470747e-01
4.469230166443680901e+03 9.509879202667699261e-01
4.469253408759090235e+03 9.489858485078588313e-01
4.469276651195372324e+03 9.453984583305716782e-01
4.469299893752526259e+03 9.530395873058516987e-01
4.469323136430554769e+03 9.427772249312827979e-01
4.469346379229456033e+03 9.444041603728704493e-01
4.469369622149232782e+03 9.420710167702601723e-01
4.469392865189884105e+03 9.401911080425912060e-01
4.469416108351411822e+03 9.417138009255199282e-01
4.469439351633815932e+03 9.353304100547953359e-01
4.469462595037097344e+03 9.389721424680408379e-01
4.469485838561256060e+03 9.376561388503771299e-01
4.469509082206292987e+03 9.316317270290696007e-01
4.469532325972209037e+03 9.333400867095721365e-01
4.469555569859005118e+03 9.340253814557035739e-01
4.469578813866681230e+03 9.296997226395771197e-01
4.469602057995238283e+03 9.278772879609760160e-01
4.469625302244677187e+03 9.268638657676204762e-01
4.469648546614997940e+03 9.213718689985541666e-01
4.469671791106201454e+03 9.171647247193488450e-01
4.469695035718288636e+03 9.163102966288856344e-01
4.469718280451259488e+03 9.184423419880559658e-01
4.469741525305114919e+03 9.147670443927514716e-01
4.469764770279855838e+03 9.088730316047415325e-01
4.469788015375483155e+03 9.095406532016048207e-01
4.469811260591996870e+03 9.104494112462163669e-01
4.469834505929396983e+03 8.992335412261844851e-01
4.469857751387685312e+03 9.052401888520271722e-01
4.469880996966862767e+03 9.027056798914949720e-01
4.469904242666928440e+03 8.957703447995021273e-01
4.469927488487884148e+03 8.966497164190280200e-01
4.469950734429729891e+03 8.929248006912235969e-01
4.469973980492467490e+03 8.888716345242934080e-01
4.469997226676096034e+03 8.898034918800681314e-01
4.470020472980616432e+03 8.856709262092185009e-01
4.470043719406030505e+03 8.847555184191915334e-01
4.470066965952337341e+03 8.831692689620143089e-01
4.470090212619538761e+03 8.792122466046108364e-01
4.470113459407634764e+03 8.765033925798371151e-01
4.470136706316625350e+03 8.705812704606228358e-01
4.470159953346513248e+03 8.690761065118809414e-01
4.470183200497296639e+03 8.697038633711043909e-01
4.470206447768978251e+03 8.723305376542561662e-01
4.470229695161557174e+03 8.632468182446875193e-01
4.470252942675034319e+03 8.595976195364887218e-01
4.470276190309410595e+03 8.530643888007477527e-01
4.470299438064686910e+03 8.568795493342034053e-01
4.470322685940864176e+03 8.526797331671854829e-01
4.470345933937941481e+03 8.492256881586560668e-01
4.470369182055921556e+03 8.448831520539521467e-01
4.470392430294802580e+03 8.454060385379938980e-01
4.470415678654587282e+03 8.433294872868073444e-01
4.470438927135275662e+03 8.382575714859181737e-01
4.470462175736867721e+03 8.363432935807786350e-01
4.470485424459365277e+03 8.373159136976344730e-01
4.470508673302767420e+03 8.291937342944784017e-01
4.470531922267075970e+03 8.265274942649941670e-01
4.470555171352291836e+03 8.275084256025901919e-01
4.470578420558414109e+03 8.235885295954575858e-01
4.470601669885444608e+03 8.219842501506646748e-01
4.470624919333383332e+03 8.201827745613977649e-01
4.470648168902231191e+03 8.118393517606914411e-01
4.470671418591990005e+03 8.120291328439313006e-01
4.470694668402657953e+03 8.137758054986579115e-01
4.470717918334237766e+03 8.157569679433962495e-01
4.470741168386729441e+03 8.144072325983890970e-01
4.470764418560132981e+03 8.054918860614830312e-01
4.470787668854449294e+03 8.039030059449110421e-01
4.470810919269679289e+03 8.012741490296407809e-01
4.470834169805823876e+03 8.017342154175574054e-01
4.470857420462883056e+03 7.978620605727076986e-01
4.470880671240857737e+03 7.963724224737759316e-01
4.470903922139748829e+03 7.917597537374294614e-01
4.470927173159556332e+03 7.872498437728481235e-01
4.470950424300281156e+03 7.890238640166381545e-01
4.470973675561924210e+03 7.893173722708394235e-01
4.470996926944485494e+03 7.859666647823397856e-01
4.471020178447965918e+03 7.818942108835529314e-01
4.471043430072366391e+03 7.809267030304660739e-01
4.471066681817687822e+03 7.755946477430017971e-01
4.471089933683930212e+03 7.792651087343308580e-01
4.471113185671094470e+03 7.805379904910080269e-01
4.471136437779180596e+03 7.742262098130034964e-01
4.471159690008190410e+03 7.748465267535353806e-01
4.471182942358123910e+03 7.711498159399685637e-01
4.471206194828981097e+03 7.726050632535209628e-01
4.471229447420762881e+03 7.666616694697988565e-01
4.471252700133471080e+03 7.699045888224542722e-01
4.471275952967104786e+03 7.636139751366631812e-01
4.471299205921665816e+03 7.690937570394831280e-01
4.471322458997154172e+03 7.642744079445485950e-01
4.471345712193570762e+03 7.647432141979370046e-01
4.471368965510915586e+03 7.557043199435046210e-01
4.471392218949190465e+03 7.555763927443246430e-01
4.471415472508394487e+03 7.584083639998842052e-01
4.471438726188529472e+03 7.493737060398739658e-01
4.471461979989595420e+03 7.465744807472434186e-01
4.471485233911593241e+03 7.513122268327698805e-01
4.471508487954523844e+03 7.501967723358345941e-01
4.471531742118387228e+03 7.462372862112057748e-01
4.471554996403184305e+03 7.466652546552065006e-01
4.471578250808915072e+03 7.491172731976075694e-01
4.471601505335582260e+03 7.519760628185870877e-01
4.471624759983184049e+03 7.489037414477729415e-01
4.471648014751722258e+03 7.439573089793738436e-01
4.471671269641197796e+03 7.447761396369189102e-01
4.471694524651609754e+03 7.437127052416707684e-01
4.471717779782960861e+03 7.401821863381228273e-01
4.471741035035250206e+03 7.470844343506961582e-01
4.471764290408479610e+03 7.420661342787661097e-01
4.471787545902648162e+03 7.474543047076903646e-01
4.471810801517757682e+03 7.464964984660892311e-01
4.471834057253808169e+03 7.416711219342400074e-01
4.471857313110801442e+03 7.442196331286122790e-01
4.471880569088736593e+03 7.459981991479529562e-01
4.471903825187614530e+03 7.469861723072913628e-01
4.471927081407437072e+03 7.490947374782104262e-01
4.471950337748203310e+03 7.476745983924943939e-01
4.471973594209915063e+03 7.486985577377953671e-01
4.471996850792572332e+03 7.496572459403250122e-01
4.472020107496176024e+03 7.534695706720165864e-01
4.472043364320726141e+03 7.615283391033895732e-01
4.472066621266224502e+03 7.606307523363725620e-01
4.472089878332670196e+03 7.562211288516171859e-01
4.472113135520065043e+03 7.614389179735941982e-01
4.472136392828409953e+03 7.590152985245458561e-01
4.472159650257704016e+03 7.613320803535511549e-01
4.472182907807949960e+03 7.647797953490176326e-01
4.472206165479145966e+03 7.648884345073283519e-01
4.472229423271294763e+03 7.722488290985924930e-01
4.472252681184395442e+03 7.703609115142530106e-01
4.472275939218449821e+03 7.752768043618480931e-01
4.472299197373457901e+03 7.758392000883562734e-01
4.472322455649420590e+03 7.780526272747818606e-01
4.472345714046338799e+03 7.814058241079522293e-01
4.472368972564211617e+03 7.866442033677427670e-01
4.472392231203041774e+03 7.921117752088007169e-01
4.472415489962828360e+03 7.938282325932808359e-01
4.472438748843573194e+03 7.902268385912772919e-01
4.472462007845275366e+03 7.922541118078985090e-01
4.472485266967936695e+03 7.952809628536831044e-01
4.472508526211558092e+03 8.015685181219091016e-01
4.472531785576139555e+03 8.013823949266337676e-01
4.472555045061681085e+03 8.046948975374732527e-01
4.472578304668184501e+03 8.028200144417574347e-01
4.472601564395649802e+03 8.070327053648470583e-01
4.472624824244077899e+03 8.142459136888219318e-01
4.472648084213468792e+03 8.166339686835758505e-01
4.472671344303824299e+03 8.143115335971090607e-01
4.472694604515143510e+03 8.203127684838384948e-01
4.472717864847428245e+03 8.201444946821195847e-01
4.472741125300679414e+03 8.222950376753987989e-01
4.472764385874896107e+03 8.275361504220298814e-01
4.472787646570080142e+03 8.293229517309332888e-01
4.472810907386232429e+03 8.322985907285801455e-01
4.472834168323352969e+03 8.366796664621944934e-01
4.472857429381441762e+03 8.393154460302315600e-01
4.472880690560500625e+03 8.407620933621784420e-01
4.472903951860529560e+03 8.403904631254318636e-01
4.472927213281528566e+03 8.446711621865671260e-01
4.472950474823499462e+03 8.477506193393441469e-01
4.472973736486443158e+03 8.527033177411373899e-01
4.472996998270358745e+03 8.526286748653423286e-01
4.473020260175248040e+03 8.592318810947314756e-01
4.473043522201111955e+03 8.662724361838376463e-01
4.473066784347949579e+03 8.617974607235053819e-01
4.473090046615762731e+03 8.602492533076067094e-01
4.473113309004551411e+03 8.693708516921666574e-01
4.473136571514316529e+03 8.762459913588439564e-01
4.473159834145058994e+03 8.769900969187401918e-01
4.473183096896779716e+03 8.769058799663169701e-01
4.473206359769478695e+03 8.829730048874449011e-01
4.473229622763155930e+03 8.864482113050705658e-01
4.473252885877813242e+03 8.861154186395816534e-01
4.473276149113450629e+03 8.892150043846351881e-01
4.473299412470069910e+03 8.916065660333636345e-01
4.473322675947669268e+03 8.989300791248605593e-01
4.473345939546251429e+03 9.002368238012181667e-01
4.473369203265816395e+03 9.028249941806664181e-01
4.473392467106365075e+03 9.027466332395902571e-01
4.473415731067897468e+03 9.029168916276136825e-01
4.473438995150414485e+03 9.078486307406481437e-01
4.473462259353917034e+03 9.065675712025204058e-01
4.473485523678405116e+03 9.220257566064091748e-01
4.473508788123879640e+03 9.230281656037765403e-01
4.473532052690341516e+03 9.142950787488912656e-01
4.473555317377791653e+03 9.163578388393111007e-01
4.473578582186230051e+03 9.236575383075062984e-01
4.473601847115657620e+03 9.182926043100303470e-01
4.473625112166074359e+03 9.216575285415889995e-01
4.473648377337482088e+03 9.298709308110124638e-01
4.473671642629879898e+03 9.320890948525288877e-01
4.473694908043269606e+03 9.337444205396424612e-01
4.473718173577652124e+03 9.414959531630834322e-01
4.473741439233027450e+03 9.368867573418746542e-01
4.473764705009395584e+03 9.359824602583490805e-01
4.473787970906758346e+03 9.431588120805775022e-01
4.473811236925115736e+03 9.398012706059419852e-01
4.473834503064468663e+03 9.465236757699783121e-01
4.473857769324817127e+03 9.494476096151430733e-01
4.473881035706162038e+03 9.513806955892959438e-01
4.473904302208505214e+03 9.474542791307489775e-01
4.473927568831844837e+03 9.501620416728506768e-01
4.473950835576184545e+03 9.560473487225171763e-01
4.473974102441522518e+03 9.558300375025350348e-01
4.473997369427860576e+03 9.548882238163597380e-01
4.474020636535198719e+03 9.622025967787724010e-01
4.474043903763537855e+03 9.621655457269326917e-01
4.474067171112878896e+03 9.588875595054532353e-01
4.474090438583221840e+03 9.602704666541241885e-01
4.474113706174567596e+03 9.643244555082682856e-01
4.474136973886917986e+03 9.687463589852147727e-01
4.474160241720271188e+03 9.699432246070132102e-01
4.474183509674629931e+03 9.650670023643856954e-01
4.474206777749994217e+03 9.712231864139587723e-01
4.474230045946364953e+03 9.737361312524569490e-01
4.474253314263741231e+03 9.753702864726231381e-01
4.474276582702125779e+03 9.718465516777524682e-01
4.474299851261517688e+03 9.757890518413396830e-01
4.474323119941918776e+03 9.756289421228381276e-01
4.474346388743328134e+03 9.766754941363080533e-01
4.474369657665748491e+03 9.752249839432044487e-01
4.474392926709178028e+03 9.845462430316904712e-01
4.474416195873619472e+03 9.815501747958739198e-01
4.474439465159072824e+03 9.831390625086522395e-01
4.474462734565538085e+03 9.875459722097986726e-01
4.474486004093017073e+03 9.838051560472896861e-01
4.474509273741508878e+03 9.848385616527305375e-01
4.474532543511015319e+03 9.830422668716702894e-01
4.474555813401536398e+03 9.844870126026913359e-01
4.474579083413073022e+03 9.885310961300395327e-01
4.474602353545625192e+03 9.905062611740187428e-01
4.474625623799194727e+03 9.833358618606194979e-01
4.474648894173781628e+03 9.844160606602113672e-01
4.474672164669386802e+03 9.897343374378823055e-01
4.474695435286010252e+03 9.874717017893632764e-01
4.474718706023652885e+03 9.880842198638325469e-01
4.474741976882316521e+03 9.912635743795963350e-01
4.474765247861999342e+03 9.880386056328419597e-01
4.474788518962704075e+03 9.860112156752717238e-01
4.474811790184429810e+03 9.900157063982424344e-01
4.474835061527179278e+03 9.944888457712948160e-01
4.474858332990950657e+03 9.980407920593292737e-01
4.474881604575745769e+03 9.832062049468147658e-01
4.474904876281565521e+03 9.862162692511500239e-01
4.474928148108410824e+03 9.881071374585080891e-01
4.474951420056280767e+03 9.922059221436275722e-01
4.474974692125177171e+03 9.924373704868576507e-01
4.474997964315100944e+03 9.970613882785466231e-01
4.475021236626051177e+03 9.907973636499037839e-01
4.475044509058030599e+03 9.907291772999643475e-01
4.475067781611037390e+03 9.969947126848422991e-01
4.475091054285074279e+03 9.948744868362435767e-01
4.475114327080141265e+03 9.957528495989532713e-01
4.475137599996239260e+03 9.961877880151349673e-01
4.475160873033368262e+03 9.992626577010707001e-01
4.475184146191528271e+03 9.941722159307935236e-01
4.475207419470722016e+03 9.970115623268966942e-01
4.475230692870947678e+03 9.941091869708953421e-01
4.475253966392207985e+03 9.994339193153836121e-01
4.475277240034502029e+03 9.950507444832437098e-01
4.475300513797831627e+03 9.969211280774665784e-01
4.475323787682196780e+03 9.978841301191189173e-01
4.475347061687598398e+03 1.000532344515832506e+00
4.475370335814036480e+03 9.981781306205609328e-01
4.475393610061511936e+03 9.977853873948715480e-01
4.475416884430025675e+03 1.000348784914398603e+00
4.475440158919578607e+03 9.968967177853064188e-01
4.475463433530170732e+03 9.977161693491374272e-01
4.475486708261802960e+03 9.997944004751931901e-01
4.475509983114475290e+03 1.001562983515750904e+00
4.475533258088189541e+03 9.959526145107920891e-01
4.475556533182945714e+03 9.985340588426958597e-01
4.475579808398744717e+03 9.983619561148402433e-01
4.475603083735586551e+03 9.961839880721280460e-01
4.475626359193472126e+03 9.987704619368936720e-01
4.475649634772402351e+03 1.003689351621781078e+00
4.475672910472377225e+03 1.000404812738586502e+00
4.475696186293398569e+03 9.969031676592430280e-01
4.475719462235465471e+03 1.000574537251412099e+00
4.475742738298579752e+03 1.001522468669043597e+00
4.475766014482741411e+03 9.973272893180645804e-01
4.475789290787951359e+03 9.979033108421823117e-01
4.475812567214210503e+03 1.000875345648547299e+00
4.475835843761518845e+03 1.000451440228698585e+00
4.475859120429877294e+03 1.000257889376235054e+00
4.475882397219286759e+03 9.979620753594058424e-01
4.475905674129748149e+03 1.000645431649326067e+00
4.475928951161260557e+03 9.981518326656421136e-01
4.475952228313825799e+03 9.982852593542316244e-01
4.475975505587444786e+03 1.000840851081658656e+00
4.475998782982116609e+03 9.985445360833108408e-01
4.476022060497843995e+03 9.987534877019978996e-01
4.476045338134626036e+03 9.975311243741095124e-01
4.476068615892464550e+03 9.933501372004694963e-01
4.476091893771358627e+03 9.984330552014055726e-01
4.476115171771310088e+03 1.000266446162074718e+00
4.476138449892318931e+03 9.961546487787605875e-01
4.476161728134386976e+03 9.961239862894250008e-01
4.476185006497513314e+03 9.972810538920255929e-01
4.476208284981698853e+03 1.005810053668421800e+00
4.476231563586944503e+03 1.004241369360211245e+00
4.476254842313252084e+03 1.003254590260153511e+00
4.476278121160620685e+03 9.993786469476124701e-01
4.476301400129051217e+03 1.001130145887048961e+00
4.476324679218543679e+03 1.001418840246819375e+00
4.476347958429100800e+03 1.001964575868515839e+00
4.476371237760720760e+03 1.001115871224094400e+00
4.476394517213406289e+03 1.002433802234812932e+00
4.476417796787156476e+03 1.002191666207781218e+00
4.476441076481972232e+03 1.000244380006578782e+00
4.476464356297855375e+03 9.968633736062119111e-01
4.476487636234804995e+03 1.002033653939108371e+00
4.476510916292822913e+03 9.998512598306532606e-01
4.476534196471908217e+03 1.000271595223928056e+00
4.476557476772063637e+03 1.000388475179126990e+00
4.476580757193288264e+03 1.001437334623617392e+00
4.476604037735583006e+03 9.996970269712095458e-01
4.476627318398948773e+03 1.000295079337515158e+00
4.476650599183386475e+03 9.968313668417448925e-01
4.476673880088895203e+03 9.985402250329333818e-01
4.476697161115477684e+03 1.000242505512997981e+00
4.476720442263133009e+03 1.003628700969663612e+00
4.476743723531862997e+03 1.006747226540203988e+00
4.476767004921667649e+03 1.005243804553000553e+00
4.476790286432546964e+03 9.989661629500677931e-01
4.476813568064502761e+03 9.983895998854619425e-01
4.476836849817535040e+03 1.000273376305790718e+00
4.476860131691643801e+03 1.001922176074326654e+00
4.476883413686831773e+03 9.996004357408073693e-01
4.476906695803097136e+03 9.993845015862282688e-01
4.476929978040441711e+03 9.990106216076755086e-01
4.476953260398866405e+03 9.987414328137148578e-01
4.476976542878371220e+03 1.000016783100034390e+00
4.476999825478957064e+03 1.004160365300180047e+00
4.477023108200623938e+03 1.004738244074654396e+00
4.477046391043373660e+03 1.003405219328493692e+00
4.477069674007206231e+03 1.000864803120495639e+00
4.477092957092121651e+03 9.992478677338484383e-01
4.477116240298121738e+03 1.001477351878357291e+00
4.477139523625206493e+03 9.992324863107870936e-01
4.477162807073376825e+03 1.000128063632372610e+00
4.477186090642632735e+03 1.001794665214387647e+00
4.477209374332976040e+03 1.002258058810708841e+00
4.477232658144405832e+03 1.005653392498419230e+00
4.477255942076923930e+03 1.004471410630549233e+00
4.477279226130530333e+03 1.000455237688476773e+00
4.477302510305225951e+03 9.988364672253878807e-01
4.477325794601011694e+03 9.987668837519216858e-01
4.477349079017887561e+03 9.979837603156717085e-01
4.477372363555854463e+03 9.997077214565509573e-01
4.477395648214913308e+03 1.001068985551765600e+00
4.477418932995064097e+03 9.995937781763851726e-01
4.477442217896307739e+03 1.001453286870128467e+00
4.477465502918645143e+03 9.990983083716648006e-01
4.477488788062077219e+03 1.003348270441394519e+00
4.477512073326603058e+03 9.994151983704471220e-01
4.477535358712225388e+03 1.002415332558494576e+00
4.477558644218943300e+03 1.003667195703042525e+00
4.477581929846757703e+03 1.001729712411356665e+00
4.477605215595670415e+03 1.001613772326290119e+00
4.477628501465679619e+03 1.000539473536802282e+00
4.477651787456788952e+03 9.983789111577736630e-01
4.477675073568996595e+03 1.001058440982776299e+00
4.477698359802304367e+03 9.998074248808505038e-01
4.477721646156712268e+03 9.981442523673272893e-01
4.477744932632222117e+03 9.995999785914984059e-01
4.477768219228833004e+03 9.977936676064033117e-01
4.477791505946545840e+03 1.000109069735584111e+00
4.477814792785362442e+03 9.946258853338459938e-01
4.477838079745282812e+03 9.952016322376802115e-01
4.477861366826306948e+03 1.000766140315856312e+00
4.477884654028436671e+03 1.000474593354885089e+00
4.477907941351671070e+03 9.990604162616923967e-01
4.477931228796011965e+03 9.982086133261823813e-01
4.477954516361460264e+03 9.928388916556968313e-01
4.477977804048015059e+03 9.963019382736112428e-01
