# star name zetOri, line HEI4471
# instrument: HERMES spectrograph @Mercator
# date of observation (midpoint)2018-10-15T06:16:00.872652
# BJD of observation (midpoint)2458406.7635159
# name of fits file: 00898175_HRF_OBJ_ext_CosmicsRemoved_log_merged_c.fits
# 
# wavelength(Angstrom,air) normalised_flux
4.460012509882908489e+03 9.960842394878047790e-01
4.460035704261721548e+03 1.001626759336129879e+00
4.460058898761158162e+03 1.000966146654143740e+00
4.460082093381218328e+03 9.978499545460606246e-01
4.460105288121902049e+03 9.962444871484601450e-01
4.460128482983210233e+03 9.961093336754354155e-01
4.460151677965144700e+03 9.945913874626338691e-01
4.460174873067704539e+03 9.937816252266383765e-01
4.460198068290890660e+03 1.003828065469888342e+00
4.460221263634703973e+03 1.009676615573977365e+00
4.460244459099145388e+03 1.001209985745993958e+00
4.460267654684214904e+03 9.981148535599551064e-01
4.460290850389914340e+03 9.975383320364844542e-01
4.460314046216242787e+03 9.961920751508038796e-01
4.460337242163202063e+03 9.964128213319951577e-01
4.460360438230791260e+03 9.885621939421678217e-01
4.460383634419013106e+03 1.001757988872472138e+00
4.460406830727866691e+03 1.003200860068701905e+00
4.460430027157353834e+03 1.004618467628455525e+00
4.460453223707473626e+03 1.004050738355508843e+00
4.460476420378227886e+03 1.001393445603210752e+00
4.460499617169616613e+03 1.004199960116970214e+00
4.460522814081640718e+03 9.980125911389519100e-01
4.460546011114300200e+03 9.954539161887517862e-01
4.460569208267597787e+03 9.980796220175781608e-01
4.460592405541531662e+03 1.005150404826298693e+00
4.460615602936103642e+03 1.004789695153375240e+00
4.460638800451313728e+03 1.004255930729914148e+00
4.460661998087162829e+03 9.930309944187231119e-01
4.460685195843651854e+03 9.991213513121852685e-01
4.460708393720781714e+03 1.006816464920479381e+00
4.460731591718552409e+03 1.002106067250034371e+00
4.460754789836964846e+03 9.967954401235081807e-01
4.460777988076019028e+03 9.977017438008676242e-01
4.460801186435715863e+03 1.005923023808351413e+00
4.460824384916057170e+03 9.944647435346755104e-01
4.460847583517042040e+03 9.981639738437619869e-01
4.460870782238671381e+03 1.000417996049174585e+00
4.460893981080947015e+03 1.000646566715102326e+00
4.460917180043868029e+03 1.006264036239817194e+00
4.460940379127435335e+03 1.004080378213899616e+00
4.460963578331650751e+03 9.988919016284535379e-01
4.460986777656513368e+03 9.967848084903199180e-01
4.461009977102025005e+03 9.931462981490486452e-01
4.461033176668185661e+03 1.000401748997476137e+00
4.461056376354995336e+03 1.004038261528769516e+00
4.461079576162456760e+03 1.003179257147072345e+00
4.461102776090568113e+03 1.004144715551351874e+00
4.461125976139332124e+03 1.004221769305849943e+00
4.461149176308747883e+03 1.011127850292133035e+00
4.461172376598816300e+03 1.002587208608354485e+00
4.461195577009538283e+03 9.999516253954202627e-01
4.461218777540914743e+03 1.002772624199207430e+00
4.461241978192945680e+03 9.942688942523836282e-01
4.461265178965632913e+03 9.955379137518556298e-01
4.461288379858975532e+03 9.928187008190332286e-01
4.461311580872974446e+03 9.976391476743111664e-01
4.461334782007631475e+03 1.000707069130835292e+00
4.461357983262945709e+03 1.008718571020489785e+00
4.461381184638918967e+03 1.005101176471776325e+00
4.461404386135551249e+03 1.004400494669872801e+00
4.461427587752843465e+03 1.002208785164564464e+00
4.461450789490796524e+03 9.979804317882662312e-01
4.461473991349409516e+03 9.945474093286136297e-01
4.461497193328685171e+03 9.931535025303879216e-01
4.461520395428622578e+03 9.959700137754883276e-01
4.461543597649223557e+03 1.001212876817099362e+00
4.461566799990488107e+03 1.002502037303963478e+00
4.461590002452416229e+03 9.976416124398745922e-01
4.461613205035009742e+03 1.002871594509270103e+00
4.461636407738268645e+03 1.000205299391110136e+00
4.461659610562192938e+03 1.000710331218365612e+00
4.461682813506784441e+03 9.971955389603054387e-01
4.461706016572044064e+03 9.850139290767638833e-01
4.461729219757970895e+03 9.964464398614518714e-01
4.461752423064565846e+03 1.004888877893983734e+00
4.461775626491830735e+03 9.978667002780080564e-01
4.461798830039765562e+03 9.984485581222214412e-01
4.461822033708370327e+03 9.977172269874089450e-01
4.461845237497646849e+03 9.970449243315439025e-01
4.461868441407595128e+03 1.002447962400812687e+00
4.461891645438215164e+03 1.007251226434403790e+00
4.461914849589508776e+03 9.997785993769121582e-01
4.461938053861475055e+03 9.991366373395559330e-01
4.461961258254116728e+03 9.971621971300294041e-01
4.461984462767432888e+03 1.000358257733416689e+00
4.462007667401424442e+03 1.005719731095289671e+00
4.462030872156092300e+03 9.980022122353413572e-01
4.462054077031436464e+03 1.003141840066305912e+00
4.462077282027458750e+03 1.001165748485854046e+00
4.462100487144158251e+03 9.942845073745026907e-01
4.462123692381536785e+03 9.955534724315138195e-01
4.462146897739594351e+03 9.990349637531611426e-01
4.462170103218331860e+03 9.990593566289917016e-01
4.462193308817750221e+03 9.989814933169895994e-01
4.462216514537850344e+03 9.944342904006595596e-01
4.462239720378631318e+03 1.001497510853042172e+00
4.462262926340094964e+03 1.005484458959647887e+00
4.462286132422241280e+03 1.004516970976496948e+00
4.462309338625071177e+03 1.006791695699470024e+00
4.462332544948586474e+03 1.004858731490660073e+00
4.462355751392785351e+03 1.004639123443810789e+00
4.462378957957670536e+03 1.002156925569012147e+00
4.462402164643242031e+03 1.000842348136069981e+00
4.462425371449499835e+03 1.006726361912743561e+00
4.462448578376445766e+03 9.976632999908293664e-01
4.462471785424078917e+03 1.004814652811522935e+00
4.462494992592401104e+03 9.959206401813912590e-01
4.462518199881412329e+03 9.959229756247540699e-01
4.462541407291114410e+03 1.003345992680235499e+00
4.462564614821506439e+03 1.002754578782635964e+00
4.462587822472589323e+03 9.986287468839547543e-01
4.462611030244364883e+03 1.009223034765568627e+00
4.462634238136832209e+03 1.006855195642974099e+00
4.462657446149992211e+03 1.002668942467737079e+00
4.462680654283846707e+03 1.003625760763133368e+00
4.462703862538395697e+03 1.000493203197118763e+00
4.462727070913639182e+03 1.005175078484711548e+00
4.462750279409578070e+03 1.000185624626209080e+00
4.462773488026214181e+03 1.006358758143033327e+00
4.462796696763545697e+03 1.006528934989139090e+00
4.462819905621575344e+03 9.983916194148475531e-01
4.462843114600304034e+03 1.007921655426395668e+00
4.462866323699729946e+03 1.007076755197824580e+00
4.462889532919855810e+03 1.001263418741159761e+00
4.462912742260681625e+03 1.008269963444302864e+00
4.462935951722208301e+03 1.006947892725877258e+00
4.462959161304435838e+03 1.009520471446355261e+00
4.462982371007366055e+03 1.005119460875955717e+00
4.463005580830998042e+03 9.973625984976661751e-01
4.463028790775333619e+03 1.008419777467534528e+00
4.463052000840371875e+03 1.009459002021702689e+00
4.463075211026115539e+03 1.000242249281749540e+00
4.463098421332563703e+03 1.001392990315955300e+00
4.463121631759718184e+03 1.001183717291840969e+00
4.463144842307578074e+03 9.945878886040964151e-01
4.463168052976145191e+03 9.939644397104029361e-01
4.463191263765420445e+03 1.002087667882352484e+00
4.463214474675402926e+03 9.974306307358616897e-01
4.463237685706094453e+03 9.988448526922016901e-01
4.463260896857495936e+03 1.001243377515525834e+00
4.463284108129606466e+03 1.002607145858169568e+00
4.463307319522428770e+03 9.950587968209700929e-01
4.463330531035961030e+03 9.944227248086796589e-01
4.463353742670205975e+03 1.005716885827915963e+00
4.463376954425163603e+03 9.995442306424004997e-01
4.463400166300833916e+03 1.005470321941862366e+00
4.463423378297218733e+03 1.003581614872830263e+00
4.463446590414317143e+03 9.962968023105143178e-01
4.463469802652130966e+03 9.993418997779751622e-01
4.463493015010661111e+03 1.000011123342939845e+00
4.463516227489906669e+03 1.004298493921795821e+00
4.463539440089869458e+03 1.009394047131260130e+00
4.463562652810549480e+03 1.005885454770385268e+00
4.463585865651948552e+03 1.001407778741167265e+00
4.463609078614065766e+03 1.004227671537248678e+00
4.463632291696902939e+03 1.003836070949528869e+00
4.463655504900459164e+03 1.004684866616981420e+00
4.463678718224737167e+03 9.967557461944287489e-01
4.463701931669736041e+03 1.002111697585675643e+00
4.463725145235456694e+03 9.966988438332794464e-01
4.463748358921900035e+03 1.001570317621488071e+00
4.463771572729066975e+03 1.009508706072896667e+00
4.463794786656957513e+03 1.000047050446082331e+00
4.463818000705572558e+03 9.988738035517283897e-01
4.463841214874912112e+03 9.939043968339702495e-01
4.463864429164977992e+03 9.980421719875391950e-01
4.463887643575770198e+03 9.995743544571374928e-01
4.463910858107289641e+03 9.990462459381677096e-01
4.463934072759536321e+03 1.004847405747139266e+00
4.463957287532511145e+03 9.992060893920235998e-01
4.463980502426215025e+03 9.848376257971398484e-01
4.464003717440647961e+03 1.002204331958359118e+00
4.464026932575811770e+03 9.956987394040500705e-01
4.464050147831705544e+03 9.913012314848698159e-01
4.464073363208331102e+03 9.973479458294003397e-01
4.464096578705689353e+03 9.986917741296154061e-01
4.464119794323779388e+03 9.959266170019529518e-01
4.464143010062603025e+03 9.946114100455012430e-01
4.464166225922160265e+03 9.961772516690877710e-01
4.464189441902452018e+03 9.855778270306143618e-01
4.464212658003479191e+03 9.902721067035079594e-01
4.464235874225241787e+03 1.001044816514060187e+00
4.464259090567740714e+03 9.980896834567729581e-01
4.464282307030976881e+03 9.959196379158865575e-01
4.464305523614951198e+03 9.940509608511292061e-01
4.464328740319662757e+03 9.928200834481251125e-01
4.464351957145114284e+03 1.002160362294328699e+00
4.464375174091304871e+03 1.001734447103874048e+00
4.464398391158235427e+03 9.989596099472914936e-01
4.464421608345906861e+03 1.008105333424696770e+00
4.464444825654319175e+03 1.000530264878460418e+00
4.464468043083474186e+03 9.973262474551201073e-01
4.464491260633371894e+03 1.003034966379802606e+00
4.464514478304013210e+03 1.002047153485163378e+00
4.464537696095398132e+03 9.951643533646252759e-01
4.464560914007527572e+03 9.948515693398461979e-01
4.464584132040402437e+03 1.002520374514312529e+00
4.464607350194022729e+03 9.925109527388662478e-01
4.464630568468389356e+03 9.927653299603653725e-01
4.464653786863503228e+03 1.001829583128236667e+00
4.464677005379365255e+03 9.996395914514354386e-01
4.464700224015975436e+03 9.956290792960754699e-01
4.464723442773333772e+03 9.974041691559327738e-01
4.464746661651442992e+03 9.967958299806295441e-01
4.464769880650301275e+03 9.908747464877565303e-01
4.464793099769911350e+03 9.964196210489117966e-01
4.464816319010272309e+03 9.999361001739088817e-01
4.464839538371385061e+03 9.983279492098946495e-01
4.464862757853251424e+03 9.969352744050991033e-01
4.464885977455870488e+03 9.924069135617968884e-01
4.464909197179243165e+03 9.911769052041633499e-01
4.464932417023371272e+03 9.933685352210039898e-01
4.464955636988254810e+03 9.917949196805572187e-01
4.464978857073893778e+03 9.923381263157559085e-01
4.465002077280289086e+03 1.005384538372601444e+00
4.465025297607441644e+03 9.960632528468045255e-01
4.465048518055351451e+03 9.939100118317392152e-01
4.465071738624020327e+03 9.919421412722871922e-01
4.465094959313448271e+03 9.957357254812942982e-01
4.465118180123635284e+03 9.953713656360688722e-01
4.465141401054582275e+03 9.884244210846407919e-01
4.465164622106291063e+03 9.949396060104452877e-01
4.465187843278760738e+03 9.963385873673457072e-01
4.465211064571993120e+03 9.881902286300243698e-01
4.465234285985988208e+03 9.867960739044419061e-01
4.465257507520746003e+03 9.910011809562914165e-01
4.465280729176268323e+03 9.908606061522481356e-01
4.465303950952555169e+03 9.889214861791276734e-01
4.465327172849607450e+03 9.898722190353415051e-01
4.465350394867426076e+03 9.851428978555463178e-01
4.465373617006010136e+03 9.896649694528936170e-01
4.465396839265362360e+03 9.881400256446497554e-01
4.465420061645481837e+03 9.890734689638458477e-01
4.465443284146370388e+03 9.852190442236250512e-01
4.465466506768027102e+03 9.917747650229165046e-01
4.465489729510453799e+03 9.897842561836116548e-01
4.465512952373651387e+03 9.888047678400858631e-01
4.465536175357618959e+03 9.871459164533340491e-01
4.465559398462359241e+03 9.864292562891363580e-01
4.465582621687870414e+03 9.868244316432950303e-01
4.465605845034155209e+03 9.847744182278630465e-01
4.465629068501213624e+03 9.899052489553009648e-01
4.465652292089045659e+03 9.910146223770517349e-01
4.465675515797652224e+03 9.934548046384822362e-01
4.465698739627034229e+03 9.858259815063546982e-01
4.465721963577192582e+03 9.877373452853545066e-01
4.465745187648127285e+03 9.949060197450423360e-01
4.465768411839839246e+03 9.841320194839768831e-01
4.465791636152329374e+03 9.811295136288261665e-01
4.465814860585597671e+03 9.838683869190992803e-01
4.465838085139645045e+03 9.822426065385932992e-01
4.465861309814471497e+03 9.807685654616361548e-01
4.465884534610078845e+03 9.821614927483619528e-01
4.465907759526467999e+03 9.849115960104148915e-01
4.465930984563638049e+03 9.875118448855561004e-01
4.465954209721589905e+03 9.902473072626000183e-01
4.465977435000325386e+03 9.769360382292032741e-01
4.466000660399843582e+03 9.894290735065515152e-01
4.466023885920146313e+03 9.801290985020657542e-01
4.466047111561234487e+03 9.781340984509693248e-01
4.466070337323107196e+03 9.849602602514470062e-01
4.466093563205766259e+03 9.889690912424123903e-01
4.466116789209211674e+03 9.800895818205963561e-01
4.466140015333444353e+03 9.845666150982784748e-01
4.466163241578465204e+03 9.797513315301310532e-01
4.466186467944274227e+03 9.849956469208457355e-01
4.466209694430873242e+03 9.816102715517376343e-01
4.466232921038261338e+03 9.878433643114929996e-01
4.466256147766439426e+03 9.822466712308507431e-01
4.466279374615409324e+03 9.796498236900588186e-01
4.466302601585171033e+03 9.820241259105336740e-01
4.466325828675724551e+03 9.881074738206553354e-01
4.466349055887070790e+03 9.840691835310606539e-01
4.466372283219210658e+03 9.816771005480393608e-01
4.466395510672145065e+03 9.834012928940196741e-01
4.466418738245874010e+03 9.860691442476421376e-01
4.466441965940398404e+03 9.880306084032215441e-01
4.466465193755719156e+03 9.814262667219030289e-01
4.466488421691836265e+03 9.801224354626972834e-01
4.466511649748750642e+03 9.841449151432679621e-01
4.466534877926463196e+03 9.878133929377856948e-01
4.466558106224974836e+03 9.846702529159288009e-01
4.466581334644284652e+03 9.826382238575123163e-01
4.466604563184395374e+03 9.754233627984102428e-01
4.466627791845305183e+03 9.765422780346437737e-01
4.466651020627016806e+03 9.761594318222387434e-01
4.466674249529530243e+03 9.826883005948175986e-01
4.466697478552846405e+03 9.792024173723796743e-01
4.466720707696965292e+03 9.813702209547418009e-01
4.466743936961886902e+03 9.867974836632618096e-01
4.466767166347613966e+03 9.850319348825921084e-01
4.466790395854144663e+03 9.743498918198670866e-01
4.466813625481481722e+03 9.878935350946081995e-01
4.466836855229625144e+03 9.865674468399373565e-01
4.466860085098574928e+03 9.826481874168834230e-01
4.466883315088331983e+03 9.840421370014631464e-01
4.466906545198896310e+03 9.783589001455986756e-01
4.466929775430270638e+03 9.827114024324528074e-01
4.466953005782453147e+03 9.780972848028209876e-01
4.466976236255446565e+03 9.850389072432461646e-01
4.466999466849249984e+03 9.793162040109205657e-01
4.467022697563864313e+03 9.793814640441070862e-01
4.467045928399290460e+03 9.789884622588934660e-01
4.467069159355529337e+03 9.853065094403449242e-01
4.467092390432580942e+03 9.803198226715382768e-01
4.467115621630446185e+03 9.773500949068710808e-01
4.467138852949125976e+03 9.856369247329856975e-01
4.467162084388620315e+03 9.792591815975226766e-01
4.467185315948930111e+03 9.833384058433227715e-01
4.467208547630056273e+03 9.805605765458398348e-01
4.467231779431999712e+03 9.799780029110768398e-01
4.467255011354759517e+03 9.856307130908281700e-01
4.467278243398338418e+03 9.755515282720971237e-01
4.467301475562735504e+03 9.797640431194658550e-01
4.467324707847951686e+03 9.829486764225351392e-01
4.467347940253988781e+03 9.787027652064520522e-01
4.467371172780844972e+03 9.745499942773453439e-01
4.467394405428523896e+03 9.823828737937625455e-01
4.467417638197023734e+03 9.900840871329967818e-01
4.467440871086346306e+03 9.845980481865560519e-01
4.467464104096491610e+03 9.780033060208591644e-01
4.467487337227460557e+03 9.852011258839167285e-01
4.467510570479254056e+03 9.825530292350748152e-01
4.467533803851873017e+03 9.752621669516953196e-01
4.467557037345316530e+03 9.799921291147980495e-01
4.467580270959587324e+03 9.735744318180761248e-01
4.467603504694684489e+03 9.838851765030465213e-01
4.467626738550608934e+03 9.854382292880887739e-01
4.467649972527361570e+03 9.828704672538131071e-01
4.467673206624943305e+03 9.760736110590259029e-01
4.467696440843354139e+03 9.787004953050365552e-01
4.467719675182594983e+03 9.752909000819917074e-01
4.467742909642666746e+03 9.748383796224994180e-01
4.467766144223569427e+03 9.797134614522166052e-01
4.467789378925303936e+03 9.727390070696516622e-01
4.467812613747871183e+03 9.719284586519147950e-01
4.467835848691271167e+03 9.690242154606775182e-01
4.467859083755504798e+03 9.725290067231119329e-01
4.467882318940572986e+03 9.747759042315591316e-01
4.467905554246476640e+03 9.687466870500235361e-01
4.467928789673215761e+03 9.720996516783099173e-01
4.467952025220791256e+03 9.738713383834262105e-01
4.467975260889203128e+03 9.733657034841516342e-01
4.467998496678453193e+03 9.741905524355308765e-01
4.468021732588540544e+03 9.669933893296686067e-01
4.468044968619466999e+03 9.670290091851433401e-01
4.468068204771233468e+03 9.701868655297880562e-01
4.468091441043839950e+03 9.788794020437369126e-01
4.468114677437286446e+03 9.821390975268379231e-01
4.468137913951574774e+03 9.712555949465032645e-01
4.468161150586704935e+03 9.752801959284581601e-01
4.468184387342676928e+03 9.757215084368661140e-01
4.468207624219492573e+03 9.731886001618904602e-01
4.468230861217152778e+03 9.654794118154034210e-01
4.468254098335656636e+03 9.719101376393861624e-01
4.468277335575005964e+03 9.696668456111213752e-01
4.468300572935200762e+03 9.699132068546156837e-01
4.468323810416241031e+03 9.707593223753292477e-01
4.468347048018129499e+03 9.716187199863095536e-01
4.468370285740865256e+03 9.687744859901356032e-01
4.468393523584449213e+03 9.660621770850101875e-01
4.468416761548881368e+03 9.735217388422318097e-01
4.468439999634163541e+03 9.737784359790759847e-01
4.468463237840296642e+03 9.724906459042413909e-01
4.468486476167278852e+03 9.725206225678465488e-01
4.468509714615113808e+03 9.665927889876668733e-01
4.468532953183799691e+03 9.593174392453471810e-01
4.468556191873339230e+03 9.649947871700599311e-01
4.468579430683731516e+03 9.681060969978875219e-01
4.468602669614977458e+03 9.607739700305522046e-01
4.468625908667077965e+03 9.642917439996878670e-01
4.468649147840033947e+03 9.636844752519403423e-01
4.468672387133845405e+03 9.614783588687764171e-01
4.468695626548513246e+03 9.587646387396921988e-01
4.468718866084037472e+03 9.708654646232610652e-01
4.468742105740419902e+03 9.690455198684634341e-01
4.468765345517661444e+03 9.674065818480621637e-01
4.468788585415760281e+03 9.592913889056603471e-01
4.468811825434720049e+03 9.570997876483767763e-01
4.468835065574538930e+03 9.537770321669395424e-01
4.468858305835219653e+03 9.560652923036389028e-01
4.468881546216761308e+03 9.487679988449838620e-01
4.468904786719164804e+03 9.583695268174159398e-01
4.468928027342431051e+03 9.623955164855881872e-01
4.468951268086560049e+03 9.557851695456570651e-01
4.468974508951553616e+03 9.480309474185574237e-01
4.468997749937411754e+03 9.469003516262215481e-01
4.469020991044135371e+03 9.470519768314084041e-01
4.469044232271724468e+03 9.497220326127676637e-01
4.469067473620179953e+03 9.454421812614375309e-01
4.469090715089501828e+03 9.406777968720818617e-01
4.469113956679691910e+03 9.434116615794828631e-01
4.469137198390751109e+03 9.429753517226846515e-01
4.469160440222678517e+03 9.415444102011807370e-01
4.469183682175475042e+03 9.439289697833975756e-01
4.469206924249142503e+03 9.414514913627167747e-01
4.469230166443680901e+03 9.435987381193590151e-01
4.469253408759090235e+03 9.532049450894397591e-01
4.469276651195372324e+03 9.398444689051655976e-01
4.469299893752526259e+03 9.397236169546739903e-01
4.469323136430554769e+03 9.372034582318231610e-01
4.469346379229456033e+03 9.345015581328347531e-01
4.469369622149232782e+03 9.370538954024765221e-01
4.469392865189884105e+03 9.348414120547272610e-01
4.469416108351411822e+03 9.298130479337678445e-01
4.469439351633815932e+03 9.376968538016744459e-01
4.469462595037097344e+03 9.262218270168874890e-01
4.469485838561256060e+03 9.241913263346553942e-01
4.469509082206292987e+03 9.232866810868535223e-01
4.469532325972209037e+03 9.254740547741930889e-01
4.469555569859005118e+03 9.224290821977192412e-01
4.469578813866681230e+03 9.172911949439656043e-01
4.469602057995238283e+03 9.233348424471538030e-01
4.469625302244677187e+03 9.168950333456886703e-01
4.469648546614997940e+03 9.074477697363959594e-01
4.469671791106201454e+03 9.139898871071185926e-01
4.469695035718288636e+03 9.197868805417669380e-01
4.469718280451259488e+03 9.148901519968202223e-01
4.469741525305114919e+03 9.127012086363682775e-01
4.469764770279855838e+03 9.063748556367028364e-01
4.469788015375483155e+03 8.975226146686479112e-01
4.469811260591996870e+03 9.016412122369382720e-01
4.469834505929396983e+03 9.015888200989868873e-01
4.469857751387685312e+03 9.021806432087269290e-01
4.469880996966862767e+03 9.066672038293076552e-01
4.469904242666928440e+03 8.982442306418674249e-01
4.469927488487884148e+03 8.911814035541193446e-01
4.469950734429729891e+03 9.026099504374887061e-01
4.469973980492467490e+03 8.884470637827589501e-01
4.469997226676096034e+03 8.966444058533890038e-01
4.470020472980616432e+03 8.869491087108256622e-01
4.470043719406030505e+03 8.868911134104610072e-01
4.470066965952337341e+03 8.907957153685730489e-01
4.470090212619538761e+03 8.832019469817888879e-01
4.470113459407634764e+03 8.775249827307937123e-01
4.470136706316625350e+03 8.701421649267887526e-01
4.470159953346513248e+03 8.718373313582103989e-01
4.470183200497296639e+03 8.675753429227233138e-01
4.470206447768978251e+03 8.719598967075239404e-01
4.470229695161557174e+03 8.705491780483926023e-01
4.470252942675034319e+03 8.639920462293043668e-01
4.470276190309410595e+03 8.655415640377432940e-01
4.470299438064686910e+03 8.709430092631740283e-01
4.470322685940864176e+03 8.661988561000937281e-01
4.470345933937941481e+03 8.663459071334600470e-01
4.470369182055921556e+03 8.699603624359799614e-01
4.470392430294802580e+03 8.717300499011629844e-01
4.470415678654587282e+03 8.568769753174843018e-01
4.470438927135275662e+03 8.570901499051439831e-01
4.470462175736867721e+03 8.502169706860566167e-01
4.470485424459365277e+03 8.518332800657244519e-01
4.470508673302767420e+03 8.485113946000264473e-01
4.470531922267075970e+03 8.503056554710320958e-01
4.470555171352291836e+03 8.447298137794581052e-01
4.470578420558414109e+03 8.463400465152832730e-01
4.470601669885444608e+03 8.465145249679036921e-01
4.470624919333383332e+03 8.472225199829176434e-01
4.470648168902231191e+03 8.442269405296782825e-01
4.470671418591990005e+03 8.429756913254974338e-01
4.470694668402657953e+03 8.435136121917615748e-01
4.470717918334237766e+03 8.348969528606178248e-01
4.470741168386729441e+03 8.359167920120791351e-01
4.470764418560132981e+03 8.328745128497109240e-01
4.470787668854449294e+03 8.314030049914765685e-01
4.470810919269679289e+03 8.350599342578099993e-01
4.470834169805823876e+03 8.290707930536584946e-01
4.470857420462883056e+03 8.236863334811005410e-01
4.470880671240857737e+03 8.181512895755672643e-01
4.470903922139748829e+03 8.256753312547033818e-01
4.470927173159556332e+03 8.224844242386323279e-01
4.470950424300281156e+03 8.116105212968802718e-01
4.470973675561924210e+03 8.061945570309272391e-01
4.470996926944485494e+03 8.202492836950253663e-01
4.471020178447965918e+03 8.115519714916389349e-01
4.471043430072366391e+03 8.110079594682538806e-01
4.471066681817687822e+03 8.094525978676285760e-01
4.471089933683930212e+03 8.083763505264641713e-01
4.471113185671094470e+03 7.990185750044438429e-01
4.471136437779180596e+03 7.973034977120092570e-01
4.471159690008190410e+03 7.961177081969803560e-01
4.471182942358123910e+03 7.863709423361231465e-01
4.471206194828981097e+03 7.916641618970950978e-01
4.471229447420762881e+03 7.983239094983223261e-01
4.471252700133471080e+03 7.966196883995118050e-01
4.471275952967104786e+03 7.907901482619785760e-01
4.471299205921665816e+03 7.900082385589808354e-01
4.471322458997154172e+03 7.864471908526411426e-01
4.471345712193570762e+03 7.842147553699616580e-01
4.471368965510915586e+03 7.835658718345405171e-01
4.471392218949190465e+03 7.914651206588370069e-01
4.471415472508394487e+03 7.810609027805291982e-01
4.471438726188529472e+03 7.762129321567328155e-01
4.471461979989595420e+03 7.782415318015767358e-01
4.471485233911593241e+03 7.782768400662023467e-01
4.471508487954523844e+03 7.805605538624080797e-01
4.471531742118387228e+03 7.723859353070305911e-01
4.471554996403184305e+03 7.666598707117875389e-01
4.471578250808915072e+03 7.658827975158540857e-01
4.471601505335582260e+03 7.619264807123014016e-01
4.471624759983184049e+03 7.606938275349724998e-01
4.471648014751722258e+03 7.665962076928030111e-01
4.471671269641197796e+03 7.649421517279813010e-01
4.471694524651609754e+03 7.640921157453508528e-01
4.471717779782960861e+03 7.631596971426958254e-01
4.471741035035250206e+03 7.643489732732944297e-01
4.471764290408479610e+03 7.656889340545567357e-01
4.471787545902648162e+03 7.698793669905320547e-01
4.471810801517757682e+03 7.584128325506434010e-01
4.471834057253808169e+03 7.457861525585178786e-01
4.471857313110801442e+03 7.708007851370773933e-01
4.471880569088736593e+03 7.652619292506880333e-01
4.471903825187614530e+03 7.640070211118906718e-01
4.471927081407437072e+03 7.764442693163831066e-01
4.471950337748203310e+03 7.663470603213996535e-01
4.471973594209915063e+03 7.606734606596925463e-01
4.471996850792572332e+03 7.668028713799175389e-01
4.472020107496176024e+03 7.638089508379040105e-01
4.472043364320726141e+03 7.693540843391183381e-01
4.472066621266224502e+03 7.654812633711222114e-01
4.472089878332670196e+03 7.638169067726277017e-01
4.472113135520065043e+03 7.676316843664567902e-01
4.472136392828409953e+03 7.716744801676548304e-01
4.472159650257704016e+03 7.761955332189126588e-01
4.472182907807949960e+03 7.758509994801394694e-01
4.472206165479145966e+03 7.790793657013397322e-01
4.472229423271294763e+03 7.759047174908523248e-01
4.472252681184395442e+03 7.834526027862940278e-01
4.472275939218449821e+03 7.865316100413650702e-01
4.472299197373457901e+03 7.881322059419230142e-01
4.472322455649420590e+03 7.879846724133191538e-01
4.472345714046338799e+03 7.920579323500511748e-01
4.472368972564211617e+03 7.849331993130090890e-01
4.472392231203041774e+03 7.892896275810918905e-01
4.472415489962828360e+03 7.970444775866907250e-01
4.472438748843573194e+03 7.967225487975849729e-01
4.472462007845275366e+03 8.100394270807658170e-01
4.472485266967936695e+03 8.060410384840317466e-01
4.472508526211558092e+03 8.074687100596373845e-01
4.472531785576139555e+03 8.154419364545223425e-01
4.472555045061681085e+03 8.135074837157878491e-01
4.472578304668184501e+03 8.176194561371553648e-01
4.472601564395649802e+03 8.187508255182760486e-01
4.472624824244077899e+03 8.267593286094493399e-01
4.472648084213468792e+03 8.223923568967036468e-01
4.472671344303824299e+03 8.231458568119739416e-01
4.472694604515143510e+03 8.299628487776694596e-01
4.472717864847428245e+03 8.364498791364967101e-01
4.472741125300679414e+03 8.199753643845048012e-01
4.472764385874896107e+03 8.331957002412385682e-01
4.472787646570080142e+03 8.341760037213874490e-01
4.472810907386232429e+03 8.437090319706429531e-01
4.472834168323352969e+03 8.462930813512857808e-01
4.472857429381441762e+03 8.528280407077842851e-01
4.472880690560500625e+03 8.600751951399119299e-01
4.472903951860529560e+03 8.586637198478528354e-01
4.472927213281528566e+03 8.559938501351990192e-01
4.472950474823499462e+03 8.663593260886693903e-01
4.472973736486443158e+03 8.661077684349876016e-01
4.472996998270358745e+03 8.578885516204678430e-01
4.473020260175248040e+03 8.602534992748073206e-01
4.473043522201111955e+03 8.595699619238782452e-01
4.473066784347949579e+03 8.750965953820021292e-01
4.473090046615762731e+03 8.780105893382921245e-01
4.473113309004551411e+03 8.783237218210923070e-01
4.473136571514316529e+03 8.753458903489803600e-01
4.473159834145058994e+03 8.858741408089954028e-01
4.473183096896779716e+03 8.890142194525754160e-01
4.473206359769478695e+03 8.957069272220445910e-01
4.473229622763155930e+03 8.982481415452153728e-01
4.473252885877813242e+03 8.927845514885089928e-01
4.473276149113450629e+03 8.940652450877462076e-01
4.473299412470069910e+03 8.992403962526380745e-01
4.473322675947669268e+03 9.038531182884593784e-01
4.473345939546251429e+03 9.056422434253226239e-01
4.473369203265816395e+03 9.074098148034371869e-01
4.473392467106365075e+03 9.007451345679220456e-01
4.473415731067897468e+03 9.115249771060076611e-01
4.473438995150414485e+03 9.211271904579655390e-01
4.473462259353917034e+03 9.132987305819892931e-01
4.473485523678405116e+03 9.244060197212254915e-01
4.473508788123879640e+03 9.194677824815796763e-01
4.473532052690341516e+03 9.128283123121390119e-01
4.473555317377791653e+03 9.263548931134524267e-01
4.473578582186230051e+03 9.239247727487027717e-01
4.473601847115657620e+03 9.260986955542851451e-01
4.473625112166074359e+03 9.290338729781233429e-01
4.473648377337482088e+03 9.359803418763008587e-01
4.473671642629879898e+03 9.448490281228687504e-01
4.473694908043269606e+03 9.371601529767683569e-01
4.473718173577652124e+03 9.502622449039043184e-01
4.473741439233027450e+03 9.507556801584083894e-01
4.473764705009395584e+03 9.505811349509787345e-01
4.473787970906758346e+03 9.548351348967625274e-01
4.473811236925115736e+03 9.527936509708790913e-01
4.473834503064468663e+03 9.587825579633458828e-01
4.473857769324817127e+03 9.552318194965675469e-01
4.473881035706162038e+03 9.592159758871386943e-01
4.473904302208505214e+03 9.572687821597150037e-01
4.473927568831844837e+03 9.549167784872677478e-01
4.473950835576184545e+03 9.617413752287574669e-01
4.473974102441522518e+03 9.621749017364890078e-01
4.473997369427860576e+03 9.562012823458304611e-01
4.474020636535198719e+03 9.638145506244458760e-01
4.474043903763537855e+03 9.655493405032810061e-01
4.474067171112878896e+03 9.711556168309067871e-01
4.474090438583221840e+03 9.685767163043306205e-01
4.474113706174567596e+03 9.627398921339733739e-01
4.474136973886917986e+03 9.718307228397052855e-01
4.474160241720271188e+03 9.734419765161294036e-01
4.474183509674629931e+03 9.766555596540268391e-01
4.474206777749994217e+03 9.764394728322186578e-01
4.474230045946364953e+03 9.837132444532910025e-01
4.474253314263741231e+03 9.775338378572562270e-01
4.474276582702125779e+03 9.867137571274217089e-01
4.474299851261517688e+03 9.796473724154927121e-01
4.474323119941918776e+03 9.898215006119194248e-01
4.474346388743328134e+03 9.916114285591119959e-01
4.474369657665748491e+03 9.934164452889497898e-01
4.474392926709178028e+03 9.799574679768734420e-01
4.474416195873619472e+03 9.850538864204619882e-01
4.474439465159072824e+03 9.881105976062918295e-01
4.474462734565538085e+03 9.817508200910985972e-01
4.474486004093017073e+03 9.877670698218072864e-01
4.474509273741508878e+03 9.920747967271946743e-01
4.474532543511015319e+03 9.861507603162669167e-01
4.474555813401536398e+03 9.962062480916653584e-01
4.474579083413073022e+03 9.868784449233266587e-01
4.474602353545625192e+03 9.853900232455240493e-01
4.474625623799194727e+03 9.995995590185416946e-01
4.474648894173781628e+03 9.954218345346910191e-01
4.474672164669386802e+03 9.924387277377092476e-01
4.474695435286010252e+03 9.974815547002728877e-01
4.474718706023652885e+03 9.941382671201560717e-01
4.474741976882316521e+03 9.991066332505270653e-01
4.474765247861999342e+03 1.001410913977421879e+00
4.474788518962704075e+03 9.974055295365011897e-01
4.474811790184429810e+03 9.954727155632574487e-01
4.474835061527179278e+03 1.000269845655210377e+00
4.474858332990950657e+03 1.002404369196814748e+00
4.474881604575745769e+03 9.973607782870947958e-01
4.474904876281565521e+03 1.000685240685548871e+00
4.474928148108410824e+03 9.945597714792165922e-01
4.474951420056280767e+03 9.885845760595345366e-01
4.474974692125177171e+03 9.959540245111774270e-01
4.474997964315100944e+03 1.003400868732901019e+00
4.475021236626051177e+03 9.946076992929682170e-01
4.475044509058030599e+03 9.926310467305855534e-01
4.475067781611037390e+03 1.002071074808289719e+00
4.475091054285074279e+03 9.978684131129317292e-01
4.475114327080141265e+03 9.902436998710610894e-01
4.475137599996239260e+03 9.996541515992126703e-01
4.475160873033368262e+03 1.001797814551846688e+00
4.475184146191528271e+03 1.006106948639771570e+00
4.475207419470722016e+03 1.005249575563468944e+00
4.475230692870947678e+03 1.000686287428117494e+00
4.475253966392207985e+03 1.006312343347204541e+00
4.475277240034502029e+03 9.940367999772047325e-01
4.475300513797831627e+03 9.921945554571426351e-01
4.475323787682196780e+03 9.971669257754036675e-01
4.475347061687598398e+03 9.891555713144026818e-01
4.475370335814036480e+03 9.888508073010676691e-01
4.475393610061511936e+03 1.009959559802787510e+00
4.475416884430025675e+03 1.006165605761934589e+00
4.475440158919578607e+03 9.918906200354326019e-01
4.475463433530170732e+03 9.974240272555413567e-01
4.475486708261802960e+03 9.997608590200702805e-01
4.475509983114475290e+03 9.964617775312140102e-01
4.475533258088189541e+03 1.008399764666239484e+00
4.475556533182945714e+03 1.005005770764263673e+00
4.475579808398744717e+03 9.877712638553834967e-01
4.475603083735586551e+03 1.002112322562082047e+00
4.475626359193472126e+03 1.003135029604408368e+00
4.475649634772402351e+03 9.940415811916650801e-01
4.475672910472377225e+03 9.905548644694268656e-01
4.475696186293398569e+03 1.002680034267690701e+00
4.475719462235465471e+03 9.981789775071914228e-01
4.475742738298579752e+03 1.001461290324327180e+00
4.475766014482741411e+03 9.980348419917015601e-01
4.475789290787951359e+03 1.007137875347240863e+00
4.475812567214210503e+03 1.005575612631263605e+00
4.475835843761518845e+03 1.002368144672397321e+00
4.475859120429877294e+03 9.998351633038418118e-01
4.475882397219286759e+03 9.964374044697998922e-01
4.475905674129748149e+03 1.004262950082878803e+00
4.475928951161260557e+03 9.980300315951696755e-01
4.475952228313825799e+03 9.983168960569613892e-01
4.475975505587444786e+03 9.982472738886475350e-01
4.475998782982116609e+03 9.966096734456897366e-01
4.476022060497843995e+03 9.986383710613748743e-01
4.476045338134626036e+03 9.888696332517535881e-01
4.476068615892464550e+03 9.947012222373960988e-01
4.476091893771358627e+03 9.957409394332356056e-01
4.476115171771310088e+03 1.008460227258756836e+00
4.476138449892318931e+03 9.984640957716280907e-01
4.476161728134386976e+03 9.980758824192306200e-01
4.476185006497513314e+03 9.976595138696301435e-01
4.476208284981698853e+03 9.986166236934190810e-01
4.476231563586944503e+03 9.996420325962653841e-01
4.476254842313252084e+03 1.004209876370908416e+00
4.476278121160620685e+03 9.897892679945937688e-01
4.476301400129051217e+03 1.002832286842123555e+00
4.476324679218543679e+03 1.002276361829748108e+00
4.476347958429100800e+03 9.996694956159932755e-01
4.476371237760720760e+03 1.004838505642473345e+00
4.476394517213406289e+03 9.966156357853463987e-01
4.476417796787156476e+03 1.001038249021900750e+00
4.476441076481972232e+03 1.004034412444026136e+00
4.476464356297855375e+03 9.935836164208387000e-01
4.476487636234804995e+03 9.944639510096878743e-01
4.476510916292822913e+03 1.004809646594704509e+00
4.476534196471908217e+03 1.000026100826477693e+00
4.476557476772063637e+03 9.987007772411844453e-01
4.476580757193288264e+03 1.003843144117890107e+00
4.476604037735583006e+03 1.002475488741638721e+00
4.476627318398948773e+03 1.003638366392787251e+00
4.476650599183386475e+03 9.942589405248214440e-01
4.476673880088895203e+03 1.003404060749025328e+00
4.476697161115477684e+03 9.939847456602097786e-01
4.476720442263133009e+03 9.990091731874963799e-01
4.476743723531862997e+03 1.001624851975581265e+00
4.476767004921667649e+03 1.000965698121133673e+00
4.476790286432546964e+03 9.992595944882040060e-01
4.476813568064502761e+03 1.005951354045413471e+00
4.476836849817535040e+03 9.986765325390815073e-01
4.476860131691643801e+03 1.001485027813091122e+00
4.476883413686831773e+03 1.001448821689306934e+00
4.476906695803097136e+03 9.999428487018792167e-01
4.476929978040441711e+03 1.004076125160189514e+00
4.476953260398866405e+03 1.009392214309985603e+00
4.476976542878371220e+03 1.006721156395775640e+00
4.476999825478957064e+03 1.001048416910528260e+00
4.477023108200623938e+03 1.006543501274838048e+00
4.477046391043373660e+03 1.003839217862094069e+00
4.477069674007206231e+03 1.000773121113043507e+00
4.477092957092121651e+03 1.007582363487185217e+00
4.477116240298121738e+03 9.984676731095679658e-01
4.477139523625206493e+03 9.898349327394504460e-01
4.477162807073376825e+03 1.000764877558135479e+00
4.477186090642632735e+03 9.938927134077857328e-01
4.477209374332976040e+03 9.978889710639288202e-01
4.477232658144405832e+03 9.956392862643186348e-01
4.477255942076923930e+03 1.005600316758622714e+00
4.477279226130530333e+03 1.005116242069214572e+00
4.477302510305225951e+03 9.949856787054128793e-01
4.477325794601011694e+03 1.003072567932569381e+00
4.477349079017887561e+03 1.003383677279672481e+00
4.477372363555854463e+03 9.952058458058102852e-01
4.477395648214913308e+03 1.000546260419923561e+00
4.477418932995064097e+03 1.005366298313724371e+00
4.477442217896307739e+03 9.969653672351529439e-01
4.477465502918645143e+03 1.011026987088100348e+00
4.477488788062077219e+03 9.986053715999255731e-01
4.477512073326603058e+03 9.972361428594315180e-01
4.477535358712225388e+03 1.001781812489935586e+00
4.477558644218943300e+03 9.985791117475417700e-01
4.477581929846757703e+03 9.998910842980546221e-01
4.477605215595670415e+03 9.993290911012078226e-01
4.477628501465679619e+03 1.000799500316250423e+00
4.477651787456788952e+03 9.966869997417101557e-01
4.477675073568996595e+03 9.955891648902325253e-01
4.477698359802304367e+03 1.009266224306985871e+00
4.477721646156712268e+03 1.006406299774752267e+00
4.477744932632222117e+03 1.001775892519054745e+00
4.477768219228833004e+03 9.986948513707318842e-01
4.477791505946545840e+03 9.995703316197495081e-01
4.477814792785362442e+03 9.938221831146073493e-01
4.477838079745282812e+03 9.928921756827344680e-01
4.477861366826306948e+03 1.000189528322009247e+00
4.477884654028436671e+03 1.009611946599950461e+00
4.477907941351671070e+03 1.005350664128953575e+00
4.477931228796011965e+03 9.931841182974423532e-01
4.477954516361460264e+03 9.926620491671941382e-01
4.477977804048015059e+03 1.000223232913629801e+00
