# star name zetOri, line HEI4471
# instrument: HERMES spectrograph @Mercator
# date of observation (midpoint)2018-10-14T02:45:24.538906
# BJD of observation (midpoint)2458405.6171703
# name of fits file: 00898015_HRF_OBJ_ext_CosmicsRemoved_log_merged_c.fits
# 
# wavelength(Angstrom,air) normalised_flux
4.460012509882908489e+03 1.001978721883897139e+00
4.460035704261721548e+03 1.000329517444051630e+00
4.460058898761158162e+03 9.977153549435063828e-01
4.460082093381218328e+03 1.002466545590739111e+00
4.460105288121902049e+03 1.004940297506348390e+00
4.460128482983210233e+03 1.002846100315241573e+00
4.460151677965144700e+03 9.985384987201626483e-01
4.460174873067704539e+03 9.963150620802907476e-01
4.460198068290890660e+03 9.949175270092981416e-01
4.460221263634703973e+03 9.989384223126369644e-01
4.460244459099145388e+03 1.000049073479456041e+00
4.460267654684214904e+03 9.959274076965216604e-01
4.460290850389914340e+03 1.001333605160255491e+00
4.460314046216242787e+03 1.001825552808868869e+00
4.460337242163202063e+03 9.998645537792583138e-01
4.460360438230791260e+03 1.000213581049896217e+00
4.460383634419013106e+03 9.989623844373314299e-01
4.460406830727866691e+03 9.984720706235259424e-01
4.460430027157353834e+03 9.965804587937414638e-01
4.460453223707473626e+03 1.000290484925776546e+00
4.460476420378227886e+03 1.000048204738936741e+00
4.460499617169616613e+03 9.979673502467415469e-01
4.460522814081640718e+03 1.000854048900883697e+00
4.460546011114300200e+03 1.000837468816079268e+00
4.460569208267597787e+03 1.000613274857249602e+00
4.460592405541531662e+03 1.002071277645751435e+00
4.460615602936103642e+03 9.984196343623795711e-01
4.460638800451313728e+03 9.951788091260623803e-01
4.460661998087162829e+03 9.987781720263896323e-01
4.460685195843651854e+03 1.005969761981110988e+00
4.460708393720781714e+03 1.000261555579191386e+00
4.460731591718552409e+03 9.943572391882505856e-01
4.460754789836964846e+03 9.952343561918172155e-01
4.460777988076019028e+03 9.996575300083305748e-01
4.460801186435715863e+03 9.974778613778095826e-01
4.460824384916057170e+03 9.996726692219531918e-01
4.460847583517042040e+03 9.997094273157499655e-01
4.460870782238671381e+03 1.000607354846908326e+00
4.460893981080947015e+03 9.977065803631167684e-01
4.460917180043868029e+03 9.994739451160435939e-01
4.460940379127435335e+03 1.002852501386030992e+00
4.460963578331650751e+03 9.959848177014390957e-01
4.460986777656513368e+03 9.986265740105744193e-01
4.461009977102025005e+03 1.004366578714438685e+00
4.461033176668185661e+03 1.004199217628954033e+00
4.461056376354995336e+03 1.004332226820474627e+00
4.461079576162456760e+03 1.000879956064487653e+00
4.461102776090568113e+03 1.000116053678744565e+00
4.461125976139332124e+03 9.974937415889514325e-01
4.461149176308747883e+03 9.999832898918997737e-01
4.461172376598816300e+03 9.992458570846235455e-01
4.461195577009538283e+03 9.955504356606093008e-01
4.461218777540914743e+03 1.006529867059613670e+00
4.461241978192945680e+03 1.004420819895552652e+00
4.461265178965632913e+03 1.005116906070229854e+00
4.461288379858975532e+03 1.003362142974288052e+00
4.461311580872974446e+03 1.000793537679655287e+00
4.461334782007631475e+03 1.000753219352352730e+00
4.461357983262945709e+03 9.970198094008827505e-01
4.461381184638918967e+03 1.003960453592105839e+00
4.461404386135551249e+03 1.004119149500145136e+00
4.461427587752843465e+03 9.987697838231182068e-01
4.461450789490796524e+03 9.977060717514414367e-01
4.461473991349409516e+03 1.007729857285791120e+00
4.461497193328685171e+03 9.942679936736993351e-01
4.461520395428622578e+03 1.002966803935655626e+00
4.461543597649223557e+03 9.916549601853024143e-01
4.461566799990488107e+03 9.962438683487413460e-01
4.461590002452416229e+03 9.979952609287892074e-01
4.461613205035009742e+03 9.991009498012191070e-01
4.461636407738268645e+03 1.001331360126026748e+00
4.461659610562192938e+03 9.957504613064573906e-01
4.461682813506784441e+03 1.000941573280530461e+00
4.461706016572044064e+03 9.927979632888820349e-01
4.461729219757970895e+03 9.966679044243488272e-01
4.461752423064565846e+03 9.961305667221299620e-01
4.461775626491830735e+03 1.002633476417282621e+00
4.461798830039765562e+03 9.964292655870086168e-01
4.461822033708370327e+03 1.006592706568487650e+00
4.461845237497646849e+03 9.994069935353642187e-01
4.461868441407595128e+03 9.989400745968068929e-01
4.461891645438215164e+03 9.982269503086786955e-01
4.461914849589508776e+03 1.000218871743797866e+00
4.461938053861475055e+03 9.955727304130692623e-01
4.461961258254116728e+03 9.986531954809430012e-01
4.461984462767432888e+03 1.000033289990679863e+00
4.462007667401424442e+03 9.965586715951660901e-01
4.462030872156092300e+03 9.984313444747205946e-01
4.462054077031436464e+03 9.998683310239870892e-01
4.462077282027458750e+03 1.000601909581294136e+00
4.462100487144158251e+03 9.991447248615552557e-01
4.462123692381536785e+03 1.000098377680960660e+00
4.462146897739594351e+03 1.004021784369388381e+00
4.462170103218331860e+03 1.001833666097085684e+00
4.462193308817750221e+03 9.997396262661532029e-01
4.462216514537850344e+03 1.005006401438650609e+00
4.462239720378631318e+03 1.001990293548377542e+00
4.462262926340094964e+03 9.999377961818224358e-01
4.462286132422241280e+03 9.962918795280056861e-01
4.462309338625071177e+03 1.001916508706414133e+00
4.462332544948586474e+03 1.000111737502867859e+00
4.462355751392785351e+03 9.987855089015601484e-01
4.462378957957670536e+03 9.975448612042397967e-01
4.462402164643242031e+03 9.981056449484331239e-01
4.462425371449499835e+03 9.963284781325848494e-01
4.462448578376445766e+03 9.972392356687886927e-01
4.462471785424078917e+03 9.968428280165307909e-01
4.462494992592401104e+03 1.002065699928647691e+00
4.462518199881412329e+03 1.003354111570737173e+00
4.462541407291114410e+03 1.002230201353683903e+00
4.462564614821506439e+03 1.002882780365361493e+00
4.462587822472589323e+03 1.000272511812898779e+00
4.462611030244364883e+03 9.939083057919148034e-01
4.462634238136832209e+03 9.982521628064601193e-01
4.462657446149992211e+03 1.002351602643159145e+00
4.462680654283846707e+03 1.000300834714170861e+00
4.462703862538395697e+03 1.003594361189950046e+00
4.462727070913639182e+03 1.001661258460149417e+00
4.462750279409578070e+03 1.001736147029349100e+00
4.462773488026214181e+03 1.004662969048583543e+00
4.462796696763545697e+03 1.001366381675036221e+00
4.462819905621575344e+03 1.001833365814863264e+00
4.462843114600304034e+03 1.002772244660804501e+00
4.462866323699729946e+03 1.006281866914909173e+00
4.462889532919855810e+03 9.990479942559765680e-01
4.462912742260681625e+03 1.002966040798196623e+00
4.462935951722208301e+03 1.005342355706972945e+00
4.462959161304435838e+03 9.999015708592473572e-01
4.462982371007366055e+03 1.005296574363186757e+00
4.463005580830998042e+03 1.003832638217263318e+00
4.463028790775333619e+03 9.978129907855700642e-01
4.463052000840371875e+03 9.964657151982845296e-01
4.463075211026115539e+03 1.005415932406017454e+00
4.463098421332563703e+03 1.005264658196447725e+00
4.463121631759718184e+03 1.000434137394619949e+00
4.463144842307578074e+03 9.985585539403869504e-01
4.463168052976145191e+03 1.007916378247857514e+00
4.463191263765420445e+03 9.979865545121605619e-01
4.463214474675402926e+03 1.002105396966301853e+00
4.463237685706094453e+03 1.002214514436626125e+00
4.463260896857495936e+03 1.001728259398404486e+00
4.463284108129606466e+03 1.005991030804835207e+00
4.463307319522428770e+03 1.002209962705560509e+00
4.463330531035961030e+03 1.001097266255475793e+00
4.463353742670205975e+03 9.981374314602156073e-01
4.463376954425163603e+03 1.001237372231569056e+00
4.463400166300833916e+03 1.005930323512548963e+00
4.463423378297218733e+03 1.003805540283042363e+00
4.463446590414317143e+03 9.995351902201151661e-01
4.463469802652130966e+03 1.004673195069234914e+00
4.463493015010661111e+03 1.007128361756830071e+00
4.463516227489906669e+03 9.998819441359499960e-01
4.463539440089869458e+03 9.976176891434499483e-01
4.463562652810549480e+03 1.008313260187232441e+00
4.463585865651948552e+03 1.012383998135838459e+00
4.463609078614065766e+03 1.007417711761383616e+00
4.463632291696902939e+03 1.003159257556070161e+00
4.463655504900459164e+03 9.966702167858528805e-01
4.463678718224737167e+03 1.000981266863576025e+00
4.463701931669736041e+03 9.975038254829736717e-01
4.463725145235456694e+03 9.975132000190890524e-01
4.463748358921900035e+03 9.962504354157651898e-01
4.463771572729066975e+03 9.978250924382625620e-01
4.463794786656957513e+03 1.001761510492108709e+00
4.463818000705572558e+03 9.977740690053853445e-01
4.463841214874912112e+03 1.000583583094104778e+00
4.463864429164977992e+03 1.004208012594808075e+00
4.463887643575770198e+03 1.000077322918001776e+00
4.463910858107289641e+03 9.993554092981542514e-01
4.463934072759536321e+03 1.001049559223385899e+00
4.463957287532511145e+03 9.961582506087681699e-01
4.463980502426215025e+03 9.965876408277825060e-01
4.464003717440647961e+03 9.964641651796445343e-01
4.464026932575811770e+03 9.971163440126681321e-01
4.464050147831705544e+03 9.935148858456601673e-01
4.464073363208331102e+03 9.922842138078210583e-01
4.464096578705689353e+03 9.956534434876953554e-01
4.464119794323779388e+03 9.927286078464976349e-01
4.464143010062603025e+03 9.950169992612165615e-01
4.464166225922160265e+03 9.984362474497893158e-01
4.464189441902452018e+03 9.978373695815581090e-01
4.464212658003479191e+03 9.986000291655923178e-01
4.464235874225241787e+03 1.001733948003659114e+00
4.464259090567740714e+03 9.987545293287259929e-01
4.464282307030976881e+03 9.968356977553815002e-01
4.464305523614951198e+03 1.000303986688090507e+00
4.464328740319662757e+03 9.948248022811002622e-01
4.464351957145114284e+03 9.973324526818858615e-01
4.464375174091304871e+03 9.977939882834796492e-01
4.464398391158235427e+03 9.976084716552405807e-01
4.464421608345906861e+03 9.988344506519728494e-01
4.464444825654319175e+03 9.997909377544359488e-01
4.464468043083474186e+03 1.000272759829795355e+00
4.464491260633371894e+03 1.004450308683475290e+00
4.464514478304013210e+03 1.016370970888600178e+00
4.464537696095398132e+03 1.009678700278772823e+00
4.464560914007527572e+03 9.955960620776650449e-01
4.464584132040402437e+03 1.002271401445979038e+00
4.464607350194022729e+03 9.973310605255955030e-01
4.464630568468389356e+03 9.950348225135529079e-01
4.464653786863503228e+03 9.995993463320527184e-01
4.464677005379365255e+03 1.000773052019612530e+00
4.464700224015975436e+03 1.001290845859027057e+00
4.464723442773333772e+03 9.971472881471494798e-01
4.464746661651442992e+03 1.000038637325638025e+00
4.464769880650301275e+03 1.000188095283361278e+00
4.464793099769911350e+03 9.969445652562225479e-01
4.464816319010272309e+03 9.961992394229788328e-01
4.464839538371385061e+03 9.995812814592007767e-01
4.464862757853251424e+03 9.930764659702819852e-01
4.464885977455870488e+03 9.895783165169554918e-01
4.464909197179243165e+03 9.941923204367280054e-01
4.464932417023371272e+03 1.000598740749644389e+00
4.464955636988254810e+03 9.995456675397956792e-01
4.464978857073893778e+03 9.967639474913705389e-01
4.465002077280289086e+03 9.982713047663893668e-01
4.465025297607441644e+03 9.977077974849770658e-01
4.465048518055351451e+03 9.979534009026045371e-01
4.465071738624020327e+03 1.001263988212865108e+00
4.465094959313448271e+03 9.996252440278701190e-01
4.465118180123635284e+03 9.984290512842649568e-01
4.465141401054582275e+03 9.949849894911434456e-01
4.465164622106291063e+03 9.969444118680863554e-01
4.465187843278760738e+03 9.953885268725743973e-01
4.465211064571993120e+03 9.962497033577982775e-01
4.465234285985988208e+03 9.942840161136899946e-01
4.465257507520746003e+03 9.917809558709607121e-01
4.465280729176268323e+03 9.875013033974452403e-01
4.465303950952555169e+03 9.908156103403221726e-01
4.465327172849607450e+03 9.919906473578256056e-01
4.465350394867426076e+03 9.936625353600726518e-01
4.465373617006010136e+03 9.911078595388698176e-01
4.465396839265362360e+03 9.875381124691706702e-01
4.465420061645481837e+03 9.895311412251373007e-01
4.465443284146370388e+03 9.924163963228108676e-01
4.465466506768027102e+03 9.910855984529717277e-01
4.465489729510453799e+03 9.848669188527986451e-01
4.465512952373651387e+03 9.881003899493608911e-01
4.465536175357618959e+03 9.921429023067623865e-01
4.465559398462359241e+03 9.851786889722013996e-01
4.465582621687870414e+03 9.899396604655518184e-01
4.465605845034155209e+03 9.892112715716653293e-01
4.465629068501213624e+03 9.924162207060950314e-01
4.465652292089045659e+03 9.816391209302356424e-01
4.465675515797652224e+03 9.940018193839567084e-01
4.465698739627034229e+03 9.862747047195036254e-01
4.465721963577192582e+03 9.816239869619567404e-01
4.465745187648127285e+03 9.879086728380603866e-01
4.465768411839839246e+03 9.877769436767849243e-01
4.465791636152329374e+03 9.873449688721066542e-01
4.465814860585597671e+03 9.893703633438688527e-01
4.465838085139645045e+03 9.845556551410020729e-01
4.465861309814471497e+03 9.847197095317630211e-01
4.465884534610078845e+03 9.834527691402027427e-01
4.465907759526467999e+03 9.807967422158819781e-01
4.465930984563638049e+03 9.823307468757815908e-01
4.465954209721589905e+03 9.843314345363520790e-01
4.465977435000325386e+03 9.824770675241120133e-01
4.466000660399843582e+03 9.807535074932635100e-01
4.466023885920146313e+03 9.825292475001181636e-01
4.466047111561234487e+03 9.847179330243533979e-01
4.466070337323107196e+03 9.836851438468878772e-01
4.466093563205766259e+03 9.866084473622505069e-01
4.466116789209211674e+03 9.882135950974015870e-01
4.466140015333444353e+03 9.815387283848627797e-01
4.466163241578465204e+03 9.831005371028462836e-01
4.466186467944274227e+03 9.841396053598604476e-01
4.466209694430873242e+03 9.837245940880187112e-01
4.466232921038261338e+03 9.799343791859593811e-01
4.466256147766439426e+03 9.756668491494387974e-01
4.466279374615409324e+03 9.859500593642960276e-01
4.466302601585171033e+03 9.802153357780740706e-01
4.466325828675724551e+03 9.852200481214291594e-01
4.466349055887070790e+03 9.898016220879437554e-01
4.466372283219210658e+03 9.786919709438800519e-01
4.466395510672145065e+03 9.866997607304494045e-01
4.466418738245874010e+03 9.854782507752403165e-01
4.466441965940398404e+03 9.868947850897146212e-01
4.466465193755719156e+03 9.847944955060352612e-01
4.466488421691836265e+03 9.811454584779211174e-01
4.466511649748750642e+03 9.826416024796292836e-01
4.466534877926463196e+03 9.843082798484623641e-01
4.466558106224974836e+03 9.856592685281826416e-01
4.466581334644284652e+03 9.845294692342377862e-01
4.466604563184395374e+03 9.784270003586160724e-01
4.466627791845305183e+03 9.818211916872392475e-01
4.466651020627016806e+03 9.832205659094171990e-01
4.466674249529530243e+03 9.762300460943549307e-01
4.466697478552846405e+03 9.778562367069782990e-01
4.466720707696965292e+03 9.801367391007504981e-01
4.466743936961886902e+03 9.782917205131705929e-01
4.466767166347613966e+03 9.817916748125077309e-01
4.466790395854144663e+03 9.834057988244740978e-01
4.466813625481481722e+03 9.801032343909547029e-01
4.466836855229625144e+03 9.786565300068087447e-01
4.466860085098574928e+03 9.797194433399852853e-01
4.466883315088331983e+03 9.824972470607113983e-01
4.466906545198896310e+03 9.809578175968830527e-01
4.466929775430270638e+03 9.744995510411814665e-01
4.466953005782453147e+03 9.776610700310367497e-01
4.466976236255446565e+03 9.781499337518846371e-01
4.466999466849249984e+03 9.796257985097931442e-01
4.467022697563864313e+03 9.828039135678753313e-01
4.467045928399290460e+03 9.878726215363790031e-01
4.467069159355529337e+03 9.806894373955927779e-01
4.467092390432580942e+03 9.782382537151457225e-01
4.467115621630446185e+03 9.809319769030169223e-01
4.467138852949125976e+03 9.837420884132122012e-01
4.467162084388620315e+03 9.825813748372961287e-01
4.467185315948930111e+03 9.810213531567751888e-01
4.467208547630056273e+03 9.860535035156372530e-01
4.467231779431999712e+03 9.748648936008195154e-01
4.467255011354759517e+03 9.817866483945952849e-01
4.467278243398338418e+03 9.861989923173605233e-01
4.467301475562735504e+03 9.839134792823652775e-01
4.467324707847951686e+03 9.814233445841987757e-01
4.467347940253988781e+03 9.855949383206403791e-01
4.467371172780844972e+03 9.872643887535791363e-01
4.467394405428523896e+03 9.830419822983326172e-01
4.467417638197023734e+03 9.832598979161858432e-01
4.467440871086346306e+03 9.836331585985272907e-01
4.467464104096491610e+03 9.778259211439502829e-01
4.467487337227460557e+03 9.755717061667691370e-01
4.467510570479254056e+03 9.780117662021042824e-01
4.467533803851873017e+03 9.822004261425201221e-01
4.467557037345316530e+03 9.831892319247567125e-01
4.467580270959587324e+03 9.800437530882170067e-01
4.467603504694684489e+03 9.804148112065403931e-01
4.467626738550608934e+03 9.804300843058377790e-01
4.467649972527361570e+03 9.752210745833737038e-01
4.467673206624943305e+03 9.778835721883132326e-01
4.467696440843354139e+03 9.797688662637794588e-01
4.467719675182594983e+03 9.836307457261761478e-01
4.467742909642666746e+03 9.781841689666674888e-01
4.467766144223569427e+03 9.789637311374419504e-01
4.467789378925303936e+03 9.794556911260178245e-01
4.467812613747871183e+03 9.789353331734244046e-01
4.467835848691271167e+03 9.790370356694199083e-01
4.467859083755504798e+03 9.756438096593557097e-01
4.467882318940572986e+03 9.735500253646047764e-01
4.467905554246476640e+03 9.705411011092351936e-01
4.467928789673215761e+03 9.701403697718208319e-01
4.467952025220791256e+03 9.752105413539166046e-01
4.467975260889203128e+03 9.783214448766874849e-01
4.467998496678453193e+03 9.733272108203110395e-01
4.468021732588540544e+03 9.736947178782571211e-01
4.468044968619466999e+03 9.763332799402980600e-01
4.468068204771233468e+03 9.721867560045959200e-01
4.468091441043839950e+03 9.760631156126483576e-01
4.468114677437286446e+03 9.775327057543267140e-01
4.468137913951574774e+03 9.747877422698050243e-01
4.468161150586704935e+03 9.725810545480436664e-01
4.468184387342676928e+03 9.705606558307556808e-01
4.468207624219492573e+03 9.699224119413707434e-01
4.468230861217152778e+03 9.728430467612202426e-01
4.468254098335656636e+03 9.713584956843057672e-01
4.468277335575005964e+03 9.646023816020393715e-01
4.468300572935200762e+03 9.698981134240861612e-01
4.468323810416241031e+03 9.777918499183373413e-01
4.468347048018129499e+03 9.711687728692116606e-01
4.468370285740865256e+03 9.725911283442539856e-01
4.468393523584449213e+03 9.655018867245945824e-01
4.468416761548881368e+03 9.647873881726563017e-01
4.468439999634163541e+03 9.615906271872545208e-01
4.468463237840296642e+03 9.679352572811168454e-01
4.468486476167278852e+03 9.644867953900497781e-01
4.468509714615113808e+03 9.640194094295481131e-01
4.468532953183799691e+03 9.700867825700394409e-01
4.468556191873339230e+03 9.638603075791213337e-01
4.468579430683731516e+03 9.589773027415637863e-01
4.468602669614977458e+03 9.584467297849313949e-01
4.468625908667077965e+03 9.613283451692048454e-01
4.468649147840033947e+03 9.665905565277170819e-01
4.468672387133845405e+03 9.623149587711444797e-01
4.468695626548513246e+03 9.601095606127020288e-01
4.468718866084037472e+03 9.612003397779529390e-01
4.468742105740419902e+03 9.611175084238613442e-01
4.468765345517661444e+03 9.601692552221239296e-01
4.468788585415760281e+03 9.651888208217128673e-01
4.468811825434720049e+03 9.626544299309246489e-01
4.468835065574538930e+03 9.599252786245714431e-01
4.468858305835219653e+03 9.600322626076421839e-01
4.468881546216761308e+03 9.575510968575905446e-01
4.468904786719164804e+03 9.499940756414212428e-01
4.468928027342431051e+03 9.500933441512340316e-01
4.468951268086560049e+03 9.575929605343797002e-01
4.468974508951553616e+03 9.567998181549631775e-01
4.468997749937411754e+03 9.501136871254347582e-01
4.469020991044135371e+03 9.561462656322947673e-01
4.469044232271724468e+03 9.511007370707458275e-01
4.469067473620179953e+03 9.450228613727261751e-01
4.469090715089501828e+03 9.464322961044367988e-01
4.469113956679691910e+03 9.483860058209399035e-01
4.469137198390751109e+03 9.430733592715013769e-01
4.469160440222678517e+03 9.479879950114594722e-01
4.469183682175475042e+03 9.419796693505618768e-01
4.469206924249142503e+03 9.351475913442199861e-01
4.469230166443680901e+03 9.367934184364472561e-01
4.469253408759090235e+03 9.344495582564190661e-01
4.469276651195372324e+03 9.344236973583749384e-01
4.469299893752526259e+03 9.330946008162797067e-01
4.469323136430554769e+03 9.366860454498024957e-01
4.469346379229456033e+03 9.308105074996670947e-01
4.469369622149232782e+03 9.283600328099718135e-01
4.469392865189884105e+03 9.300535947651228375e-01
4.469416108351411822e+03 9.276665413629739954e-01
4.469439351633815932e+03 9.295166221616111280e-01
4.469462595037097344e+03 9.300255034693845069e-01
4.469485838561256060e+03 9.196827072487632204e-01
4.469509082206292987e+03 9.233960152710796176e-01
4.469532325972209037e+03 9.215913250019649450e-01
4.469555569859005118e+03 9.255418106862511873e-01
4.469578813866681230e+03 9.237197716139825543e-01
4.469602057995238283e+03 9.177717692102720370e-01
4.469625302244677187e+03 9.138083425715491925e-01
4.469648546614997940e+03 9.125831793553786930e-01
4.469671791106201454e+03 9.102275332009093223e-01
4.469695035718288636e+03 9.068336333563007390e-01
4.469718280451259488e+03 9.068452327500696741e-01
4.469741525305114919e+03 9.056999712738094122e-01
4.469764770279855838e+03 9.088490681100391821e-01
4.469788015375483155e+03 9.057143086431196366e-01
4.469811260591996870e+03 9.014468360984544404e-01
4.469834505929396983e+03 8.967166564144193330e-01
4.469857751387685312e+03 8.979093883728851422e-01
4.469880996966862767e+03 8.935999399202891880e-01
4.469904242666928440e+03 8.917826958196546361e-01
4.469927488487884148e+03 8.918123110751886573e-01
4.469950734429729891e+03 8.952547206281953329e-01
4.469973980492467490e+03 8.959779156264709998e-01
4.469997226676096034e+03 8.860570560136613594e-01
4.470020472980616432e+03 8.843932515726140586e-01
4.470043719406030505e+03 8.854208966409142789e-01
4.470066965952337341e+03 8.885129696915565756e-01
4.470090212619538761e+03 8.824128838213983750e-01
4.470113459407634764e+03 8.807479061996685843e-01
4.470136706316625350e+03 8.816009158639462884e-01
4.470159953346513248e+03 8.769426179379751218e-01
4.470183200497296639e+03 8.745448882812379976e-01
4.470206447768978251e+03 8.703107690926359385e-01
4.470229695161557174e+03 8.684675067319570507e-01
4.470252942675034319e+03 8.706709787278248402e-01
4.470276190309410595e+03 8.697560293186215041e-01
4.470299438064686910e+03 8.704719546010348807e-01
4.470322685940864176e+03 8.668086943802532085e-01
4.470345933937941481e+03 8.659965869171837305e-01
4.470369182055921556e+03 8.634134462680393973e-01
4.470392430294802580e+03 8.636673891479340615e-01
4.470415678654587282e+03 8.627151966642180314e-01
4.470438927135275662e+03 8.612620624431873706e-01
4.470462175736867721e+03 8.656676760910464452e-01
4.470485424459365277e+03 8.628060724908461765e-01
4.470508673302767420e+03 8.614439574151566692e-01
4.470531922267075970e+03 8.568303051708844320e-01
4.470555171352291836e+03 8.541173150578511564e-01
4.470578420558414109e+03 8.534628913595941890e-01
4.470601669885444608e+03 8.502864792927167237e-01
4.470624919333383332e+03 8.521129954358869218e-01
4.470648168902231191e+03 8.504053442119152706e-01
4.470671418591990005e+03 8.513690445690493824e-01
4.470694668402657953e+03 8.496143466930027310e-01
4.470717918334237766e+03 8.434000665099995464e-01
4.470741168386729441e+03 8.453239702357606689e-01
4.470764418560132981e+03 8.414200907730408074e-01
4.470787668854449294e+03 8.404881159545537495e-01
4.470810919269679289e+03 8.471909018816295989e-01
4.470834169805823876e+03 8.425135789170932199e-01
4.470857420462883056e+03 8.385588843755081845e-01
4.470880671240857737e+03 8.394721053736247107e-01
4.470903922139748829e+03 8.362266242807330219e-01
4.470927173159556332e+03 8.345279461929066001e-01
4.470950424300281156e+03 8.343954825966007904e-01
4.470973675561924210e+03 8.351541678193024065e-01
4.470996926944485494e+03 8.345186986599403278e-01
4.471020178447965918e+03 8.304824582425877066e-01
4.471043430072366391e+03 8.296117050813617277e-01
4.471066681817687822e+03 8.228899291738613897e-01
4.471089933683930212e+03 8.273919123461269676e-01
4.471113185671094470e+03 8.247590871804181267e-01
4.471136437779180596e+03 8.302909537089079306e-01
4.471159690008190410e+03 8.247721128716842820e-01
4.471182942358123910e+03 8.166440856270282822e-01
4.471206194828981097e+03 8.195025674037085262e-01
4.471229447420762881e+03 8.175190350058524347e-01
4.471252700133471080e+03 8.123125949645267907e-01
4.471275952967104786e+03 8.098790752674664972e-01
4.471299205921665816e+03 8.107744908561450581e-01
4.471322458997154172e+03 8.085877059119036536e-01
4.471345712193570762e+03 8.082946200579207430e-01
4.471368965510915586e+03 8.016186626647132663e-01
4.471392218949190465e+03 7.976980482356219593e-01
4.471415472508394487e+03 7.964337924060755913e-01
4.471438726188529472e+03 7.966551314853740351e-01
4.471461979989595420e+03 7.928877745973832436e-01
4.471485233911593241e+03 7.878754439223845107e-01
4.471508487954523844e+03 7.876287090068211372e-01
4.471531742118387228e+03 7.860940150382419445e-01
4.471554996403184305e+03 7.788008257591568784e-01
4.471578250808915072e+03 7.816995802021745599e-01
4.471601505335582260e+03 7.768809918188384067e-01
4.471624759983184049e+03 7.763830867345160591e-01
4.471648014751722258e+03 7.787286950143915698e-01
4.471671269641197796e+03 7.772047337183334292e-01
4.471694524651609754e+03 7.738295447734201415e-01
4.471717779782960861e+03 7.777525117781148856e-01
4.471741035035250206e+03 7.714779241077415195e-01
4.471764290408479610e+03 7.663133345013299902e-01
4.471787545902648162e+03 7.695977564512486158e-01
4.471810801517757682e+03 7.671259907943333012e-01
4.471834057253808169e+03 7.651373112352582995e-01
4.471857313110801442e+03 7.644823890401271083e-01
4.471880569088736593e+03 7.618629533859899716e-01
4.471903825187614530e+03 7.617276323203263644e-01
4.471927081407437072e+03 7.597146599502684339e-01
4.471950337748203310e+03 7.597235503170622906e-01
4.471973594209915063e+03 7.624166175517490540e-01
4.471996850792572332e+03 7.568833607711970002e-01
4.472020107496176024e+03 7.597975768601508140e-01
4.472043364320726141e+03 7.636506037612310616e-01
4.472066621266224502e+03 7.597191381202350602e-01
4.472089878332670196e+03 7.647689199606441113e-01
4.472113135520065043e+03 7.631432608852694033e-01
4.472136392828409953e+03 7.671763246549236914e-01
4.472159650257704016e+03 7.633381653855006999e-01
4.472182907807949960e+03 7.663448382736597342e-01
4.472206165479145966e+03 7.675476899110413864e-01
4.472229423271294763e+03 7.664496799921778347e-01
4.472252681184395442e+03 7.685909715518733920e-01
4.472275939218449821e+03 7.690080663435638897e-01
4.472299197373457901e+03 7.677642556535022589e-01
4.472322455649420590e+03 7.680244506029031415e-01
4.472345714046338799e+03 7.705826951571970174e-01
4.472368972564211617e+03 7.742703455540753676e-01
4.472392231203041774e+03 7.779463377700658322e-01
4.472415489962828360e+03 7.782912790311727891e-01
4.472438748843573194e+03 7.785211529861072455e-01
4.472462007845275366e+03 7.841128404331045854e-01
4.472485266967936695e+03 7.810837696806177677e-01
4.472508526211558092e+03 7.863513115435079026e-01
4.472531785576139555e+03 7.893695584206503746e-01
4.472555045061681085e+03 7.926536990072000632e-01
4.472578304668184501e+03 7.942061273470695237e-01
4.472601564395649802e+03 7.936608888118428240e-01
4.472624824244077899e+03 8.011082562491453896e-01
4.472648084213468792e+03 8.004300188748363354e-01
4.472671344303824299e+03 8.044586855582482876e-01
4.472694604515143510e+03 8.092700043178442382e-01
4.472717864847428245e+03 8.131232500102993921e-01
4.472741125300679414e+03 8.147003531221683748e-01
4.472764385874896107e+03 8.223094685473960608e-01
4.472787646570080142e+03 8.206518869877220679e-01
4.472810907386232429e+03 8.216361870032642400e-01
4.472834168323352969e+03 8.246785007937194045e-01
4.472857429381441762e+03 8.286241772416508278e-01
4.472880690560500625e+03 8.354134162172925926e-01
4.472903951860529560e+03 8.351161091234475808e-01
4.472927213281528566e+03 8.386852045009495216e-01
4.472950474823499462e+03 8.409465707513388288e-01
4.472973736486443158e+03 8.426615932383599850e-01
4.472996998270358745e+03 8.456795185099916790e-01
4.473020260175248040e+03 8.498046560974260588e-01
4.473043522201111955e+03 8.520283323509286744e-01
4.473066784347949579e+03 8.554922319989582968e-01
4.473090046615762731e+03 8.620166354743632464e-01
4.473113309004551411e+03 8.641864960869271028e-01
4.473136571514316529e+03 8.657222281047958212e-01
4.473159834145058994e+03 8.689072603958849506e-01
4.473183096896779716e+03 8.750432890672387165e-01
4.473206359769478695e+03 8.762650048782270051e-01
4.473229622763155930e+03 8.779480160242870701e-01
4.473252885877813242e+03 8.820010189701917858e-01
4.473276149113450629e+03 8.856510177359820934e-01
4.473299412470069910e+03 8.828857699787756586e-01
4.473322675947669268e+03 8.889395802941836289e-01
4.473345939546251429e+03 8.917401260723206713e-01
4.473369203265816395e+03 8.992892434479738961e-01
4.473392467106365075e+03 9.007017858614824179e-01
4.473415731067897468e+03 8.958993192396577099e-01
4.473438995150414485e+03 9.003526541109181380e-01
4.473462259353917034e+03 9.069183354311047829e-01
4.473485523678405116e+03 9.074764745677282862e-01
4.473508788123879640e+03 9.107132996146010129e-01
4.473532052690341516e+03 9.120062724340021187e-01
4.473555317377791653e+03 9.147267616569561000e-01
4.473578582186230051e+03 9.222223273714437175e-01
4.473601847115657620e+03 9.252605064262794388e-01
4.473625112166074359e+03 9.307486362505833499e-01
4.473648377337482088e+03 9.263663276846506589e-01
4.473671642629879898e+03 9.206286479905019249e-01
4.473694908043269606e+03 9.324976900947899994e-01
4.473718173577652124e+03 9.336512314036546911e-01
4.473741439233027450e+03 9.327026257518979957e-01
4.473764705009395584e+03 9.350707753126519250e-01
4.473787970906758346e+03 9.421063244340356357e-01
4.473811236925115736e+03 9.491360681664063881e-01
4.473834503064468663e+03 9.504917138591694181e-01
4.473857769324817127e+03 9.474125320972923703e-01
4.473881035706162038e+03 9.493556247565088091e-01
4.473904302208505214e+03 9.494360781378929914e-01
4.473927568831844837e+03 9.550665119107784040e-01
4.473950835576184545e+03 9.538656650803483128e-01
4.473974102441522518e+03 9.574474722298609297e-01
4.473997369427860576e+03 9.658618359303485779e-01
4.474020636535198719e+03 9.633893833466752321e-01
4.474043903763537855e+03 9.659101116177072344e-01
4.474067171112878896e+03 9.721987297735595890e-01
4.474090438583221840e+03 9.678989194485043690e-01
4.474113706174567596e+03 9.632909468644229589e-01
4.474136973886917986e+03 9.634258932181599677e-01
4.474160241720271188e+03 9.740620871240882606e-01
4.474183509674629931e+03 9.744745020497747046e-01
4.474206777749994217e+03 9.749891458709671888e-01
4.474230045946364953e+03 9.736657869357091544e-01
4.474253314263741231e+03 9.765495321902417647e-01
4.474276582702125779e+03 9.763776399509599413e-01
4.474299851261517688e+03 9.764892562973396251e-01
4.474323119941918776e+03 9.829650011527389930e-01
4.474346388743328134e+03 9.861832167330492060e-01
4.474369657665748491e+03 9.815180614928838976e-01
4.474392926709178028e+03 9.939081114613561585e-01
4.474416195873619472e+03 9.817521446345722769e-01
4.474439465159072824e+03 9.837969047895238628e-01
4.474462734565538085e+03 9.858346511601692175e-01
4.474486004093017073e+03 9.877110604482225442e-01
4.474509273741508878e+03 9.963330932086170710e-01
4.474532543511015319e+03 9.919463476754853959e-01
4.474555813401536398e+03 9.926199242880641149e-01
4.474579083413073022e+03 9.932186775582616534e-01
4.474602353545625192e+03 9.842619952329592081e-01
4.474625623799194727e+03 9.866344497530623592e-01
4.474648894173781628e+03 9.883121828416547849e-01
4.474672164669386802e+03 9.876343931059350378e-01
4.474695435286010252e+03 9.964817982716166478e-01
4.474718706023652885e+03 9.969126831284699231e-01
4.474741976882316521e+03 9.933123866744127950e-01
4.474765247861999342e+03 9.873840197159657883e-01
4.474788518962704075e+03 9.918183547732100092e-01
4.474811790184429810e+03 9.934448556129481522e-01
4.474835061527179278e+03 9.875915398974370873e-01
4.474858332990950657e+03 9.972654536870642072e-01
4.474881604575745769e+03 1.000319938349044646e+00
4.474904876281565521e+03 9.926685294825946526e-01
4.474928148108410824e+03 9.911627454957563366e-01
4.474951420056280767e+03 9.935444154699515362e-01
4.474974692125177171e+03 9.909831877955165291e-01
4.474997964315100944e+03 9.931529151570660519e-01
4.475021236626051177e+03 9.874160106952465377e-01
4.475044509058030599e+03 9.959747017348113962e-01
4.475067781611037390e+03 9.934679574579327044e-01
4.475091054285074279e+03 1.000243891081090908e+00
4.475114327080141265e+03 9.925426639745787982e-01
4.475137599996239260e+03 9.937737144302850600e-01
4.475160873033368262e+03 9.907731964450894324e-01
4.475184146191528271e+03 9.925461102730993579e-01
4.475207419470722016e+03 9.996737957977179789e-01
4.475230692870947678e+03 1.006815299711007583e+00
4.475253966392207985e+03 9.970882597943480086e-01
4.475277240034502029e+03 9.993179873021562631e-01
4.475300513797831627e+03 9.967466530977256989e-01
4.475323787682196780e+03 9.943874340264047262e-01
4.475347061687598398e+03 9.923422166735919037e-01
4.475370335814036480e+03 9.986055682697042579e-01
4.475393610061511936e+03 1.003572775912079607e+00
4.475416884430025675e+03 9.933392362257178476e-01
4.475440158919578607e+03 1.001460262272755752e+00
4.475463433530170732e+03 9.989930842348417883e-01
4.475486708261802960e+03 1.001939951099295678e+00
4.475509983114475290e+03 1.005826955345051177e+00
4.475533258088189541e+03 1.001282073293340957e+00
4.475556533182945714e+03 1.004423882502174514e+00
4.475579808398744717e+03 9.967723298424012723e-01
4.475603083735586551e+03 9.896391791923310199e-01
4.475626359193472126e+03 9.928760598100500046e-01
4.475649634772402351e+03 9.989117724872061954e-01
4.475672910472377225e+03 9.999231848498469910e-01
4.475696186293398569e+03 1.000313802886229730e+00
4.475719462235465471e+03 9.973095952593684643e-01
4.475742738298579752e+03 9.972265086894412933e-01
4.475766014482741411e+03 1.002868146730886867e+00
4.475789290787951359e+03 9.948917745637920751e-01
4.475812567214210503e+03 9.953952947822087838e-01
4.475835843761518845e+03 9.958877715491686322e-01
4.475859120429877294e+03 9.935671300819398644e-01
4.475882397219286759e+03 1.001085302730281734e+00
4.475905674129748149e+03 1.003420574611496141e+00
4.475928951161260557e+03 1.001053221181990915e+00
4.475952228313825799e+03 9.974601566291195764e-01
4.475975505587444786e+03 1.000437953642618449e+00
4.475998782982116609e+03 1.002498014567310358e+00
4.476022060497843995e+03 9.992604561920229722e-01
4.476045338134626036e+03 1.002091413763499306e+00
4.476068615892464550e+03 1.000213007075082539e+00
4.476091893771358627e+03 9.942702443685423885e-01
4.476115171771310088e+03 9.977951278885067721e-01
4.476138449892318931e+03 1.002292105048971704e+00
4.476161728134386976e+03 9.992641494367652255e-01
4.476185006497513314e+03 1.003412094385008668e+00
4.476208284981698853e+03 1.003396668054820751e+00
4.476231563586944503e+03 9.977922468056156236e-01
4.476254842313252084e+03 9.983971964636696450e-01
4.476278121160620685e+03 1.004878385367081073e+00
4.476301400129051217e+03 1.004085928410251904e+00
4.476324679218543679e+03 9.991055887327451313e-01
4.476347958429100800e+03 1.000925144080413220e+00
4.476371237760720760e+03 1.001858518350492444e+00
4.476394517213406289e+03 9.986161734496190601e-01
4.476417796787156476e+03 1.004561063706709723e+00
4.476441076481972232e+03 9.982695336123273977e-01
4.476464356297855375e+03 9.947182766516178276e-01
4.476487636234804995e+03 9.990140978731133492e-01
4.476510916292822913e+03 9.979854411404156522e-01
4.476534196471908217e+03 9.931982154068466073e-01
4.476557476772063637e+03 9.942540551072924782e-01
4.476580757193288264e+03 1.001792793426634187e+00
4.476604037735583006e+03 1.001170586119551009e+00
4.476627318398948773e+03 1.000575789154410478e+00
4.476650599183386475e+03 9.975953923604344853e-01
4.476673880088895203e+03 1.000037434573810557e+00
4.476697161115477684e+03 1.004340395726957214e+00
4.476720442263133009e+03 1.003233596326958299e+00
4.476743723531862997e+03 9.987486288900776499e-01
4.476767004921667649e+03 9.945315052048926407e-01
4.476790286432546964e+03 9.973307333349873405e-01
4.476813568064502761e+03 9.985196584888690330e-01
4.476836849817535040e+03 1.003125031325502459e+00
4.476860131691643801e+03 1.002475579101404612e+00
4.476883413686831773e+03 1.004675364270744220e+00
4.476906695803097136e+03 9.990446238163397386e-01
4.476929978040441711e+03 9.954804533120558130e-01
4.476953260398866405e+03 9.937464560215593101e-01
4.476976542878371220e+03 1.002559690864840869e+00
4.476999825478957064e+03 1.001092217795214845e+00
4.477023108200623938e+03 1.001682808123182999e+00
4.477046391043373660e+03 1.007172771435317582e+00
4.477069674007206231e+03 1.002653164130202335e+00
4.477092957092121651e+03 9.970761624085985320e-01
4.477116240298121738e+03 9.989355301206676030e-01
4.477139523625206493e+03 9.988333984273716215e-01
4.477162807073376825e+03 9.965393649693059519e-01
4.477186090642632735e+03 1.003048636114040049e+00
4.477209374332976040e+03 1.003230595594883479e+00
4.477232658144405832e+03 9.952590521073861884e-01
4.477255942076923930e+03 1.000489575250210983e+00
4.477279226130530333e+03 9.999848709086280873e-01
4.477302510305225951e+03 1.005716812748260969e+00
4.477325794601011694e+03 1.001448136059476468e+00
4.477349079017887561e+03 9.979343657077903718e-01
4.477372363555854463e+03 1.003255409600683379e+00
4.477395648214913308e+03 1.002112085043462830e+00
4.477418932995064097e+03 9.989875093785632876e-01
4.477442217896307739e+03 1.003529233751765393e+00
4.477465502918645143e+03 1.003557580648467562e+00
4.477488788062077219e+03 1.002523778957466805e+00
4.477512073326603058e+03 9.980391133834097817e-01
4.477535358712225388e+03 9.969248817256386452e-01
4.477558644218943300e+03 9.978949450209428917e-01
4.477581929846757703e+03 1.003759183683333056e+00
4.477605215595670415e+03 1.006672611760407676e+00
4.477628501465679619e+03 9.952535452901131174e-01
4.477651787456788952e+03 9.974167690703930056e-01
4.477675073568996595e+03 1.004357559522384591e+00
4.477698359802304367e+03 1.002372538231234067e+00
4.477721646156712268e+03 1.002732269820840960e+00
4.477744932632222117e+03 1.000428980335810181e+00
4.477768219228833004e+03 9.984460103009782372e-01
4.477791505946545840e+03 1.000752127754975129e+00
4.477814792785362442e+03 1.003653076037916092e+00
4.477838079745282812e+03 9.963705302027715538e-01
4.477861366826306948e+03 9.950698539727200753e-01
4.477884654028436671e+03 9.969546180153736614e-01
4.477907941351671070e+03 9.970187862957249347e-01
4.477931228796011965e+03 9.951829392029232224e-01
4.477954516361460264e+03 1.000448480871535040e+00
4.477977804048015059e+03 9.996537438214813109e-01
