# star name zetOri, line HEI4471
# instrument: HERMES spectrograph @Mercator
# date of observation (midpoint)2018-10-15T04:32:02.622712
# BJD of observation (midpoint)2458406.6913082
# name of fits file: 00898167_HRF_OBJ_ext_CosmicsRemoved_log_merged_c.fits
# 
# wavelength(Angstrom,air) normalised_flux
4.460012509882908489e+03 9.979690197513141348e-01
4.460035704261721548e+03 1.000440224205947137e+00
4.460058898761158162e+03 1.001837994392141384e+00
4.460082093381218328e+03 1.001236857872289221e+00
4.460105288121902049e+03 1.002977737528057744e+00
4.460128482983210233e+03 1.000664542624280173e+00
4.460151677965144700e+03 1.005121558202013654e+00
4.460174873067704539e+03 1.001269992781172125e+00
4.460198068290890660e+03 1.000208814846429872e+00
4.460221263634703973e+03 9.954583202892280935e-01
4.460244459099145388e+03 9.991257926820127366e-01
4.460267654684214904e+03 1.007315880082561455e+00
4.460290850389914340e+03 9.978354493204441011e-01
4.460314046216242787e+03 9.945183790289413572e-01
4.460337242163202063e+03 1.002881434210157074e+00
4.460360438230791260e+03 1.004115476743259405e+00
4.460383634419013106e+03 9.967765021684050764e-01
4.460406830727866691e+03 9.963606919750862545e-01
4.460430027157353834e+03 9.919947046212348463e-01
4.460453223707473626e+03 1.000356155807469838e+00
4.460476420378227886e+03 1.001539965600536153e+00
4.460499617169616613e+03 9.946537264947384882e-01
4.460522814081640718e+03 9.999752402164386877e-01
4.460546011114300200e+03 1.001164731382575779e+00
4.460569208267597787e+03 1.006365866762116257e+00
4.460592405541531662e+03 9.981024703328011949e-01
4.460615602936103642e+03 9.994778501112795421e-01
4.460638800451313728e+03 1.001989834681291214e+00
4.460661998087162829e+03 9.951926171674820853e-01
4.460685195843651854e+03 1.000724801721323498e+00
4.460708393720781714e+03 9.948288442501669326e-01
4.460731591718552409e+03 1.003075478950278709e+00
4.460754789836964846e+03 1.000528470047250762e+00
4.460777988076019028e+03 9.989472172535540651e-01
4.460801186435715863e+03 1.000670939999811049e+00
4.460824384916057170e+03 9.933886998330929696e-01
4.460847583517042040e+03 9.981906880186616204e-01
4.460870782238671381e+03 9.986841223639921772e-01
4.460893981080947015e+03 9.944728054165347109e-01
4.460917180043868029e+03 1.000995831468352026e+00
4.460940379127435335e+03 9.988580494751541083e-01
4.460963578331650751e+03 1.002768380362664802e+00
4.460986777656513368e+03 9.930966558686150636e-01
4.461009977102025005e+03 1.008603330661204112e+00
4.461033176668185661e+03 1.006041647489497537e+00
4.461056376354995336e+03 1.001503989742806633e+00
4.461079576162456760e+03 1.000042606170111092e+00
4.461102776090568113e+03 9.987084714892262571e-01
4.461125976139332124e+03 1.003934501512133481e+00
4.461149176308747883e+03 9.968348935273447786e-01
4.461172376598816300e+03 9.941400681454759525e-01
4.461195577009538283e+03 1.003829278369283928e+00
4.461218777540914743e+03 1.003904793201516155e+00
4.461241978192945680e+03 1.000577278743807419e+00
4.461265178965632913e+03 9.954527690825244468e-01
4.461288379858975532e+03 1.000996528133170083e+00
4.461311580872974446e+03 1.012744075589883774e+00
4.461334782007631475e+03 1.009980917061936267e+00
4.461357983262945709e+03 9.998801704931846723e-01
4.461381184638918967e+03 1.000493947075644652e+00
4.461404386135551249e+03 9.963550940134708878e-01
4.461427587752843465e+03 9.924641687368390697e-01
4.461450789490796524e+03 9.962810470669001273e-01
4.461473991349409516e+03 1.001596307879510928e+00
4.461497193328685171e+03 9.984644438223077012e-01
4.461520395428622578e+03 9.956644698498680057e-01
4.461543597649223557e+03 9.996306314744644039e-01
4.461566799990488107e+03 1.000793635212498200e+00
4.461590002452416229e+03 1.000198086677695830e+00
4.461613205035009742e+03 1.007544897004930773e+00
4.461636407738268645e+03 1.003615872974041423e+00
4.461659610562192938e+03 9.909228623094065158e-01
4.461682813506784441e+03 9.947026862460542906e-01
4.461706016572044064e+03 9.991870482627287497e-01
4.461729219757970895e+03 9.949228187497322073e-01
4.461752423064565846e+03 1.003304367932951191e+00
4.461775626491830735e+03 1.001887930400545246e+00
4.461798830039765562e+03 1.000726572146078741e+00
4.461822033708370327e+03 9.994537656439781426e-01
4.461845237497646849e+03 9.983065237132597858e-01
4.461868441407595128e+03 1.002718563287453346e+00
4.461891645438215164e+03 9.996098668234842943e-01
4.461914849589508776e+03 1.000074665896327986e+00
4.461938053861475055e+03 9.990011888401226781e-01
4.461961258254116728e+03 1.004185980640894371e+00
4.461984462767432888e+03 1.003952633810475170e+00
4.462007667401424442e+03 1.002451300395541756e+00
4.462030872156092300e+03 1.002258491859938205e+00
4.462054077031436464e+03 1.000854320608477233e+00
4.462077282027458750e+03 9.966155427189574700e-01
4.462100487144158251e+03 1.001079991967073868e+00
4.462123692381536785e+03 1.004871500819474850e+00
4.462146897739594351e+03 9.985993646015323133e-01
4.462170103218331860e+03 1.001137905625617108e+00
4.462193308817750221e+03 1.004681653929585972e+00
4.462216514537850344e+03 1.000852017094176372e+00
4.462239720378631318e+03 1.004275177250254059e+00
4.462262926340094964e+03 1.002940564964095227e+00
4.462286132422241280e+03 9.978912698772015588e-01
4.462309338625071177e+03 1.003935961188974435e+00
4.462332544948586474e+03 1.005689139806396293e+00
4.462355751392785351e+03 1.004067142077864849e+00
4.462378957957670536e+03 9.992303014493735258e-01
4.462402164643242031e+03 1.000372881822898075e+00
4.462425371449499835e+03 1.000331180576573997e+00
4.462448578376445766e+03 9.954816232604162263e-01
4.462471785424078917e+03 9.958852406568381443e-01
4.462494992592401104e+03 1.000062169808535684e+00
4.462518199881412329e+03 1.003612900345056014e+00
4.462541407291114410e+03 1.005828894894510661e+00
4.462564614821506439e+03 1.001588626416757055e+00
4.462587822472589323e+03 1.006046618771924361e+00
4.462611030244364883e+03 1.006162846747102657e+00
4.462634238136832209e+03 1.002609600239287690e+00
4.462657446149992211e+03 9.927810677010513452e-01
4.462680654283846707e+03 1.004766068324343120e+00
4.462703862538395697e+03 1.004086858376824098e+00
4.462727070913639182e+03 9.994021396497411169e-01
4.462750279409578070e+03 9.978356868682921599e-01
4.462773488026214181e+03 1.002425600026862096e+00
4.462796696763545697e+03 1.006187006918440874e+00
4.462819905621575344e+03 1.003820710475727740e+00
4.462843114600304034e+03 1.006543196363987258e+00
4.462866323699729946e+03 1.001880461578790182e+00
4.462889532919855810e+03 1.001828729472149293e+00
4.462912742260681625e+03 9.987911166597692736e-01
4.462935951722208301e+03 1.005316401559457562e+00
4.462959161304435838e+03 1.002636079497510435e+00
4.462982371007366055e+03 1.002762805991859185e+00
4.463005580830998042e+03 9.976300680989417247e-01
4.463028790775333619e+03 9.983672465951171082e-01
4.463052000840371875e+03 9.947224061715240762e-01
4.463075211026115539e+03 9.999626340346902120e-01
4.463098421332563703e+03 9.981096992297507908e-01
4.463121631759718184e+03 1.005767781854591147e+00
4.463144842307578074e+03 9.962280734635208246e-01
4.463168052976145191e+03 9.998650199371407199e-01
4.463191263765420445e+03 9.977883792062111068e-01
4.463214474675402926e+03 1.000753541362306098e+00
4.463237685706094453e+03 9.969171403620752381e-01
4.463260896857495936e+03 9.999427461291486852e-01
4.463284108129606466e+03 9.947155197980935837e-01
4.463307319522428770e+03 9.985306318748931043e-01
4.463330531035961030e+03 9.987960124147137186e-01
4.463353742670205975e+03 9.946103157954657714e-01
4.463376954425163603e+03 1.000139845605242161e+00
4.463400166300833916e+03 9.983604894745160552e-01
4.463423378297218733e+03 1.004255978239703584e+00
4.463446590414317143e+03 1.001155141838409035e+00
4.463469802652130966e+03 9.985429014628632860e-01
4.463493015010661111e+03 1.003590007595186684e+00
4.463516227489906669e+03 1.006596238678598043e+00
4.463539440089869458e+03 1.003243381378148502e+00
4.463562652810549480e+03 9.985609923056105730e-01
4.463585865651948552e+03 1.005359885611945669e+00
4.463609078614065766e+03 1.005497694633677996e+00
4.463632291696902939e+03 9.993288374297960575e-01
4.463655504900459164e+03 9.964231846204110177e-01
4.463678718224737167e+03 9.962041789497049216e-01
4.463701931669736041e+03 1.003631291961926353e+00
4.463725145235456694e+03 1.001009290060272505e+00
4.463748358921900035e+03 1.000531710407841501e+00
4.463771572729066975e+03 1.002689138097579757e+00
4.463794786656957513e+03 1.005252036570261964e+00
4.463818000705572558e+03 1.004976875607110687e+00
4.463841214874912112e+03 1.001491422651267005e+00
4.463864429164977992e+03 9.994724894639558377e-01
4.463887643575770198e+03 1.002859075732977390e+00
4.463910858107289641e+03 1.002919862605478718e+00
4.463934072759536321e+03 9.995995934238988134e-01
4.463957287532511145e+03 1.001575025527911000e+00
4.463980502426215025e+03 9.983759286390866405e-01
4.464003717440647961e+03 9.986575228128690140e-01
4.464026932575811770e+03 9.951820886977272851e-01
4.464050147831705544e+03 9.892233481249970151e-01
4.464073363208331102e+03 9.871422167480154997e-01
4.464096578705689353e+03 1.000235271578354901e+00
4.464119794323779388e+03 9.990848336812173658e-01
4.464143010062603025e+03 1.000779459499359980e+00
4.464166225922160265e+03 1.001444918725099775e+00
4.464189441902452018e+03 1.001680409339834599e+00
4.464212658003479191e+03 9.982138022496614971e-01
4.464235874225241787e+03 9.960372235902916760e-01
4.464259090567740714e+03 9.974900434335817190e-01
4.464282307030976881e+03 9.976768621321824293e-01
4.464305523614951198e+03 9.935629311368914252e-01
4.464328740319662757e+03 9.990718529619001531e-01
4.464351957145114284e+03 9.995990476488607612e-01
4.464375174091304871e+03 1.001331983923053226e+00
4.464398391158235427e+03 9.943946187631710343e-01
4.464421608345906861e+03 9.978532113553140181e-01
4.464444825654319175e+03 9.933109413401683963e-01
4.464468043083474186e+03 1.001332859039742340e+00
4.464491260633371894e+03 9.940670558640013477e-01
4.464514478304013210e+03 9.948881613568812954e-01
4.464537696095398132e+03 9.990991527389896376e-01
4.464560914007527572e+03 1.003201769942737798e+00
4.464584132040402437e+03 1.002203765175129213e+00
4.464607350194022729e+03 9.920775850477916435e-01
4.464630568468389356e+03 9.962372471142225683e-01
4.464653786863503228e+03 1.000029267549447320e+00
4.464677005379365255e+03 9.949996312405481325e-01
4.464700224015975436e+03 9.954988099170953841e-01
4.464723442773333772e+03 9.991468151814708598e-01
4.464746661651442992e+03 9.996250215004538475e-01
4.464769880650301275e+03 9.995656861682947758e-01
4.464793099769911350e+03 9.971738964998241306e-01
4.464816319010272309e+03 9.976475472181073334e-01
4.464839538371385061e+03 9.998877146865094989e-01
4.464862757853251424e+03 1.000146927424174104e+00
4.464885977455870488e+03 9.999148623492432053e-01
4.464909197179243165e+03 9.964462891573764303e-01
4.464932417023371272e+03 9.964503124196549821e-01
4.464955636988254810e+03 9.962340448335400556e-01
4.464978857073893778e+03 9.959570007180286177e-01
4.465002077280289086e+03 9.966532330196828937e-01
4.465025297607441644e+03 9.981136702658334192e-01
4.465048518055351451e+03 9.935658946381394907e-01
4.465071738624020327e+03 9.954142898813244100e-01
4.465094959313448271e+03 1.001564568022406787e+00
4.465118180123635284e+03 9.977089615959002789e-01
4.465141401054582275e+03 1.000983887416958762e+00
4.465164622106291063e+03 9.928315544324650688e-01
4.465187843278760738e+03 9.895603080614279179e-01
4.465211064571993120e+03 9.924254192837541622e-01
4.465234285985988208e+03 9.906069548992920692e-01
4.465257507520746003e+03 9.873105437038020016e-01
4.465280729176268323e+03 9.836386566512045349e-01
4.465303950952555169e+03 9.888870897502480828e-01
4.465327172849607450e+03 9.927825206924720813e-01
4.465350394867426076e+03 9.930185005812145471e-01
4.465373617006010136e+03 9.898815101094423641e-01
4.465396839265362360e+03 9.905733064994861614e-01
4.465420061645481837e+03 9.929856912796614088e-01
4.465443284146370388e+03 9.792575651778734347e-01
4.465466506768027102e+03 9.945235934685173751e-01
4.465489729510453799e+03 9.850423437966150386e-01
4.465512952373651387e+03 9.843032967409817147e-01
4.465536175357618959e+03 9.975005798469050999e-01
4.465559398462359241e+03 9.933579852963667634e-01
4.465582621687870414e+03 9.907742305703733932e-01
4.465605845034155209e+03 9.906633746377028205e-01
4.465629068501213624e+03 9.907177657592859399e-01
4.465652292089045659e+03 9.902413945131646189e-01
4.465675515797652224e+03 9.901120300770207550e-01
4.465698739627034229e+03 9.876387700229960487e-01
4.465721963577192582e+03 9.820916690684823314e-01
4.465745187648127285e+03 9.859460547302478783e-01
4.465768411839839246e+03 9.895113870145615387e-01
4.465791636152329374e+03 9.849634671111527906e-01
4.465814860585597671e+03 9.819015755318959426e-01
4.465838085139645045e+03 9.865952012926906267e-01
4.465861309814471497e+03 9.865784356402003130e-01
4.465884534610078845e+03 9.911311369952349182e-01
4.465907759526467999e+03 9.919047123932697163e-01
4.465930984563638049e+03 9.872893993935140111e-01
4.465954209721589905e+03 9.803926591054918926e-01
4.465977435000325386e+03 9.864790954269266887e-01
4.466000660399843582e+03 9.897297892989725954e-01
4.466023885920146313e+03 9.846486046383663426e-01
4.466047111561234487e+03 9.872047792975869873e-01
4.466070337323107196e+03 9.837851079729618142e-01
4.466093563205766259e+03 9.851563217349820212e-01
4.466116789209211674e+03 9.834594433928793844e-01
4.466140015333444353e+03 9.911164454482591646e-01
4.466163241578465204e+03 9.873637395277721218e-01
4.466186467944274227e+03 9.854334758845647579e-01
4.466209694430873242e+03 9.779875240282016602e-01
4.466232921038261338e+03 9.876883951396656647e-01
4.466256147766439426e+03 9.867786755666498877e-01
4.466279374615409324e+03 9.907646788106095892e-01
4.466302601585171033e+03 9.926262950748619973e-01
4.466325828675724551e+03 9.861541385881806843e-01
4.466349055887070790e+03 9.837024816652608639e-01
4.466372283219210658e+03 9.846429155692207891e-01
4.466395510672145065e+03 9.848159087374787068e-01
4.466418738245874010e+03 9.854059433274839908e-01
4.466441965940398404e+03 9.792443524274044853e-01
4.466465193755719156e+03 9.789182752018744660e-01
4.466488421691836265e+03 9.839809423889402940e-01
4.466511649748750642e+03 9.811813108815113926e-01
4.466534877926463196e+03 9.800150476257482035e-01
4.466558106224974836e+03 9.834443525622111881e-01
4.466581334644284652e+03 9.814644253432919241e-01
4.466604563184395374e+03 9.794685446096418335e-01
4.466627791845305183e+03 9.795424414270947899e-01
4.466651020627016806e+03 9.781667612509062915e-01
4.466674249529530243e+03 9.783459951722521808e-01
4.466697478552846405e+03 9.828928116399953119e-01
4.466720707696965292e+03 9.818623285094713049e-01
4.466743936961886902e+03 9.800951172282926782e-01
4.466767166347613966e+03 9.833870782517284415e-01
4.466790395854144663e+03 9.804474884498864951e-01
4.466813625481481722e+03 9.807340506845573236e-01
4.466836855229625144e+03 9.868991520836835063e-01
4.466860085098574928e+03 9.859645131856101807e-01
4.466883315088331983e+03 9.917766815312659689e-01
4.466906545198896310e+03 9.864722594283875656e-01
4.466929775430270638e+03 9.752165779666075451e-01
4.466953005782453147e+03 9.900484251050697404e-01
4.466976236255446565e+03 9.796150980229797467e-01
4.466999466849249984e+03 9.838778743585949726e-01
4.467022697563864313e+03 9.855508644435533316e-01
4.467045928399290460e+03 9.808947344649708855e-01
4.467069159355529337e+03 9.879325268901328894e-01
4.467092390432580942e+03 9.815986757652821471e-01
4.467115621630446185e+03 9.836288482666173394e-01
4.467138852949125976e+03 9.816208089137802295e-01
4.467162084388620315e+03 9.815733521278190432e-01
4.467185315948930111e+03 9.861875664202695013e-01
4.467208547630056273e+03 9.847017831697708612e-01
4.467231779431999712e+03 9.813291729464393987e-01
4.467255011354759517e+03 9.807354332112229178e-01
4.467278243398338418e+03 9.770846603184556445e-01
4.467301475562735504e+03 9.790081993254288184e-01
4.467324707847951686e+03 9.811577608689705521e-01
4.467347940253988781e+03 9.819982053670123223e-01
4.467371172780844972e+03 9.841748332028001922e-01
4.467394405428523896e+03 9.896128971307042166e-01
4.467417638197023734e+03 9.838223163137276295e-01
4.467440871086346306e+03 9.826878111534365079e-01
4.467464104096491610e+03 9.824550626012714671e-01
4.467487337227460557e+03 9.866906635122301150e-01
4.467510570479254056e+03 9.838650884676639619e-01
4.467533803851873017e+03 9.814536566249896232e-01
4.467557037345316530e+03 9.757175683621078788e-01
4.467580270959587324e+03 9.768941296884031678e-01
4.467603504694684489e+03 9.818112771391963589e-01
4.467626738550608934e+03 9.856789668216010547e-01
4.467649972527361570e+03 9.766720202713694565e-01
4.467673206624943305e+03 9.770492060149660318e-01
4.467696440843354139e+03 9.766914846008230011e-01
4.467719675182594983e+03 9.818372198961571318e-01
4.467742909642666746e+03 9.754294498755086140e-01
4.467766144223569427e+03 9.792244890683651226e-01
4.467789378925303936e+03 9.796467572635425558e-01
4.467812613747871183e+03 9.796983145870822307e-01
4.467835848691271167e+03 9.792274414612787137e-01
4.467859083755504798e+03 9.796635751091129496e-01
4.467882318940572986e+03 9.807168368710270645e-01
4.467905554246476640e+03 9.772608335090963161e-01
4.467928789673215761e+03 9.757135058098724834e-01
4.467952025220791256e+03 9.763872008388275736e-01
4.467975260889203128e+03 9.699973620441781907e-01
4.467998496678453193e+03 9.668729189821194669e-01
4.468021732588540544e+03 9.754352876128270511e-01
4.468044968619466999e+03 9.750404003767637606e-01
4.468068204771233468e+03 9.728867595339496521e-01
4.468091441043839950e+03 9.750211170811811101e-01
4.468114677437286446e+03 9.722612050201423495e-01
4.468137913951574774e+03 9.676664744605246726e-01
4.468161150586704935e+03 9.731327687016372296e-01
4.468184387342676928e+03 9.645281687847123697e-01
4.468207624219492573e+03 9.724580852687582100e-01
4.468230861217152778e+03 9.696614797644143025e-01
4.468254098335656636e+03 9.633593322924496327e-01
4.468277335575005964e+03 9.632282852172441290e-01
4.468300572935200762e+03 9.695425823110865871e-01
4.468323810416241031e+03 9.765648373796954607e-01
4.468347048018129499e+03 9.763445603125949779e-01
4.468370285740865256e+03 9.741493179500827493e-01
4.468393523584449213e+03 9.703785498412634825e-01
4.468416761548881368e+03 9.737099939156530493e-01
4.468439999634163541e+03 9.655706605073818283e-01
4.468463237840296642e+03 9.670508579521949200e-01
4.468486476167278852e+03 9.703052842760875318e-01
4.468509714615113808e+03 9.717436721033458902e-01
4.468532953183799691e+03 9.611892974813956991e-01
4.468556191873339230e+03 9.634631712517561786e-01
4.468579430683731516e+03 9.650432133368853638e-01
4.468602669614977458e+03 9.627083314623068322e-01
4.468625908667077965e+03 9.637369146661801667e-01
4.468649147840033947e+03 9.646346119247177775e-01
4.468672387133845405e+03 9.654652601291927594e-01
4.468695626548513246e+03 9.577978585045040516e-01
4.468718866084037472e+03 9.616768515887261781e-01
4.468742105740419902e+03 9.624489820880679503e-01
4.468765345517661444e+03 9.604657890956929123e-01
4.468788585415760281e+03 9.518862027173945473e-01
4.468811825434720049e+03 9.573044973992366202e-01
4.468835065574538930e+03 9.583754584354534645e-01
4.468858305835219653e+03 9.589083492869736602e-01
4.468881546216761308e+03 9.618205924396633355e-01
4.468904786719164804e+03 9.574349584056588425e-01
4.468928027342431051e+03 9.564170940423269984e-01
4.468951268086560049e+03 9.523191179744447954e-01
4.468974508951553616e+03 9.454381521008593525e-01
4.468997749937411754e+03 9.580320046342681861e-01
4.469020991044135371e+03 9.542765782646049910e-01
4.469044232271724468e+03 9.524917621136181900e-01
4.469067473620179953e+03 9.533829365480055440e-01
4.469090715089501828e+03 9.437229530320344617e-01
4.469113956679691910e+03 9.464631790932901412e-01
4.469137198390751109e+03 9.511555156838500391e-01
4.469160440222678517e+03 9.448254277023671044e-01
4.469183682175475042e+03 9.462851520184014653e-01
4.469206924249142503e+03 9.456841523562981022e-01
4.469230166443680901e+03 9.432164209446631808e-01
4.469253408759090235e+03 9.383176757978540783e-01
4.469276651195372324e+03 9.430093161242965039e-01
4.469299893752526259e+03 9.402350422204164282e-01
4.469323136430554769e+03 9.398041725972905436e-01
4.469346379229456033e+03 9.342198622130548635e-01
4.469369622149232782e+03 9.372647277955427070e-01
4.469392865189884105e+03 9.317339197504185266e-01
4.469416108351411822e+03 9.363216496218415008e-01
4.469439351633815932e+03 9.398646338195242311e-01
4.469462595037097344e+03 9.289442769693774249e-01
4.469485838561256060e+03 9.265943832090151044e-01
4.469509082206292987e+03 9.247706023990146518e-01
4.469532325972209037e+03 9.297368712926592504e-01
4.469555569859005118e+03 9.276377996780567070e-01
4.469578813866681230e+03 9.231249410247300835e-01
4.469602057995238283e+03 9.173183493147711864e-01
4.469625302244677187e+03 9.241504013096248915e-01
4.469648546614997940e+03 9.130324529298071701e-01
4.469671791106201454e+03 9.129810394063906376e-01
4.469695035718288636e+03 9.153763732606839953e-01
4.469718280451259488e+03 9.093874259897113399e-01
4.469741525305114919e+03 9.098574064643695225e-01
4.469764770279855838e+03 9.128569787920191025e-01
4.469788015375483155e+03 9.059809191127519146e-01
4.469811260591996870e+03 9.075400785975363815e-01
4.469834505929396983e+03 9.052560791663112338e-01
4.469857751387685312e+03 8.966826224154984537e-01
4.469880996966862767e+03 8.951738143630587619e-01
4.469904242666928440e+03 8.959966254492545135e-01
4.469927488487884148e+03 8.953326091848479162e-01
4.469950734429729891e+03 8.971322895572764189e-01
4.469973980492467490e+03 8.983389109117524418e-01
4.469997226676096034e+03 8.938944358443373650e-01
4.470020472980616432e+03 8.895463989946266192e-01
4.470043719406030505e+03 8.881695017691841887e-01
4.470066965952337341e+03 8.886649870700684684e-01
4.470090212619538761e+03 8.842951340268684346e-01
4.470113459407634764e+03 8.824671804569851341e-01
4.470136706316625350e+03 8.836643808739093053e-01
4.470159953346513248e+03 8.815339355017218770e-01
4.470183200497296639e+03 8.754532557591241382e-01
4.470206447768978251e+03 8.742260464351637728e-01
4.470229695161557174e+03 8.705857230675474456e-01
4.470252942675034319e+03 8.711923127723699700e-01
4.470276190309410595e+03 8.663352483717287056e-01
4.470299438064686910e+03 8.656884426978641578e-01
4.470322685940864176e+03 8.640111698840104992e-01
4.470345933937941481e+03 8.650621687947922522e-01
4.470369182055921556e+03 8.680373778808559981e-01
4.470392430294802580e+03 8.585082566297469464e-01
4.470415678654587282e+03 8.577466922676272310e-01
4.470438927135275662e+03 8.542029489492545258e-01
4.470462175736867721e+03 8.548468546072141017e-01
4.470485424459365277e+03 8.539403298477009630e-01
4.470508673302767420e+03 8.470686786279114644e-01
4.470531922267075970e+03 8.470104923147413478e-01
4.470555171352291836e+03 8.422736679920739267e-01
4.470578420558414109e+03 8.503482673139219905e-01
4.470601669885444608e+03 8.457390008237127832e-01
4.470624919333383332e+03 8.470954229493795618e-01
4.470648168902231191e+03 8.408050861420414135e-01
4.470671418591990005e+03 8.360574784849031937e-01
4.470694668402657953e+03 8.435096703259143958e-01
4.470717918334237766e+03 8.363986094177729980e-01
4.470741168386729441e+03 8.321038734867137743e-01
4.470764418560132981e+03 8.348782940125126784e-01
4.470787668854449294e+03 8.341144089505323489e-01
4.470810919269679289e+03 8.323140925550960301e-01
4.470834169805823876e+03 8.275456970876986507e-01
4.470857420462883056e+03 8.278100708719904333e-01
4.470880671240857737e+03 8.186975943315328852e-01
4.470903922139748829e+03 8.211715208492467166e-01
4.470927173159556332e+03 8.194058982156540161e-01
4.470950424300281156e+03 8.138488787392288426e-01
4.470973675561924210e+03 8.108368270958475899e-01
4.470996926944485494e+03 8.081046418062534098e-01
4.471020178447965918e+03 8.095754734345207426e-01
4.471043430072366391e+03 8.163675610800577020e-01
4.471066681817687822e+03 8.108416428903824080e-01
4.471089933683930212e+03 8.077603618060347213e-01
4.471113185671094470e+03 8.037410178593408228e-01
4.471136437779180596e+03 8.066478469707361043e-01
4.471159690008190410e+03 7.971630922876742353e-01
4.471182942358123910e+03 7.972509412945275598e-01
4.471206194828981097e+03 8.006225493223405598e-01
4.471229447420762881e+03 7.930803810635040918e-01
4.471252700133471080e+03 7.971585250131110190e-01
4.471275952967104786e+03 7.893697500471404949e-01
4.471299205921665816e+03 7.879087838582702341e-01
4.471322458997154172e+03 7.822598484732007362e-01
4.471345712193570762e+03 7.896116704666145125e-01
4.471368965510915586e+03 7.849212528053215454e-01
4.471392218949190465e+03 7.779104020868498059e-01
4.471415472508394487e+03 7.798790486531692601e-01
4.471438726188529472e+03 7.830187655473854758e-01
4.471461979989595420e+03 7.781695932959856732e-01
4.471485233911593241e+03 7.779980715889484033e-01
4.471508487954523844e+03 7.744101255578804688e-01
4.471531742118387228e+03 7.721120902239145822e-01
4.471554996403184305e+03 7.772744482188165271e-01
4.471578250808915072e+03 7.714346208309308395e-01
4.471601505335582260e+03 7.688624695195206415e-01
4.471624759983184049e+03 7.674325818925299414e-01
4.471648014751722258e+03 7.650865210169299768e-01
4.471671269641197796e+03 7.669314219279148581e-01
4.471694524651609754e+03 7.753696087226886746e-01
4.471717779782960861e+03 7.657119225075691427e-01
4.471741035035250206e+03 7.563520569220814060e-01
4.471764290408479610e+03 7.617007165656292100e-01
4.471787545902648162e+03 7.719759669615874342e-01
4.471810801517757682e+03 7.705528092820178587e-01
4.471834057253808169e+03 7.710388489833043257e-01
4.471857313110801442e+03 7.537904051598861566e-01
4.471880569088736593e+03 7.567184206482926445e-01
4.471903825187614530e+03 7.619636754747680651e-01
4.471927081407437072e+03 7.642237196312110514e-01
4.471950337748203310e+03 7.658955744856227321e-01
4.471973594209915063e+03 7.600118645548691321e-01
4.471996850792572332e+03 7.696271251046430395e-01
4.472020107496176024e+03 7.673335274723687149e-01
4.472043364320726141e+03 7.674147392877416207e-01
4.472066621266224502e+03 7.664922606628767898e-01
4.472089878332670196e+03 7.732380012132479274e-01
4.472113135520065043e+03 7.744101208595031149e-01
4.472136392828409953e+03 7.782411577421937121e-01
4.472159650257704016e+03 7.834417827014749092e-01
4.472182907807949960e+03 7.821908171874845106e-01
4.472206165479145966e+03 7.786648585692675928e-01
4.472229423271294763e+03 7.775103874497213408e-01
4.472252681184395442e+03 7.751423911735509931e-01
4.472275939218449821e+03 7.818880435410232588e-01
4.472299197373457901e+03 7.846126182342383348e-01
4.472322455649420590e+03 7.898536720101698716e-01
4.472345714046338799e+03 7.847096047857093915e-01
4.472368972564211617e+03 7.900511193563325429e-01
4.472392231203041774e+03 7.981119827183115190e-01
4.472415489962828360e+03 8.033610867067588757e-01
4.472438748843573194e+03 8.021272350140903340e-01
4.472462007845275366e+03 8.060931727789025780e-01
4.472485266967936695e+03 8.042540856922066883e-01
4.472508526211558092e+03 8.105029936242756916e-01
4.472531785576139555e+03 8.150196434680211377e-01
4.472555045061681085e+03 8.222611774002429597e-01
4.472578304668184501e+03 8.196251799470567478e-01
4.472601564395649802e+03 8.189649150887540197e-01
4.472624824244077899e+03 8.228857067937794811e-01
4.472648084213468792e+03 8.235384362859216045e-01
4.472671344303824299e+03 8.286570452223535055e-01
4.472694604515143510e+03 8.307345447660240412e-01
4.472717864847428245e+03 8.355650867382458102e-01
4.472741125300679414e+03 8.441974039726145573e-01
4.472764385874896107e+03 8.380249012132073849e-01
4.472787646570080142e+03 8.424376217414791812e-01
4.472810907386232429e+03 8.489941042071377231e-01
4.472834168323352969e+03 8.473921291547311663e-01
4.472857429381441762e+03 8.521279684641422936e-01
4.472880690560500625e+03 8.518061036690554033e-01
4.472903951860529560e+03 8.526030712768067898e-01
4.472927213281528566e+03 8.579611047416009217e-01
4.472950474823499462e+03 8.580402056227599550e-01
4.472973736486443158e+03 8.637615249292062147e-01
4.472996998270358745e+03 8.715121768760674126e-01
4.473020260175248040e+03 8.681287700617834613e-01
4.473043522201111955e+03 8.709733310448686261e-01
4.473066784347949579e+03 8.778743494090720523e-01
4.473090046615762731e+03 8.732808647736173269e-01
4.473113309004551411e+03 8.757027084091170144e-01
4.473136571514316529e+03 8.829921562575159255e-01
4.473159834145058994e+03 8.907890443705756001e-01
4.473183096896779716e+03 8.879551743686444620e-01
4.473206359769478695e+03 8.784156763837095427e-01
4.473229622763155930e+03 8.971724845662681913e-01
4.473252885877813242e+03 8.908512839727638077e-01
4.473276149113450629e+03 8.966580935598846835e-01
4.473299412470069910e+03 8.946502774914358858e-01
4.473322675947669268e+03 9.037816562843916657e-01
4.473345939546251429e+03 9.057968848075083068e-01
4.473369203265816395e+03 9.063622324423974419e-01
4.473392467106365075e+03 9.093306274581451909e-01
4.473415731067897468e+03 9.102481041691590224e-01
4.473438995150414485e+03 9.160083997270240808e-01
4.473462259353917034e+03 9.172624093623863439e-01
4.473485523678405116e+03 9.262839301960520411e-01
4.473508788123879640e+03 9.223910717394573355e-01
4.473532052690341516e+03 9.194121883486263691e-01
4.473555317377791653e+03 9.194753413055984925e-01
4.473578582186230051e+03 9.344592990773494812e-01
4.473601847115657620e+03 9.292612609811051749e-01
4.473625112166074359e+03 9.268154713107762399e-01
4.473648377337482088e+03 9.339486381451983510e-01
4.473671642629879898e+03 9.344698288640500561e-01
4.473694908043269606e+03 9.363800423079068347e-01
4.473718173577652124e+03 9.384103774871389581e-01
4.473741439233027450e+03 9.415715865838535370e-01
4.473764705009395584e+03 9.418229120523832210e-01
4.473787970906758346e+03 9.447087038876650356e-01
4.473811236925115736e+03 9.474347167798761182e-01
4.473834503064468663e+03 9.471258088254642660e-01
4.473857769324817127e+03 9.518776733427569692e-01
4.473881035706162038e+03 9.563056506932344769e-01
4.473904302208505214e+03 9.625606178148695680e-01
4.473927568831844837e+03 9.556168921761505342e-01
4.473950835576184545e+03 9.664509046546545523e-01
4.473974102441522518e+03 9.614315657010841232e-01
4.473997369427860576e+03 9.602773643279907123e-01
4.474020636535198719e+03 9.579406166753551277e-01
4.474043903763537855e+03 9.549275321436460073e-01
4.474067171112878896e+03 9.605194105050771647e-01
4.474090438583221840e+03 9.621734820623397688e-01
4.474113706174567596e+03 9.625053470424889124e-01
4.474136973886917986e+03 9.685187832183437262e-01
4.474160241720271188e+03 9.713206686308542004e-01
4.474183509674629931e+03 9.741062993266942360e-01
4.474206777749994217e+03 9.766654038875406396e-01
4.474230045946364953e+03 9.763505194564746636e-01
4.474253314263741231e+03 9.694766649484403143e-01
4.474276582702125779e+03 9.766545638714428934e-01
4.474299851261517688e+03 9.835750503040469050e-01
4.474323119941918776e+03 9.796591541908531431e-01
4.474346388743328134e+03 9.723693063290085314e-01
4.474369657665748491e+03 9.802355804503046777e-01
4.474392926709178028e+03 9.744535175439680286e-01
4.474416195873619472e+03 9.848328774796383245e-01
4.474439465159072824e+03 9.878199832501045607e-01
4.474462734565538085e+03 9.902870560448834292e-01
4.474486004093017073e+03 9.834734547353751744e-01
4.474509273741508878e+03 9.895332949591602034e-01
4.474532543511015319e+03 9.871473805277911628e-01
4.474555813401536398e+03 9.815642127814230289e-01
4.474579083413073022e+03 9.904827297776089834e-01
4.474602353545625192e+03 9.902340625541206087e-01
4.474625623799194727e+03 9.873164467081576579e-01
4.474648894173781628e+03 9.768020438895193003e-01
4.474672164669386802e+03 9.919438001846800912e-01
4.474695435286010252e+03 9.880608308363854064e-01
4.474718706023652885e+03 9.871658429788525702e-01
4.474741976882316521e+03 9.993056991373504561e-01
4.474765247861999342e+03 9.907784375097965501e-01
4.474788518962704075e+03 9.853439188134195392e-01
4.474811790184429810e+03 9.889154237513813062e-01
4.474835061527179278e+03 9.938242459854537136e-01
4.474858332990950657e+03 9.981115808924344579e-01
4.474881604575745769e+03 9.923491428231883127e-01
4.474904876281565521e+03 9.908038461924093543e-01
4.474928148108410824e+03 9.894673965429139351e-01
4.474951420056280767e+03 9.946847856383121966e-01
4.474974692125177171e+03 9.971715034313248793e-01
4.474997964315100944e+03 9.937639037391501340e-01
4.475021236626051177e+03 9.909794794861107592e-01
4.475044509058030599e+03 9.985097223019832047e-01
4.475067781611037390e+03 9.926469460938699418e-01
4.475091054285074279e+03 9.899195039009938135e-01
4.475114327080141265e+03 9.958535329080308030e-01
4.475137599996239260e+03 1.001478929126260464e+00
4.475160873033368262e+03 9.988622906380195676e-01
4.475184146191528271e+03 9.958569670833093967e-01
4.475207419470722016e+03 9.892564498498229719e-01
4.475230692870947678e+03 9.979437128496128073e-01
4.475253966392207985e+03 9.977420879655131136e-01
4.475277240034502029e+03 9.965040451703847113e-01
4.475300513797831627e+03 9.957642836459835722e-01
4.475323787682196780e+03 9.920341441933290261e-01
4.475347061687598398e+03 1.003556980765848206e+00
4.475370335814036480e+03 9.966694400720795821e-01
4.475393610061511936e+03 9.972363952663934050e-01
4.475416884430025675e+03 1.000228970078630208e+00
4.475440158919578607e+03 9.940765841976800798e-01
4.475463433530170732e+03 9.925814990836095975e-01
4.475486708261802960e+03 9.958533285209796304e-01
4.475509983114475290e+03 9.981805274608539502e-01
4.475533258088189541e+03 9.990800906632338885e-01
4.475556533182945714e+03 1.000310644773146018e+00
4.475579808398744717e+03 9.982639577330757463e-01
4.475603083735586551e+03 9.968160442312271607e-01
4.475626359193472126e+03 9.977052737660725423e-01
4.475649634772402351e+03 1.003715103918346951e+00
4.475672910472377225e+03 9.980547690693933882e-01
4.475696186293398569e+03 1.004128133835096248e+00
4.475719462235465471e+03 9.932764888479274079e-01
4.475742738298579752e+03 9.982891272168173957e-01
4.475766014482741411e+03 9.994199874323250743e-01
4.475789290787951359e+03 1.001462684786882384e+00
4.475812567214210503e+03 1.002557516367416968e+00
4.475835843761518845e+03 9.961563346760118343e-01
4.475859120429877294e+03 9.955144534029085612e-01
4.475882397219286759e+03 9.985705691898668634e-01
4.475905674129748149e+03 1.002668368130771537e+00
4.475928951161260557e+03 1.001658471787354010e+00
4.475952228313825799e+03 9.939756676555596693e-01
4.475975505587444786e+03 9.878300571742097969e-01
4.475998782982116609e+03 1.003363203263799353e+00
4.476022060497843995e+03 1.005796849118038683e+00
4.476045338134626036e+03 9.936558902088483691e-01
4.476068615892464550e+03 1.000446847940653416e+00
4.476091893771358627e+03 1.002712308647785822e+00
4.476115171771310088e+03 1.001349773127297782e+00
4.476138449892318931e+03 1.000875908680276316e+00
4.476161728134386976e+03 9.978920569491861459e-01
4.476185006497513314e+03 9.953295161184200213e-01
4.476208284981698853e+03 9.957267466250686594e-01
4.476231563586944503e+03 1.002613628936824375e+00
4.476254842313252084e+03 9.981448762945659414e-01
4.476278121160620685e+03 9.968837970362393053e-01
4.476301400129051217e+03 9.982268029273777543e-01
4.476324679218543679e+03 9.958296027280568730e-01
4.476347958429100800e+03 1.002173197739923971e+00
4.476371237760720760e+03 9.953172010065898245e-01
4.476394517213406289e+03 9.961530607350135291e-01
4.476417796787156476e+03 1.002459349505377073e+00
4.476441076481972232e+03 1.003730475621186891e+00
4.476464356297855375e+03 1.001491045691736304e+00
4.476487636234804995e+03 9.999520297003107183e-01
4.476510916292822913e+03 9.938585409673801330e-01
4.476534196471908217e+03 1.000161326600542244e+00
4.476557476772063637e+03 1.004099043855740891e+00
4.476580757193288264e+03 1.004025352122266623e+00
4.476604037735583006e+03 1.004180393285098782e+00
4.476627318398948773e+03 9.988514582585005241e-01
4.476650599183386475e+03 1.005747146843342987e+00
4.476673880088895203e+03 9.981156237670039122e-01
4.476697161115477684e+03 1.004772504440558212e+00
4.476720442263133009e+03 1.004776935773128210e+00
4.476743723531862997e+03 1.006149279148265574e+00
4.476767004921667649e+03 1.001479460679949751e+00
4.476790286432546964e+03 9.971567285928542024e-01
4.476813568064502761e+03 9.979489409311644854e-01
4.476836849817535040e+03 1.001444783578887998e+00
4.476860131691643801e+03 1.000732443406792571e+00
4.476883413686831773e+03 1.002137139334082327e+00
4.476906695803097136e+03 9.980699913309003524e-01
4.476929978040441711e+03 1.002446619050593402e+00
4.476953260398866405e+03 1.012740412852825678e+00
4.476976542878371220e+03 1.004055478692212011e+00
4.476999825478957064e+03 1.000331355212050966e+00
4.477023108200623938e+03 9.981426405243777333e-01
4.477046391043373660e+03 9.994428171507798719e-01
4.477069674007206231e+03 9.993134443649274168e-01
4.477092957092121651e+03 9.987825765333195882e-01
4.477116240298121738e+03 9.962502086966773529e-01
4.477139523625206493e+03 9.991539260689472624e-01
4.477162807073376825e+03 1.001337007777758581e+00
4.477186090642632735e+03 1.003879463756830237e+00
4.477209374332976040e+03 9.999358562822299179e-01
4.477232658144405832e+03 1.004103927582043587e+00
4.477255942076923930e+03 1.000803459573380128e+00
4.477279226130530333e+03 9.949704773983292228e-01
4.477302510305225951e+03 9.985228712960209085e-01
4.477325794601011694e+03 9.982696042692732474e-01
4.477349079017887561e+03 9.969881072793230770e-01
4.477372363555854463e+03 1.001588060882629305e+00
4.477395648214913308e+03 1.000156986910361923e+00
4.477418932995064097e+03 9.997402906783612320e-01
4.477442217896307739e+03 9.968208732746974832e-01
4.477465502918645143e+03 9.947525354787558616e-01
4.477488788062077219e+03 9.970806607022840717e-01
4.477512073326603058e+03 1.000741188114459890e+00
4.477535358712225388e+03 9.999519723044567598e-01
4.477558644218943300e+03 1.000679182178535687e+00
4.477581929846757703e+03 9.934340917880164490e-01
4.477605215595670415e+03 1.001675891863969659e+00
4.477628501465679619e+03 1.006677042286163282e+00
4.477651787456788952e+03 1.001896015133772355e+00
4.477675073568996595e+03 1.004383576276938861e+00
4.477698359802304367e+03 9.964784612015221699e-01
4.477721646156712268e+03 9.972774729379648706e-01
4.477744932632222117e+03 1.000081117854052959e+00
4.477768219228833004e+03 9.980810900474337277e-01
4.477791505946545840e+03 9.979340781610355204e-01
4.477814792785362442e+03 1.002264477720058666e+00
4.477838079745282812e+03 9.994539536553300740e-01
4.477861366826306948e+03 9.971364067209620430e-01
4.477884654028436671e+03 9.992219463436993188e-01
4.477907941351671070e+03 9.999993708666327086e-01
4.477931228796011965e+03 1.000483836329238541e+00
4.477954516361460264e+03 1.000875412855025459e+00
4.477977804048015059e+03 1.003177506354829163e+00
