# star name zetOri, line HEI4471
# instrument: HERMES spectrograph @Mercator
# date of observation (midpoint)2018-10-14T06:19:29.305748
# BJD of observation (midpoint)2458405.7658485
# name of fits file: 00898036_HRF_OBJ_ext_CosmicsRemoved_log_merged_c.fits
# 
# wavelength(Angstrom,air) normalised_flux
4.460012509882908489e+03 1.003630807007023673e+00
4.460035704261721548e+03 9.950056353820634358e-01
4.460058898761158162e+03 1.002186731042710388e+00
4.460082093381218328e+03 1.004104003630544195e+00
4.460105288121902049e+03 1.004865671169272945e+00
4.460128482983210233e+03 1.005809071572725699e+00
4.460151677965144700e+03 1.002830339519420688e+00
4.460174873067704539e+03 9.970980939525597719e-01
4.460198068290890660e+03 1.002760886926785222e+00
4.460221263634703973e+03 9.981524062862848767e-01
4.460244459099145388e+03 9.974994860203583169e-01
4.460267654684214904e+03 1.001728028733942732e+00
4.460290850389914340e+03 9.982256586443376545e-01
4.460314046216242787e+03 9.957404247343933923e-01
4.460337242163202063e+03 9.942483820197393074e-01
4.460360438230791260e+03 9.964884818865439309e-01
4.460383634419013106e+03 1.007181581747772725e+00
4.460406830727866691e+03 9.983605224529669142e-01
4.460430027157353834e+03 9.964216239080264659e-01
4.460453223707473626e+03 9.979721853258881614e-01
4.460476420378227886e+03 9.998267264549269839e-01
4.460499617169616613e+03 9.928289290820100366e-01
4.460522814081640718e+03 1.004024401547753520e+00
4.460546011114300200e+03 1.001821954959093874e+00
4.460569208267597787e+03 1.002876454474355805e+00
4.460592405541531662e+03 9.987915052599039001e-01
4.460615602936103642e+03 1.001798020566026848e+00
4.460638800451313728e+03 9.943056965920377133e-01
4.460661998087162829e+03 1.004118152366752392e+00
4.460685195843651854e+03 1.004136319557626056e+00
4.460708393720781714e+03 1.001181776794571654e+00
4.460731591718552409e+03 1.001136290714215615e+00
4.460754789836964846e+03 9.991038227173411057e-01
4.460777988076019028e+03 9.951949049351902499e-01
4.460801186435715863e+03 1.003562991734920029e+00
4.460824384916057170e+03 1.000673961665979217e+00
4.460847583517042040e+03 1.003572108016650644e+00
4.460870782238671381e+03 1.003535913122064027e+00
4.460893981080947015e+03 9.984395583993440626e-01
4.460917180043868029e+03 1.000065921002663227e+00
4.460940379127435335e+03 1.000040061296176175e+00
4.460963578331650751e+03 9.976717337484251047e-01
4.460986777656513368e+03 9.977601751061979662e-01
4.461009977102025005e+03 9.933395404354171676e-01
4.461033176668185661e+03 1.001451999791837411e+00
4.461056376354995336e+03 1.003106729407788000e+00
4.461079576162456760e+03 9.970679557773074464e-01
4.461102776090568113e+03 9.933022483122102564e-01
4.461125976139332124e+03 1.005930791976771710e+00
4.461149176308747883e+03 9.961583508249142183e-01
4.461172376598816300e+03 1.000843526341212986e+00
4.461195577009538283e+03 1.000582116568334401e+00
4.461218777540914743e+03 9.976178605260366261e-01
4.461241978192945680e+03 1.004119694813248032e+00
4.461265178965632913e+03 9.998746158119907745e-01
4.461288379858975532e+03 9.984905830482945222e-01
4.461311580872974446e+03 1.000125516668862735e+00
4.461334782007631475e+03 9.979015220906819472e-01
4.461357983262945709e+03 9.986598212029133004e-01
4.461381184638918967e+03 1.000506633992793049e+00
4.461404386135551249e+03 9.925451442891993770e-01
4.461427587752843465e+03 9.953254820182853013e-01
4.461450789490796524e+03 1.000953711603558061e+00
4.461473991349409516e+03 9.908003192873178211e-01
4.461497193328685171e+03 9.999173968752972375e-01
4.461520395428622578e+03 9.990895106855463004e-01
4.461543597649223557e+03 9.981011564447000994e-01
4.461566799990488107e+03 1.001751743446194665e+00
4.461590002452416229e+03 1.002492463238838116e+00
4.461613205035009742e+03 9.960020030721116191e-01
4.461636407738268645e+03 1.002011588956138066e+00
4.461659610562192938e+03 9.993384499228810114e-01
4.461682813506784441e+03 9.970607914800121430e-01
4.461706016572044064e+03 9.931435204570278064e-01
4.461729219757970895e+03 1.004486492246738916e+00
4.461752423064565846e+03 1.006289315005951757e+00
4.461775626491830735e+03 1.002201391201613889e+00
4.461798830039765562e+03 1.002175998363335596e+00
4.461822033708370327e+03 1.004785073970029030e+00
4.461845237497646849e+03 1.001819621690580586e+00
4.461868441407595128e+03 1.005337471482649070e+00
4.461891645438215164e+03 1.004002442367855075e+00
4.461914849589508776e+03 9.985008151624300554e-01
4.461938053861475055e+03 9.999201637759642658e-01
4.461961258254116728e+03 9.966682728315702233e-01
4.461984462767432888e+03 9.955730633354947789e-01
4.462007667401424442e+03 9.980466960338078009e-01
4.462030872156092300e+03 1.001361539941916678e+00
4.462054077031436464e+03 1.005589722982201950e+00
4.462077282027458750e+03 9.977688523437816537e-01
4.462100487144158251e+03 9.942694224268366909e-01
4.462123692381536785e+03 1.002142056016137817e+00
4.462146897739594351e+03 1.003828178104479774e+00
4.462170103218331860e+03 1.004765560383692691e+00
4.462193308817750221e+03 1.000781740875256620e+00
4.462216514537850344e+03 1.000163379148969467e+00
4.462239720378631318e+03 1.001865186629893323e+00
4.462262926340094964e+03 1.005538896140536487e+00
4.462286132422241280e+03 1.004521585441135345e+00
4.462309338625071177e+03 9.979461183642091004e-01
4.462332544948586474e+03 9.988144523549588039e-01
4.462355751392785351e+03 1.003366047297246766e+00
4.462378957957670536e+03 1.000604145314980764e+00
4.462402164643242031e+03 1.002454519103857189e+00
4.462425371449499835e+03 1.003243007895517680e+00
4.462448578376445766e+03 1.000607883219558847e+00
4.462471785424078917e+03 1.001161774436351681e+00
4.462494992592401104e+03 9.992060652091883100e-01
4.462518199881412329e+03 9.981254155528735961e-01
4.462541407291114410e+03 9.989338283362860782e-01
4.462564614821506439e+03 1.002752539066499748e+00
4.462587822472589323e+03 9.978044748077644632e-01
4.462611030244364883e+03 1.000010741321537999e+00
4.462634238136832209e+03 1.001317142931086979e+00
4.462657446149992211e+03 1.000573428390209907e+00
4.462680654283846707e+03 1.000100194481278182e+00
4.462703862538395697e+03 1.006909166397321531e+00
4.462727070913639182e+03 9.991673032960258771e-01
4.462750279409578070e+03 9.991605091476885026e-01
4.462773488026214181e+03 9.954229585676471759e-01
4.462796696763545697e+03 1.007425314733243482e+00
4.462819905621575344e+03 1.000424281696212336e+00
4.462843114600304034e+03 1.006142520506983384e+00
4.462866323699729946e+03 1.003253983332438537e+00
4.462889532919855810e+03 1.006134482758669346e+00
4.462912742260681625e+03 9.961065824561485815e-01
4.462935951722208301e+03 9.949055218794347066e-01
4.462959161304435838e+03 1.005624903465034192e+00
4.462982371007366055e+03 9.970072683047124240e-01
4.463005580830998042e+03 9.989888281280470128e-01
4.463028790775333619e+03 9.970351371047345701e-01
4.463052000840371875e+03 1.005191563841039359e+00
4.463075211026115539e+03 1.006619374722293347e+00
4.463098421332563703e+03 1.006582578105790438e+00
4.463121631759718184e+03 9.988313634750068948e-01
4.463144842307578074e+03 1.006465622653374137e+00
4.463168052976145191e+03 1.017758004058751942e+00
4.463191263765420445e+03 1.009086549065836502e+00
4.463214474675402926e+03 1.004934679385947716e+00
4.463237685706094453e+03 1.000737470784667682e+00
4.463260896857495936e+03 1.003935421849825538e+00
4.463284108129606466e+03 1.005356849194041668e+00
4.463307319522428770e+03 1.002785659203614399e+00
4.463330531035961030e+03 1.002739581235049471e+00
4.463353742670205975e+03 1.003090893200968337e+00
4.463376954425163603e+03 1.001157165347215328e+00
4.463400166300833916e+03 1.003233346949393257e+00
4.463423378297218733e+03 9.949283291316726174e-01
4.463446590414317143e+03 9.968058502526535580e-01
4.463469802652130966e+03 9.991236878992837411e-01
4.463493015010661111e+03 1.000623955438748158e+00
4.463516227489906669e+03 1.008237139318509445e+00
4.463539440089869458e+03 1.005131338885899561e+00
4.463562652810549480e+03 1.001943576665598190e+00
4.463585865651948552e+03 1.005101048209333436e+00
4.463609078614065766e+03 1.005999074349328337e+00
4.463632291696902939e+03 1.003445912811114171e+00
4.463655504900459164e+03 9.993734847172215385e-01
4.463678718224737167e+03 9.952334613614334247e-01
4.463701931669736041e+03 9.985445361431323219e-01
4.463725145235456694e+03 9.966174019067689516e-01
4.463748358921900035e+03 9.972836732604752896e-01
4.463771572729066975e+03 1.002785999896509850e+00
4.463794786656957513e+03 9.994413930062590046e-01
4.463818000705572558e+03 9.949995934106726780e-01
4.463841214874912112e+03 9.962612404903464780e-01
4.463864429164977992e+03 9.967018477124974796e-01
4.463887643575770198e+03 9.943820348998964054e-01
4.463910858107289641e+03 9.979443001693916182e-01
4.463934072759536321e+03 1.002868005005705720e+00
4.463957287532511145e+03 9.995529152812134832e-01
4.463980502426215025e+03 9.981137586185647725e-01
4.464003717440647961e+03 9.996827834171647664e-01
4.464026932575811770e+03 9.940972773703800058e-01
4.464050147831705544e+03 1.002366576955217026e+00
4.464073363208331102e+03 9.935244716879457760e-01
4.464096578705689353e+03 9.968093825253973028e-01
4.464119794323779388e+03 9.953913221561619951e-01
4.464143010062603025e+03 9.961060472154908974e-01
4.464166225922160265e+03 9.957383833820628860e-01
4.464189441902452018e+03 9.945155407426802263e-01
4.464212658003479191e+03 9.875318820188430102e-01
4.464235874225241787e+03 1.002701271178294995e+00
4.464259090567740714e+03 9.911082617486688395e-01
4.464282307030976881e+03 1.000786055518745776e+00
4.464305523614951198e+03 1.002947237611427456e+00
4.464328740319662757e+03 1.001416042014874108e+00
4.464351957145114284e+03 9.889333859083979661e-01
4.464375174091304871e+03 9.986984107114585951e-01
4.464398391158235427e+03 1.003365228429919931e+00
4.464421608345906861e+03 9.995132943602842435e-01
4.464444825654319175e+03 1.000335554805158234e+00
4.464468043083474186e+03 1.003696305006502865e+00
4.464491260633371894e+03 9.977629046850712280e-01
4.464514478304013210e+03 9.974303081632127643e-01
4.464537696095398132e+03 9.951284708163775639e-01
4.464560914007527572e+03 9.962015043513668955e-01
4.464584132040402437e+03 1.003432190633750665e+00
4.464607350194022729e+03 1.002763700472341979e+00
4.464630568468389356e+03 9.964288623369803588e-01
4.464653786863503228e+03 9.976192285538867388e-01
4.464677005379365255e+03 9.999984630332326985e-01
4.464700224015975436e+03 9.992064290215207922e-01
4.464723442773333772e+03 9.907617367465514358e-01
4.464746661651442992e+03 9.949906273298667614e-01
4.464769880650301275e+03 9.997374172276299875e-01
4.464793099769911350e+03 1.004797385391197784e+00
4.464816319010272309e+03 9.957973995909654708e-01
4.464839538371385061e+03 9.925899611914411613e-01
4.464862757853251424e+03 1.003924514059734596e+00
4.464885977455870488e+03 9.951442029260210154e-01
4.464909197179243165e+03 9.918169795111663190e-01
4.464932417023371272e+03 9.920768796982400994e-01
4.464955636988254810e+03 9.970127553847560886e-01
4.464978857073893778e+03 9.978420924360723587e-01
4.465002077280289086e+03 9.937956863213228687e-01
4.465025297607441644e+03 9.928803226915910995e-01
4.465048518055351451e+03 9.943545078241192714e-01
4.465071738624020327e+03 9.983352415248950562e-01
4.465094959313448271e+03 9.976576862637467347e-01
4.465118180123635284e+03 9.915451734329948641e-01
4.465141401054582275e+03 9.942047304134419283e-01
4.465164622106291063e+03 9.951647295549247429e-01
4.465187843278760738e+03 9.925529842177760464e-01
4.465211064571993120e+03 9.940521746864678931e-01
4.465234285985988208e+03 9.932330620106654129e-01
4.465257507520746003e+03 9.970481568522835403e-01
4.465280729176268323e+03 9.974792877498006582e-01
4.465303950952555169e+03 9.902995744120299815e-01
4.465327172849607450e+03 9.898085639434192062e-01
4.465350394867426076e+03 9.932032576971172588e-01
4.465373617006010136e+03 9.881763492853009589e-01
4.465396839265362360e+03 9.911234639233735821e-01
4.465420061645481837e+03 9.943118558909612714e-01
4.465443284146370388e+03 9.871490121623427427e-01
4.465466506768027102e+03 9.885614781686826724e-01
4.465489729510453799e+03 9.874634089455160968e-01
4.465512952373651387e+03 9.919007576317929731e-01
4.465536175357618959e+03 9.881693801827748924e-01
4.465559398462359241e+03 9.907735209545631694e-01
4.465582621687870414e+03 9.875444453945994017e-01
4.465605845034155209e+03 9.927382632748187330e-01
4.465629068501213624e+03 9.948936817132633115e-01
4.465652292089045659e+03 9.881448612354614136e-01
4.465675515797652224e+03 9.844101615626006385e-01
4.465698739627034229e+03 9.896098647499503853e-01
4.465721963577192582e+03 9.946132605510621394e-01
4.465745187648127285e+03 9.934309067598475762e-01
4.465768411839839246e+03 9.828782962991969852e-01
4.465791636152329374e+03 9.792720106435806038e-01
4.465814860585597671e+03 9.800565904126914418e-01
4.465838085139645045e+03 9.867897167797708979e-01
4.465861309814471497e+03 9.924999990777462200e-01
4.465884534610078845e+03 9.899437214209317881e-01
4.465907759526467999e+03 9.852482368816946057e-01
4.465930984563638049e+03 9.873228913598977030e-01
4.465954209721589905e+03 9.861491261693334787e-01
4.465977435000325386e+03 9.820379756451418363e-01
4.466000660399843582e+03 9.869827889587240444e-01
4.466023885920146313e+03 9.848689431672495997e-01
4.466047111561234487e+03 9.837477485314973791e-01
4.466070337323107196e+03 9.873254727846859646e-01
4.466093563205766259e+03 9.839415751368666418e-01
4.466116789209211674e+03 9.766168473226923830e-01
4.466140015333444353e+03 9.868547062763090016e-01
4.466163241578465204e+03 9.851950671025191397e-01
4.466186467944274227e+03 9.879666062383650749e-01
4.466209694430873242e+03 9.777032980411353158e-01
4.466232921038261338e+03 9.861412665684188283e-01
4.466256147766439426e+03 9.879722578914595932e-01
4.466279374615409324e+03 9.891657490531156061e-01
4.466302601585171033e+03 9.816151305928655368e-01
4.466325828675724551e+03 9.807340093509789858e-01
4.466349055887070790e+03 9.802705525242437767e-01
4.466372283219210658e+03 9.787662757676928171e-01
4.466395510672145065e+03 9.888053973636902194e-01
4.466418738245874010e+03 9.864066803323003896e-01
4.466441965940398404e+03 9.813267370804162892e-01
4.466465193755719156e+03 9.808138518510814974e-01
4.466488421691836265e+03 9.847323970457078079e-01
4.466511649748750642e+03 9.823443703004779426e-01
4.466534877926463196e+03 9.809208982648989217e-01
4.466558106224974836e+03 9.845261403574001591e-01
4.466581334644284652e+03 9.842553860616589656e-01
4.466604563184395374e+03 9.880368292989877288e-01
4.466627791845305183e+03 9.822738371179324801e-01
4.466651020627016806e+03 9.792762025523343850e-01
4.466674249529530243e+03 9.800858957751947820e-01
4.466697478552846405e+03 9.826876174151329968e-01
4.466720707696965292e+03 9.785297665483362328e-01
4.466743936961886902e+03 9.730945547405724927e-01
4.466767166347613966e+03 9.767131186061429604e-01
4.466790395854144663e+03 9.825314175634107805e-01
4.466813625481481722e+03 9.784677233990360934e-01
4.466836855229625144e+03 9.789012493070546883e-01
4.466860085098574928e+03 9.784994280260083110e-01
4.466883315088331983e+03 9.777413224749254006e-01
4.466906545198896310e+03 9.717131655522767142e-01
4.466929775430270638e+03 9.775397102502263458e-01
4.466953005782453147e+03 9.825673062403004199e-01
4.466976236255446565e+03 9.809444230635865347e-01
4.466999466849249984e+03 9.783346974280112684e-01
4.467022697563864313e+03 9.769961979450756395e-01
4.467045928399290460e+03 9.759470986970958384e-01
4.467069159355529337e+03 9.815528567148817940e-01
4.467092390432580942e+03 9.835913941329170740e-01
4.467115621630446185e+03 9.813961725985912432e-01
4.467138852949125976e+03 9.835559072948979464e-01
4.467162084388620315e+03 9.774241432099761706e-01
4.467185315948930111e+03 9.736116380301605977e-01
4.467208547630056273e+03 9.765354123848263290e-01
4.467231779431999712e+03 9.842464284341559955e-01
4.467255011354759517e+03 9.792670087950440250e-01
4.467278243398338418e+03 9.788955688179543646e-01
4.467301475562735504e+03 9.872241777770350835e-01
4.467324707847951686e+03 9.785138302676598121e-01
4.467347940253988781e+03 9.734839694082920714e-01
4.467371172780844972e+03 9.811358383357012825e-01
4.467394405428523896e+03 9.876613218741926437e-01
4.467417638197023734e+03 9.809606275632799521e-01
4.467440871086346306e+03 9.777133261794134222e-01
4.467464104096491610e+03 9.789973581045875450e-01
4.467487337227460557e+03 9.821471405540593835e-01
4.467510570479254056e+03 9.777116712238231866e-01
4.467533803851873017e+03 9.849327195660224632e-01
4.467557037345316530e+03 9.801579804955841135e-01
4.467580270959587324e+03 9.765775888528920312e-01
4.467603504694684489e+03 9.813472898769526331e-01
4.467626738550608934e+03 9.752118671393967819e-01
4.467649972527361570e+03 9.869483460155350496e-01
4.467673206624943305e+03 9.731702430178357233e-01
4.467696440843354139e+03 9.726040870768736246e-01
4.467719675182594983e+03 9.754224314424866371e-01
4.467742909642666746e+03 9.802506301152691393e-01
4.467766144223569427e+03 9.808724198706446629e-01
4.467789378925303936e+03 9.800981864485180939e-01
4.467812613747871183e+03 9.832422515822555331e-01
4.467835848691271167e+03 9.777785073463749477e-01
4.467859083755504798e+03 9.769953550061915015e-01
4.467882318940572986e+03 9.739870327798108018e-01
4.467905554246476640e+03 9.794230014106313220e-01
4.467928789673215761e+03 9.775308275790837165e-01
4.467952025220791256e+03 9.731838505887814295e-01
4.467975260889203128e+03 9.676209689605800301e-01
4.467998496678453193e+03 9.715731704435794924e-01
4.468021732588540544e+03 9.763580372025807419e-01
4.468044968619466999e+03 9.726577946198243785e-01
4.468068204771233468e+03 9.700650591434728520e-01
4.468091441043839950e+03 9.822580783311114505e-01
4.468114677437286446e+03 9.764058191045270618e-01
4.468137913951574774e+03 9.683696099094901699e-01
4.468161150586704935e+03 9.686019926266398183e-01
4.468184387342676928e+03 9.618895394659815468e-01
4.468207624219492573e+03 9.686070803753114022e-01
4.468230861217152778e+03 9.773489802253202408e-01
4.468254098335656636e+03 9.755929058849844848e-01
4.468277335575005964e+03 9.645586920946267462e-01
4.468300572935200762e+03 9.711013286918281917e-01
4.468323810416241031e+03 9.624673541876603844e-01
4.468347048018129499e+03 9.691672018507461184e-01
4.468370285740865256e+03 9.721812852911027036e-01
4.468393523584449213e+03 9.644966219293674703e-01
4.468416761548881368e+03 9.628459389126561296e-01
4.468439999634163541e+03 9.638863163712598769e-01
4.468463237840296642e+03 9.661265183281979585e-01
4.468486476167278852e+03 9.623487116912773365e-01
4.468509714615113808e+03 9.593737140031362021e-01
4.468532953183799691e+03 9.585042996596853104e-01
4.468556191873339230e+03 9.663905648142818716e-01
4.468579430683731516e+03 9.708455132703073254e-01
4.468602669614977458e+03 9.637797388841101709e-01
4.468625908667077965e+03 9.656942376000910988e-01
4.468649147840033947e+03 9.630475927461804586e-01
4.468672387133845405e+03 9.593238536441869302e-01
4.468695626548513246e+03 9.628855456298380799e-01
4.468718866084037472e+03 9.600976227446669231e-01
4.468742105740419902e+03 9.549241181511244347e-01
4.468765345517661444e+03 9.554465012008377389e-01
4.468788585415760281e+03 9.626879635086900144e-01
4.468811825434720049e+03 9.628232751028016345e-01
4.468835065574538930e+03 9.616620636816215484e-01
4.468858305835219653e+03 9.520203119305676864e-01
4.468881546216761308e+03 9.602717670037217434e-01
4.468904786719164804e+03 9.551338910741802302e-01
4.468928027342431051e+03 9.578031947086864673e-01
4.468951268086560049e+03 9.548520284713298834e-01
4.468974508951553616e+03 9.529410824143078607e-01
4.468997749937411754e+03 9.540974242326218935e-01
4.469020991044135371e+03 9.544367079692490652e-01
4.469044232271724468e+03 9.526318643409863451e-01
4.469067473620179953e+03 9.513201035379901249e-01
4.469090715089501828e+03 9.501673882952217376e-01
4.469113956679691910e+03 9.506668106683766606e-01
4.469137198390751109e+03 9.442220377165841949e-01
4.469160440222678517e+03 9.426254910201041781e-01
4.469183682175475042e+03 9.418269769205992459e-01
4.469206924249142503e+03 9.437324723768820700e-01
4.469230166443680901e+03 9.429039868734346852e-01
4.469253408759090235e+03 9.357578274187807743e-01
4.469276651195372324e+03 9.335726314341417087e-01
4.469299893752526259e+03 9.325390376657530789e-01
4.469323136430554769e+03 9.379525136268602736e-01
4.469346379229456033e+03 9.341940910624201289e-01
4.469369622149232782e+03 9.278139469233438463e-01
4.469392865189884105e+03 9.300083876638788327e-01
4.469416108351411822e+03 9.271288442428241572e-01
4.469439351633815932e+03 9.341522421117153252e-01
4.469462595037097344e+03 9.283310902563175482e-01
4.469485838561256060e+03 9.273306763320853241e-01
4.469509082206292987e+03 9.348493231751212607e-01
4.469532325972209037e+03 9.203748736927341856e-01
4.469555569859005118e+03 9.190677608672269683e-01
4.469578813866681230e+03 9.183251715163744944e-01
4.469602057995238283e+03 9.139907114021493806e-01
4.469625302244677187e+03 9.156522284303663106e-01
4.469648546614997940e+03 9.153631919029628916e-01
4.469671791106201454e+03 9.090726129421838886e-01
4.469695035718288636e+03 9.120678078598000171e-01
4.469718280451259488e+03 9.108897654427637880e-01
4.469741525305114919e+03 9.129497932780804570e-01
4.469764770279855838e+03 9.112718411519806772e-01
4.469788015375483155e+03 9.109577663071076747e-01
4.469811260591996870e+03 9.061737583002987817e-01
4.469834505929396983e+03 9.007231585203328006e-01
4.469857751387685312e+03 8.976347045596453356e-01
4.469880996966862767e+03 8.976309390913871367e-01
4.469904242666928440e+03 8.989486403782011026e-01
4.469927488487884148e+03 9.004840255324416676e-01
4.469950734429729891e+03 8.976100167767573357e-01
4.469973980492467490e+03 8.876789736813934795e-01
4.469997226676096034e+03 9.010200216749830737e-01
4.470020472980616432e+03 8.903210934611850425e-01
4.470043719406030505e+03 8.883864473197318201e-01
4.470066965952337341e+03 8.870605463224960907e-01
4.470090212619538761e+03 8.881357603081090346e-01
4.470113459407634764e+03 8.868385604446428205e-01
4.470136706316625350e+03 8.827902147356551099e-01
4.470159953346513248e+03 8.884028446508335231e-01
4.470183200497296639e+03 8.824790076840226538e-01
4.470206447768978251e+03 8.790199039742981890e-01
4.470229695161557174e+03 8.768476387972979902e-01
4.470252942675034319e+03 8.770897034266610381e-01
4.470276190309410595e+03 8.785897933922046654e-01
4.470299438064686910e+03 8.732159218696944336e-01
4.470322685940864176e+03 8.737863265657895839e-01
4.470345933937941481e+03 8.742388244333381131e-01
4.470369182055921556e+03 8.744674142639032866e-01
4.470392430294802580e+03 8.675401908664434059e-01
4.470415678654587282e+03 8.607979962090519521e-01
4.470438927135275662e+03 8.680528859255898233e-01
4.470462175736867721e+03 8.699827377600494183e-01
4.470485424459365277e+03 8.683698487061504157e-01
4.470508673302767420e+03 8.551042890617883696e-01
4.470531922267075970e+03 8.573377454425923361e-01
4.470555171352291836e+03 8.602577145044055795e-01
4.470578420558414109e+03 8.561267943499638600e-01
4.470601669885444608e+03 8.510928902246729377e-01
4.470624919333383332e+03 8.581179865383006256e-01
4.470648168902231191e+03 8.573491420709417055e-01
4.470671418591990005e+03 8.524874811945324371e-01
4.470694668402657953e+03 8.505029520810694077e-01
4.470717918334237766e+03 8.508052407041856169e-01
4.470741168386729441e+03 8.476094001775695830e-01
4.470764418560132981e+03 8.380120626459233169e-01
4.470787668854449294e+03 8.424136262215087267e-01
4.470810919269679289e+03 8.454704684857444752e-01
4.470834169805823876e+03 8.419691036490095648e-01
4.470857420462883056e+03 8.416450507755470767e-01
4.470880671240857737e+03 8.417093355458118431e-01
4.470903922139748829e+03 8.321945209867905868e-01
4.470927173159556332e+03 8.246790192782367246e-01
4.470950424300281156e+03 8.314648223653797743e-01
4.470973675561924210e+03 8.300474490342425460e-01
4.470996926944485494e+03 8.285389496173805046e-01
4.471020178447965918e+03 8.291375079647878010e-01
4.471043430072366391e+03 8.257697539521199337e-01
4.471066681817687822e+03 8.184268791304541990e-01
4.471089933683930212e+03 8.218440973242431280e-01
4.471113185671094470e+03 8.203518755976654253e-01
4.471136437779180596e+03 8.183642680455230911e-01
4.471159690008190410e+03 8.144335824902150245e-01
4.471182942358123910e+03 8.105931184226322639e-01
4.471206194828981097e+03 8.097068510814403597e-01
4.471229447420762881e+03 8.118833890641620199e-01
4.471252700133471080e+03 8.034787943605007365e-01
4.471275952967104786e+03 8.031502887170818283e-01
4.471299205921665816e+03 8.024619896951530329e-01
4.471322458997154172e+03 7.985689818371053406e-01
4.471345712193570762e+03 7.996504368833593501e-01
4.471368965510915586e+03 7.954844117831948447e-01
4.471392218949190465e+03 7.980811717578076836e-01
4.471415472508394487e+03 7.968332660632617692e-01
4.471438726188529472e+03 7.912998845248766511e-01
4.471461979989595420e+03 7.858426108635592211e-01
4.471485233911593241e+03 7.835485052876386414e-01
4.471508487954523844e+03 7.867932739481102722e-01
4.471531742118387228e+03 7.852206404143748930e-01
4.471554996403184305e+03 7.779819704375473544e-01
4.471578250808915072e+03 7.714362067845926818e-01
4.471601505335582260e+03 7.719841488555508890e-01
4.471624759983184049e+03 7.689045193605916761e-01
4.471648014751722258e+03 7.736559440982718749e-01
4.471671269641197796e+03 7.747607624222101474e-01
4.471694524651609754e+03 7.753899382382655192e-01
4.471717779782960861e+03 7.790727072373200279e-01
4.471741035035250206e+03 7.764885805551345888e-01
4.471764290408479610e+03 7.665033697226119047e-01
4.471787545902648162e+03 7.639595369245613110e-01
4.471810801517757682e+03 7.674049529286447457e-01
4.471834057253808169e+03 7.688463023126490548e-01
4.471857313110801442e+03 7.697403948275585162e-01
4.471880569088736593e+03 7.727202955695836595e-01
4.471903825187614530e+03 7.745583684044410333e-01
4.471927081407437072e+03 7.737396269226773926e-01
4.471950337748203310e+03 7.718686053394763213e-01
4.471973594209915063e+03 7.666922632349588707e-01
4.471996850792572332e+03 7.624197744114680209e-01
4.472020107496176024e+03 7.712216502299447107e-01
4.472043364320726141e+03 7.733107221935527908e-01
4.472066621266224502e+03 7.660098852853944873e-01
4.472089878332670196e+03 7.743392999489895345e-01
4.472113135520065043e+03 7.784094091950517491e-01
4.472136392828409953e+03 7.791756156201327110e-01
4.472159650257704016e+03 7.809851936484581980e-01
4.472182907807949960e+03 7.746274880453782874e-01
4.472206165479145966e+03 7.724093759258718883e-01
4.472229423271294763e+03 7.755746046685751960e-01
4.472252681184395442e+03 7.770127208743852210e-01
4.472275939218449821e+03 7.793064040858619368e-01
4.472299197373457901e+03 7.818730601735861541e-01
4.472322455649420590e+03 7.883012202970259841e-01
4.472345714046338799e+03 7.836201766945630753e-01
4.472368972564211617e+03 7.934978716754296224e-01
4.472392231203041774e+03 7.858361959955884046e-01
4.472415489962828360e+03 7.947293131008649203e-01
4.472438748843573194e+03 7.940307808839388581e-01
4.472462007845275366e+03 7.952718795841522414e-01
4.472485266967936695e+03 8.000182834034672563e-01
4.472508526211558092e+03 8.031403051201110310e-01
4.472531785576139555e+03 8.031455773620606031e-01
4.472555045061681085e+03 8.045037606551186382e-01
4.472578304668184501e+03 8.046722434507891375e-01
4.472601564395649802e+03 8.109017033855570045e-01
4.472624824244077899e+03 8.138795140680439300e-01
4.472648084213468792e+03 8.179616011496546601e-01
4.472671344303824299e+03 8.184627125727167440e-01
4.472694604515143510e+03 8.118761539018697349e-01
4.472717864847428245e+03 8.169463663394772590e-01
4.472741125300679414e+03 8.286910413360583094e-01
4.472764385874896107e+03 8.288287562148254350e-01
4.472787646570080142e+03 8.376962329749715330e-01
4.472810907386232429e+03 8.296694764277248169e-01
4.472834168323352969e+03 8.361195686878182265e-01
4.472857429381441762e+03 8.320855456142416395e-01
4.472880690560500625e+03 8.380881818008578676e-01
4.472903951860529560e+03 8.426939698764019937e-01
4.472927213281528566e+03 8.505827966395301809e-01
4.472950474823499462e+03 8.484309302140504716e-01
4.472973736486443158e+03 8.534726861897469208e-01
4.472996998270358745e+03 8.603724140831504608e-01
4.473020260175248040e+03 8.568808441811915921e-01
4.473043522201111955e+03 8.655239363678534081e-01
4.473066784347949579e+03 8.689406201119449502e-01
4.473090046615762731e+03 8.662397968517753233e-01
4.473113309004551411e+03 8.726685157058539088e-01
4.473136571514316529e+03 8.821489080401835325e-01
4.473159834145058994e+03 8.804499232609591663e-01
4.473183096896779716e+03 8.737253176297903323e-01
4.473206359769478695e+03 8.845451444035236088e-01
4.473229622763155930e+03 8.875971447286403748e-01
4.473252885877813242e+03 8.954297085264965039e-01
4.473276149113450629e+03 8.919943744892017135e-01
4.473299412470069910e+03 8.857630784863286255e-01
4.473322675947669268e+03 8.865336418614034875e-01
4.473345939546251429e+03 8.891150029512568942e-01
4.473369203265816395e+03 8.952348567286577685e-01
4.473392467106365075e+03 8.959274337491094364e-01
4.473415731067897468e+03 9.005390980352434571e-01
4.473438995150414485e+03 9.085166348722258922e-01
4.473462259353917034e+03 9.129652969088362102e-01
4.473485523678405116e+03 9.088280366835244095e-01
4.473508788123879640e+03 9.101559785749426812e-01
4.473532052690341516e+03 9.202660769205207592e-01
4.473555317377791653e+03 9.185448056017594398e-01
4.473578582186230051e+03 9.149387051462281040e-01
4.473601847115657620e+03 9.162342272253611863e-01
4.473625112166074359e+03 9.230485094801786916e-01
4.473648377337482088e+03 9.237062727432531206e-01
4.473671642629879898e+03 9.194930354111690018e-01
4.473694908043269606e+03 9.259377923864389182e-01
4.473718173577652124e+03 9.260267874602168270e-01
4.473741439233027450e+03 9.294948619069408613e-01
4.473764705009395584e+03 9.421660615617074575e-01
4.473787970906758346e+03 9.438412016025287121e-01
4.473811236925115736e+03 9.370936207802130768e-01
4.473834503064468663e+03 9.402728230910276652e-01
4.473857769324817127e+03 9.407491368054214931e-01
4.473881035706162038e+03 9.423113670231871852e-01
4.473904302208505214e+03 9.463426788458084715e-01
4.473927568831844837e+03 9.549818789438506705e-01
4.473950835576184545e+03 9.470724350816702719e-01
4.473974102441522518e+03 9.510541386446178524e-01
4.473997369427860576e+03 9.504691006520958885e-01
4.474020636535198719e+03 9.577498208794620327e-01
4.474043903763537855e+03 9.632157216905501418e-01
4.474067171112878896e+03 9.567032479081898355e-01
4.474090438583221840e+03 9.580156094725310600e-01
4.474113706174567596e+03 9.630885020790839190e-01
4.474136973886917986e+03 9.658174608828288266e-01
4.474160241720271188e+03 9.599452270342850868e-01
4.474183509674629931e+03 9.631194390267376892e-01
4.474206777749994217e+03 9.758003742836024452e-01
4.474230045946364953e+03 9.697090678911601813e-01
4.474253314263741231e+03 9.623923098852037450e-01
4.474276582702125779e+03 9.700580766332465021e-01
4.474299851261517688e+03 9.746264539414545292e-01
4.474323119941918776e+03 9.795412659732717353e-01
4.474346388743328134e+03 9.783865544359554578e-01
4.474369657665748491e+03 9.823674490029616901e-01
4.474392926709178028e+03 9.836548564869417310e-01
4.474416195873619472e+03 9.803116938977662898e-01
4.474439465159072824e+03 9.766322428239523346e-01
4.474462734565538085e+03 9.829863510889658151e-01
4.474486004093017073e+03 9.888227422469874073e-01
4.474509273741508878e+03 9.836713720658688542e-01
4.474532543511015319e+03 9.805122891734822099e-01
4.474555813401536398e+03 9.886028706616158956e-01
4.474579083413073022e+03 9.873429092227479220e-01
4.474602353545625192e+03 9.931977255361275070e-01
4.474625623799194727e+03 9.965123269220009794e-01
4.474648894173781628e+03 9.939934557466526543e-01
4.474672164669386802e+03 9.844505167534269852e-01
4.474695435286010252e+03 9.920376997776916284e-01
4.474718706023652885e+03 9.947150764850797300e-01
4.474741976882316521e+03 9.885606104458840582e-01
4.474765247861999342e+03 9.916323118403581605e-01
4.474788518962704075e+03 9.912981972791355956e-01
4.474811790184429810e+03 9.914487070665176649e-01
4.474835061527179278e+03 9.914243072954499469e-01
4.474858332990950657e+03 9.976236490394532197e-01
4.474881604575745769e+03 1.000019718430890325e+00
4.474904876281565521e+03 9.988991845480023057e-01
4.474928148108410824e+03 9.965484010751465282e-01
4.474951420056280767e+03 1.000934611917463357e+00
4.474974692125177171e+03 9.980284162751614785e-01
4.474997964315100944e+03 1.008857083746905303e+00
4.475021236626051177e+03 1.005471689282830816e+00
4.475044509058030599e+03 9.931106390140004292e-01
4.475067781611037390e+03 1.001433498534937794e+00
4.475091054285074279e+03 9.985148424490801755e-01
4.475114327080141265e+03 9.951261986478945332e-01
4.475137599996239260e+03 1.001896064550270582e+00
4.475160873033368262e+03 1.000744052153244912e+00
4.475184146191528271e+03 1.001485219412729943e+00
4.475207419470722016e+03 1.002852789014640589e+00
4.475230692870947678e+03 9.979379468921959484e-01
4.475253966392207985e+03 1.003084771177698675e+00
4.475277240034502029e+03 9.951777896747572294e-01
4.475300513797831627e+03 1.001497298842110695e+00
4.475323787682196780e+03 9.933112992239667705e-01
4.475347061687598398e+03 9.981676944039792332e-01
4.475370335814036480e+03 9.986457388044766015e-01
4.475393610061511936e+03 9.997945320571761663e-01
4.475416884430025675e+03 1.000374388977577578e+00
4.475440158919578607e+03 1.008756478324349226e+00
4.475463433530170732e+03 9.974950513616366310e-01
4.475486708261802960e+03 9.942555999105711084e-01
4.475509983114475290e+03 9.978753219539689967e-01
4.475533258088189541e+03 1.003676037223928841e+00
4.475556533182945714e+03 1.006202929387675082e+00
4.475579808398744717e+03 1.003768085449560310e+00
4.475603083735586551e+03 1.001581261942835033e+00
4.475626359193472126e+03 9.932917995209525897e-01
4.475649634772402351e+03 1.002105894717220336e+00
4.475672910472377225e+03 1.000012786935628561e+00
4.475696186293398569e+03 1.007379519734239892e+00
4.475719462235465471e+03 9.985369795707025320e-01
4.475742738298579752e+03 9.997255160976785682e-01
4.475766014482741411e+03 9.998161397997432642e-01
4.475789290787951359e+03 9.998545244191227033e-01
4.475812567214210503e+03 1.001536848699725812e+00
4.475835843761518845e+03 9.949689158347265749e-01
4.475859120429877294e+03 1.000644647626966144e+00
4.475882397219286759e+03 1.002084753423372110e+00
4.475905674129748149e+03 9.954041439126626312e-01
4.475928951161260557e+03 9.991195210133474447e-01
4.475952228313825799e+03 9.971070905980977672e-01
4.475975505587444786e+03 1.001021109995800185e+00
4.475998782982116609e+03 9.999470365119570436e-01
4.476022060497843995e+03 1.001619122885949231e+00
4.476045338134626036e+03 9.927957003126175461e-01
4.476068615892464550e+03 9.920522498513701937e-01
4.476091893771358627e+03 1.003479946865885042e+00
4.476115171771310088e+03 1.004760602317752216e+00
4.476138449892318931e+03 1.000635402343699631e+00
4.476161728134386976e+03 9.944293054755297678e-01
4.476185006497513314e+03 9.936634209395995843e-01
4.476208284981698853e+03 9.964863174713260996e-01
4.476231563586944503e+03 9.941550653154540562e-01
4.476254842313252084e+03 9.996700632789814467e-01
4.476278121160620685e+03 9.965443584499712459e-01
4.476301400129051217e+03 9.976595819652233077e-01
4.476324679218543679e+03 1.008039183830213847e+00
4.476347958429100800e+03 1.001221780916495385e+00
4.476371237760720760e+03 1.005352805479448941e+00
4.476394517213406289e+03 9.979768064775071945e-01
4.476417796787156476e+03 1.004791863127979967e+00
4.476441076481972232e+03 9.968502014655377108e-01
4.476464356297855375e+03 9.985382263871406261e-01
4.476487636234804995e+03 1.000053173577183818e+00
4.476510916292822913e+03 9.989835451977790992e-01
4.476534196471908217e+03 9.977689920196788353e-01
4.476557476772063637e+03 1.004955562812590131e+00
4.476580757193288264e+03 9.992636173899952512e-01
4.476604037735583006e+03 1.005700665715206998e+00
4.476627318398948773e+03 9.978481403287048357e-01
4.476650599183386475e+03 9.973574839749878018e-01
4.476673880088895203e+03 1.000009506223217715e+00
4.476697161115477684e+03 1.002526253735773532e+00
4.476720442263133009e+03 1.005395668800712183e+00
4.476743723531862997e+03 1.009641927118014371e+00
4.476767004921667649e+03 1.000436784009534952e+00
4.476790286432546964e+03 1.002797277328457692e+00
4.476813568064502761e+03 1.005066388570220681e+00
4.476836849817535040e+03 1.002749443993047107e+00
4.476860131691643801e+03 1.005442170939774948e+00
4.476883413686831773e+03 9.995687502777336197e-01
4.476906695803097136e+03 9.982853212950927313e-01
4.476929978040441711e+03 9.961424196599597547e-01
4.476953260398866405e+03 9.924765378357217616e-01
4.476976542878371220e+03 1.005486952208358487e+00
4.476999825478957064e+03 9.922498084196257340e-01
4.477023108200623938e+03 9.993439211421564217e-01
4.477046391043373660e+03 9.978840777750702662e-01
4.477069674007206231e+03 1.003771769734760788e+00
4.477092957092121651e+03 1.004317166792559224e+00
4.477116240298121738e+03 9.995476097162360185e-01
4.477139523625206493e+03 1.000186084575285239e+00
4.477162807073376825e+03 9.959026575718008534e-01
4.477186090642632735e+03 9.972435403794157605e-01
4.477209374332976040e+03 9.958153942409825321e-01
4.477232658144405832e+03 9.911286104077333681e-01
4.477255942076923930e+03 9.951703876632107537e-01
4.477279226130530333e+03 9.994851322095331669e-01
4.477302510305225951e+03 1.003747781124033844e+00
4.477325794601011694e+03 1.007482757826030362e+00
4.477349079017887561e+03 1.007264364943056156e+00
4.477372363555854463e+03 1.001202957011724903e+00
4.477395648214913308e+03 1.001946260512510678e+00
4.477418932995064097e+03 1.005433592211626204e+00
4.477442217896307739e+03 1.006592847718756456e+00
4.477465502918645143e+03 1.003085466820320848e+00
4.477488788062077219e+03 9.988283768229255788e-01
4.477512073326603058e+03 9.996498959244609628e-01
4.477535358712225388e+03 9.949107447655248793e-01
4.477558644218943300e+03 9.958036614542146170e-01
4.477581929846757703e+03 1.004498581429029480e+00
4.477605215595670415e+03 1.000160206162950427e+00
4.477628501465679619e+03 9.939244087760739088e-01
4.477651787456788952e+03 1.004782857014961728e+00
4.477675073568996595e+03 9.985588811516404872e-01
4.477698359802304367e+03 1.005322400785409576e+00
4.477721646156712268e+03 1.006846260396360382e+00
4.477744932632222117e+03 9.987315980750115507e-01
4.477768219228833004e+03 1.001077570796893079e+00
4.477791505946545840e+03 9.983664482008900443e-01
4.477814792785362442e+03 1.001234770792155837e+00
4.477838079745282812e+03 1.000381744084218427e+00
4.477861366826306948e+03 9.975064135782885089e-01
4.477884654028436671e+03 9.955411409557434199e-01
4.477907941351671070e+03 1.005508899899314468e+00
4.477931228796011965e+03 9.994026623476087723e-01
4.477954516361460264e+03 9.945075428416022545e-01
4.477977804048015059e+03 9.977807455075010656e-01
