# Corrected for radial velocity of 20.55 km/s
# 
# star name zetOri, line HEI4471
# instrument: HERMES spectrograph @Mercator
# date: AVERAGE of observations from October 2018
# 
# wavelength(Angstrom,air) normalised_flux
4.459706787525215987e+03 1.000641408681895994e+00
4.459729980314114073e+03 9.989580086245842816e-01
4.459753173223628437e+03 9.991918315991537014e-01
4.459776366253756350e+03 9.969590844324889289e-01
4.459799559404500542e+03 9.955549877176775864e-01
4.459822752675861011e+03 9.989793279228981193e-01
4.459845946067839577e+03 9.960440972045774277e-01
4.459869139580434421e+03 9.997011002718679817e-01
4.459892333213648271e+03 1.002501333268439154e+00
4.459915526967480218e+03 1.003760991260510327e+00
4.459938720841932081e+03 1.001786593632160605e+00
4.459961914837004770e+03 9.986177612240564327e-01
4.459985108952698283e+03 1.000939553897680634e+00
4.460008303189012622e+03 1.000965181986052110e+00
4.460031497545949605e+03 9.999688879746684300e-01
4.460054692023508323e+03 1.000327909802585236e+00
4.460077886621690595e+03 1.002191523596436484e+00
4.460101081340497331e+03 1.000569775406399353e+00
4.460124276179929439e+03 1.002590408896744334e+00
4.460147471139985100e+03 1.001455096807733147e+00
4.460170666220667044e+03 1.001815297501976287e+00
4.460193861421976180e+03 1.001906858929494826e+00
4.460217056743911598e+03 1.002710038436207540e+00
4.460240252186474208e+03 1.001153526171584929e+00
4.460263447749666739e+03 1.002010257965904483e+00
4.460286643433487370e+03 1.003928897100577977e+00
4.460309839237937922e+03 1.001664834193512377e+00
4.460333035163017485e+03 9.979860884144859945e-01
4.460356231208728786e+03 1.001680076778808326e+00
4.460379427375071828e+03 1.001179305327245750e+00
4.460402623662046608e+03 9.980069186539682891e-01
4.460425820069654947e+03 9.967114946712699597e-01
4.460449016597895934e+03 9.967044213918645479e-01
4.460472213246770480e+03 9.951201769179967016e-01
4.460495410016279493e+03 9.998925065658951228e-01
4.460518606906424793e+03 1.002504930608818956e+00
4.460541803917205470e+03 1.001025319235115951e+00
4.460565001048622435e+03 1.001214902007911522e+00
4.460588198300676595e+03 9.997668791209359807e-01
4.460611395673368861e+03 1.003457453708123337e+00
4.460634593166699233e+03 1.005073711626596866e+00
4.460657790780668620e+03 9.980852246858304966e-01
4.460680988515277022e+03 9.978452042116122689e-01
4.460704186370527168e+03 1.001324944735566769e+00
4.460727384346417239e+03 9.980634433105066705e-01
4.460750582442948144e+03 1.000868782332505313e+00
4.460773780660122611e+03 1.000054222635937240e+00
4.460796978997938822e+03 9.988221488833041173e-01
4.460820177456399506e+03 9.971843054447775412e-01
4.460843376035502843e+03 1.000531874205349059e+00
4.460866574735251561e+03 1.003513443030634278e+00
4.460889773555644751e+03 9.982588310445220658e-01
4.460912972496685143e+03 1.000102319228809433e+00
4.460936171558370916e+03 1.001497232239046742e+00
4.460959370740704799e+03 1.000767526895832482e+00
4.460982570043685882e+03 9.998456017846426569e-01
4.461005769467315076e+03 9.966735237807119452e-01
4.461028969011594199e+03 1.000997272636934721e+00
4.461052168676522342e+03 1.001872179875631597e+00
4.461075368462101324e+03 9.966439287386021917e-01
4.461098568368331144e+03 9.978985891570075761e-01
4.461121768395211802e+03 1.000857725699414669e+00
4.461144968542746028e+03 1.003152266952454630e+00
4.461168168810931093e+03 9.940944205311554871e-01
4.461191369199770634e+03 9.949428715697690162e-01
4.461214569709264651e+03 1.001426636049068675e+00
4.461237770339413146e+03 1.001331150383545809e+00
4.461260971090217026e+03 9.990238051156401511e-01
4.461284171961676293e+03 1.000116350752009220e+00
4.461307372953791855e+03 1.003370388698468174e+00
4.461330574066565532e+03 9.981418092275887721e-01
4.461353775299996414e+03 9.993683806759383614e-01
4.461376976654085411e+03 9.981804220277967765e-01
4.461400178128835250e+03 9.985081780766349446e-01
4.461423379724243205e+03 9.962596066564800568e-01
4.461446581440311093e+03 9.967243618567744878e-01
4.461469783277040733e+03 9.966056701392357331e-01
4.461492985234432126e+03 1.001144989044981726e+00
4.461516187312485272e+03 1.004668241530245032e+00
4.461539389511201989e+03 9.976176105951986006e-01
4.461562591830582278e+03 1.001075959562608864e+00
4.461585794270626138e+03 1.003033218412385796e+00
4.461608996831334480e+03 1.002797748020908486e+00
4.461632199512708212e+03 1.000999750858276416e+00
4.461655402314748244e+03 1.003873466400279080e+00
4.461678605237454576e+03 1.005786661122626269e+00
4.461701808280829027e+03 9.956645736528176860e-01
4.461725011444870688e+03 1.003893122439231123e+00
4.461748214729580468e+03 1.005912386305114703e+00
4.461771418134960186e+03 9.977438481735717568e-01
4.461794621661008932e+03 9.970522039439092543e-01
4.461817825307727617e+03 1.002327491470919929e+00
4.461841029075118058e+03 9.946877819362550666e-01
4.461864232963179347e+03 1.006755423187272847e+00
4.461887436971914212e+03 9.976575618523833011e-01
4.461910641101321744e+03 9.928606280050195076e-01
4.461933845351401942e+03 9.910698383704247272e-01
4.461957049722157535e+03 1.000219400945364656e+00
4.461980254213586704e+03 9.964591650807377299e-01
4.462003458825691268e+03 1.000957684641857526e+00
4.462026663558473047e+03 1.000580798203548838e+00
4.462049868411929310e+03 1.000698003920566403e+00
4.462073073386064607e+03 1.001309124053077149e+00
4.462096278480878027e+03 1.009735042675173888e+00
4.462119483696368661e+03 1.005080033285886909e+00
4.462142689032539238e+03 1.005148186042163161e+00
4.462165894489389757e+03 9.965827458199203459e-01
4.462189100066920219e+03 1.000464877340609515e+00
4.462212305765131532e+03 1.003713907905469771e+00
4.462235511584025517e+03 1.002259290661500879e+00
4.462258717523601263e+03 9.985406875572331309e-01
4.462281923583859680e+03 1.001843108443547958e+00
4.462305129764801677e+03 1.008444706983073758e+00
4.462328336066428164e+03 1.003756600944993860e+00
4.462351542488739142e+03 9.996340792497602212e-01
4.462374749031735519e+03 1.002450522270149857e+00
4.462397955695418204e+03 1.004424978826807591e+00
4.462421162479788109e+03 1.001280162978495758e+00
4.462444369384844322e+03 1.003624515802304495e+00
4.462467576410589572e+03 1.001218427299310321e+00
4.462490783557022041e+03 9.993503271135608657e-01
4.462513990824143548e+03 1.002038358467307377e+00
4.462537198211956820e+03 1.001783141421233037e+00
4.462560405720459130e+03 1.000330717447257989e+00
4.462583613349652296e+03 9.963735201991795742e-01
4.462606821099538138e+03 9.982294678975044411e-01
4.462630028970115745e+03 9.962390589311094224e-01
4.462653236961386028e+03 9.958797384967252864e-01
4.462676445073351715e+03 1.004087743278766487e+00
4.462699653306010077e+03 1.002762361611269748e+00
4.462722861659363844e+03 9.997187006818505361e-01
4.462746070133412104e+03 1.000980889109423844e+00
4.462769278728156678e+03 1.000901377263840208e+00
4.462792487443598475e+03 9.977886090386217655e-01
4.462815696279738404e+03 9.975286816096766707e-01
4.462838905236574647e+03 1.000357462059100033e+00
4.462862114314109931e+03 1.003535194564746602e+00
4.462885323512346076e+03 1.005176693945543542e+00
4.462908532831280354e+03 1.005459978683066691e+00
4.462931742270915493e+03 1.007831901017138598e+00
4.462954951831252401e+03 1.005093999248899417e+00
4.462978161512290171e+03 9.965771750467774526e-01
4.463001371314031530e+03 9.944266369365620806e-01
4.463024581236473750e+03 9.984391202997308090e-01
4.463047791279621379e+03 1.000019882330976495e+00
4.463071001443473506e+03 9.991264507905622816e-01
4.463094211728029222e+03 9.976932983212286610e-01
4.463117422133291257e+03 1.001993770340700696e+00
4.463140632659258699e+03 1.002719870850270478e+00
4.463163843305934279e+03 1.001832829162081717e+00
4.463187054073317086e+03 1.001953143499679122e+00
4.463210264961406210e+03 9.990491966699697191e-01
4.463233475970205291e+03 9.929556412313245151e-01
4.463256687099713417e+03 1.001064978350782342e+00
4.463279898349932409e+03 9.967453759322121298e-01
4.463303109720860448e+03 1.000322178362496039e+00
4.463326321212501171e+03 1.006496350045275268e+00
4.463349532824851849e+03 9.952141984840112698e-01
4.463372744557916121e+03 9.981953356574079228e-01
4.463395956411693078e+03 1.001652226597226303e+00
4.463419168386183628e+03 1.001116716787126437e+00
4.463442380481388682e+03 1.006178597631320670e+00
4.463465592697309148e+03 1.002908063273625583e+00
4.463488805033945027e+03 1.003287464708632948e+00
4.463512017491296319e+03 1.001935335890946188e+00
4.463535230069364843e+03 1.007683812552286229e+00
4.463558442768150599e+03 1.002861464152851712e+00
4.463581655587655405e+03 1.002967733623517654e+00
4.463604868527878352e+03 1.001594347712750022e+00
4.463628081588820351e+03 9.981611025264306436e-01
4.463651294770482309e+03 1.002596928259745113e+00
4.463674508072865137e+03 9.971571847811772082e-01
4.463697721495968835e+03 9.985340318254487535e-01
4.463720935039795222e+03 9.991192547025546933e-01
4.463744148704342479e+03 9.982352192617637288e-01
4.463767362489614243e+03 9.988029514489240590e-01
4.463790576395609605e+03 9.963389902675315879e-01
4.463813790422329475e+03 9.933293954666438941e-01
4.463837004569773853e+03 9.985318042783510872e-01
4.463860218837943648e+03 9.999253065165077947e-01
4.463883433226839770e+03 9.977472388327195407e-01
4.463906647736463128e+03 9.992911065636638224e-01
4.463929862366813722e+03 9.969205310960169708e-01
4.463953077117892462e+03 1.002348335162296822e+00
4.463976291989699348e+03 1.000759618601913425e+00
4.463999506982237108e+03 9.956007508967590347e-01
4.464022722095503013e+03 9.967222411010050465e-01
4.464045937329501612e+03 9.960118073936357064e-01
4.464069152684230176e+03 9.960613828288116256e-01
4.464092368159690523e+03 9.984178543519520721e-01
4.464115583755883563e+03 1.002287533004669662e+00
4.464138799472809296e+03 1.002112848322648686e+00
4.464162015310469542e+03 9.971714319022506601e-01
4.464185231268864300e+03 1.000573084532719870e+00
4.464208447347993570e+03 9.999982546140555595e-01
4.464231663547859171e+03 9.988745491537123211e-01
4.464254879868460193e+03 1.000289503738525099e+00
4.464278096309799366e+03 9.967016344657315674e-01
4.464301312871874870e+03 9.980294908453286595e-01
4.464324529554688525e+03 9.960725661852914969e-01
4.464347746358241238e+03 1.001070448505734012e+00
4.464370963282533921e+03 1.000135496203881980e+00
4.464394180327566573e+03 9.911690709321396842e-01
4.464417397493339195e+03 9.988691473739407245e-01
4.464440614779853604e+03 9.999262902780819973e-01
4.464463832187109801e+03 1.004434214867972797e+00
4.464487049715108697e+03 9.944778233357185471e-01
4.464510267363851199e+03 9.958345643897726918e-01
4.464533485133336399e+03 9.943109992252449070e-01
4.464556703023567025e+03 9.972620032251334754e-01
4.464579921034542167e+03 9.956662443159502995e-01
4.464603139166262736e+03 9.938124875709215544e-01
4.464626357418730549e+03 9.965860154097829771e-01
4.464649575791944699e+03 9.909597848295146338e-01
4.464672794285907003e+03 9.984847527565360314e-01
4.464696012900617461e+03 9.981840379120466844e-01
4.464719231636076074e+03 9.946256432386797464e-01
4.464742450492283751e+03 9.922291562833555068e-01
4.464765669469243221e+03 9.939990383635114446e-01
4.464788888566952664e+03 9.949076299215293684e-01
4.464812107785412991e+03 9.956104471201798756e-01
4.464835327124625110e+03 9.945584998250421860e-01
4.464858546584589931e+03 9.946795526196925419e-01
4.464881766165308363e+03 9.933062198587009339e-01
4.464904985866781317e+03 9.928311280289532359e-01
4.464928205689007882e+03 9.873496231632977738e-01
4.464951425631989878e+03 9.878691246608457543e-01
4.464974645695727304e+03 9.866886776749254073e-01
4.464997865880221070e+03 9.896947169428802482e-01
4.465021086185472086e+03 9.886510752014771031e-01
4.465044306611481261e+03 9.927853077149719763e-01
4.465067527158247685e+03 9.891846498505805219e-01
4.465090747825774088e+03 9.852317761531771412e-01
4.465113968614059559e+03 9.891323713467563561e-01
4.465137189523105008e+03 9.911207710135514493e-01
4.465160410552911344e+03 9.886929443756742319e-01
4.465183631703478568e+03 9.876590540814971231e-01
4.465206852974809408e+03 9.851018465444294492e-01
4.465230074366901135e+03 9.873170825525264815e-01
4.465253295879757388e+03 9.851723123464916076e-01
4.465276517513376348e+03 9.861264993106980681e-01
4.465299739267760742e+03 9.889523630068727256e-01
4.465322961142909662e+03 9.907286291262673572e-01
4.465346183138824927e+03 9.864861284362788085e-01
4.465369405255506535e+03 9.871425627250893786e-01
4.465392627492954489e+03 9.858890896274876692e-01
4.465415849851171515e+03 9.885172304531546494e-01
4.465439072330155795e+03 9.922255775188435489e-01
4.465462294929909149e+03 9.959600830735648724e-01
4.465485517650432485e+03 9.853487222416433822e-01
4.465508740491725803e+03 9.866434609813475864e-01
4.465531963453790013e+03 9.842541745729527225e-01
4.465555186536625115e+03 9.883774433985779151e-01
4.465578409740232019e+03 9.847248751716545234e-01
4.465601633064613452e+03 9.870185580109362977e-01
4.465624856509766687e+03 9.827500929641761473e-01
4.465648080075694452e+03 9.822103124417059794e-01
4.465671303762396747e+03 9.808312140568470339e-01
4.465694527569873571e+03 9.846424726836719987e-01
4.465717751498126745e+03 9.895436760133998755e-01
4.465740975547157177e+03 9.852368067500950621e-01
4.465764199716963958e+03 9.829344471772323288e-01
4.465787424007547997e+03 9.826874103370316638e-01
4.465810648418911114e+03 9.841852890669554599e-01
4.465833872951053308e+03 9.876496037022609586e-01
4.465857097603974580e+03 9.847319073338423046e-01
4.465880322377675839e+03 9.833029092992876530e-01
4.465903547272158903e+03 9.843141336444115597e-01
4.465926772287423773e+03 9.830521623676786724e-01
4.465949997423469540e+03 9.840794461036009855e-01
4.465973222680298022e+03 9.872638756797383897e-01
4.465996448057911039e+03 9.876446794044103639e-01
4.466019673556307680e+03 9.845721686261498240e-01
4.466042899175488856e+03 9.836110699653426437e-01
4.466066124915454566e+03 9.825413701413838741e-01
4.466089350776206629e+03 9.816280565127017965e-01
4.466112576757745956e+03 9.853890158554839962e-01
4.466135802860071635e+03 9.841901468388103424e-01
4.466159029083185487e+03 9.842867869559923655e-01
4.466182255427087512e+03 9.857832830115161871e-01
4.466205481891778618e+03 9.840956274689531824e-01
4.466228708477258806e+03 9.789083785785422931e-01
4.466251935183530804e+03 9.870789993168899157e-01
4.466275162010592794e+03 9.828426773028615671e-01
4.466298388958446594e+03 9.843788689903614220e-01
4.466321616027091295e+03 9.851906048031363605e-01
4.466344843216530535e+03 9.848517958279472406e-01
4.466368070526762494e+03 9.816374609721824074e-01
4.466391297957788993e+03 9.812913421788730384e-01
4.466414525509610030e+03 9.844018897545453450e-01
4.466437753182224697e+03 9.830778860099966820e-01
4.466460980975637540e+03 9.820436237774168298e-01
4.466484208889845831e+03 9.804790584773652729e-01
4.466507436924851390e+03 9.850164567201719068e-01
4.466530665080656036e+03 9.855501582220159706e-01
4.466553893357257948e+03 9.834494316426170002e-01
4.466577121754658947e+03 9.772928448586197803e-01
4.466600350272859032e+03 9.824823305864419654e-01
4.466623578911860932e+03 9.867572586744669527e-01
4.466646807671662827e+03 9.826236344436600767e-01
4.466670036552267447e+03 9.807075971609742204e-01
4.466693265553672973e+03 9.795258300749927205e-01
4.466716494675882132e+03 9.846023888645383249e-01
4.466739723918894015e+03 9.839760460743363080e-01
4.466762953282711351e+03 9.801332301219352061e-01
4.466786182767332321e+03 9.795602930024299715e-01
4.466809412372758743e+03 9.827818086805143460e-01
4.466832642098991528e+03 9.852898140505842450e-01
4.466855871946030675e+03 9.854211160079849874e-01
4.466879101913877093e+03 9.836220053799102914e-01
4.466902332002530784e+03 9.842734693313395233e-01
4.466925562211994475e+03 9.871217651548972460e-01
4.466948792542265437e+03 9.820431735855759126e-01
4.466972022993348219e+03 9.806463650934248433e-01
4.466995253565240091e+03 9.841483273292858103e-01
4.467018484257942873e+03 9.833570463720069377e-01
4.467041715071458384e+03 9.863639084642887855e-01
4.467064946005784805e+03 9.798404327378733569e-01
4.467088177060925773e+03 9.871150918018035680e-01
4.467111408236879470e+03 9.822675198346270120e-01
4.467134639533646805e+03 9.858856812022467331e-01
4.467157870951229597e+03 9.841769879650745789e-01
4.467181102489626937e+03 9.751793685497380793e-01
4.467204334148841554e+03 9.835222929473970144e-01
4.467227565928872536e+03 9.886578110083543702e-01
4.467250797829719886e+03 9.858462311440006065e-01
4.467274029851386331e+03 9.844809219142144352e-01
4.467297261993870961e+03 9.832140434465996837e-01
4.467320494257174687e+03 9.822202430957266417e-01
4.467343726641297508e+03 9.839690331382514588e-01
4.467366959146242152e+03 9.843508925914365992e-01
4.467390191772006801e+03 9.811393194880525526e-01
4.467413424518594184e+03 9.840197969758277541e-01
4.467436657386003390e+03 9.829539428415026148e-01
4.467459890374235329e+03 9.807567385351735334e-01
4.467483123483290910e+03 9.809461702597116473e-01
4.467506356713171044e+03 9.788296359146263503e-01
4.467529590063875730e+03 9.816010741760926583e-01
4.467552823535405878e+03 9.731529444730258049e-01
4.467576057127761487e+03 9.766856571702298151e-01
4.467599290840945287e+03 9.810356922381344713e-01
4.467622524674955457e+03 9.758202946649087162e-01
4.467645758629793818e+03 9.804606487052244246e-01
4.467668992705461278e+03 9.747925587126509139e-01
4.467692226901957838e+03 9.838500699771147717e-01
4.467715461219283497e+03 9.795332437583752494e-01
4.467738695657439166e+03 9.741544560095415362e-01
4.467761930216427572e+03 9.804331131130977761e-01
4.467785164896247807e+03 9.710202515543516766e-01
4.467808399696898960e+03 9.761299424739430242e-01
4.467831634618384669e+03 9.723175699506172442e-01
4.467854869660703116e+03 9.738130151271370272e-01
4.467878104823855210e+03 9.773312516629556468e-01
4.467901340107842771e+03 9.763188884745250817e-01
4.467924575512666706e+03 9.771060852371235006e-01
4.467947811038326108e+03 9.809317680829293673e-01
4.467971046684822795e+03 9.748599536813207234e-01
4.467994282452156767e+03 9.744622509249563080e-01
4.468017518340327115e+03 9.785327184847590898e-01
4.468040754349338386e+03 9.740868401494937601e-01
4.468063990479187851e+03 9.740006296360963489e-01
4.468087226729877329e+03 9.721452965858399242e-01
4.468110463101407731e+03 9.706469997157980423e-01
4.468133699593779056e+03 9.692121127577204565e-01
4.468156936206992214e+03 9.722110581046238265e-01
4.468180172941047203e+03 9.752481326068001000e-01
4.468203409795946754e+03 9.674425183977154452e-01
4.468226646771689047e+03 9.716998715495178685e-01
4.468249883868275901e+03 9.707999652918333222e-01
4.468273121085707317e+03 9.649617405634507428e-01
4.468296358423985112e+03 9.713232956878306013e-01
4.468319595883108377e+03 9.665824641292142250e-01
4.468342833463078932e+03 9.661990338994503880e-01
4.468366071163896777e+03 9.702612186320510590e-01
4.468389308985562820e+03 9.685620997604335036e-01
4.468412546928076154e+03 9.654475842212548731e-01
4.468435784991440414e+03 9.665624421176812753e-01
4.468459023175654693e+03 9.666307397746063401e-01
4.468482261480718989e+03 9.604979241161779591e-01
4.468505499906635123e+03 9.655748635064190788e-01
4.468528738453402184e+03 9.743900992527683158e-01
4.468551977121022901e+03 9.680209694232758677e-01
4.468575215909496364e+03 9.643570197081927642e-01
4.468598454818823484e+03 9.610139651713464071e-01
4.468621693849005169e+03 9.575845195722096914e-01
4.468644933000041419e+03 9.611350809130592143e-01
4.468668172271933145e+03 9.581401646644445158e-01
4.468691411664682164e+03 9.515702971401437393e-01
4.468714651178287568e+03 9.530478653748453155e-01
4.468737890812750265e+03 9.622854169918217959e-01
4.468761130568071167e+03 9.572000712763962804e-01
4.468784370444250271e+03 9.512027332708111738e-01
4.468807610441289398e+03 9.527695703597409693e-01
4.468830850559189457e+03 9.431766098624471129e-01
4.468854090797948629e+03 9.510920296998565115e-01
4.468877331157569643e+03 9.443069067056760746e-01
4.468900571638052497e+03 9.451358361663979579e-01
4.468923812239399012e+03 9.384278152435970854e-01
4.468947052961607369e+03 9.470425928235002289e-01
4.468970293804680296e+03 9.402940128448906698e-01
4.468993534768616883e+03 9.418335655163477815e-01
4.469016775853419858e+03 9.312171595275395841e-01
4.469040017059086495e+03 9.337366844835524038e-01
4.469063258385621339e+03 9.395980748664025661e-01
4.469086499833022572e+03 9.388224027743374833e-01
4.469109741401291103e+03 9.317591293243527861e-01
4.469132983090427842e+03 9.266085644017021394e-01
4.469156224900434609e+03 9.270102964965675207e-01
4.469179466831309583e+03 9.267745397859131762e-01
4.469202708883054584e+03 9.266813891827020422e-01
4.469225951055670521e+03 9.231158858987507099e-01
4.469249193349157395e+03 9.211780253053425405e-01
4.469272435763517024e+03 9.194991301788726368e-01
4.469295678298749408e+03 9.181203188563500373e-01
4.469318920954854548e+03 9.141087761530823919e-01
4.469342163731833352e+03 9.180345481103950878e-01
4.469365406629687641e+03 9.135197482200191343e-01
4.469388649648416504e+03 9.071393889899764806e-01
4.469411892788020850e+03 9.123749598683265072e-01
4.469435136048501590e+03 9.084922194989076827e-01
4.469458379429858724e+03 9.027643028822098792e-01
4.469481622932094979e+03 8.993142859536393807e-01
4.469504866555209446e+03 8.965890326390173470e-01
4.469528110299201217e+03 9.023367682083126562e-01
4.469551354164073018e+03 8.891601385544655178e-01
4.469574598149826670e+03 8.891682708692593140e-01
4.469597842256459444e+03 8.935832359265962754e-01
4.469621086483974068e+03 8.874771001824424133e-01
4.469644330832370542e+03 8.865804417480520616e-01
4.469667575301649777e+03 8.839992506333308464e-01
4.469690819891812680e+03 8.810140706525204646e-01
4.469714064602859253e+03 8.788923390541824032e-01
4.469737309434790404e+03 8.788880956202405059e-01
4.469760554387606135e+03 8.744138026884086257e-01
4.469783799461308263e+03 8.729697785386001385e-01
4.469807044655897698e+03 8.712117036162272399e-01
4.469830289971372622e+03 8.679187619087060934e-01
4.469853535407735762e+03 8.647977257990620004e-01
4.469876780964987120e+03 8.648906591369075469e-01
4.469900026643128513e+03 8.696878535001321131e-01
4.469923272442158122e+03 8.600646712860396947e-01
4.469946518362078677e+03 8.618704082155198565e-01
4.469969764402889268e+03 8.517290754483576309e-01
4.469993010564591714e+03 8.534291740175037333e-01
4.470016256847186924e+03 8.527963819548802782e-01
4.470039503250673988e+03 8.473143794621365021e-01
4.470062749775055636e+03 8.472149636179554522e-01
4.470085996420330048e+03 8.431152237186828602e-01
4.470109243186499953e+03 8.432785154494583102e-01
4.470132490073564441e+03 8.434478356288896972e-01
4.470155737081525331e+03 8.402317947116536567e-01
4.470178984210382623e+03 8.351963342919590527e-01
4.470202231460136318e+03 8.329329074953180090e-01
4.470225478830788234e+03 8.329857447506741064e-01
4.470248726322339280e+03 8.348768011067053685e-01
4.470271973934788548e+03 8.347810115908754769e-01
4.470295221668137856e+03 8.232693552727607944e-01
4.470318469522386295e+03 8.248008229815240178e-01
4.470341717497536592e+03 8.247147472352972519e-01
4.470364965593588749e+03 8.234428899836654381e-01
4.470388213810542766e+03 8.222867805140708919e-01
4.470411462148399551e+03 8.191839820880405520e-01
4.470434710607160014e+03 8.224973310120975434e-01
4.470457959186824155e+03 8.118929773071630329e-01
4.470481207887392884e+03 8.224484077352742784e-01
4.470504456708867110e+03 8.165343874254746837e-01
4.470527705651246833e+03 8.088715173576490614e-01
4.470550954714533873e+03 8.047666958239788615e-01
4.470574203898727319e+03 8.021083753538070793e-01
4.470597453203828991e+03 8.044032051809194561e-01
4.470620702629838888e+03 8.049511695184586868e-01
4.470643952176758830e+03 8.040564659425221139e-01
4.470667201844586998e+03 7.977485979272604943e-01
4.470690451633326120e+03 7.950577514691931080e-01
4.470713701542976196e+03 7.979554773619341734e-01
4.470736951573538136e+03 7.944300465932490063e-01
4.470760201725011939e+03 7.902039482391399750e-01
4.470783451997398515e+03 7.917350338351571981e-01
4.470806702390699684e+03 7.873210489088929842e-01
4.470829952904913625e+03 7.893194131458705076e-01
4.470853203540043069e+03 7.943829260971493333e-01
4.470876454296088014e+03 7.930769294554700366e-01
4.470899705173048460e+03 7.837470132207804419e-01
4.470922956170924408e+03 7.799846131531041893e-01
4.470946207289719496e+03 7.825327437650330120e-01
4.470969458529430995e+03 7.746987203665504085e-01
4.470992709890062542e+03 7.791371592175445615e-01
4.471015961371612320e+03 7.804252997269602865e-01
4.471039212974082147e+03 7.789523261175217428e-01
4.471062464697472024e+03 7.740974334232672005e-01
4.471085716541783768e+03 7.771418675915586771e-01
4.471108968507016471e+03 7.710291540454851100e-01
4.471132220593171041e+03 7.709865677666523087e-01
4.471155472800249299e+03 7.690896710757803012e-01
4.471178725128250335e+03 7.670603690839349342e-01
4.471201977577176876e+03 7.681975114151230466e-01
4.471225230147027105e+03 7.683603216015113535e-01
4.471248482837802840e+03 7.662750846382743175e-01
4.471271735649504080e+03 7.629258628129247377e-01
4.471294988582133556e+03 7.647206204427445808e-01
4.471318241635688537e+03 7.582513839599301919e-01
4.471341494810172662e+03 7.627470340413236016e-01
4.471364748105585932e+03 7.655377538145698990e-01
4.471388001521926526e+03 7.592870180074662301e-01
4.471411255059198083e+03 7.608341466183614621e-01
4.471434508717399694e+03 7.552523966175570536e-01
4.471457762496533178e+03 7.528332782438117432e-01
4.471481016396597624e+03 7.601573124845528717e-01
4.471504270417594853e+03 7.613166178060425393e-01
4.471527524559524863e+03 7.615011107820378600e-01
4.471550778822389475e+03 7.600027438427198190e-01
4.471574033206186868e+03 7.608065920693179995e-01
4.471597287710918863e+03 7.601181884282824930e-01
4.471620542336588187e+03 7.574863679147246787e-01
4.471643797083192112e+03 7.614217441966655286e-01
4.471667051950733367e+03 7.612140808291603111e-01
4.471690306939211951e+03 7.589231446803693659e-01
4.471713562048627864e+03 7.587332275934777215e-01
4.471736817278982926e+03 7.601831648522473506e-01
4.471760072630278046e+03 7.579341657833679191e-01
4.471783328102511405e+03 7.649497148442274685e-01
4.471806583695685731e+03 7.632626203524967012e-01
4.471829839409802844e+03 7.672528717628560591e-01
4.471853095244860015e+03 7.701816083225626608e-01
4.471876351200860881e+03 7.674001358260401640e-01
4.471899607277803625e+03 7.678468629301604675e-01
4.471922863475690065e+03 7.733563208814568934e-01
4.471946119794521110e+03 7.734037539713128906e-01
4.471969376234296760e+03 7.740152785130114399e-01
4.471992632795018835e+03 7.806754825509525375e-01
4.472015889476686425e+03 7.782701693897396966e-01
4.472039146279301349e+03 7.817876397396379407e-01
4.472062403202862697e+03 7.791750868876087255e-01
4.472085660247373198e+03 7.820128609223724325e-01
4.472108917412831943e+03 7.880585675407233426e-01
4.472132174699240750e+03 7.883000192279293605e-01
4.472155432106597800e+03 7.927480478738756497e-01
4.472178689634906732e+03 7.944640911244943426e-01
4.472201947284166636e+03 7.983471933466734782e-01
4.472225205054378421e+03 8.040083467620399160e-01
4.472248462945542087e+03 8.020309597244859035e-01
4.472271720957659454e+03 8.110069415778962121e-01
4.472294979090730521e+03 8.091601317418808392e-01
4.472318237344756199e+03 8.145008246406382213e-01
4.472341495719736486e+03 8.136743968375250713e-01
4.472364754215672292e+03 8.121686211944890710e-01
4.472388012832564527e+03 8.167277590006956078e-01
4.472411271570413192e+03 8.158814324527332573e-01
4.472434530429220104e+03 8.124880247779983078e-01
4.472457789408984354e+03 8.175929134308239643e-01
4.472481048509707762e+03 8.276460087205897986e-01
4.472504307731391236e+03 8.307382360382428166e-01
4.472527567074034778e+03 8.265458322564226412e-01
4.472550826537637477e+03 8.323572084836546869e-01
4.472574086122202971e+03 8.365781220581485211e-01
4.472597345827729441e+03 8.392422397035539383e-01
4.472620605654217798e+03 8.432197329427495447e-01
4.472643865601670768e+03 8.458162925095865647e-01
4.472667125670087444e+03 8.466001809518335364e-01
4.472690385859466915e+03 8.450930866362376115e-01
4.472713646169812819e+03 8.501300975291794515e-01
4.472736906601125156e+03 8.628994789435900925e-01
4.472760167153402108e+03 8.630554458925051575e-01
4.472783427826647312e+03 8.625029483294845978e-01
4.472806688620858949e+03 8.639729516316622115e-01
4.472829949536038839e+03 8.613009787736947143e-01
4.472853210572187891e+03 8.690856281428543939e-01
4.472876471729307013e+03 8.710989398472521739e-01
4.472899733007396208e+03 8.740396361606219688e-01
4.472922994406455473e+03 8.764119100210446822e-01
4.472946255926485719e+03 8.788013154658563808e-01
4.472969517567488765e+03 8.758370866266180776e-01
4.472992779329464611e+03 8.741344191951655462e-01
4.473016041212412347e+03 8.879267422244081498e-01
4.473039303216335611e+03 8.875925648098730303e-01
4.473062565341232585e+03 8.871624948003847821e-01
4.473085827587104177e+03 8.931140646342810019e-01
4.473109089953952207e+03 8.986680851564337047e-01
4.473132352441776675e+03 8.980826501878204082e-01
4.473155615050577580e+03 9.066033307761963700e-01
4.473178877780356743e+03 9.066871222924889340e-01
4.473202140631113252e+03 9.112579638123250447e-01
4.473225403602848928e+03 9.119079834558784237e-01
4.473248666695564680e+03 9.121738153211373934e-01
4.473271929909260507e+03 9.111336785171718633e-01
4.473295193243937319e+03 9.146651515294778045e-01
4.473318456699595117e+03 9.212494441099939868e-01
4.473341720276234810e+03 9.278303312596541952e-01
4.473364983973857306e+03 9.243587171873326458e-01
4.473388247792462607e+03 9.185424464598547223e-01
4.473411511732052531e+03 9.311493853890264738e-01
4.473434775792627079e+03 9.297189370733929259e-01
4.473458039974186249e+03 9.230396849428499362e-01
4.473481304276731862e+03 9.310811627618382769e-01
4.473504568700263917e+03 9.379491424349885031e-01
4.473527833244783324e+03 9.362256588741881824e-01
4.473551097910289172e+03 9.356586163644811105e-01
4.473574362696784192e+03 9.392247606465171650e-01
4.473597627604268382e+03 9.411179507550269108e-01
4.473620892632740834e+03 9.370944386036191842e-01
4.473644157782205184e+03 9.401602507418005406e-01
4.473667423052659615e+03 9.405492523307775743e-01
4.473690688444105945e+03 9.507997484135503052e-01
4.473713953956543264e+03 9.540499425931806554e-01
4.473737219589974302e+03 9.529337682567937673e-01
4.473760485344398148e+03 9.548413452217798802e-01
4.473783751219816622e+03 9.557666185657984759e-01
4.473807017216228815e+03 9.549462321757852257e-01
4.473830283333637453e+03 9.640808321386891144e-01
4.473853549572040720e+03 9.658668127250360502e-01
4.473876815931441342e+03 9.637696414095584529e-01
4.473900082411838412e+03 9.680264579835577976e-01
4.473923349013234656e+03 9.667986295757148296e-01
4.473946615735627347e+03 9.654738436459333606e-01
4.473969882579021032e+03 9.646480763251377155e-01
4.473993149543412983e+03 9.734764064318149890e-01
4.474016416628805928e+03 9.729770875768313232e-01
4.474039683835198957e+03 9.748584691109116740e-01
4.474062951162594800e+03 9.792754535992698184e-01
4.474086218610991637e+03 9.776025918682064164e-01
4.474109486180391286e+03 9.764533135126752805e-01
4.474132753870795568e+03 9.742617108603692788e-01
4.474156021682202663e+03 9.767443499928436523e-01
4.474179289614616209e+03 9.835271162900047770e-01
4.474202557668033478e+03 9.829248377259803826e-01
4.474225825842457198e+03 9.862311833346865120e-01
4.474249094137887369e+03 9.805455469954655889e-01
4.474272362554323990e+03 9.885083852784873892e-01
4.474295631091768882e+03 9.887634843984879351e-01
4.474318899750222954e+03 9.798921074001879505e-01
4.474342168529685296e+03 9.877848932466842813e-01
4.474365437430157726e+03 9.919348871232717135e-01
4.474388706451640246e+03 9.855306156500438508e-01
4.474411975594134674e+03 9.867946738556623298e-01
4.474435244857640100e+03 9.904574872975638877e-01
4.474458514242157435e+03 9.891474047708964656e-01
4.474481783747688496e+03 9.808561522571178637e-01
4.474505053374232375e+03 9.917680138323698991e-01
4.474528323121790891e+03 9.924637103716429376e-01
4.474551592990363133e+03 9.994935087033256504e-01
4.474574862979951831e+03 9.894736505538129778e-01
4.474598133090556075e+03 9.879031597776403162e-01
4.474621403322177684e+03 9.864447591783299663e-01
4.474644673674814840e+03 9.942080221106011084e-01
4.474667944148471179e+03 9.964679648143290880e-01
4.474691214743146702e+03 9.921040543598367289e-01
4.474714485458839590e+03 9.974035223847073084e-01
4.474737756295554391e+03 9.928670119733654653e-01
4.474761027253287466e+03 9.899336441513831852e-01
4.474784298332042454e+03 9.947729059453740419e-01
4.474807569531819354e+03 1.000759753453941636e+00
4.474830840852619076e+03 1.000055098157104583e+00
4.474854112294441620e+03 9.989928341980506277e-01
4.474877383857286077e+03 1.001773727569197581e+00
4.474900655541156993e+03 1.002724031286422290e+00
4.474923927346050732e+03 1.003654129400848749e+00
4.474947199271970931e+03 9.957964179025935447e-01
4.474970471318916680e+03 9.981247191506817940e-01
4.474993743486889798e+03 9.999636168796416369e-01
4.475017015775890286e+03 9.977532557950959946e-01
4.475040288185919053e+03 9.972801285143509942e-01
4.475063560716976099e+03 9.928679435920833019e-01
4.475086833369061424e+03 9.910566353157107544e-01
4.475110106142177756e+03 9.949141054157291109e-01
4.475133379036324186e+03 9.987827977448744399e-01
4.475156652051501624e+03 9.930820009845631180e-01
4.475179925187710978e+03 9.994568966806791632e-01
4.475203198444952250e+03 1.007104972438758628e+00
4.475226471823227257e+03 9.953546945427825809e-01
4.475249745322536000e+03 1.005454196330153760e+00
4.475273018942878480e+03 1.004761637887497283e+00
4.475296292684256514e+03 9.964760526959982601e-01
4.475319566546669193e+03 1.002684152431865705e+00
4.475342840530118337e+03 9.996617418326505522e-01
4.475366114634603946e+03 9.954926510127932726e-01
4.475389388860127838e+03 1.000020632682367072e+00
4.475412663206689103e+03 9.963745746380168189e-01
4.475435937674288652e+03 1.002059040553745728e+00
4.475459212262928304e+03 9.975133807358156357e-01
4.475482486972607148e+03 9.941805040495927948e-01
4.475505761803327914e+03 9.938425723995136796e-01
4.475529036755088782e+03 9.946977646646684157e-01
4.475552311827891572e+03 1.005160662950576933e+00
4.475575587021737192e+03 1.006854537222186874e+00
4.475598862336626553e+03 1.001807649905642972e+00
4.475622137772557835e+03 1.005765721285446723e+00
4.475645413329534676e+03 1.001946781034585898e+00
4.475668689007557077e+03 9.978396747575520864e-01
4.475691964806623218e+03 9.984486876339094819e-01
4.475715240726736738e+03 9.957088461677781055e-01
4.475738516767896726e+03 1.000607949406184138e+00
4.475761792930105003e+03 9.970911095204695318e-01
4.475785069213360657e+03 9.931217262128930745e-01
4.475808345617665509e+03 1.002771354553393612e+00
4.475831622143018649e+03 1.001809363351778170e+00
4.475854898789423714e+03 1.005190574416255700e+00
4.475878175556877977e+03 9.999828105932487832e-01
4.475901452445383256e+03 1.001041520690830078e+00
4.475924729454940461e+03 9.967296345063463292e-01
4.475948006585551411e+03 1.001210814556650508e+00
4.475971283837215196e+03 1.002010401351398405e+00
4.475994561209932726e+03 1.003821231799315372e+00
4.476017838703703092e+03 9.957293685730670418e-01
4.476041116318530840e+03 1.000080335116712682e+00
4.476064394054412332e+03 1.004511497104668472e+00
4.476087671911351208e+03 9.994265275120940428e-01
4.476110949889346557e+03 1.000067465571677916e+00
4.476134227988399289e+03 9.944708575124869832e-01
4.476157506208511222e+03 9.999182657622316395e-01
4.476180784549681448e+03 9.993237809214475798e-01
4.476204063011911785e+03 1.001549922268431647e+00
4.476227341595200414e+03 1.004036650166178157e+00
4.476250620299550974e+03 1.003398634833682745e+00
4.476273899124963464e+03 9.957327429239427596e-01
4.476297178071436974e+03 9.970739511321717874e-01
4.476320457138973325e+03 9.988177242208601259e-01
4.476343736327573424e+03 1.000800265516290422e+00
4.476367015637235454e+03 1.003881963423358226e+00
4.476390295067963962e+03 1.006367312534244718e+00
4.476413574619756218e+03 1.001823268125195732e+00
4.476436854292615863e+03 9.962984475436541532e-01
4.476460134086541075e+03 1.001652556344344802e+00
4.476483414001532765e+03 9.967327617315732136e-01
4.476506694037592752e+03 1.002407206633839865e+00
4.476529974194721035e+03 9.991821027384877318e-01
4.476553254472916706e+03 9.976505158089278291e-01
4.476576534872184311e+03 1.004078607837602055e+00
4.476599815392521123e+03 1.001939329634883080e+00
4.476623096033928050e+03 1.000062012384786314e+00
4.476646376796406912e+03 9.980371290633878179e-01
4.476669657679957709e+03 9.967192063392809054e-01
4.476692938684581350e+03 9.986839378565572911e-01
4.476716219810277835e+03 9.981871987237642685e-01
4.476739501057048983e+03 9.960828410783121312e-01
4.476762782424893885e+03 1.001514882180565502e+00
4.476786063913814360e+03 1.002980071137252738e+00
4.476809345523810407e+03 1.003262864470797044e+00
4.476832627254882937e+03 9.993351378279996533e-01
4.476855909107032858e+03 9.965019413103332058e-01
4.476879191080260171e+03 9.977677610999962088e-01
4.476902473174566694e+03 1.001207162128826322e+00
4.476925755389951519e+03 1.000296794291781310e+00
4.476949037726415554e+03 9.971799141323185456e-01
4.476972320183960619e+03 9.995060627677275766e-01
4.476995602762585804e+03 9.973247512522602776e-01
4.477018885462292928e+03 1.001756383733281908e+00
4.477042168283081992e+03 1.003661931177215028e+00
4.477065451224953904e+03 9.959316063789430684e-01
4.477088734287909574e+03 1.002738579401914354e+00
4.477112017471949002e+03 1.001198939290356860e+00
4.477135300777072189e+03 1.005948547101972901e+00
4.477158584203281862e+03 1.002803087322831521e+00
4.477181867750577112e+03 1.002329915062730725e+00
4.477205151418957939e+03 1.001361061279150366e+00
4.477228435208427072e+03 9.996778601070075432e-01
4.477251719118983601e+03 1.002944918470723312e+00
4.477275003150628436e+03 9.949718719014857271e-01
4.477298287303363395e+03 9.985245095859069941e-01
4.477321571577185750e+03 1.002602743847490707e+00
4.477344855972100959e+03 1.001635215846589100e+00
4.477368140488105382e+03 9.963819912736625595e-01
4.477391425125201749e+03 9.988952754425775016e-01
4.477414709883390060e+03 9.974635466267341988e-01
4.477437994762672133e+03 1.000567934131594283e+00
4.477461279763047060e+03 1.002971960940115537e+00
4.477484564884515748e+03 1.001216503993238138e+00
4.477507850127079109e+03 9.909191854875216698e-01
4.477531135490738961e+03 1.001562086563144716e+00
4.477554420975493485e+03 1.001119595614434976e+00
4.477577706581345410e+03 9.980694708492243716e-01
4.477600992308293826e+03 1.003110569857307510e+00
4.477624278156340552e+03 1.002896627986093581e+00
4.477647564125486497e+03 1.003524474340718342e+00
4.477670850215729843e+03 1.001119585416966107e+00
