# star name zetOri, line HEII4200
# instrument: HERMES spectrograph @Mercator
# date of observation (midpoint)2018-10-13T06:35:36.061776
# BJD of observation (midpoint)2458404.7769581
# name of fits file: 00897909_HRF_OBJ_ext_CosmicsRemoved_log_merged_c.fits
# 
# wavelength(Angstrom,air) normalised_flux
4.193021406784787359e+03 9.974822988591501849e-01
4.193043212671355832e+03 1.001073082478675325e+00
4.193065018671325561e+03 1.005754590915919788e+00
4.193086824784697455e+03 9.987448597514625437e-01
4.193108631011473335e+03 1.004640331666796671e+00
4.193130437351652290e+03 1.006982974667240516e+00
4.193152243805236139e+03 1.000079406790478798e+00
4.193174050372224883e+03 1.001801598670033489e+00
4.193195857052618521e+03 9.997723035580592388e-01
4.193217663846417963e+03 1.002333020078113091e+00
4.193239470753625028e+03 1.010675856823174623e+00
4.193261277774238806e+03 1.004610644698499033e+00
4.193283084908260207e+03 1.002373167485161254e+00
4.193304892155690140e+03 1.004263489300325052e+00
4.193326699516529516e+03 1.006202166350639970e+00
4.193348506990777423e+03 1.003981017030570966e+00
4.193370314578436592e+03 9.994138691807223918e-01
4.193392122279506111e+03 9.978714537901475223e-01
4.193413930093986892e+03 1.000397799610520888e+00
4.193435738021879843e+03 9.989482200307148174e-01
4.193457546063184964e+03 1.000921289071440512e+00
4.193479354217904074e+03 1.005919079492420654e+00
4.193501162486036264e+03 1.004019970436280662e+00
4.193522970867582444e+03 1.001343518197105320e+00
4.193544779362543522e+03 1.002611012935001211e+00
4.193566587970921319e+03 1.002854992816291535e+00
4.193588396692714014e+03 1.004221258709559361e+00
4.193610205527923426e+03 1.001395727198130858e+00
4.193632014476550466e+03 1.001858085775509055e+00
4.193653823538595134e+03 1.002843677854949878e+00
4.193675632714058338e+03 1.004703319070573864e+00
4.193697442002940988e+03 1.006524310272500999e+00
4.193719251405242176e+03 1.007444967643682521e+00
4.193741060920964628e+03 1.006132017773824883e+00
4.193762870550107436e+03 1.001043923198057684e+00
4.193784680292671510e+03 1.001627780270582635e+00
4.193806490148657758e+03 1.003453512176014195e+00
4.193828300118067091e+03 1.001989167150386661e+00
4.193850110200898598e+03 1.000271620612046775e+00
4.193871920397154099e+03 1.001706511601573757e+00
4.193893730706834504e+03 1.002496832863219778e+00
4.193915541129938902e+03 1.002751680192077943e+00
4.193937351666470022e+03 1.000953024929278623e+00
4.193959162316426045e+03 1.006034348345833163e+00
4.193980973079809701e+03 1.005298697514408479e+00
4.194002783956620078e+03 9.998886774393580534e-01
4.194024594946858997e+03 1.000601237581895120e+00
4.194046406050525547e+03 1.004572483711800635e+00
4.194068217267621549e+03 1.005340091168904104e+00
4.194090028598147001e+03 1.001911142437113211e+00
4.194111840042102813e+03 1.002547585317415946e+00
4.194133651599488985e+03 1.003253529170206715e+00
4.194155463270307337e+03 1.000036980811534360e+00
4.194177275054557867e+03 9.993603010180384105e-01
4.194199086952240577e+03 1.002146926692621731e+00
4.194220898963356376e+03 1.000382368423583079e+00
4.194242711087905263e+03 1.000988998861905399e+00
4.194264523325889968e+03 9.988074352324408656e-01
4.194286335677308671e+03 1.000038026171536698e+00
4.194308148142163191e+03 9.980627898121858799e-01
4.194329960720453528e+03 1.003737643353276310e+00
4.194351773412180592e+03 9.972773513781563182e-01
4.194373586217345292e+03 1.001229845724199263e+00
4.194395399135947628e+03 1.002383085319579648e+00
4.194417212167989419e+03 9.997951392550724625e-01
4.194439025313468846e+03 1.000858516341901927e+00
4.194460838572388639e+03 1.004557704850630007e+00
4.194482651944748795e+03 1.004602462708677146e+00
4.194504465430550226e+03 1.004813625573565350e+00
4.194526279029792022e+03 1.005195039379193744e+00
4.194548092742476911e+03 9.993145343823510718e-01
4.194569906568603983e+03 1.003910460593193221e+00
4.194591720508174149e+03 9.972785752482520305e-01
4.194613534561188317e+03 1.002109470019708626e+00
4.194635348727646488e+03 1.000790341815315010e+00
4.194657163007549570e+03 1.001896566551173651e+00
4.194678977400898475e+03 9.971735347955654749e-01
4.194700791907694111e+03 1.000754903114129846e+00
4.194722606527935568e+03 1.002544038003539750e+00
4.194744421261624666e+03 1.005053338140303953e+00
4.194766236108762314e+03 1.001077573566005352e+00
4.194788051069347603e+03 1.000155702291743332e+00
4.194809866143382351e+03 1.008476927953442237e+00
4.194831681330866559e+03 9.999564285566681088e-01
4.194853496631802045e+03 1.003596883538307338e+00
4.194875312046186991e+03 1.003221457698365127e+00
4.194897127574024125e+03 9.995013142722859456e-01
4.194918943215313448e+03 9.996492201776164821e-01
4.194940758970055867e+03 9.987871933006278180e-01
4.194962574838250475e+03 9.986199590059471332e-01
4.194984390819900000e+03 9.913313216444618048e-01
4.195006206915002622e+03 9.968421133933422773e-01
4.195028023123561070e+03 9.991723148301195900e-01
4.195049839445575344e+03 9.909302140026562400e-01
4.195071655881045444e+03 9.915097751631687384e-01
4.195093472429972280e+03 9.964825419121270400e-01
4.195115289092356761e+03 1.000777644435860259e+00
4.195137105868198887e+03 9.987760438439442501e-01
4.195158922757499568e+03 9.966631179612490676e-01
4.195180739760259712e+03 9.964478048976874724e-01
4.195202556876479321e+03 9.958495423999337293e-01
4.195224374106159303e+03 9.935958444941167533e-01
4.195246191449300568e+03 9.952918156005980954e-01
4.195268008905903116e+03 9.964615953550260974e-01
4.195289826475966947e+03 1.003475300213669819e+00
4.195311644159494790e+03 1.002019737474478367e+00
4.195333461956484825e+03 9.942680582465969197e-01
4.195355279866939782e+03 9.967514165503347234e-01
4.195377097890857840e+03 9.955724822502831639e-01
4.195398916028241729e+03 9.938405224092441426e-01
4.195420734279091448e+03 9.958879001889927585e-01
4.195442552643406998e+03 9.973819137845271188e-01
4.195464371121189288e+03 9.953594212857299617e-01
4.195486189712439227e+03 9.953663150794203052e-01
4.195508008417157725e+03 9.988071345570396220e-01
4.195529827235343873e+03 9.955777546709588810e-01
4.195551646166999490e+03 9.915742892913881334e-01
4.195573465212125484e+03 9.908312939981119838e-01
4.195595284370720947e+03 9.926789669602085198e-01
4.195617103642787697e+03 9.937659470353203961e-01
4.195638923028325735e+03 9.951937394204654064e-01
4.195660742527335969e+03 9.985663947903967719e-01
4.195682562139819311e+03 9.944981756730212341e-01
4.195704381865775758e+03 9.932040450381436347e-01
4.195726201705206222e+03 9.963746724264431753e-01
4.195748021658110702e+03 9.933637929646875753e-01
4.195769841724491016e+03 9.968046113554082099e-01
4.195791661904346256e+03 9.979985370071491335e-01
4.195813482197678240e+03 9.928384443428281969e-01
4.195835302604486969e+03 9.933098714553135755e-01
4.195857123124772443e+03 9.955362749740136463e-01
4.195878943758536479e+03 9.914811078997656235e-01
4.195900764505779080e+03 9.908528832648574314e-01
4.195922585366501153e+03 1.002104302601960484e+00
4.195944406340702699e+03 9.956792636046358780e-01
4.195966227428385537e+03 9.895341829802370981e-01
4.195988048629547848e+03 9.903603227305356471e-01
4.196009869944193269e+03 9.904736359142467528e-01
4.196031691372319983e+03 9.873130872921932477e-01
4.196053512913928898e+03 9.893395493202090663e-01
4.196075334569021834e+03 9.909670988835100891e-01
4.196097156337598790e+03 9.895422598028449368e-01
4.196118978219659766e+03 9.891880126712584431e-01
4.196140800215206582e+03 9.911198532574628794e-01
4.196162622324238328e+03 9.931448337488852918e-01
4.196184444546756822e+03 9.930808429877383547e-01
4.196206266882762066e+03 9.908466047676418587e-01
4.196228089332254967e+03 9.911019238282240407e-01
4.196249911895236437e+03 9.894801072077303861e-01
4.196271734571705565e+03 9.909700629783759762e-01
4.196293557361664170e+03 9.926560857935580184e-01
4.196315380265112253e+03 9.945271965728454955e-01
4.196337203282051632e+03 9.915855437624681024e-01
4.196359026412481398e+03 9.876907260771072838e-01
4.196380849656403370e+03 9.890138226347439110e-01
4.196402673013816639e+03 9.921102610313344838e-01
4.196424496484723022e+03 9.977266748155333431e-01
4.196446320069123431e+03 9.939511374079745831e-01
4.196468143767016954e+03 9.922155772654971395e-01
4.196489967578405412e+03 9.950011220032057846e-01
4.196511791503288805e+03 9.881039417294831262e-01
4.196533615541668041e+03 9.932528642729768764e-01
4.196555439693544031e+03 9.937813286828329762e-01
4.196577263958916774e+03 9.864730371908215778e-01
4.196599088337786270e+03 9.896492649719494938e-01
4.196620912830154339e+03 9.845109212994601622e-01
4.196642737436021889e+03 9.873172044631139954e-01
4.196664562155387102e+03 9.947623225924165924e-01
4.196686386988253616e+03 9.925759816650019385e-01
4.196708211934619612e+03 9.902729649711975446e-01
4.196730036994486909e+03 9.940241683504870140e-01
4.196751862167856416e+03 9.879273333478375552e-01
4.196773687454727224e+03 9.906091491804129845e-01
4.196795512855102061e+03 9.917032833533115932e-01
4.196817338368979108e+03 9.922720181272264295e-01
4.196839163996361094e+03 9.937474280976386076e-01
4.196860989737247110e+03 9.889633957124022157e-01
4.196882815591638064e+03 9.963491122907902620e-01
4.196904641559534866e+03 9.942484228662028523e-01
4.196926467640938426e+03 9.888186438377872811e-01
4.196948293835848744e+03 9.896661250015935662e-01
4.196970120144266730e+03 9.895092508438336765e-01
4.196991946566192382e+03 9.891465860074278860e-01
4.197013773101627521e+03 9.942037229222194794e-01
4.197035599750571237e+03 9.967771341143586428e-01
4.197057426513025348e+03 9.891529864688027862e-01
4.197079253388989855e+03 9.894541163619842150e-01
4.197101080378464758e+03 9.889551292782896574e-01
4.197122907481451875e+03 9.936694935716249288e-01
4.197144734697952117e+03 9.899364403101711396e-01
4.197166562027963664e+03 9.868168296597209510e-01
4.197188389471489245e+03 9.896540287297312943e-01
4.197210217028529769e+03 9.904213030995931977e-01
4.197232044699083417e+03 9.838053070617364115e-01
4.197253872483152918e+03 9.864049308091571433e-01
4.197275700380738272e+03 9.896693504258405882e-01
4.197297528391840387e+03 9.945488937838679044e-01
4.197319356516459266e+03 9.945529610435509538e-01
4.197341184754594906e+03 9.892487552129699546e-01
4.197363013106250037e+03 9.923934543292070032e-01
4.197384841571422839e+03 9.947077348403023933e-01
4.197406670150116042e+03 9.920409243080260397e-01
4.197428498842327826e+03 9.994752361342845726e-01
4.197450327648060920e+03 9.958093618830842209e-01
4.197472156567315324e+03 9.906659764846578176e-01
4.197493985600091037e+03 9.946160641641000888e-01
4.197515814746388969e+03 9.945507063473485454e-01
4.197537644006210030e+03 9.920305244407338074e-01
4.197559473379555129e+03 9.914966742181510195e-01
4.197581302866423357e+03 9.890270751406224914e-01
4.197603132466816533e+03 9.886981125717058116e-01
4.197624962180734656e+03 9.872730766198438701e-01
4.197646792008179546e+03 9.865734591168289214e-01
4.197668621949150292e+03 9.868744983303348040e-01
4.197690452003647806e+03 9.887273129033232744e-01
4.197712282171672996e+03 9.922587185658223730e-01
4.197734112453226771e+03 9.875027145263631789e-01
4.197755942848309132e+03 9.872389027373136283e-01
4.197777773356920989e+03 9.853549573302009534e-01
4.197799603979062340e+03 9.849248977154470008e-01
4.197821434714735005e+03 9.889664940189064612e-01
4.197843265563938076e+03 9.887439948346311569e-01
4.197865096526673369e+03 9.907784826536480960e-01
4.197886927602940887e+03 9.846968520181467177e-01
4.197908758792740628e+03 9.892189843877691180e-01
4.197930590096074411e+03 9.913128558346276931e-01
4.197952421512943147e+03 9.877258989804553746e-01
4.197974253043345925e+03 9.834388362660022587e-01
4.197996084687283656e+03 9.822802440695227455e-01
4.198017916444757248e+03 9.880761877432159279e-01
4.198039748315767611e+03 9.916989689332302849e-01
4.198061580300314745e+03 9.910668917345448747e-01
4.198083412398400469e+03 9.788794342123813275e-01
4.198105244610022964e+03 9.807668730632920218e-01
4.198127076935185869e+03 9.843485282339176079e-01
4.198148909373887363e+03 9.865081063731772071e-01
4.198170741926128358e+03 9.818376024870691943e-01
4.198192574591910670e+03 9.791012568888662893e-01
4.198214407371234302e+03 9.841916147209675003e-01
4.198236240264099251e+03 9.869275842541287425e-01
4.198258073270506429e+03 9.809450558927996777e-01
4.198279906390456745e+03 9.831674641686316551e-01
4.198301739623951107e+03 9.851522026888299699e-01
4.198323572970988607e+03 9.829017092435300418e-01
4.198345406431571973e+03 9.818788208115352134e-01
4.198367240005700296e+03 9.825384063327989859e-01
4.198389073693373575e+03 9.831887574290752996e-01
4.198410907494594539e+03 9.773956186256370637e-01
4.198432741409362279e+03 9.779354486838603977e-01
4.198454575437677704e+03 9.795498748055478933e-01
4.198476409579540814e+03 9.807522193109987629e-01
4.198498243834953428e+03 9.813274603879537095e-01
4.198520078203915546e+03 9.796613148446984276e-01
4.198541912686427168e+03 9.768452739233136617e-01
4.198563747282490112e+03 9.682799624056819265e-01
4.198585581992104380e+03 9.743850208432991433e-01
4.198607416815269971e+03 9.741777363454552363e-01
4.198629251751987795e+03 9.788696246781334320e-01
4.198651086802258760e+03 9.804431273878216890e-01
4.198672921966083777e+03 9.774709618412206202e-01
4.198694757243461936e+03 9.725149851721246463e-01
4.198716592634395965e+03 9.736394314167413633e-01
4.198738428138884956e+03 9.727365339126520238e-01
4.198760263756929817e+03 9.736320769150340615e-01
4.198782099488531458e+03 9.715514137094739544e-01
4.198803935333689878e+03 9.693041201802391482e-01
4.198825771292405989e+03 9.728575026421026894e-01
4.198847607364680698e+03 9.693725965391172261e-01
4.198869443550514006e+03 9.656446652788329699e-01
4.198891279849907733e+03 9.681015850822298763e-01
4.198913116262860058e+03 9.676849475102031750e-01
4.198934952789374620e+03 9.726960565057259922e-01
4.198956789429449600e+03 9.728767249313655663e-01
4.198978626183085908e+03 9.690432216974168567e-01
4.199000463050285362e+03 9.687199822942568206e-01
4.199022300031047962e+03 9.620460086328161964e-01
4.199044137125373709e+03 9.633754865620138830e-01
4.199065974333264421e+03 9.675204909618290161e-01
4.199087811654719189e+03 9.650249866244393626e-01
4.199109649089739833e+03 9.604078652754047818e-01
4.199131486638326351e+03 9.577579257437848215e-01
4.199153324300479653e+03 9.597435391989610487e-01
4.199175162076199740e+03 9.629577316904147644e-01
4.199196999965487521e+03 9.649249165573352549e-01
4.199218837968343905e+03 9.638292545669214784e-01
4.199240676084768893e+03 9.610206334266135908e-01
4.199262514314763393e+03 9.642520768292087707e-01
4.199284352658328316e+03 9.647399719195945966e-01
4.199306191115464571e+03 9.626642432512633185e-01
4.199328029686171249e+03 9.589130364515117133e-01
4.199349868370450167e+03 9.537739144416433890e-01
4.199371707168301327e+03 9.599802557947131332e-01
4.199393546079725638e+03 9.593243795092973869e-01
4.199415385104724010e+03 9.527622683197571885e-01
4.199437224243296441e+03 9.569909558050219145e-01
4.199459063495443843e+03 9.580717158075160444e-01
4.199480902861166214e+03 9.536282415014919467e-01
4.199502742340464465e+03 9.513237575939024193e-01
4.199524581933340414e+03 9.540746131072472824e-01
4.199546421639792243e+03 9.526030190625732752e-01
4.199568261459822679e+03 9.442384482268427748e-01
4.199590101393431723e+03 9.444852294025198880e-01
4.199611941440619375e+03 9.491159077008816114e-01
4.199633781601386545e+03 9.512743674443685515e-01
4.199655621875734141e+03 9.510570897277073055e-01
4.199677462263662164e+03 9.517084506227395657e-01
4.199699302765171524e+03 9.482129165551914651e-01
4.199721143380263129e+03 9.434587228377054879e-01
4.199742984108936980e+03 9.443212884481603231e-01
4.199764824951193987e+03 9.458372487326323075e-01
4.199786665907035058e+03 9.429614444534446527e-01
4.199808506976460194e+03 9.457035673497972139e-01
4.199830348159470304e+03 9.453842901698420453e-01
4.199852189456065389e+03 9.440203413649383979e-01
4.199874030866247267e+03 9.444412123666683367e-01
4.199895872390015029e+03 9.414102098712564537e-01
4.199917714027370494e+03 9.406244088853266128e-01
4.199939555778314570e+03 9.435635685834229403e-01
4.199961397642846350e+03 9.457541953232119214e-01
4.199983239620966742e+03 9.447620499633522240e-01
4.200005081712677566e+03 9.492044822567967666e-01
4.200026923917977911e+03 9.499602194075075223e-01
4.200048766236869596e+03 9.418616521146974119e-01
4.200070608669351714e+03 9.414079982534627744e-01
4.200092451215426991e+03 9.441866984665329143e-01
4.200114293875094518e+03 9.404096533702681615e-01
4.200136136648354295e+03 9.407303523833439041e-01
4.200157979535209051e+03 9.431214845506521449e-01
4.200179822535657877e+03 9.413383064285651969e-01
4.200201665649700772e+03 9.432302887764724142e-01
4.200223508877340464e+03 9.455362212858089421e-01
4.200245352218575135e+03 9.405900404949077975e-01
4.200267195673407514e+03 9.421260237027825335e-01
4.200289039241836690e+03 9.439806733638621550e-01
4.200310882923863574e+03 9.378337933003587645e-01
4.200332726719489074e+03 9.430492316084769788e-01
4.200354570628714100e+03 9.393896853325560681e-01
4.200376414651537743e+03 9.323953773192767969e-01
4.200398258787962732e+03 9.452339342542263045e-01
4.200420103037988156e+03 9.423588093444943414e-01
4.200441947401614925e+03 9.385252581987505449e-01
4.200463791878843949e+03 9.420843898308451925e-01
4.200485636469675228e+03 9.375169780996842617e-01
4.200507481174109671e+03 9.341561170428765992e-01
4.200529325992148188e+03 9.377744158422932630e-01
4.200551170923790778e+03 9.412066409626951291e-01
4.200573015969038352e+03 9.460702987291381705e-01
4.200594861127891818e+03 9.420223423621043590e-01
4.200616706400352086e+03 9.417207676585699350e-01
4.200638551786418248e+03 9.426655695385073308e-01
4.200660397286091211e+03 9.415034821579240099e-01
4.200682242899372795e+03 9.442121532014493557e-01
4.200704088626263001e+03 9.388622942428500595e-01
4.200725934466762737e+03 9.438644444001930145e-01
4.200747780420871095e+03 9.384367564586457711e-01
4.200769626488590802e+03 9.426681296427813495e-01
4.200791472669920950e+03 9.420229507393816926e-01
4.200813318964862447e+03 9.404033349766761640e-01
4.200835165373416203e+03 9.477358802542300564e-01
4.200857011895582218e+03 9.450058927014087784e-01
4.200878858531361402e+03 9.411933076503267159e-01
4.200900705280754664e+03 9.439744042569434557e-01
4.200922552143762914e+03 9.453676521302489810e-01
4.200944399120385242e+03 9.456686480493734503e-01
4.200966246210624377e+03 9.491236934413346260e-01
4.200988093414478499e+03 9.529874576378876139e-01
4.201009940731950337e+03 9.493762266309945241e-01
4.201031788163038982e+03 9.475861417910674822e-01
4.201053635707745343e+03 9.509822710948879765e-01
4.201075483366071239e+03 9.497558260536735908e-01
4.201097331138015761e+03 9.546308143631054843e-01
4.201119179023579818e+03 9.554825715226931138e-01
4.201141027022764320e+03 9.521210114637027599e-01
4.201162875135570175e+03 9.515733175785152653e-01
4.201184723361997385e+03 9.565560246290082391e-01
4.201206571702045949e+03 9.560616767450387243e-01
4.201228420155717686e+03 9.555215471237749059e-01
4.201250268723013505e+03 9.567791080549100657e-01
4.201272117403932498e+03 9.557912153014910261e-01
4.201293966198475573e+03 9.569275997171003967e-01
4.201315815106644550e+03 9.608644153919588815e-01
4.201337664128438519e+03 9.615842919890261742e-01
4.201359513263859299e+03 9.588510291081994152e-01
4.201381362512906890e+03 9.557297562020458104e-01
4.201403211875581292e+03 9.581912015662369386e-01
4.201425061351884324e+03 9.630091942781903169e-01
4.201446910941815077e+03 9.629082925892298306e-01
4.201468760645376278e+03 9.639646615476037406e-01
4.201490610462566110e+03 9.661080241464157226e-01
4.201512460393387300e+03 9.625021487318220492e-01
4.201534310437838940e+03 9.591309820345191861e-01
4.201556160595921938e+03 9.616716994542452435e-01
4.201578010867638113e+03 9.606214103005722427e-01
4.201599861252985647e+03 9.647985372369489721e-01
4.201621711751967268e+03 9.690330130243063333e-01
4.201643562364582976e+03 9.671026448552334509e-01
4.201665413090832772e+03 9.640061955453455012e-01
4.201687263930718473e+03 9.688560124992811051e-01
4.201709114884239170e+03 9.725309099210612818e-01
4.201730965951395774e+03 9.708000930156800434e-01
4.201752817132190103e+03 9.715034773423717462e-01
4.201774668426622156e+03 9.758311439502700413e-01
4.201796519834691026e+03 9.726390033663048218e-01
4.201818371356399439e+03 9.701113323272602118e-01
4.201840222991747396e+03 9.707887257727181307e-01
4.201862074740733988e+03 9.747335381494592887e-01
4.201883926603361942e+03 9.735983167175891184e-01
4.201905778579630351e+03 9.751851856252161665e-01
4.201927630669541031e+03 9.721981010861422412e-01
4.201949482873093984e+03 9.695873851137450927e-01
4.201971335190289210e+03 9.795315638983054241e-01
4.201993187621127618e+03 9.752315873326581341e-01
4.202015040165610117e+03 9.758187347659003086e-01
4.202036892823737617e+03 9.846442503775004740e-01
4.202058745595510118e+03 9.854277024510605942e-01
4.202080598480928529e+03 9.782990633389674340e-01
4.202102451479992851e+03 9.782951029152616718e-01
4.202124304592704902e+03 9.794649394468737391e-01
4.202146157819063774e+03 9.807562274014044457e-01
4.202168011159070375e+03 9.827698361977389441e-01
4.202189864612726524e+03 9.837700059499960847e-01
4.202211718180031312e+03 9.857243868775172890e-01
4.202233571860986558e+03 9.852272054161774761e-01
4.202255425655592262e+03 9.811170509355430225e-01
4.202277279563848424e+03 9.879716458224537812e-01
4.202299133585756863e+03 9.922597565636240846e-01
4.202320987721317579e+03 9.890814930060002341e-01
4.202342841970530571e+03 9.877085908841450879e-01
4.202364696333397660e+03 9.851794345273583442e-01
4.202386550809917935e+03 9.844912751351982960e-01
4.202408405400093216e+03 9.875612247007601319e-01
4.202430260103924411e+03 9.878514093656580730e-01
4.202452114921410612e+03 9.910322735770111802e-01
4.202473969852553637e+03 9.906522672790017969e-01
4.202495824897352577e+03 9.893338124267447853e-01
4.202517680055810160e+03 9.919780697877575992e-01
4.202539535327925478e+03 9.898685169249786808e-01
4.202561390713700348e+03 9.885600622582960684e-01
4.202583246213133862e+03 9.891214990391667961e-01
4.202605101826226928e+03 9.886381831407280441e-01
4.202626957552981366e+03 9.900630482867897042e-01
4.202648813393396267e+03 9.898777100244346983e-01
4.202670669347473449e+03 9.906235812304267085e-01
4.202692525415212003e+03 9.890661773981687110e-01
4.202714381596614658e+03 9.933900250875047355e-01
4.202736237891679593e+03 9.953083644066276214e-01
4.202758094300409539e+03 9.986237864322429214e-01
4.202779950822803585e+03 9.905202045221094265e-01
4.202801807458863550e+03 9.910458521625331585e-01
4.202823664208588525e+03 9.968061644333593430e-01
4.202845521071980329e+03 9.914831372925988484e-01
4.202867378049039871e+03 9.893262498804203942e-01
4.202889235139766242e+03 9.874205626952975434e-01
4.202911092344160352e+03 9.901117130559651258e-01
4.202932949662224019e+03 9.901018801911495304e-01
4.202954807093957243e+03 9.938809243188527764e-01
4.202976664639360024e+03 9.938660863641863852e-01
4.202998522298433272e+03 9.884587473080833631e-01
4.203020380071177897e+03 9.940114096215382222e-01
4.203042237957593898e+03 9.951255793019654350e-01
4.203064095957683094e+03 9.969557447683671247e-01
4.203085954071444576e+03 9.923722340588607693e-01
4.203107812298880162e+03 9.905899595448919293e-01
4.203129670639988944e+03 9.968333582880444244e-01
4.203151529094772741e+03 9.923671090332657485e-01
4.203173387663232461e+03 9.915111948327286484e-01
4.203195246345367195e+03 9.976176025716015916e-01
4.203217105141179673e+03 9.966016434509862298e-01
4.203238964050668073e+03 9.979189264135630566e-01
4.203260823073834217e+03 9.940268616496624743e-01
4.203282682210679013e+03 9.928383024356681741e-01
4.203304541461202462e+03 9.969695900376146502e-01
4.203326400825405472e+03 9.987430299015594981e-01
4.203348260303288953e+03 9.973431997609586430e-01
4.203370119894852905e+03 9.924865783941708708e-01
4.203391979600097329e+03 9.959420049583598278e-01
4.203413839419024043e+03 9.935486228368304307e-01
4.203435699351633048e+03 9.933254479299702400e-01
4.203457559397925252e+03 9.962004785226991066e-01
4.203479419557900655e+03 9.999194738134982163e-01
4.203501279831561078e+03 9.998173612368596030e-01
4.203523140218905610e+03 1.000378480467011721e+00
4.203545000719935160e+03 9.982939529300500769e-01
4.203566861334651549e+03 9.968570591709076112e-01
4.203588722063053865e+03 9.962079289681412542e-01
4.203610582905143019e+03 9.978439194374404408e-01
4.203632443860919921e+03 9.995560339288643847e-01
4.203654304930386388e+03 9.978754921609674922e-01
4.203676166113540603e+03 9.951721588228503723e-01
4.203698027410384384e+03 1.002319136472279881e+00
4.203719888820918641e+03 9.954772630946614465e-01
4.203741750345143373e+03 9.950346486469950902e-01
4.203763611983059491e+03 9.920163307639480177e-01
4.203785473734666994e+03 9.938947506877811033e-01
4.203807335599967701e+03 9.943427647908360534e-01
4.203829197578960702e+03 9.966989375529798911e-01
4.203851059671647818e+03 9.989167460532057952e-01
4.203872921878029047e+03 9.975485319764437753e-01
4.203894784198105299e+03 9.997162654753795064e-01
4.203916646631876574e+03 9.931480317356481402e-01
4.203938509179343782e+03 9.988311638191030850e-01
4.203960371840507833e+03 9.973309617445184072e-01
4.203982234615368725e+03 9.957950737876282155e-01
4.204004097503928278e+03 9.929061504433220886e-01
4.204025960506185584e+03 9.978776399320289370e-01
4.204047823622141550e+03 9.972646698137992427e-01
4.204069686851797996e+03 9.989709358244539539e-01
4.204091550195154014e+03 9.919284682998794622e-01
4.204113413652210511e+03 9.928340071947762135e-01
4.204135277222968398e+03 9.991773095963153439e-01
4.204157140907428584e+03 9.981072996976452227e-01
4.204179004705591069e+03 9.949497917642196043e-01
4.204200868617455853e+03 9.946435777360053132e-01
4.204222732643025665e+03 9.941523381388718272e-01
4.204244596782298686e+03 9.925603368130188064e-01
4.204266461035277644e+03 9.946476506204376955e-01
4.204288325401960719e+03 9.978951053031914764e-01
4.204310189882350642e+03 9.970423011773102973e-01
4.204332054476447411e+03 9.934581265985952259e-01
4.204353919184251026e+03 9.967627908778317058e-01
4.204375784005762398e+03 9.951870279695784749e-01
4.204397648940982435e+03 9.986711027256325313e-01
4.204419513989912048e+03 9.992109546978746870e-01
4.204441379152550326e+03 9.989650202493678410e-01
4.204463244428899088e+03 9.963180269271514344e-01
4.204485109818958335e+03 9.998314932245877529e-01
4.204506975322729886e+03 9.980619658681015860e-01
4.204528840940211921e+03 9.989540413880596548e-01
4.204550706671408079e+03 9.951540916245645851e-01
4.204572572516316541e+03 9.959633922273466444e-01
4.204594438474939125e+03 9.976096980383678536e-01
4.204616304547274922e+03 9.960779629094258514e-01
4.204638170733326660e+03 9.918090955387325325e-01
4.204660037033094341e+03 9.939601227096186431e-01
4.204681903446577053e+03 1.001252089995787964e+00
4.204703769973776616e+03 9.975976444711408542e-01
4.204725636614693940e+03 1.000363090987736792e+00
4.204747503369329024e+03 1.001442922141546177e+00
4.204769370237682779e+03 1.000892927288844048e+00
4.204791237219755203e+03 9.983841425125750124e-01
4.204813104315547207e+03 9.940370191783013398e-01
4.204834971525059700e+03 9.970356934645098201e-01
4.204856838848293592e+03 9.935402861406494868e-01
4.204878706285247972e+03 9.970139346349128351e-01
4.204900573835924661e+03 9.942588669177687688e-01
4.204922441500323657e+03 9.949480520257164562e-01
4.204944309278446781e+03 9.987048064144619097e-01
4.204966177170293122e+03 1.001733987305367224e+00
4.204988045175863590e+03 1.001498148025198098e+00
4.205009913295159095e+03 9.969001190126571821e-01
4.205031781528180545e+03 9.987639814862072640e-01
4.205053649874927942e+03 9.993332047269095630e-01
4.205075518335402194e+03 1.002565586057587943e+00
4.205097386909603301e+03 1.001571335384746853e+00
4.205119255597533083e+03 1.001792313943057566e+00
4.205141124399190630e+03 9.994505782946893069e-01
4.205162993314577761e+03 9.960264406920544822e-01
4.205184862343694476e+03 9.985586778555508580e-01
4.205206731486541685e+03 9.982856057716665843e-01
4.205228600743119387e+03 9.967813617297927031e-01
4.205250470113429401e+03 9.970502624346793130e-01
4.205272339597470818e+03 1.004476580069774139e+00
4.205294209195244548e+03 1.001004033681927474e+00
4.205316078906752409e+03 9.943264957533960446e-01
4.205337948731993492e+03 1.001326624489037309e+00
4.205359818670969617e+03 1.001937452655310645e+00
4.205381688723679872e+03 9.974143914011122103e-01
4.205403558890126078e+03 9.920426091814581460e-01
4.205425429170309144e+03 1.002943761626322372e+00
4.205447299564228160e+03 1.002854421023020581e+00
4.205469170071884946e+03 9.977364774596635399e-01
4.205491040693279501e+03 1.003420026867278381e+00
4.205512911428412735e+03 9.984439114609999777e-01
4.205534782277285558e+03 9.968039961408616811e-01
4.205556653239897969e+03 9.968742403850717748e-01
4.205578524316249968e+03 9.989249848854029334e-01
4.205600395506344285e+03 9.997365552797660149e-01
4.205622266810179099e+03 1.002019792908568352e+00
4.205644138227756230e+03 1.008454079371156498e+00
4.205666009759076587e+03 1.008115195835075140e+00
4.205687881404139262e+03 1.002668623042203278e+00
4.205709753162946072e+03 9.981374146064068142e-01
4.205731625035497927e+03 9.970947196130824919e-01
4.205753497021794828e+03 1.002034615154929087e+00
4.205775369121837684e+03 1.000263240237655005e+00
4.205797241335625586e+03 9.997279966290301134e-01
4.205819113663161261e+03 9.966139696172581219e-01
4.205840986104444710e+03 9.991134543394334377e-01
4.205862858659475023e+03 9.985250740708574435e-01
4.205884731328254929e+03 9.973585324359272031e-01
4.205906604110783519e+03 1.001568071815198024e+00
4.205928477007062611e+03 9.999526809175542930e-01
4.205950350017091296e+03 9.899343548112615743e-01
4.205972223140871392e+03 1.000046463677316311e+00
4.205994096378403810e+03 9.979532759173850298e-01
4.206015969729687640e+03 9.994195549765514386e-01
4.206037843194723791e+03 1.000909509770824268e+00
4.206059716773514083e+03 9.988489055438799502e-01
4.206081590466057605e+03 9.985869180565800640e-01
4.206103464272356177e+03 1.002582958059097251e+00
4.206125338192409799e+03 1.001125226135532342e+00
4.206147212226219381e+03 1.004744685905460289e+00
4.206169086373784921e+03 1.000677336055673328e+00
4.206190960635107331e+03 1.000227161198077752e+00
4.206212835010187518e+03 9.989765865192871130e-01
4.206234709499026394e+03 9.962815694464367544e-01
4.206256584101623048e+03 9.995715291284665849e-01
4.206278458817979299e+03 1.004890337712702975e+00
4.206300333648095148e+03 1.001750079787944392e+00
4.206322208591971503e+03 9.969537874844844882e-01
4.206344083649609274e+03 9.943984693948572096e-01
4.206365958821008462e+03 9.959495644437055262e-01
4.206387834106169976e+03 1.000204721966305721e+00
4.206409709505093815e+03 1.002129510204251117e+00
4.206431585017781799e+03 9.951560333234522604e-01
4.206453460644233928e+03 9.935390206894492149e-01
4.206475336384450202e+03 1.000596832073634257e+00
4.206497212238431530e+03 1.009347069241536055e+00
4.206519088206178822e+03 9.996895365758434737e-01
4.206540964287692987e+03 9.984619307844134761e-01
4.206562840482973115e+03 9.948524636402947818e-01
4.206584716792021936e+03 1.003951299637937167e+00
4.206606593214837631e+03 1.002354095027198522e+00
4.206628469751422926e+03 1.004536515232012261e+00
4.206650346401777824e+03 1.002158559514766178e+00
4.206672223165902324e+03 1.003382494597480079e+00
4.206694100043797334e+03 1.003376428931642916e+00
4.206715977035462856e+03 9.995891384556208070e-01
4.206737854140900708e+03 9.991482571868415263e-01
4.206759731360110891e+03 9.980898197901962865e-01
4.206781608693094313e+03 1.003030518925253300e+00
4.206803486139850065e+03 1.001179368572111317e+00
4.206825363700380876e+03 9.993376152275230684e-01
4.206847241374685836e+03 1.002021525537068802e+00
4.206869119162766765e+03 1.005159810146688093e+00
4.206890997064622752e+03 1.002478260612263972e+00
4.206912875080255617e+03 9.967497467772876707e-01
4.206934753209665359e+03 9.990602079812904712e-01
4.206956631452852889e+03 1.004906245862639880e+00
4.206978509809818206e+03 9.965666621287363469e-01
4.207000388280562220e+03 9.945325707347563160e-01
4.207022266865086749e+03 9.945132957668085805e-01
4.207044145563389975e+03 1.001776634233612739e+00
4.207066024375474626e+03 9.983757926921017489e-01
4.207087903301339793e+03 9.912119456161219144e-01
4.207109782340987294e+03 9.983936770344015166e-01
4.207131661494417131e+03 1.005747248220895118e+00
4.207153540761629301e+03 9.951903209181810483e-01
4.207175420142625626e+03 9.990043806583654984e-01
4.207197299637406104e+03 1.002478754875810951e+00
4.207219179245970736e+03 1.000734250500204592e+00
4.207241058968321340e+03 1.002206133358364948e+00
4.207262938804457917e+03 1.001733749767258264e+00
4.207284818754380467e+03 1.003211948310051449e+00
4.207306698818089899e+03 1.004622730986589163e+00
4.207328578995588032e+03 9.994271526733996547e-01
4.207350459286873047e+03 1.002223124046400349e+00
4.207372339691947673e+03 1.003802812898884955e+00
4.207394220210811909e+03 1.003197454593918625e+00
4.207416100843466666e+03 1.003215541636650832e+00
4.207437981589911033e+03 1.002051374021245111e+00
4.207459862450146829e+03 9.983252622741760618e-01
4.207481743424174965e+03 1.001024653822689681e+00
4.207503624511995440e+03 1.000929250245147450e+00
4.207525505713608254e+03 9.989841592654409297e-01
4.207547387029015226e+03 9.950707618696462697e-01
4.207569268458216357e+03 9.999312161636692009e-01
4.207591150001212554e+03 9.995754088945766336e-01
4.207613031658002910e+03 1.001384363668216926e+00
4.207634913428590153e+03 9.992552349691556923e-01
4.207656795312974282e+03 1.000785595742374134e+00
4.207678677311155298e+03 1.004097337797161371e+00
4.207700559423134109e+03 1.000565390255652609e+00
4.207722441648910717e+03 9.972411019322907633e-01
4.207744323988486940e+03 1.003004487747787055e+00
4.207766206441861868e+03 1.008547431044604537e+00
4.207788089009037321e+03 9.994626583441073020e-01
4.207809971690014208e+03 9.996370032425413443e-01
4.207831854484791620e+03 9.992870827229788366e-01
4.207853737393370466e+03 9.996848218565491662e-01
4.207875620415752564e+03 1.001119963337008034e+00
4.207897503551937916e+03 1.004516299250342470e+00
4.207919386801926521e+03 1.007083129038608860e+00
4.207941270165719288e+03 1.002227345174266038e+00
4.207963153643317128e+03 1.002864212523533416e+00
4.207985037234720039e+03 9.988608841053527865e-01
