# Corrected for radial velocity of 20.55 km/s
# 
# star name zetOri, line HEII4200
# instrument: HERMES spectrograph @Mercator
# date of observation (midpoint)2018-10-15T04:32:02.622712
# BJD of observation (midpoint)2458406.6913082
# name of fits file: 00898167_HRF_OBJ_ext_CosmicsRemoved_log_merged_c.fits
# 
# wavelength(Angstrom,air) normalised_flux
4.192733985978792589e+03 1.007235225416611035e+00
4.192755790370623799e+03 1.001856353533319810e+00
4.192777594875848990e+03 1.008123471083288702e+00
4.192799399494468162e+03 1.004469207618375659e+00
4.192821204226483133e+03 1.003321128597958189e+00
4.192843009071893903e+03 9.997335854510687181e-01
4.192864814030701382e+03 1.005971566622641200e+00
4.192886619102906479e+03 1.002440171118994749e+00
4.192908424288508286e+03 1.003530294131405043e+00
4.192930229587507711e+03 1.006143798088765529e+00
4.192952034999907482e+03 1.004398494469563419e+00
4.192973840525706692e+03 1.017742571356759829e+00
4.192995646164905338e+03 1.005415170039840378e+00
4.193017451917504332e+03 1.000711798120323071e+00
4.193039257783505491e+03 1.001558113413460349e+00
4.193061063762906997e+03 1.002105025696902851e+00
4.193082869855712488e+03 1.002210216838140822e+00
4.193104676061920145e+03 1.001985252401655480e+00
4.193126482381531787e+03 9.991868104408617723e-01
4.193148288814547413e+03 1.006371322666368417e+00
4.193170095360967935e+03 9.992941042741917412e-01
4.193191902020794259e+03 1.000060260035193327e+00
4.193213708794025479e+03 1.002294076296130543e+00
4.193235515680663411e+03 1.003175468714408325e+00
4.193257322680708057e+03 1.001575373139257152e+00
4.193279129794162145e+03 1.006619490356110536e+00
4.193300937021022946e+03 1.009656946602734529e+00
4.193322744361293189e+03 1.003409263613272984e+00
4.193344551814972874e+03 1.001273908156632642e+00
4.193366359382062910e+03 9.960882792914661499e-01
4.193388167062563298e+03 9.993971563963588434e-01
4.193409974856475856e+03 1.004797335874708875e+00
4.193431782763797855e+03 1.003059322400237097e+00
4.193453590784534754e+03 1.007818340906656562e+00
4.193475398918683823e+03 1.001516221595019740e+00
4.193497207166245971e+03 1.000404068761209242e+00
4.193519015527223019e+03 1.003799717873341102e+00
4.193540824001614965e+03 1.005868603118659221e+00
4.193562632589421810e+03 9.997806588667018657e-01
4.193584441290644463e+03 9.958153150559946321e-01
4.193606250105284744e+03 9.990153701201257563e-01
4.193628059033340833e+03 1.002249466989034055e+00
4.193649868074815458e+03 9.908648453656191402e-01
4.193671677229707711e+03 9.943954372628980298e-01
4.193693486498020320e+03 1.005445876306324093e+00
4.193715295879750556e+03 1.001831454245432296e+00
4.193737105374902967e+03 1.004690782058857534e+00
4.193758914983473915e+03 1.000025283065766546e+00
4.193780724705467946e+03 9.983608010289738433e-01
4.193802534540882334e+03 1.002747263772706843e+00
4.193824344489719806e+03 1.005741328774148347e+00
4.193846154551980362e+03 1.005447254651485656e+00
4.193867964727664912e+03 9.994327526410967666e-01
4.193889775016773456e+03 9.988035823887382314e-01
4.193911585419306903e+03 9.979766645072923881e-01
4.193933395935266162e+03 1.001619633896467576e+00
4.193955206564649416e+03 9.975739692253602353e-01
4.193977017307462120e+03 1.000823100508362762e+00
4.193998828163699727e+03 1.002163760803988612e+00
4.194020639133366785e+03 1.001877042655848538e+00
4.194042450216460566e+03 1.006822355394173529e+00
4.194064261412983797e+03 1.003258966544942510e+00
4.194086072722937388e+03 1.005477267821762055e+00
4.194107884146320430e+03 1.007695961595237444e+00
4.194129695683134742e+03 1.008197602033096496e+00
4.194151507333379413e+03 9.976781681444649719e-01
4.194173319097056265e+03 9.991294381541339087e-01
4.194195130974166204e+03 1.003591563787227026e+00
4.194216942964709233e+03 9.984725090720283358e-01
4.194238755068685350e+03 9.933753282999110423e-01
4.194260567286096375e+03 9.927512013972169536e-01
4.194282379616942308e+03 1.001935381791877466e+00
4.194304192061223148e+03 1.002429029041394859e+00
4.194326004618939805e+03 9.994649117494029955e-01
4.194347817290093190e+03 9.931733269009069831e-01
4.194369630074683300e+03 9.960900507854889563e-01
4.194391442972711957e+03 1.010704230807503601e+00
4.194413255984180068e+03 9.938211510366140589e-01
4.194435069109084907e+03 1.001819584644433769e+00
4.194456882347430110e+03 9.979862950822331324e-01
4.194478695699216587e+03 1.005288231823057599e+00
4.194500509164442519e+03 1.006008461975209434e+00
4.194522322743110635e+03 1.009420267692250794e+00
4.194544136435220025e+03 1.002305515574074768e+00
4.194565950240772509e+03 9.991859125950478537e-01
4.194587764159767175e+03 9.973641166120635893e-01
4.194609578192205845e+03 1.000820859239274885e+00
4.194631392338089427e+03 9.975147377552363581e-01
4.194653206597417920e+03 9.975668024793359345e-01
4.194675020970191326e+03 9.945355489332042831e-01
4.194696835456411463e+03 1.000217155969131522e+00
4.194718650056076513e+03 1.000798338616201821e+00
4.194740464769190112e+03 9.958764715316867910e-01
4.194762279595752261e+03 9.895067761712127430e-01
4.194784094535762051e+03 1.000590106307146954e+00
4.194805909589220391e+03 9.917554469176185217e-01
4.194827724756129101e+03 9.937854968726542726e-01
4.194849540036487269e+03 9.991340062940312627e-01
4.194871355430296717e+03 1.001519296590714925e+00
4.194893170937557443e+03 1.002647433914762409e+00
4.194914986558270357e+03 9.995704681364975253e-01
4.194936802292435459e+03 9.973842246873605433e-01
4.194958618140053659e+03 9.974089726826101954e-01
4.194980434101125866e+03 1.001488316153074543e+00
4.195002250175651170e+03 9.908721565805231890e-01
4.195024066363633210e+03 9.950269364054781240e-01
4.195045882665070167e+03 9.965589024898471315e-01
4.195067699079962949e+03 9.994909246032096517e-01
4.195089515608312468e+03 9.947892450341110360e-01
4.195111332250118721e+03 9.988487289728468221e-01
4.195133149005383530e+03 9.966552928943893663e-01
4.195154965874106892e+03 9.953011388542727378e-01
4.195176782856288810e+03 9.948084532994594387e-01
4.195198599951930191e+03 9.956670060303900449e-01
4.195220417161032856e+03 9.982141344871277022e-01
4.195242234483594984e+03 9.911110254260779850e-01
4.195264051919619305e+03 9.870701686218336102e-01
4.195285869469105819e+03 9.941528263112551222e-01
4.195307687132054525e+03 9.987962029102454009e-01
4.195329504908466333e+03 9.951939645744424245e-01
4.195351322798342153e+03 1.000318302752278399e+00
4.195373140801681984e+03 9.997065872842773038e-01
4.195394958918486736e+03 9.973481562455520644e-01
4.195416777148757319e+03 9.910490978810250207e-01
4.195438595492493732e+03 9.983229914946474270e-01
4.195460413949696886e+03 1.000837358304305535e+00
4.195482232520367688e+03 9.955669341414925544e-01
4.195504051204506140e+03 9.895525055505479672e-01
4.195525870002113152e+03 9.989519949058400794e-01
4.195547688913189631e+03 1.001070055324508656e+00
4.195569507937734670e+03 9.921497394956787508e-01
4.195591327075750087e+03 9.894436102074813943e-01
4.195613146327236791e+03 9.978216948189791990e-01
4.195634965692195692e+03 9.933219664676287142e-01
4.195656785170625881e+03 9.928674016787261136e-01
4.195678604762529176e+03 9.902530727963173574e-01
4.195700424467903758e+03 9.834250304032122747e-01
4.195722244286755085e+03 9.921545767059865018e-01
4.195744064219078609e+03 9.974320725274478106e-01
4.195765884264877059e+03 9.940794221179455326e-01
4.195787704424152253e+03 9.888885246303963372e-01
4.195809524696903281e+03 9.888777538719463189e-01
4.195831345083130145e+03 9.918660585258524121e-01
4.195853165582835572e+03 9.945533367204648645e-01
4.195874986196017744e+03 9.871384510114087352e-01
4.195896806922679389e+03 9.866371841420283895e-01
4.195918627762819597e+03 9.950607766976650170e-01
4.195940448716440187e+03 9.911866231387979065e-01
4.195962269783541160e+03 9.864498353359717475e-01
4.195984090964121606e+03 9.919250521173330615e-01
4.196005912258184253e+03 9.960238212817651426e-01
4.196027733665729102e+03 9.899187174733304895e-01
4.196049555186757061e+03 9.929486244815065588e-01
4.196071376821267222e+03 9.990000166599681819e-01
4.196093198569262313e+03 9.934568766250629901e-01
4.196115020430740515e+03 9.921194718536072710e-01
4.196136842405704556e+03 9.914770902959838539e-01
4.196158664494154436e+03 9.892704592232146599e-01
4.196180486696089247e+03 9.950312017510519746e-01
4.196202309011511716e+03 9.967317173409288023e-01
4.196224131440421843e+03 9.883731498027275020e-01
4.196245953982819628e+03 9.873074121256699698e-01
4.196267776638705982e+03 9.913888398108100519e-01
4.196289599408081813e+03 9.940693195599101806e-01
4.196311422290946211e+03 9.918993236104576283e-01
4.196333245287301907e+03 9.910660511369325798e-01
4.196355068397148898e+03 9.913774664095812428e-01
4.196376891620485367e+03 9.868187178211859090e-01
4.196398714957315860e+03 9.876070842581227138e-01
4.196420538407638560e+03 9.931019736525402708e-01
4.196442361971454375e+03 9.915956844060157538e-01
4.196464185648764214e+03 9.904891176793682028e-01
4.196486009439568079e+03 9.926673025255879912e-01
4.196507833343867787e+03 9.851060393723765074e-01
4.196529657361662430e+03 9.916092743124520492e-01
4.196551481492953826e+03 9.972569023126267584e-01
4.196573305737741066e+03 9.933275675379472647e-01
4.196595130096025969e+03 9.943972585535632014e-01
4.196616954567809444e+03 9.982738203773312557e-01
4.196638779153091491e+03 9.942679985654416797e-01
4.196660603851872111e+03 9.832508386572419434e-01
4.196682428664153122e+03 9.888500421796314610e-01
4.196704253589933614e+03 9.938577788641232980e-01
4.196726078629216317e+03 9.895764611191510962e-01
4.196747903781999412e+03 9.913433324535816382e-01
4.196769729048284717e+03 9.939769463174930042e-01
4.196791554428073141e+03 9.931855613029790808e-01
4.196813379921364685e+03 9.911988108608775772e-01
4.196835205528160259e+03 9.905616999076213292e-01
4.196857031248460771e+03 9.960304874194276792e-01
4.196878857082265313e+03 9.943445015304341883e-01
4.196900683029575703e+03 9.954998176814676691e-01
4.196922509090393760e+03 9.879147819823475007e-01
4.196944335264716756e+03 9.810501790601983130e-01
4.196966161552548328e+03 9.872862100847092925e-01
4.196987987953887568e+03 9.858247586416046815e-01
4.197009814468735385e+03 9.881784286420972618e-01
4.197031641097092688e+03 9.911607774054633779e-01
4.197053467838958568e+03 9.969300051171827715e-01
4.197075294694336662e+03 9.938857714582729486e-01
4.197097121663224243e+03 9.864920331296362921e-01
4.197118948745624948e+03 9.859815515971104283e-01
4.197140775941536049e+03 9.971006030477020943e-01
4.197162603250961183e+03 9.993081346018921618e-01
4.197184430673899442e+03 9.944267688675099137e-01
4.197206258210350825e+03 9.936868489282560946e-01
4.197228085860317151e+03 9.877400424580539129e-01
4.197249913623798420e+03 9.876580794753714310e-01
4.197271741500796452e+03 9.877940007584892212e-01
4.197293569491309427e+03 9.887794157282541185e-01
4.197315397595340073e+03 9.894124531993614413e-01
4.197337225812887482e+03 9.848695655822601314e-01
4.197359054143954381e+03 9.869949092213996522e-01
4.197380882588538952e+03 9.861162636325068176e-01
4.197402711146642105e+03 9.881808362036386129e-01
4.197424539818265657e+03 9.915032467154140106e-01
4.197446368603410519e+03 9.905362583488585004e-01
4.197468197502074872e+03 9.881163524849004842e-01
4.197490026514262354e+03 9.826566659900285439e-01
4.197511855639970236e+03 9.786304446366009824e-01
4.197533684879202156e+03 9.847648195588065700e-01
4.197555514231957204e+03 9.877291206115005329e-01
4.197577343698236291e+03 9.898297907415776198e-01
4.197599173278039416e+03 9.921583795517593396e-01
4.197621002971367488e+03 9.902470013624350420e-01
4.197642832778222328e+03 9.874970587152199775e-01
4.197664662698603024e+03 9.864496392743306030e-01
4.197686492732511397e+03 9.849416459964183135e-01
4.197708322879945626e+03 9.858690448282387830e-01
4.197730153140908442e+03 9.883507196032820241e-01
4.197751983515400752e+03 9.862079488009077854e-01
4.197773814003421649e+03 9.805413960364028902e-01
4.197795644604972949e+03 9.824380137113982725e-01
4.197817475320053745e+03 9.838629612190540330e-01
4.197839306148667674e+03 9.808917940173309535e-01
4.197861137090811098e+03 9.849845890533263093e-01
4.197882968146486746e+03 9.860747979410096065e-01
4.197904799315696437e+03 9.790229565821678692e-01
4.197926630598439260e+03 9.861034470553473597e-01
4.197948461994716126e+03 9.897764757829473625e-01
4.197970293504527035e+03 9.804274270759898435e-01
4.197992125127872896e+03 9.800467804005631445e-01
4.198013956864755528e+03 9.825970115486813983e-01
4.198035788715173112e+03 9.837117499620909866e-01
4.198057620679129286e+03 9.808083161546270468e-01
4.198079452756622231e+03 9.832420627673271740e-01
4.198101284947652857e+03 9.836918110053880504e-01
4.198123117252222983e+03 9.794669503670888622e-01
4.198144949670331698e+03 9.773530362119354775e-01
4.198166782201980823e+03 9.776112531020629826e-01
4.198188614847170356e+03 9.773403968560825383e-01
4.198210447605901209e+03 9.737603942584946992e-01
4.198232280478173379e+03 9.773222766901694669e-01
4.198254113463987778e+03 9.802870532327678799e-01
4.198275946563345315e+03 9.754377949413366444e-01
4.198297779776245989e+03 9.739537708642550529e-01
4.198319613102690710e+03 9.683167959637932753e-01
4.198341446542680387e+03 9.726042948719336723e-01
4.198363280096215021e+03 9.753080191519182263e-01
4.198385113763295521e+03 9.682836760600802561e-01
4.198406947543921888e+03 9.657096491140729766e-01
4.198428781438095939e+03 9.735750163274596858e-01
4.198450615445817675e+03 9.772000205699882258e-01
4.198472449567087097e+03 9.718037014347541414e-01
4.198494283801906022e+03 9.689584099813369766e-01
4.198516118150273542e+03 9.724479626991325842e-01
4.198537952612190566e+03 9.710410714186952230e-01
4.198559787187658912e+03 9.664521452136636270e-01
4.198581621876677673e+03 9.651766773736696337e-01
4.198603456679249575e+03 9.708287878265321469e-01
4.198625291595371891e+03 9.668693293185903759e-01
4.198647126625049168e+03 9.599082411302437556e-01
4.198668961768278677e+03 9.575040669339479615e-01
4.198690797025062238e+03 9.583190369496541461e-01
4.198712632395400760e+03 9.640841158040572845e-01
4.198734467879294243e+03 9.636726499273060575e-01
4.198756303476743597e+03 9.659088163716873510e-01
4.198778139187749730e+03 9.691152730331737963e-01
4.198799975012312643e+03 9.628131990850076205e-01
4.198821810950433246e+03 9.634320440772112804e-01
4.198843647002112448e+03 9.630282338710894896e-01
4.198865483167350249e+03 9.630692308894636122e-01
4.198887319446146648e+03 9.616281512653623853e-01
4.198909155838503466e+03 9.575168707966912329e-01
4.198930992344421611e+03 9.575043420405559003e-01
4.198952828963900174e+03 9.592039932504660138e-01
4.198974665696940065e+03 9.558130833487227251e-01
4.198996502543543102e+03 9.603263294410782080e-01
4.199018339503709285e+03 9.618867420010325242e-01
4.199040176577437705e+03 9.525094589008139545e-01
4.199062013764731091e+03 9.544383428522515977e-01
4.199083851065589442e+03 9.577288646411433737e-01
4.199105688480012759e+03 9.570902228863029659e-01
4.199127526008001951e+03 9.514268878301720411e-01
4.199149363649557927e+03 9.522946948847851312e-01
4.199171201404680687e+03 9.540108845152431849e-01
4.199193039273371141e+03 9.584371452069696540e-01
4.199214877255629290e+03 9.459804771503634857e-01
4.199236715351457860e+03 9.492573244223944107e-01
4.199258553560854125e+03 9.442878947357598030e-01
4.199280391883820812e+03 9.521687547557025066e-01
4.199302230320358831e+03 9.522068976430755338e-01
4.199324068870467272e+03 9.519041050969090367e-01
4.199345907534147955e+03 9.510597186828049221e-01
4.199367746311400879e+03 9.500052925677076043e-01
4.199389585202226954e+03 9.483540095571254547e-01
4.199411424206626180e+03 9.508393579555097785e-01
4.199433263324599466e+03 9.466891137296684633e-01
4.199455102556147722e+03 9.473151261085800412e-01
4.199476941901271857e+03 9.475506738913349603e-01
4.199498781359971872e+03 9.446206121549205470e-01
4.199520620932247766e+03 9.419990566301345014e-01
4.199542460618101359e+03 9.454405650810761008e-01
4.199564300417531740e+03 9.434145959192017372e-01
4.199586140330540729e+03 9.416718321607699949e-01
4.199607980357128326e+03 9.278961524042889097e-01
4.199629820497296350e+03 9.389178982132669882e-01
4.199651660751044801e+03 9.437764600245742708e-01
4.199673501118372769e+03 9.471133492768916140e-01
4.199695341599282074e+03 9.453183596680025946e-01
4.199717182193773624e+03 9.387100689076025573e-01
4.199739022901847420e+03 9.436046484070503837e-01
4.199760863723504372e+03 9.419753422132733922e-01
4.199782704658743569e+03 9.446715611107410204e-01
4.199804545707568650e+03 9.534154847276883338e-01
4.199826386869978705e+03 9.421341568640357877e-01
4.199848228145972826e+03 9.505463884351681436e-01
4.199870069535553739e+03 9.480645534468301605e-01
4.199891911038721446e+03 9.454881022302088489e-01
4.199913752655475037e+03 9.358911412260473295e-01
4.199935594385818149e+03 9.404730574335404825e-01
4.199957436229748055e+03 9.489015802901757946e-01
4.199979278187267482e+03 9.388256334809548243e-01
4.200001120258376432e+03 9.334712213137701387e-01
4.200022962443074903e+03 9.373226931047843324e-01
4.200044804741364715e+03 9.341640578285113072e-01
4.200066647153245867e+03 9.323361129519538437e-01
4.200088489678718361e+03 9.382378399782543843e-01
4.200110332317784014e+03 9.431474072543833964e-01
4.200132175070442827e+03 9.434660621579656903e-01
4.200154017936694800e+03 9.374702327051686046e-01
4.200175860916540842e+03 9.349944747830905012e-01
4.200197704009981862e+03 9.344278912077580435e-01
4.200219547217017862e+03 9.436388139375841977e-01
4.200241390537650659e+03 9.423262276470605325e-01
4.200263233971879345e+03 9.353789909101678512e-01
4.200285077519705737e+03 9.409840419052327709e-01
4.200306921181129837e+03 9.343224380132996165e-01
4.200328764956152554e+03 9.387665068013306691e-01
4.200350608844773888e+03 9.422159025485442596e-01
4.200372452846994747e+03 9.421655184586850140e-01
4.200394296962816043e+03 9.488903339334504583e-01
4.200416141192237774e+03 9.510999094456468184e-01
4.200437985535260850e+03 9.412797582765779492e-01
4.200459829991886181e+03 9.384627487235028820e-01
4.200481674562113767e+03 9.386214195162587703e-01
4.200503519245944517e+03 9.436231767932669046e-01
4.200525364043379341e+03 9.529593377433757118e-01
4.200547208954417329e+03 9.472195530565330479e-01
4.200569053979061209e+03 9.458762311935537959e-01
4.200590899117310073e+03 9.489987416494624073e-01
4.200612744369164830e+03 9.457469019310110747e-01
4.200634589734626388e+03 9.491859733281987621e-01
4.200656435213694749e+03 9.539750810527646285e-01
4.200678280806372641e+03 9.538707366255841924e-01
4.200700126512657334e+03 9.484663407449808181e-01
4.200721972332551559e+03 9.481492942982554517e-01
4.200743818266055314e+03 9.538221978937145851e-01
4.200765664313168600e+03 9.538148144460477651e-01
4.200787510473894145e+03 9.531336870063548128e-01
4.200809356748230130e+03 9.565288180907710602e-01
4.200831203136178374e+03 9.537133722438090322e-01
4.200853049637738877e+03 9.585510444698530641e-01
4.200874896252912549e+03 9.583544989505394796e-01
4.200896742981700299e+03 9.497592823167929632e-01
4.200918589824101218e+03 9.528805433485276755e-01
4.200940436780118034e+03 9.616551395466169661e-01
4.200962283849750747e+03 9.610825174206988342e-01
4.200984131032999358e+03 9.541992937720107371e-01
4.201005978329863865e+03 9.625112186762673216e-01
4.201027825740346088e+03 9.634629719197059794e-01
4.201049673264446028e+03 9.584701103327313287e-01
4.201071520902164593e+03 9.608969574531454061e-01
4.201093368653502694e+03 9.685661539450669544e-01
4.201115216518459420e+03 9.618577009013038470e-01
4.201137064497037500e+03 9.601613207757450086e-01
4.201158912589235115e+03 9.611011849065720369e-01
4.201180760795055903e+03 9.676868902152425678e-01
4.201202609114497136e+03 9.770194495793408374e-01
4.201224457547561542e+03 9.688405381401715699e-01
4.201246306094249121e+03 9.638375733296171699e-01
4.201268154754559873e+03 9.748810623656415375e-01
4.201290003528496527e+03 9.664783936109058171e-01
4.201311852416056354e+03 9.760944249961720498e-01
4.201333701417242992e+03 9.697675683166900873e-01
4.201355550532055531e+03 9.758119247444864142e-01
4.201377399760493972e+03 9.681465849188031214e-01
4.201399249102561043e+03 9.804105422102336043e-01
4.201421098558254926e+03 9.729943905941574878e-01
4.201442948127577438e+03 9.739942483859173050e-01
4.201464797810529490e+03 9.789958513141641117e-01
4.201486647607111991e+03 9.646745350348775450e-01
4.201508497517323121e+03 9.708874149558571753e-01
4.201530347541165611e+03 9.717645185862689994e-01
4.201552197678640368e+03 9.765291828773825511e-01
4.201574047929746484e+03 9.765872409985173475e-01
4.201595898294485778e+03 9.811720850598569799e-01
4.201617748772857340e+03 9.828607809845021359e-01
4.201639599364862988e+03 9.727345495087970084e-01
4.201661450070504543e+03 9.736216816729453827e-01
4.201683300889779275e+03 9.799078268266445679e-01
4.201705151822689913e+03 9.766998276165597126e-01
4.201727002869236458e+03 9.819218334914299184e-01
4.201748854029420727e+03 9.809202443541508165e-01
4.201770705303242721e+03 9.740167075755370441e-01
4.201792556690701531e+03 9.732882030289823350e-01
4.201814408191798975e+03 9.764120554569178934e-01
4.201836259806536873e+03 9.778377161032196785e-01
4.201858111534913405e+03 9.793995918730875605e-01
4.201879963376930391e+03 9.774113743262069498e-01
4.201901815332587830e+03 9.812117705089740127e-01
4.201923667401887542e+03 9.794125514732909821e-01
4.201945519584829526e+03 9.779886250155822580e-01
4.201967371881413783e+03 9.896992517986809013e-01
4.201989224291640312e+03 9.918458653961198523e-01
4.202011076815511842e+03 9.849145439171322902e-01
4.202032929453028373e+03 9.879853367094988403e-01
4.202054782204188996e+03 9.905322704515650001e-01
4.202076635068995529e+03 9.886397448919679309e-01
4.202098488047447972e+03 9.871469727246910963e-01
4.202120341139547236e+03 9.895760945524183505e-01
4.202142194345295138e+03 9.928367299686514658e-01
4.202164047664689861e+03 9.841073588324276145e-01
4.202185901097734131e+03 9.855173459577133421e-01
4.202207754644425222e+03 9.945300024945158412e-01
4.202229608304768590e+03 9.872848599025064731e-01
4.202251462078761506e+03 9.829310993741674496e-01
4.202273315966405789e+03 9.883740675995911218e-01
4.202295169967701440e+03 9.936510640010302042e-01
4.202317024082648459e+03 9.966719604110999553e-01
4.202338878311248664e+03 9.894975218137557205e-01
4.202360732653502055e+03 9.921525673481902396e-01
4.202382587109410451e+03 9.895678251288204663e-01
4.202404441678972034e+03 9.928334772361171456e-01
4.202426296362189532e+03 9.892983824185460628e-01
4.202448151159062036e+03 9.985204581624453901e-01
4.202470006069591363e+03 9.983464942370541273e-01
4.202491861093777516e+03 9.963406367709095601e-01
4.202513716231621402e+03 9.800924900158670683e-01
4.202535571483122112e+03 9.925639168387767608e-01
4.202557426848282375e+03 9.895009705612386464e-01
4.202579282327102192e+03 9.909306189810116461e-01
4.202601137919581561e+03 9.972712995755550480e-01
4.202622993625720483e+03 9.901598698665042830e-01
4.202644849445521686e+03 9.976442145210678847e-01
4.202666705378984261e+03 9.989788437345183958e-01
4.202688561426108208e+03 9.950474992683230324e-01
4.202710417586895346e+03 9.898749002845791400e-01
4.202732273861346584e+03 9.869026304020848128e-01
4.202754130249461014e+03 9.951337181023350853e-01
4.202775986751240453e+03 9.936437483451976416e-01
4.202797843366683992e+03 9.891041224796266462e-01
4.202819700095795270e+03 9.928046098631128080e-01
4.202841556938570648e+03 9.936700758240206710e-01
4.202863413895013764e+03 9.935758874562674592e-01
4.202885270965124619e+03 9.921091495647074154e-01
4.202907128148903212e+03 9.924890156899336402e-01
4.202928985446352272e+03 9.960755861545715906e-01
4.202950842857468160e+03 9.865571307774282372e-01
4.202972700382254516e+03 9.900922479525275932e-01
4.202994558020712248e+03 1.002683114502060269e+00
4.203016415772840446e+03 9.978772245268755503e-01
4.203038273638640021e+03 9.923192402568753456e-01
4.203060131618112791e+03 9.904506752485198184e-01
4.203081989711257847e+03 9.867202989669673352e-01
4.203103847918076099e+03 9.890575967623682629e-01
4.203125706238568455e+03 9.945491205510393895e-01
4.203147564672735825e+03 1.004263182127236309e+00
4.203169423220578210e+03 9.996247102468939216e-01
4.203191281882095609e+03 9.928217301930424288e-01
4.203213140657290751e+03 1.000946093074233989e+00
4.203234999546162726e+03 1.000166935845107963e+00
4.203256858548710625e+03 9.950143449793300565e-01
4.203278717664938085e+03 9.929360883846448660e-01
4.203300576894844198e+03 1.007021286774821167e+00
4.203322436238428963e+03 9.994226412072314547e-01
4.203344295695694200e+03 9.852937256086520268e-01
4.203366155266639907e+03 9.954059304124540652e-01
4.203388014951266996e+03 9.905867241595937012e-01
4.203409874749574556e+03 9.949607761799726946e-01
4.203431734661566225e+03 9.941018681429012460e-01
4.203453594687239274e+03 1.000628491455390012e+00
4.203475454826596433e+03 1.000992082318776566e+00
4.203497315079637701e+03 1.001448558759734153e+00
4.203519175446363988e+03 9.898782011716893425e-01
4.203541035926774384e+03 9.958782397552793375e-01
4.203562896520871618e+03 9.936922168680200063e-01
4.203584757228654780e+03 9.990948963448952336e-01
4.203606618050125689e+03 9.957043136987251408e-01
4.203628478985283436e+03 9.973853619370770529e-01
4.203650340034128931e+03 9.966687812640283584e-01
4.203672201196663991e+03 9.972448855156368364e-01
4.203694062472888618e+03 9.976651992881380160e-01
4.203715923862802811e+03 9.972483130077505198e-01
4.203737785366408389e+03 9.913746274902230926e-01
4.203759646983703533e+03 9.944604904848167726e-01
4.203781508714691881e+03 9.915440069560257363e-01
4.203803370559372524e+03 9.912536928967607963e-01
4.203825232517745462e+03 1.003215499842547098e+00
4.203847094589811604e+03 1.002506213282796432e+00
4.203868956775572769e+03 9.979837006157066259e-01
4.203890819075028048e+03 9.974889219899587545e-01
4.203912681488178350e+03 9.985335540617258365e-01
4.203934544015025494e+03 9.968317496604559569e-01
4.203956406655568571e+03 9.885455937794626058e-01
4.203978269409809400e+03 9.942963673509089828e-01
4.204000132277746161e+03 1.001734972143824454e+00
4.204021995259382493e+03 9.976180678224910725e-01
4.204043858354717486e+03 1.002389806183273890e+00
4.204065721563752049e+03 1.012550302490899501e+00
4.204087584886486184e+03 9.989335114101831614e-01
4.204109448322920798e+03 9.968524417279974736e-01
4.204131311873057712e+03 9.936007496405495631e-01
4.204153175536896015e+03 9.964988196702097012e-01
4.204175039314435708e+03 9.910130620984289873e-01
4.204196903205679519e+03 9.958311673780684270e-01
4.204218767210626538e+03 9.947132758371605155e-01
4.204240631329277676e+03 1.002821977718026503e+00
4.204262495561633841e+03 9.908376175119054663e-01
4.204284359907695034e+03 9.982498103641874732e-01
4.204306224367462164e+03 9.987124201587579408e-01
4.204328088940935231e+03 1.004131099827772822e+00
4.204349953628116964e+03 9.992645443491766644e-01
4.204371818429005543e+03 1.004903376006063720e+00
4.204393683343601879e+03 1.010035970277451733e+00
4.204415548371907789e+03 1.011005557620368478e+00
4.204437413513923275e+03 1.008451001150796333e+00
4.204459278769648336e+03 1.008761475809290653e+00
4.204481144139084790e+03 1.002814334490102377e+00
4.204503009622231730e+03 1.000550741195898485e+00
4.204524875219090973e+03 1.000098127291961347e+00
4.204546740929662519e+03 1.000529490693190304e+00
4.204568606753948188e+03 9.999545301607463132e-01
4.204590472691946161e+03 9.980721770259123327e-01
4.204612338743658256e+03 9.975990429099509393e-01
4.204634204909085383e+03 1.002098885755674074e+00
4.204656071188228452e+03 1.006318760601988771e+00
4.204677937581087463e+03 9.965964870254319097e-01
4.204699804087662415e+03 1.006468201724204370e+00
4.204721670707955127e+03 1.000130942167431591e+00
4.204743537441965600e+03 1.004565251351290378e+00
4.204765404289693834e+03 9.982599758816281810e-01
4.204787271251141647e+03 1.006986327756869359e+00
4.204809138326308130e+03 9.937958886581874651e-01
4.204831005515196011e+03 1.003208007675861380e+00
4.204852872817803473e+03 9.979765544095293706e-01
4.204874740234133242e+03 1.000733537396310879e+00
4.204896607764184409e+03 1.007671459003218972e+00
4.204918475407957885e+03 9.915637352012093286e-01
4.204940343165454578e+03 9.995732509567021307e-01
4.204962211036675399e+03 1.003027884360351951e+00
4.204984079021620346e+03 1.000572572140544736e+00
4.205005947120289420e+03 9.989022051968764471e-01
4.205027815332685350e+03 1.003699869694075320e+00
4.205049683658806316e+03 1.004609561272129747e+00
4.205071552098654138e+03 1.001208233807538317e+00
4.205093420652228815e+03 1.003506126652280894e+00
4.205115289319531257e+03 9.925622941694037804e-01
4.205137158100563283e+03 9.938028621534253926e-01
4.205159026995323075e+03 9.997086354454721713e-01
4.205180896003812450e+03 9.986232617881224405e-01
4.205202765126032318e+03 9.952533925240210078e-01
4.205224634361983590e+03 1.003488029019237615e+00
4.205246503711666264e+03 9.981708050913804531e-01
4.205268373175080342e+03 1.002702144512369165e+00
4.205290242752226732e+03 1.004025715579348832e+00
4.205312112443107253e+03 1.003156258028319980e+00
4.205333982247720087e+03 1.006068306925769429e+00
4.205355852166067962e+03 9.972525190751575508e-01
4.205377722198151787e+03 9.951510033878062655e-01
4.205399592343969744e+03 9.966054136994044743e-01
4.205421462603523651e+03 9.968660447902498722e-01
4.205443332976814418e+03 9.907954003414162214e-01
4.205465203463843864e+03 9.957681555487325475e-01
4.205487074064610169e+03 1.012627401339336375e+00
4.205508944779114245e+03 1.003703883569516231e+00
4.205530815607357908e+03 9.933767662783273833e-01
4.205552686549342070e+03 9.940638036861711990e-01
4.205574557605065820e+03 9.911952711917314529e-01
4.205596428774530068e+03 9.999486193273459111e-01
4.205618300057735723e+03 9.957893704551409320e-01
4.205640171454684605e+03 1.008833763640899939e+00
4.205662042965374894e+03 1.002983612159746629e+00
4.205683914589808410e+03 1.006221639306940752e+00
4.205705786327986971e+03 9.941390934411892255e-01
4.205727658179908758e+03 9.999235772811664313e-01
4.205749530145575591e+03 1.006583156580181271e+00
4.205771402224988378e+03 1.003192565108367296e+00
4.205793274418146211e+03 9.973587075506281652e-01
4.205815146725051818e+03 1.000751032915780936e+00
4.205837019145705199e+03 9.980713972268627776e-01
4.205858891680106353e+03 9.936873899495396456e-01
4.205880764328255282e+03 1.001605180009133012e+00
4.205902637090152894e+03 1.003773153195635093e+00
4.205924509965801008e+03 9.972051048030102782e-01
4.205946382955200534e+03 1.007618019226647954e+00
4.205968256058349652e+03 9.991933017376364301e-01
4.205990129275250183e+03 1.001921901238945756e+00
4.206012002605903035e+03 1.004281387405978831e+00
4.206033876050308209e+03 9.967569230319563989e-01
4.206055749608467522e+03 9.933236586701922333e-01
4.206077623280380067e+03 1.000739519983827375e+00
4.206099497066046752e+03 1.008609925011351161e+00
4.206121370965468486e+03 9.956743129388372360e-01
4.206143244978647090e+03 9.993507098545658662e-01
4.206165119105580743e+03 9.927869007711465077e-01
4.206186993346272175e+03 1.000953897701492679e+00
4.206208867700719566e+03 9.920658462605379535e-01
4.206230742168925644e+03 1.001615063333892497e+00
4.206252616750891320e+03 1.006617587798769753e+00
4.206274491446614775e+03 9.932124318811207386e-01
4.206296366256098736e+03 1.005630846839141945e+00
4.206318241179342294e+03 1.002893066119243226e+00
4.206340116216347269e+03 9.985495625415939935e-01
4.206361991367113660e+03 1.003016939511215622e+00
4.206383866631642377e+03 1.004666086711466955e+00
4.206405742009934329e+03 1.001708450497029501e+00
4.206427617501988607e+03 1.003556124837875707e+00
4.206449493107807029e+03 9.983220146130141748e-01
4.206471368827390506e+03 9.974757767584870871e-01
4.206493244660739037e+03 1.002029353396690414e+00
4.206515120607851713e+03 9.955372304265818206e-01
4.206536996668732172e+03 1.005601531868940857e+00
4.206558872843379504e+03 1.005773692164966482e+00
4.206580749131794619e+03 1.001570408064423878e+00
4.206602625533976607e+03 9.921504781050334287e-01
4.206624502049928196e+03 1.006164510317060223e+00
4.206646378679648478e+03 1.000915774394645963e+00
4.206668255423138362e+03 1.000305476465151999e+00
4.206690132280398757e+03 9.998937042040471068e-01
4.206712009251430572e+03 9.939699212512036475e-01
4.206733886336233809e+03 9.992705377098531905e-01
4.206755763534809375e+03 9.949627191796571735e-01
4.206777640847157272e+03 1.001802982366242656e+00
4.206799518273278409e+03 1.003274935724562944e+00
4.206821395813174604e+03 9.942009054206322194e-01
4.206843273466844948e+03 9.987761223501036012e-01
4.206865151234289442e+03 9.921943572067156714e-01
4.206887029115510813e+03 9.983057894356482942e-01
4.206908907110508153e+03 1.006650993539891958e+00
4.206930785219282370e+03 9.950753211496509154e-01
4.206952663441834375e+03 9.963143623865506893e-01
4.206974541778164166e+03 1.000632275695798157e+00
4.206996420228272655e+03 1.000200992230709351e+00
4.207018298792159840e+03 1.002430124899971853e+00
4.207040177469828450e+03 9.961733466055209263e-01
4.207062056261275757e+03 1.003249074354579440e+00
4.207083935166505398e+03 9.969064103936187138e-01
4.207105814185516465e+03 9.993496751037229675e-01
4.207127693318309866e+03 1.000332644031131091e+00
4.207149572564885602e+03 9.956647240250042774e-01
4.207171451925245492e+03 1.000337934516961624e+00
4.207193331399388626e+03 1.001244736345829445e+00
4.207215210987316823e+03 9.925865078576978640e-01
4.207237090689030083e+03 9.984326148357055564e-01
4.207258970504529316e+03 1.000935640593557219e+00
4.207280850433814521e+03 1.000251366419822707e+00
4.207302730476887518e+03 1.008696358307081375e+00
4.207324610633747398e+03 9.981260431275130740e-01
4.207346490904395068e+03 9.955436806213296963e-01
4.207368371288832350e+03 1.008069820753818124e+00
4.207390251787059242e+03 1.004671643437349493e+00
4.207412132399075745e+03 9.980448477375480909e-01
4.207434013124881858e+03 9.966531805265621546e-01
4.207455893964480310e+03 9.992225207136433696e-01
4.207477774917869283e+03 9.994401294593200369e-01
4.207499655985051504e+03 1.000388072350566926e+00
4.207521537166026974e+03 1.002034985946262058e+00
4.207543418460794783e+03 1.007797146542640743e+00
4.207565299869356750e+03 1.006874798241579105e+00
4.207587181391714694e+03 1.006266289989991458e+00
4.207609063027866796e+03 1.003977212111129003e+00
4.207630944777815785e+03 1.003696558988555587e+00
4.207652826641559841e+03 1.004422365160084984e+00
4.207674708619101693e+03 1.004136982295410485e+00
4.207696590710441342e+03 1.001537754922861678e+00
