# star name zetOri, line HEII4686
# instrument: HERMES spectrograph @Mercator
# date of observation (midpoint)2018-10-12T03:00:28.387682
# BJD of observation (midpoint)2458403.6274701
# name of fits file: 00897756_HRF_OBJ_ext_CosmicsRemoved_log_merged_c.fits
# 
# wavelength(Angstrom,air) normalised_flux
4.680023115402233998e+03 1.001076514138221185e+00
4.680047453950333875e+03 1.002494590596727297e+00
4.680071792625005401e+03 9.974079203080057354e-01
4.680096131426252214e+03 1.000867347441493527e+00
4.680120470354072495e+03 1.002258368327006099e+00
4.680144809408468063e+03 1.002644231021328158e+00
4.680169148589438919e+03 9.959069078557423182e-01
4.680193487896986881e+03 9.984889808824257695e-01
4.680217827331111039e+03 1.000752001557181803e+00
4.680242166891813213e+03 1.003696133160512760e+00
4.680266506579094312e+03 1.004587978725146380e+00
4.680290846392953426e+03 9.966114563511282443e-01
4.680315186333393285e+03 9.981823576747010929e-01
4.680339526400412069e+03 1.001514342396685908e+00
4.680363866594013416e+03 1.005211342194864965e+00
4.680388206914195507e+03 1.001923616308264542e+00
4.680412547360960161e+03 9.983082693481293290e-01
4.680436887934307379e+03 9.995230524048601684e-01
4.680461228634238068e+03 9.996583507002625435e-01
4.680485569460753140e+03 9.982837377761420994e-01
4.680509910413853504e+03 1.000922409134473057e+00
4.680534251493539159e+03 1.002357060248507459e+00
4.680558592699811925e+03 9.959160010816776598e-01
4.680582934032670892e+03 9.988338301474701808e-01
4.680607275492116969e+03 1.000819297401912777e+00
4.680631617078151976e+03 9.971114177834889958e-01
4.680655958790775912e+03 9.972401350445850854e-01
4.680680300629988778e+03 9.990769420542429113e-01
4.680704642595792393e+03 1.002810055140287870e+00
4.680728984688185847e+03 1.004959105110114104e+00
4.680753326907171868e+03 1.001554784286824429e+00
4.680777669252749547e+03 9.963725765826024761e-01
4.680802011724920703e+03 1.001955838041267421e+00
4.680826354323684427e+03 1.000148908432438422e+00
4.680850697049042537e+03 1.000589659143782839e+00
4.680875039900995944e+03 9.937586096105293088e-01
4.680899382879544646e+03 9.908874677032964984e-01
4.680923725984689554e+03 9.986307267441951740e-01
4.680948069216430667e+03 1.005089842227399055e+00
4.680972412574769805e+03 1.001920578357696101e+00
4.680996756059706968e+03 9.983042669834126803e-01
4.681021099671242155e+03 9.969596024874050055e-01
4.681045443409377185e+03 9.979012203919285229e-01
4.681069787274112969e+03 1.002972997908925246e+00
4.681094131265448596e+03 1.002384382662540485e+00
4.681118475383385885e+03 9.994459961310990792e-01
4.681142819627925746e+03 9.989256973610232127e-01
4.681167163999067270e+03 9.931379250714186258e-01
4.681191508496813185e+03 9.953362210064800042e-01
4.681215853121162581e+03 9.938463959090704236e-01
4.681240197872116369e+03 9.959870764000477994e-01
4.681264542749676366e+03 1.004798970008708103e+00
4.681288887753841664e+03 1.003467609646351510e+00
4.681313232884614081e+03 9.991295781704988554e-01
4.681337578141992708e+03 9.951856345681242555e-01
4.681361923525980274e+03 1.002304533355774296e+00
4.681386269036576778e+03 9.945093793880565025e-01
4.681410614673782220e+03 9.917621775095446512e-01
4.681434960437596601e+03 9.963989327499614967e-01
4.681459306328022649e+03 9.978413455528726272e-01
4.681483652345060364e+03 9.977277501729866493e-01
4.681507998488708836e+03 9.995743782720654114e-01
4.681532344758970794e+03 9.991026432425321735e-01
4.681556691155845328e+03 1.000172322320440399e+00
4.681581037679334258e+03 1.000772673325541318e+00
4.681605384329437584e+03 1.001333052880180263e+00
4.681629731106156214e+03 9.968594486075376127e-01
4.681654078009490149e+03 9.954071956756482820e-01
4.681678425039441208e+03 9.998748313707792601e-01
4.681702772196009391e+03 1.000546511655221460e+00
4.681727119479195608e+03 9.997057376040556775e-01
4.681751466888999857e+03 1.000013589366088196e+00
4.681775814425423050e+03 1.001394866138059836e+00
4.681800162088467005e+03 9.996552369102528202e-01
4.681824509878130812e+03 1.000523902094110351e+00
4.681848857794415380e+03 1.000177667638156631e+00
4.681873205837322530e+03 9.938407587334651128e-01
4.681897554006851351e+03 9.995584836931459272e-01
4.681921902303003662e+03 1.000984995208239914e+00
4.681946250725780374e+03 9.959344189474756970e-01
4.681970599275180575e+03 9.966352754330386476e-01
4.681994947951206086e+03 9.932545630555172922e-01
4.682019296753857816e+03 9.921740417858330163e-01
4.682043645683135765e+03 9.963744363687201400e-01
4.682067994739040842e+03 9.981600047160567035e-01
4.682092343921573047e+03 1.002000994403434930e+00
4.682116693230734199e+03 9.962392637783960003e-01
4.682141042666524299e+03 9.978779235028418793e-01
4.682165392228944256e+03 9.977022534463404480e-01
4.682189741917994070e+03 9.975220951223878751e-01
4.682214091733675559e+03 1.000371753917512319e+00
4.682238441675987815e+03 9.982409195721260176e-01
4.682262791744932656e+03 9.981668426865315524e-01
4.682287141940510992e+03 9.999144456018332905e-01
4.682311492262722822e+03 9.976758695755920670e-01
4.682335842711569057e+03 9.966316925702218832e-01
4.682360193287049697e+03 9.974120585016880147e-01
4.682384543989166559e+03 1.000191779944862969e+00
4.682408894817919645e+03 9.995960285129972256e-01
4.682433245773309864e+03 9.935031444754960361e-01
4.682457596855337215e+03 9.958185161432996368e-01
4.682481948064002609e+03 9.957330533653483418e-01
4.682506299399306954e+03 9.947456168771839913e-01
4.682530650861252070e+03 9.936777570186808850e-01
4.682555002449836138e+03 9.991805485664050357e-01
4.682579354165061886e+03 9.927678000020198068e-01
4.682603706006928405e+03 9.887331485797068442e-01
4.682628057975437514e+03 9.986351270249586021e-01
4.682652410070589212e+03 1.001649098088596368e+00
4.682676762292385320e+03 9.980414774295826019e-01
4.682701114640824926e+03 9.951110907333680089e-01
4.682725467115908941e+03 9.969889760425405534e-01
4.682749819717639184e+03 9.977001463207739729e-01
4.682774172446015655e+03 9.977129040269296922e-01
4.682798525301038353e+03 9.989633175660880271e-01
4.682822878282709098e+03 9.975297410731678305e-01
4.682847231391027890e+03 9.968257449848614282e-01
4.682871584625995638e+03 1.001214522865221390e+00
4.682895937987612342e+03 1.002486109728698338e+00
4.682920291475878912e+03 9.978416864110520867e-01
4.682944645090797167e+03 9.963869794002634395e-01
4.682968998832366196e+03 9.966746464595782617e-01
4.682993352700587820e+03 9.951334575200103671e-01
4.683017706695462039e+03 9.977276999675116498e-01
4.683042060816988851e+03 9.989409295635933717e-01
4.683066415065170986e+03 9.963020929893219302e-01
4.683090769440006625e+03 9.957385198569431717e-01
4.683115123941498496e+03 9.960416564296890041e-01
4.683139478569646599e+03 9.975825268845199822e-01
4.683163833324450934e+03 9.965361700023507296e-01
4.683188188205912411e+03 9.994591218670236810e-01
4.683212543214031939e+03 9.936039123813589224e-01
4.683236898348810428e+03 9.994137059977385995e-01
4.683261253610248787e+03 1.001676991510017878e+00
4.683285608998346106e+03 1.001473844973580940e+00
4.683309964513105115e+03 1.003406506989334535e+00
4.683334320154524903e+03 1.001817415911746556e+00
4.683358675922606380e+03 1.002192751935343962e+00
4.683383031817350457e+03 1.000611639078425652e+00
4.683407387838758041e+03 9.980137158497836003e-01
4.683431743986830043e+03 9.988570918744816840e-01
4.683456100261565553e+03 9.956259824126768576e-01
4.683480456662967299e+03 9.956666071088255965e-01
4.683504813191034373e+03 9.986729059759320570e-01
4.683529169845768592e+03 1.001589265646597005e+00
4.683553526627169958e+03 9.999254377269325422e-01
4.683577883535239380e+03 1.001915183564492606e+00
4.683602240569976857e+03 1.004104174082176781e+00
4.683626597731383299e+03 1.000136276134037550e+00
4.683650955019460525e+03 9.961229746569808530e-01
4.683675312434207626e+03 9.918875631777023250e-01
4.683699669975626421e+03 9.927699600632174937e-01
4.683724027643715999e+03 9.952365409092227555e-01
4.683748385438479090e+03 9.925280162892505809e-01
4.683772743359915694e+03 9.953777178440063045e-01
4.683797101408024901e+03 9.994552509523930706e-01
4.683821459582809439e+03 9.963987594003819170e-01
4.683845817884269309e+03 9.968630735042071089e-01
4.683870176312404510e+03 9.976622676676194512e-01
4.683894534867215953e+03 9.917502230001471464e-01
4.683918893548704546e+03 9.906509246300871929e-01
4.683943252356871199e+03 9.967398897347991005e-01
4.683967611291716821e+03 9.952401967535112748e-01
4.683991970353240504e+03 9.908143770185955379e-01
4.684016329541444975e+03 9.862792586632225245e-01
4.684040688856329325e+03 9.917005130234116672e-01
4.684065048297894464e+03 9.908844487068886320e-01
4.684089407866141300e+03 9.868248523401846883e-01
4.684113767561070745e+03 9.911550398232329417e-01
4.684138127382683706e+03 9.885394238959620550e-01
4.684162487330980184e+03 9.898743433224015398e-01
4.684186847405960179e+03 9.880812058173273904e-01
4.684211207607626420e+03 9.911981080727372273e-01
4.684235567935977997e+03 9.876087152753556531e-01
4.684259928391015819e+03 9.857975880307455752e-01
4.684284288972739887e+03 9.852449130512027642e-01
4.684308649681152929e+03 9.825201349542758145e-01
4.684333010516253125e+03 9.847851200944300887e-01
4.684357371478043206e+03 9.842911352125292002e-01
4.684381732566522260e+03 9.832892497407754728e-01
4.684406093781692107e+03 9.846257529144619713e-01
4.684430455123552747e+03 9.844444289456411035e-01
4.684454816592105090e+03 9.804051565830702586e-01
4.684479178187349135e+03 9.818201911744317556e-01
4.684503539909286701e+03 9.784887618684026123e-01
4.684527901757917789e+03 9.733790546047998982e-01
4.684552263733243308e+03 9.768849332731611712e-01
4.684576625835263258e+03 9.782761081860288366e-01
4.684600988063978548e+03 9.763852234369502225e-01
4.684625350419390998e+03 9.769219893987706183e-01
4.684649712901499697e+03 9.736586725904670114e-01
4.684674075510306466e+03 9.683362950751520648e-01
4.684698438245810394e+03 9.719619619670285537e-01
4.684722801108014210e+03 9.682561653762984388e-01
4.684747164096917004e+03 9.684014292173246385e-01
4.684771527212520596e+03 9.706912826455506016e-01
4.684795890454824075e+03 9.698194445010931419e-01
4.684820253823830171e+03 9.674090762279966560e-01
4.684844617319537974e+03 9.654259907586182354e-01
4.684868980941948394e+03 9.582439055699332187e-01
4.684893344691062339e+03 9.553825923278025378e-01
4.684917708566879810e+03 9.631848310977585426e-01
4.684942072569402626e+03 9.603281911402022919e-01
4.684966436698631696e+03 9.644566237966583078e-01
4.684990800954566112e+03 9.568226208449323034e-01
4.685015165337206781e+03 9.598556733365040117e-01
4.685039529846555524e+03 9.582713111565113184e-01
4.685063894482612341e+03 9.521430499394263336e-01
4.685088259245378140e+03 9.496513007750814195e-01
4.685112624134852922e+03 9.525267612952189600e-01
4.685136989151037596e+03 9.539716152725551401e-01
4.685161354293933073e+03 9.485419193169714047e-01
4.685185719563540260e+03 9.473424918322649324e-01
4.685210084959860069e+03 9.479993729501243749e-01
4.685234450482891589e+03 9.483914533145720860e-01
4.685258816132636639e+03 9.496290618994015498e-01
4.685283181909096129e+03 9.478558083378811894e-01
4.685307547812270059e+03 9.442700109725715718e-01
4.685331913842159338e+03 9.472974916125083134e-01
4.685356279998763966e+03 9.415745986634334042e-01
4.685380646282085763e+03 9.381607551317296956e-01
4.685405012692125638e+03 9.409528454107852768e-01
4.685429379228882681e+03 9.379751393488903188e-01
4.685453745892357801e+03 9.380166199620153522e-01
4.685478112682552819e+03 9.354014161002701666e-01
4.685502479599468643e+03 9.312611084682517193e-01
4.685526846643103454e+03 9.344661564457115155e-01
4.685551213813460890e+03 9.326534636512255894e-01
4.685575581110539133e+03 9.282090467720744975e-01
4.685599948534340911e+03 9.317456457783072077e-01
4.685624316084865313e+03 9.293606767683875169e-01
4.685648683762114160e+03 9.325569333790477700e-01
4.685673051566087452e+03 9.322944104596297965e-01
4.685697419496786097e+03 9.301608280231526971e-01
4.685721787554210096e+03 9.271545451557535733e-01
4.685746155738360358e+03 9.232697647809928743e-01
4.685770524049238702e+03 9.256541282516698166e-01
4.685794892486844219e+03 9.260453518181375188e-01
4.685819261051178728e+03 9.226179304490164101e-01
4.685843629742242229e+03 9.247351935516638921e-01
4.685867998560035630e+03 9.212602930912809907e-01
4.685892367504559843e+03 9.200761080753282473e-01
4.685916736575814866e+03 9.215926747921893147e-01
4.685941105773801610e+03 9.166304450234042944e-01
4.685965475098520983e+03 9.205205673760218366e-01
4.685989844549972986e+03 9.206030467195031042e-01
4.686014214128159438e+03 9.185718441714902927e-01
4.686038583833080338e+03 9.169931067313910056e-01
4.686062953664735687e+03 9.209420178059951612e-01
4.686087323623127304e+03 9.194140114708220235e-01
4.686111693708255189e+03 9.186232200022939054e-01
4.686136063920120250e+03 9.183916642602016900e-01
4.686160434258723399e+03 9.130673097156782880e-01
4.686184804724064634e+03 9.159720160396919164e-01
4.686209175316144865e+03 9.197808757300236504e-01
4.686233546034964093e+03 9.200087675038022272e-01
4.686257916880525045e+03 9.155621793673089925e-01
4.686282287852825903e+03 9.155326431657546671e-01
4.686306658951869395e+03 9.157324963656091610e-01
4.686331030177654611e+03 9.164883349071496488e-01
4.686355401530183372e+03 9.199288785601748009e-01
4.686379773009455675e+03 9.236985942238085112e-01
4.686404144615471523e+03 9.222744579604517101e-01
4.686428516348233643e+03 9.210199280533134525e-01
4.686452888207740216e+03 9.216827313271598321e-01
4.686477260193993970e+03 9.189377200301377391e-01
4.686501632306993997e+03 9.194285025565094305e-01
4.686526004546742115e+03 9.191789040265637700e-01
4.686550376913238324e+03 9.225648453548951355e-01
4.686574749406484443e+03 9.271136007736686668e-01
4.686599122026478653e+03 9.297699027691649354e-01
4.686623494773223683e+03 9.304101992546006672e-01
4.686647867646720442e+03 9.267047621048175587e-01
4.686672240646968021e+03 9.271625995704625423e-01
4.686696613773968238e+03 9.269821413929555387e-01
4.686720987027720184e+03 9.359930801476786799e-01
4.686745360408226588e+03 9.330228716846183934e-01
4.686769733915487450e+03 9.302462856118822732e-01
4.686794107549502769e+03 9.379356825394228325e-01
4.686818481310274365e+03 9.303192875481515189e-01
4.686842855197801327e+03 9.386588155653389220e-01
4.686867229212085476e+03 9.425680030847334301e-01
4.686891603353126811e+03 9.443650557422226255e-01
4.686915977620927151e+03 9.418667233294880647e-01
4.686940352015485587e+03 9.356408779527626285e-01
4.686964726536803937e+03 9.448057063425572277e-01
4.686989101184882202e+03 9.424151934658380192e-01
4.687013475959721291e+03 9.441456167760697848e-01
4.687037850861322113e+03 9.472718750425952461e-01
4.687062225889684669e+03 9.494149501636511834e-01
4.687086601044809868e+03 9.491230779022008512e-01
4.687110976326698619e+03 9.478528342395576844e-01
4.687135351735351833e+03 9.462181278877042079e-01
4.687159727270769508e+03 9.491675642614413322e-01
4.687184102932953465e+03 9.536258471196541464e-01
4.687208478721902793e+03 9.569044199929191974e-01
4.687232854637618402e+03 9.549046172151369749e-01
4.687257230680102111e+03 9.596755806457366589e-01
4.687281606849353921e+03 9.587637845667333902e-01
4.687305983145373830e+03 9.591058890906123402e-01
4.687330359568163658e+03 9.573396538160116043e-01
4.687354736117723405e+03 9.655628895749286400e-01
4.687379112794053981e+03 9.622406898039228551e-01
4.687403489597155385e+03 9.583934023221595266e-01
4.687427866527029437e+03 9.614886718540148758e-01
4.687452243583676136e+03 9.610427509527563750e-01
4.687476620767095483e+03 9.638962216941197036e-01
4.687500998077289296e+03 9.661748143238171327e-01
4.687525375514258485e+03 9.648166507614864829e-01
4.687549753078002141e+03 9.649906203633713542e-01
4.687574130768522082e+03 9.637027700713260980e-01
4.687598508585818308e+03 9.672413128030125096e-01
4.687622886529891730e+03 9.692019702158213290e-01
4.687647264600743256e+03 9.654307774065912229e-01
4.687671642798373796e+03 9.694553261850122894e-01
4.687696021122783350e+03 9.736936361221886216e-01
4.687720399573972827e+03 9.726014114576811975e-01
4.687744778151943137e+03 9.669411963630903939e-01
4.687769156856694281e+03 9.717176013351010999e-01
4.687793535688228076e+03 9.718882467420308924e-01
4.687817914646543613e+03 9.729647518248690785e-01
4.687842293731642712e+03 9.739285935012365059e-01
4.687866672943525373e+03 9.700479648844152480e-01
4.687891052282193414e+03 9.716010175572643570e-01
4.687915431747645925e+03 9.737576767866149563e-01
4.687939811339884727e+03 9.753550349495058169e-01
4.687964191058909819e+03 9.752660306912455113e-01
4.687988570904722110e+03 9.809907270054949446e-01
4.688012950877321600e+03 9.774513663174472233e-01
4.688037330976711019e+03 9.760234491900421361e-01
4.688061711202888546e+03 9.785786792391868438e-01
4.688086091555856001e+03 9.761082958465411297e-01
4.688110472035614293e+03 9.750609025207435110e-01
4.688134852642163423e+03 9.776988168630813547e-01
4.688159233375504300e+03 9.839520449655224654e-01
4.688183614235637833e+03 9.820651270999544158e-01
4.688207995222564932e+03 9.840406205537517437e-01
4.688232376336285597e+03 9.845495167202862330e-01
4.688256757576799828e+03 9.834878521508001459e-01
4.688281138944110353e+03 9.811644145538747086e-01
4.688305520438216263e+03 9.882759773016966953e-01
4.688329902059117558e+03 9.862045029986503675e-01
4.688354283806816966e+03 9.839436889869538350e-01
4.688378665681314487e+03 9.823636253736848234e-01
4.688403047682609213e+03 9.867877888087382976e-01
4.688427429810703870e+03 9.849427983587977220e-01
4.688451812065598460e+03 9.834095720123318118e-01
4.688476194447292983e+03 9.852409189883498675e-01
4.688500576955788347e+03 9.876125015731612722e-01
4.688524959591085462e+03 9.872507584763646760e-01
4.688549342353185239e+03 9.907568345735439097e-01
4.688573725242087676e+03 9.929352075137415357e-01
4.688598108257793683e+03 9.986295005963122806e-01
4.688622491400304170e+03 9.907779467272974649e-01
4.688646874669620047e+03 9.869153136696997564e-01
4.688671258065741313e+03 9.873350394697097965e-01
4.688695641588668877e+03 9.879168151895546535e-01
4.688720025238403650e+03 9.900990532813365164e-01
4.688744409014945631e+03 9.929488833408172122e-01
4.688768792918295730e+03 9.960853515166844252e-01
4.688793176948455766e+03 9.951903981421935663e-01
4.688817561105423920e+03 9.929993509150669695e-01
4.688841945389203829e+03 9.924404671009890988e-01
4.688866329799793675e+03 9.936033785496033444e-01
4.688890714337195277e+03 9.950113391576518307e-01
4.688915099001409544e+03 9.955771167875252514e-01
4.688939483792436477e+03 9.960062333380923505e-01
4.688963868710276984e+03 9.935178686756864774e-01
4.688988253754931975e+03 9.966376804722743010e-01
4.689012638926401451e+03 9.986602464072367180e-01
4.689037024224686320e+03 9.956314902009506529e-01
4.689061409649787493e+03 9.986285895302225990e-01
4.689085795201705878e+03 1.000906999757019245e+00
4.689110180880441476e+03 9.996438655307611221e-01
4.689134566685995196e+03 9.960408884881164493e-01
4.689158952618367948e+03 9.963037168045552061e-01
4.689183338677560641e+03 9.954881130423456348e-01
4.689207724863573276e+03 9.936379132048256402e-01
4.689232111176405851e+03 9.996696425671250941e-01
4.689256497616061097e+03 9.982320690445730671e-01
4.689280884182537193e+03 9.972825692286522159e-01
4.689305270875836868e+03 1.002785336875010369e+00
4.689329657695960123e+03 9.960991717177799520e-01
4.689354044642907866e+03 9.965504183968842966e-01
4.689378431716679188e+03 9.995265640457146050e-01
4.689402818917276818e+03 1.001119922694396980e+00
4.689427206244700756e+03 9.996632373818359341e-01
4.689451593698951001e+03 1.003245420890263695e+00
4.689475981280028464e+03 1.002236368237770403e+00
4.689500368987934053e+03 9.996343247355333750e-01
4.689524756822668678e+03 9.960384554559177372e-01
4.689549144784232340e+03 1.001983546320341034e+00
4.689573532872625947e+03 1.002192954482731713e+00
4.689597921087851319e+03 1.003172843967784944e+00
4.689622309429906636e+03 9.975177192380310087e-01
4.689646697898794628e+03 1.001803206640911048e+00
4.689671086494515293e+03 9.995566996666932491e-01
4.689695475217069543e+03 1.000546909797141337e+00
4.689719864066457376e+03 9.986790597117800594e-01
4.689744253042680612e+03 1.001639273822410470e+00
4.689768642145738340e+03 9.980987924719572080e-01
4.689793031375632381e+03 9.988764118213566690e-01
4.689817420732363644e+03 9.946661750167060667e-01
4.689841810215931218e+03 9.974727987520883854e-01
4.689866199826337834e+03 1.001674853821890254e+00
4.689890589563581671e+03 1.002120935402909696e+00
4.689914979427666367e+03 1.000870659736450730e+00
4.689939369418590104e+03 9.955407743262925102e-01
4.689963759536354701e+03 9.973937917037868361e-01
4.689988149780960157e+03 1.002491033114835339e+00
4.690012540152407382e+03 1.000347979397246512e+00
4.690036930650698196e+03 9.975352243737526381e-01
4.690061321275831688e+03 9.996619879335989500e-01
4.690085712027808768e+03 1.003742470474678905e+00
4.690110102906630345e+03 1.000494590570990106e+00
4.690134493912298240e+03 1.000656615727328225e+00
4.690158885044810631e+03 1.001976963692460476e+00
4.690183276304170249e+03 9.997944555878662820e-01
4.690207667690377093e+03 1.002753155097581894e+00
4.690232059203432073e+03 1.004409065122728206e+00
4.690256450843335188e+03 1.004253523440479468e+00
4.690280842610087348e+03 9.974949992870537629e-01
4.690305234503689462e+03 1.000806355537336101e+00
4.690329626524142441e+03 1.000119298005562873e+00
4.690354018671446283e+03 1.001260164605128899e+00
4.690378410945601900e+03 1.001029307794774281e+00
4.690402803346610199e+03 9.995922282614690957e-01
4.690427195874471181e+03 9.983678740214397829e-01
4.690451588529186665e+03 1.000024653485487969e+00
4.690475981310755742e+03 1.000027096873389532e+00
4.690500374219181140e+03 9.971091492246860755e-01
4.690524767254461040e+03 9.975491716723552393e-01
4.690549160416598170e+03 1.002004077482582689e+00
4.690573553705592531e+03 1.001858180268814458e+00
4.690597947121444122e+03 9.981540658543223143e-01
4.690622340664153853e+03 9.996435052217776951e-01
4.690646734333723543e+03 9.991289777180347720e-01
4.690671128130152283e+03 1.000060995806470121e+00
4.690695522053441891e+03 1.001190879307942927e+00
4.690719916103592368e+03 9.981632084578645481e-01
4.690744310280604623e+03 9.983985359041342988e-01
4.690768704584478655e+03 1.002094272444137735e+00
4.690793099015216285e+03 1.002648047897934935e+00
4.690817493572817511e+03 1.001495590072804642e+00
4.690841888257283244e+03 1.002382510493447398e+00
4.690866283068613484e+03 1.003830130621784500e+00
4.690890678006810049e+03 1.003392664985906846e+00
4.690915073071872939e+03 1.001925529782683899e+00
4.690939468263802155e+03 9.970662876450135936e-01
4.690963863582599515e+03 9.951874874849893082e-01
4.690988259028265020e+03 9.996427062462919233e-01
4.691012654600799578e+03 9.998173460534476309e-01
4.691037050300204100e+03 9.992339290442573407e-01
4.691061446126478586e+03 9.979829203386362257e-01
4.691085842079623944e+03 9.995596692818367046e-01
4.691110238159641085e+03 1.000467236302122531e+00
4.691134634366530008e+03 9.982027702416698123e-01
4.691159030700292533e+03 1.000414567711386260e+00
4.691183427160928659e+03 9.996459295234644271e-01
4.691207823748438386e+03 9.998809901229751551e-01
4.691232220462823534e+03 9.985046448625293225e-01
4.691256617304084102e+03 9.984418186426415875e-01
4.691281014272221000e+03 1.001803846318153779e+00
4.691305411367235138e+03 9.965217812018556387e-01
4.691329808589125605e+03 9.975489323587468649e-01
4.691354205937895131e+03 9.995489607856432590e-01
4.691378603413543715e+03 9.990333494846932449e-01
4.691403001016071357e+03 1.000741935364898083e+00
4.691427398745479877e+03 9.980800746852648286e-01
4.691451796601768365e+03 9.996101048529640876e-01
4.691476194584938639e+03 9.975328691123448444e-01
4.691500592694991610e+03 9.964101200162582828e-01
4.691524990931927277e+03 1.001732354747975506e+00
4.691549389295745641e+03 1.000235598751071375e+00
4.691573787786449429e+03 9.982424990251572705e-01
4.691598186404036824e+03 1.003344930415458691e+00
4.691622585148510552e+03 1.005845995878406507e+00
4.691646984019869706e+03 9.995716153557907546e-01
4.691671383018116103e+03 9.969113333874231042e-01
4.691695782143249744e+03 9.997063783258842706e-01
4.691720181395271538e+03 9.956867966474782783e-01
4.691744580774182396e+03 9.956693009550392492e-01
4.691768980279982316e+03 1.000217963390917841e+00
4.691793379912672208e+03 1.002725325840578385e+00
4.691817779672252982e+03 1.001316935054586743e+00
4.691842179558725547e+03 1.001521867964033863e+00
4.691866579572089904e+03 1.003270280406833193e+00
4.691890979712346962e+03 9.971881398111550610e-01
4.691915379979496720e+03 9.970117567189672458e-01
4.691939780373541907e+03 9.976472490642477320e-01
4.691964180894480705e+03 1.000063435515556653e+00
4.691988581542315842e+03 9.998361750669104708e-01
4.692012982317046408e+03 9.977649217159859640e-01
4.692037383218673313e+03 9.996453652061783046e-01
4.692061784247197465e+03 9.977793405818103922e-01
4.692086185402620686e+03 9.975627058864678931e-01
4.692110586684942064e+03 1.002980234985658692e+00
4.692134988094162509e+03 1.001771063220166624e+00
4.692159389630282931e+03 9.982433102190707563e-01
4.692183791293304239e+03 1.000134750070814427e+00
4.692208193083227343e+03 9.997415659670514376e-01
4.692232595000051333e+03 1.000995785212702716e+00
4.692256997043778938e+03 1.001501261452587777e+00
4.692281399214409248e+03 1.003879532710417521e+00
4.692305801511943173e+03 1.006256100396122122e+00
4.692330203936382532e+03 9.988380560427123633e-01
4.692354606487726414e+03 9.964878913271518757e-01
4.692379009165976640e+03 9.958619286506993351e-01
4.692403411971133210e+03 9.976978267862667282e-01
4.692427814903197941e+03 9.957130373382636623e-01
4.692452217962169925e+03 9.951151852445810908e-01
4.692476621148050071e+03 1.000884197290829114e+00
4.692501024460840199e+03 1.004824076464441385e+00
4.692525427900539398e+03 1.002908385982909323e+00
4.692549831467149488e+03 1.005058181608835088e+00
4.692574235160671378e+03 1.002255281034833301e+00
4.692598638981104159e+03 1.000031932576753047e+00
4.692623042928449649e+03 1.002752290225742415e+00
4.692647447002708759e+03 1.002058158310761504e+00
4.692671851203881488e+03 9.997206587476517026e-01
4.692696255531968745e+03 1.003294531757881192e+00
4.692720659986971441e+03 1.001051650906878088e+00
4.692745064568889575e+03 1.000630774883107588e+00
4.692769469277724056e+03 1.001501704765614509e+00
4.692793874113476704e+03 1.002315154194597824e+00
4.692818279076146609e+03 1.000283797226806604e+00
4.692842684165734681e+03 9.976844788888334925e-01
4.692867089382241829e+03 9.998075715753966808e-01
4.692891494725668963e+03 1.002086432155762985e+00
4.692915900196016082e+03 9.987757441016701376e-01
4.692940305793285006e+03 9.957851545998309684e-01
4.692964711517475735e+03 9.950772290522370556e-01
4.692989117368588268e+03 1.000096900630096819e+00
4.693013523346624424e+03 9.988195578069017921e-01
4.693037929451584205e+03 9.981633312279263315e-01
4.693062335683467609e+03 9.987419016326029020e-01
4.693086742042277365e+03 9.990349509786302651e-01
4.693111148528011654e+03 9.987652179739413549e-01
4.693135555140673205e+03 9.997490917615028394e-01
4.693159961880262017e+03 9.997284124414833606e-01
4.693184368746778091e+03 1.002675527172507852e+00
4.693208775740222336e+03 1.003661626845110399e+00
4.693233182860595662e+03 9.992849352403369023e-01
4.693257590107898977e+03 9.970668788629860613e-01
4.693281997482132283e+03 1.000962599620286886e+00
4.693306404983296488e+03 1.004302354757476312e+00
4.693330812611392503e+03 1.002347282777806159e+00
4.693355220366421236e+03 1.001926400932972694e+00
4.693379628248382687e+03 9.966517719214345039e-01
4.693404036257277767e+03 1.000451665082926933e+00
4.693428444393107384e+03 9.985685794066260224e-01
4.693452852655871538e+03 9.971981415981112651e-01
4.693477261045572050e+03 1.005066506715289743e+00
4.693501669562208008e+03 1.003784714134012601e+00
4.693526078205781232e+03 9.989936729257967718e-01
4.693550486976291722e+03 9.970904535403064539e-01
4.693574895873741298e+03 9.976573314875327725e-01
4.693599304898129049e+03 9.954718044756193374e-01
4.693623714049456794e+03 1.001324647648673682e+00
4.693648123327724534e+03 1.000412533086637357e+00
4.693672532732933178e+03 9.957762947900494765e-01
4.693696942265083635e+03 1.002150491334423021e+00
4.693721351924176815e+03 1.003454520056512145e+00
4.693745761710211809e+03 9.981924567256934555e-01
4.693770171623191345e+03 9.997907234939180654e-01
4.693794581663114514e+03 9.958689715742249371e-01
4.693818991829982224e+03 1.003405522554252194e+00
4.693843402123796295e+03 1.004667749042300162e+00
4.693867812544555818e+03 9.965214348117109600e-01
4.693892223092262611e+03 9.951867076307140403e-01
4.693916633766916675e+03 9.998175533618204325e-01
4.693941044568518919e+03 1.002958278491167254e+00
4.693965455497070252e+03 1.002851651666820665e+00
4.693989866552571584e+03 1.001940879819717134e+00
