# star name zetOri, line HEII5411
# instrument: HERMES spectrograph @Mercator
# date of observation (midpoint)2018-10-12T06:12:39.903623
# BJD of observation (midpoint)2458403.7609477
# name of fits file: 00897772_HRF_OBJ_ext_CosmicsRemoved_log_merged_c.fits
# 
# wavelength(Angstrom,air) normalised_flux
5.390018255721892274e+03 9.967844954549248682e-01
5.390046286613051961e+03 9.992777793451693702e-01
5.390074317649987279e+03 1.003143009916009465e+00
5.390102348832698226e+03 1.000346174421546719e+00
5.390130380161185712e+03 9.991598015081037953e-01
5.390158411635450648e+03 1.000091875058249702e+00
5.390186443255493032e+03 9.976439773158032320e-01
5.390214475021315593e+03 9.959688264151541626e-01
5.390242506932917422e+03 9.999078563600392044e-01
5.390270538990299428e+03 9.993581815057569484e-01
5.390298571193463431e+03 9.981788803365148066e-01
5.390326603542408520e+03 1.003233928581190870e+00
5.390354636037137425e+03 9.999925430070526478e-01
5.390382668677649235e+03 9.984853436941800719e-01
5.390410701463944861e+03 9.953008019311779808e-01
5.390438734396026121e+03 1.003855457839712528e+00
5.390466767473893015e+03 9.999229873851028794e-01
5.390494800697546452e+03 9.975871849535745683e-01
5.390522834066987343e+03 1.000498506335775417e+00
5.390550867582215687e+03 1.005198871732467802e+00
5.390578901243233304e+03 1.002106702637509228e+00
5.390606935050041102e+03 9.991681145968063227e-01
5.390634969002638172e+03 9.986197444859870043e-01
5.390663003101027243e+03 9.969113330743031298e-01
5.390691037345207405e+03 9.975740863003571546e-01
5.390719071735180478e+03 9.981202935906942075e-01
5.390747106270947370e+03 9.989064477357610938e-01
5.390775140952508082e+03 9.962606774685078825e-01
5.390803175779863523e+03 9.954762686222288215e-01
5.390831210753014602e+03 1.002049687786562115e+00
5.390859245871962230e+03 1.000630426836753628e+00
5.390887281136707315e+03 9.950985484694132577e-01
5.390915316547249859e+03 9.968895165569531258e-01
5.390943352103590769e+03 9.995466606107159535e-01
5.390971387805731865e+03 1.001311525083870446e+00
5.390999423653673148e+03 9.995159546899241576e-01
5.391027459647414616e+03 1.001593585692623467e+00
5.391055495786958090e+03 1.001914894838799475e+00
5.391083532072304479e+03 1.001440529470284391e+00
5.391111568503453782e+03 1.000619719274802089e+00
5.391139605080406909e+03 1.000267930291004692e+00
5.391167641803164770e+03 9.961162242203513983e-01
5.391195678671729183e+03 9.944733627902500039e-01
5.391223715686098330e+03 9.968918273645895889e-01
5.391251752846275849e+03 9.941444559349416066e-01
5.391279790152259920e+03 9.992723564061053443e-01
5.391307827604053273e+03 9.984040070237141240e-01
5.391335865201655906e+03 9.979271904706287222e-01
5.391363902945067821e+03 9.983832641311264355e-01
5.391391940834291745e+03 9.981769770018876775e-01
5.391419978869326769e+03 1.000291703100379292e+00
5.391448017050173803e+03 9.999564114984303975e-01
5.391476055376833756e+03 9.976852314803316135e-01
5.391504093849308447e+03 9.977900924821736517e-01
5.391532132467596966e+03 9.996525284637803876e-01
5.391560171231701133e+03 9.986028374055321288e-01
5.391588210141620948e+03 9.994375122030079162e-01
5.391616249197358229e+03 1.001149881238931449e+00
5.391644288398912977e+03 1.001092822869276810e+00
5.391672327746286101e+03 1.000252375589610665e+00
5.391700367239478510e+03 9.996291155254504179e-01
5.391728406878491114e+03 9.978156754234747128e-01
5.391756446663323914e+03 9.962813841695528083e-01
5.391784486593977817e+03 9.997506997695908559e-01
5.391812526670454645e+03 9.990580644317716974e-01
5.391840566892753486e+03 9.934876313626589406e-01
5.391868607260877070e+03 9.966401724269562390e-01
5.391896647774824487e+03 9.983409103177290911e-01
5.391924688434597556e+03 9.968817346389754475e-01
5.391952729240196277e+03 9.980144354867143131e-01
5.391980770191621559e+03 9.979328911232473454e-01
5.392008811288875222e+03 1.000873409678874726e+00
5.392036852531956356e+03 1.000237921530722440e+00
5.392064893920866780e+03 9.996183389030819377e-01
5.392092935455606494e+03 9.990831206875897541e-01
5.392120977136177316e+03 9.990047742367847983e-01
5.392149018962579248e+03 1.000640629284955008e+00
5.392177060934813198e+03 1.000489235108295238e+00
5.392205103052879167e+03 9.984849304587631869e-01
5.392233145316779883e+03 9.980272318569451961e-01
5.392261187726514436e+03 1.001468281619339651e+00
5.392289230282083736e+03 1.000296018681263499e+00
5.392317272983489602e+03 1.000661278755931249e+00
5.392345315830732034e+03 1.002038777607956233e+00
5.392373358823811031e+03 9.993497028001013804e-01
5.392401401962728414e+03 9.974161586698557791e-01
5.392429445247485091e+03 1.002831887978222314e+00
5.392457488678081063e+03 1.002559972992766557e+00
5.392485532254518148e+03 1.000006304271679358e+00
5.392513575976795437e+03 9.996230519835126449e-01
5.392541619844914749e+03 9.982956020392302898e-01
5.392569663858876993e+03 9.986245537329757616e-01
5.392597708018683079e+03 9.984937791202108670e-01
5.392625752324332097e+03 9.992562825449633479e-01
5.392653796775826777e+03 9.998511126687292805e-01
5.392681841373168027e+03 1.000848496972081225e+00
5.392709886116354028e+03 9.995964397562793202e-01
5.392737931005388418e+03 9.963740462200514347e-01
5.392765976040270289e+03 9.974978975753886479e-01
5.392794021221001458e+03 9.951394649732718811e-01
5.392822066547581926e+03 9.988005095743762718e-01
5.392850112020012602e+03 9.983042846210220533e-01
5.392878157638293487e+03 1.004983239544114726e+00
5.392906203402427309e+03 1.003189020182626345e+00
5.392934249312413158e+03 9.926952956798436034e-01
5.392962295368251944e+03 9.954454012298626919e-01
5.392990341569945485e+03 1.002368437842450000e+00
5.393018387917492873e+03 9.972050005266535067e-01
5.393046434410896836e+03 9.924798845432919459e-01
5.393074481050156464e+03 1.004141624917056941e+00
5.393102527835273577e+03 1.001678170701844062e+00
5.393130574766248174e+03 1.001165558213416906e+00
5.393158621843081164e+03 9.981070551247022138e-01
5.393186669065773458e+03 9.999162029070484126e-01
5.393214716434326874e+03 1.001807912917302978e+00
5.393242763948740503e+03 1.002642595459129815e+00
5.393270811609015254e+03 9.980013513226048127e-01
5.393298859415152947e+03 9.997662744860815742e-01
5.393326907367153581e+03 1.000989773205172462e+00
5.393354955465018975e+03 9.993174037889409611e-01
5.393383003708748220e+03 1.000696180864646623e+00
5.393411052098343134e+03 1.001509858101519601e+00
5.393439100633803719e+03 1.001158584530845275e+00
5.393467149315131792e+03 1.000161892432388955e+00
5.393495198142327354e+03 9.970731067824301075e-01
5.393523247115391314e+03 9.971192194009143028e-01
5.393551296234324582e+03 1.001922251061002855e+00
5.393579345499128067e+03 1.002911288128642830e+00
5.393607394909801769e+03 1.002077972749459089e+00
5.393635444466346598e+03 1.000743024146707683e+00
5.393663494168764373e+03 9.985306815231159705e-01
5.393691544017055094e+03 9.981382749625345996e-01
5.393719594011219669e+03 1.000005823760713231e+00
5.393747644151259010e+03 1.001842900851491303e+00
5.393775694437173115e+03 1.001759781089021972e+00
5.393803744868962895e+03 1.002968424736724762e+00
5.393831795446630167e+03 9.998066132538608874e-01
5.393859846170174933e+03 9.987386964924702681e-01
5.393887897039598101e+03 1.000462597030787881e+00
5.393915948054899673e+03 9.998267509314696655e-01
5.393943999216081465e+03 1.004313947630927517e+00
5.393972050523144389e+03 1.002431970682936324e+00
5.394000101976087535e+03 9.998623657316173530e-01
5.394028153574913631e+03 9.962591299529572897e-01
5.394056205319622677e+03 9.928221085500602561e-01
5.394084257210214673e+03 9.971683792827741311e-01
5.394112309246691439e+03 9.986442024200240519e-01
5.394140361429053883e+03 9.984611817844084580e-01
5.394168413757301096e+03 1.000067727095809822e+00
5.394196466231435807e+03 1.002770770671279399e+00
5.394224518851458015e+03 1.001932741384097936e+00
5.394252571617367721e+03 9.976956196961305201e-01
5.394280624529166744e+03 9.992867848375078799e-01
5.394308677586855993e+03 9.970212846797393835e-01
5.394336730790434558e+03 9.992681267805465506e-01
5.394364784139905169e+03 1.001987343966012300e+00
5.394392837635267824e+03 1.001015799159446829e+00
5.394420891276522525e+03 1.000915418579024774e+00
5.394448945063671090e+03 1.002795312132540806e+00
5.394476998996713519e+03 9.990461219420629924e-01
5.394505053075651631e+03 9.998386599540663999e-01
5.394533107300485426e+03 1.000694227384954393e+00
5.394561161671214904e+03 1.002170323601151214e+00
5.394589216187842794e+03 1.001453673089736096e+00
5.394617270850368186e+03 1.000292788926872012e+00
5.394645325658791990e+03 1.000996540560070036e+00
5.394673380613116024e+03 9.994267798589706597e-01
5.394701435713340288e+03 9.961678795386055274e-01
5.394729490959465693e+03 9.993301977970407979e-01
5.394757546351492238e+03 1.000540127401905899e+00
5.394785601889421741e+03 1.000199626385934515e+00
5.394813657573255114e+03 1.001249426222356798e+00
5.394841713402992355e+03 9.978833030371031532e-01
5.394869769378633464e+03 9.973369028245986367e-01
5.394897825500181170e+03 1.000513490774932013e+00
5.394925881767635474e+03 1.002604737445292882e+00
5.394953938180996374e+03 1.001794005755607841e+00
5.394981994740265691e+03 1.000751548420025117e+00
5.395010051445443423e+03 9.981334226939128085e-01
5.395038108296530481e+03 9.965973209296302704e-01
5.395066165293527774e+03 1.001843739521469878e+00
5.395094222436435302e+03 1.004548012906611332e+00
5.395122279725255794e+03 1.006740719450303301e+00
5.395150337159987430e+03 1.000774702126068894e+00
5.395178394740633848e+03 9.946707199533858512e-01
5.395206452467193230e+03 1.000094577877114865e+00
5.395234510339667395e+03 9.973007371966908785e-01
5.395262568358057251e+03 1.000351290129453563e+00
5.395290626522362800e+03 1.000924230115515234e+00
5.395318684832585859e+03 9.993445497417101642e-01
5.395346743288726429e+03 9.994861681979299028e-01
5.395374801890786330e+03 1.002584921458077760e+00
5.395402860638764651e+03 1.002821617804288135e+00
5.395430919532663211e+03 1.002531528243888248e+00
5.395458978572482920e+03 1.000940309877653256e+00
5.395487037758223778e+03 9.995446064325087532e-01
5.395515097089887604e+03 1.000059895493790707e+00
5.395543156567473488e+03 1.002063346683178313e+00
5.395571216190984160e+03 1.004984948082346952e+00
5.395599275960418709e+03 9.988328093939187191e-01
5.395627335875778954e+03 1.003377587226253587e+00
5.395655395937065805e+03 1.003652762180863300e+00
5.395683456144278352e+03 1.004035889099469170e+00
5.395711516497419325e+03 1.003106828460425204e+00
5.395739576996488722e+03 1.000890119903311115e+00
5.395767637641487454e+03 9.967111723635720955e-01
5.395795698432415520e+03 9.984187638173172008e-01
5.395823759369274740e+03 9.975261396804543379e-01
5.395851820452065112e+03 1.003479087213787979e+00
5.395879881680787548e+03 1.002992064796007998e+00
5.395907943055442956e+03 1.004466444832077476e+00
5.395936004576032246e+03 1.003013699961592398e+00
5.395964066242556328e+03 9.985138241141284787e-01
5.395992128055015201e+03 1.000137316592347947e+00
5.396020190013409774e+03 1.001607295574054923e+00
5.396048252117741868e+03 1.000169791640728167e+00
5.396076314368010571e+03 1.001242905392944804e+00
5.396104376764217704e+03 1.003084737813270566e+00
5.396132439306364176e+03 1.000187145593099514e+00
5.396160501994450897e+03 9.956972773527514864e-01
5.396188564828477865e+03 9.982917585297119700e-01
5.396216627808445992e+03 1.001578231128256613e+00
5.396244690934356186e+03 1.000198847401806868e+00
5.396272754206208447e+03 1.001692266383958696e+00
5.396300817624005504e+03 1.001953257410245657e+00
5.396328881187745537e+03 1.002685368843040381e+00
5.396356944897432186e+03 1.001978206499142932e+00
5.396385008753063630e+03 9.993918085361275239e-01
5.396413072754641689e+03 1.001518970048208557e+00
5.396441136902168182e+03 1.000195355060112812e+00
5.396469201195641290e+03 9.975062267892975676e-01
5.396497265635064650e+03 9.968942680041671389e-01
5.396525330220436445e+03 9.979280586741747783e-01
5.396553394951759401e+03 9.986576497877672765e-01
5.396581459829033520e+03 1.001745026749886636e+00
5.396609524852259710e+03 1.003199974941919814e+00
5.396637590021437973e+03 1.003702663983047083e+00
5.396665655336570126e+03 9.981325608950758488e-01
5.396693720797656169e+03 1.003612954079472042e+00
5.396721786404697013e+03 9.998105116578358542e-01
5.396749852157694477e+03 9.984841229111456329e-01
5.396777918056647650e+03 1.003888948864078312e+00
5.396805984101558352e+03 1.001795766491828887e+00
5.396834050292426582e+03 9.978311073394264819e-01
5.396862116629254160e+03 1.003716158177499373e+00
5.396890183112041086e+03 1.001397659208557167e+00
5.396918249740788269e+03 1.000445377414245440e+00
5.396946316515496619e+03 1.000308254021846421e+00
5.396974383436166136e+03 1.000267040470421254e+00
5.397002450502798638e+03 1.000763293893546679e+00
5.397030517715394126e+03 1.000726294706861141e+00
5.397058585073954418e+03 9.989177871492230798e-01
5.397086652578478606e+03 1.001115624904492352e+00
5.397114720228969418e+03 1.002565684756589137e+00
5.397142788025425943e+03 1.003794321750466789e+00
5.397170855967849093e+03 9.978939842232127377e-01
5.397198924056240685e+03 1.000648280338117369e+00
5.397226992290601629e+03 1.005357891175312934e+00
5.397255060670931016e+03 1.004098861273508447e+00
5.397283129197230664e+03 1.001972339501574716e+00
5.397311197869501484e+03 1.004559684997204716e+00
5.397339266687743475e+03 1.002523724255030446e+00
5.397367335651958456e+03 1.000228128996607957e+00
5.397395404762146427e+03 1.003990847862457958e+00
5.397423474018307388e+03 1.001974368087976464e+00
5.397451543420444068e+03 1.000779783058489913e+00
5.397479612968556467e+03 1.000411054404651168e+00
5.397507682662644584e+03 9.989092966584064426e-01
5.397535752502709329e+03 9.982697354395393408e-01
5.397563822488752521e+03 9.969576997184352862e-01
5.397591892620773251e+03 1.000842082184003834e+00
5.397619962898774247e+03 1.002334587432758717e+00
5.397648033322754600e+03 9.994163346748474730e-01
5.397676103892716128e+03 9.986907599117863521e-01
5.397704174608658832e+03 9.996965325237532340e-01
5.397732245470584530e+03 1.001170704384866550e+00
5.397760316478492314e+03 1.000686283050189918e+00
5.397788387632384911e+03 9.978283598146817646e-01
5.397816458932261412e+03 9.964528051477545834e-01
5.397844530378122727e+03 9.969759206368726812e-01
5.397872601969970674e+03 1.002875513172281075e+00
5.397900673707806163e+03 1.006840147460529966e+00
5.397928745591628285e+03 1.001711933679240607e+00
5.397956817621438859e+03 9.980935610176527861e-01
5.397984889797238793e+03 9.990878055722662854e-01
5.398012962119028998e+03 1.000751266765971037e+00
5.398041034586809474e+03 9.999525995711872062e-01
5.398069107200581129e+03 1.002950290675362011e+00
5.398097179960344874e+03 1.001482234263195048e+00
5.398125252866101619e+03 9.991440278534469144e-01
5.398153325917852271e+03 1.003642674294139114e+00
5.398181399115597742e+03 1.003113215761121779e+00
5.398209472459338031e+03 1.003678704021817802e+00
5.398237545949074047e+03 9.965491001844771768e-01
5.398265619584806700e+03 9.968895849270341669e-01
5.398293693366536900e+03 1.002336210270409866e+00
5.398321767294265555e+03 9.997436459584866375e-01
5.398349841367992667e+03 9.976416649185935182e-01
5.398377915587720054e+03 9.974730284100321587e-01
5.398405989953447715e+03 9.985416830907599683e-01
5.398434064465177471e+03 9.994833866537593536e-01
5.398462139122908411e+03 9.990770875333021550e-01
5.398490213926642355e+03 1.003241189252689125e+00
5.398518288876379302e+03 1.005370230535462817e+00
5.398546363972121071e+03 1.000880148379901247e+00
5.398574439213867663e+03 1.001571025129439185e+00
5.398602514601620896e+03 9.995965914603949232e-01
5.398630590135379862e+03 9.982599470172702771e-01
5.398658665815146378e+03 9.944886084993952435e-01
5.398686741640921355e+03 1.001159767766262920e+00
5.398714817612704792e+03 1.000707619713225194e+00
5.398742893730497599e+03 9.969704719445391383e-01
5.398770969994300685e+03 1.000119869761571634e+00
5.398799046404115870e+03 1.001803331427996158e+00
5.398827122959942244e+03 1.007243485474752287e+00
5.398855199661781626e+03 1.002175216717626993e+00
5.398883276509634015e+03 9.990574822958311341e-01
5.398911353503500322e+03 9.946770480984292728e-01
5.398939430643382366e+03 1.001085813433238103e+00
5.398967507929280146e+03 9.964063679698937914e-01
5.398995585361193662e+03 9.988920468901040239e-01
5.399023662939124733e+03 9.968127267118566115e-01
5.399051740663073360e+03 1.000007562622886148e+00
5.399079818533041362e+03 1.002504679251172481e+00
5.399107896549028737e+03 1.000252095830482135e+00
5.399135974711036397e+03 1.003359168498619391e+00
5.399164053019064340e+03 1.002691769774895825e+00
5.399192131473115296e+03 9.977952226040002204e-01
5.399220210073187445e+03 1.003957687978569213e+00
5.399248288819283516e+03 1.000547421638190881e+00
5.399276367711403509e+03 1.001372025145727873e+00
5.399304446749549243e+03 1.002260172516539427e+00
5.399332525933718898e+03 9.991622184687376507e-01
5.399360605263916113e+03 1.001524208787536230e+00
5.399388684740139979e+03 1.001656027695338569e+00
5.399416764362391405e+03 1.002253201853043230e+00
5.399444844130672209e+03 1.000004201591746078e+00
5.399472924044981482e+03 1.003498389243874023e+00
5.399501004105321954e+03 1.002053393451795449e+00
5.399529084311692714e+03 9.990647021590813859e-01
5.399557164664094671e+03 9.971319274184574644e-01
5.399585245162529645e+03 1.001010529296256335e+00
5.399613325806997636e+03 1.002868013035461248e+00
5.399641406597499554e+03 9.985711681027706899e-01
5.399669487534035397e+03 9.968476359526275976e-01
5.399697568616607896e+03 1.001409919139989890e+00
5.399725649845216140e+03 1.000245242869475248e+00
5.399753731219861038e+03 1.000718232830772658e+00
5.399781812740543501e+03 9.995482756209247421e-01
5.399809894407265347e+03 9.986862046987424746e-01
5.399837976220025666e+03 1.001606689008061490e+00
5.399866058178826279e+03 1.000183218540873886e+00
5.399894140283667184e+03 9.993283252547831008e-01
5.399922222534550201e+03 9.988851830326110903e-01
5.399950304931475330e+03 9.953752945206288949e-01
5.399978387474443480e+03 9.945340641378120905e-01
5.400006470163455560e+03 9.987092685278169402e-01
5.400034552998511572e+03 1.003508935255402301e+00
5.400062635979613333e+03 1.002194795228582569e+00
5.400090719106761753e+03 1.000759713701871112e+00
5.400118802379955923e+03 1.001202625272686220e+00
5.400146885799198571e+03 9.986970707512702328e-01
5.400174969364488788e+03 9.966113401183701592e-01
5.400203053075828393e+03 9.986618078539483134e-01
5.400231136933218295e+03 1.000894863160823212e+00
5.400259220936658494e+03 1.002411721762875407e+00
5.400287305086149900e+03 1.003528589655078740e+00
5.400315389381693421e+03 1.002573314436581819e+00
5.400343473823289969e+03 1.000326949693808531e+00
5.400371558410940452e+03 9.997869374806751530e-01
5.400399643144645779e+03 9.985124629443509203e-01
5.400427728024405042e+03 9.981697456097864407e-01
5.400455813050220968e+03 1.002368044510678624e+00
5.400483898222093558e+03 1.004456758475918310e+00
5.400511983540023721e+03 1.000822562359306556e+00
5.400540069004012366e+03 9.976037594720325030e-01
5.400568154614059495e+03 9.976676213654872560e-01
5.400596240370166015e+03 9.993770581593540703e-01
5.400624326272333747e+03 1.000265069549636898e+00
5.400652412320562689e+03 9.998877532280738833e-01
5.400680498514852843e+03 1.002611224793567235e+00
5.400708584855206936e+03 1.005833058030697336e+00
5.400736671341624060e+03 1.001030208601956906e+00
5.400764757974105123e+03 9.976300927035761656e-01
5.400792844752651945e+03 9.994934666808642509e-01
5.400820931677263616e+03 1.001123579006202080e+00
5.400849018747942864e+03 1.004014317234170006e+00
5.400877105964688781e+03 1.001255891539309717e+00
5.400905193327503184e+03 9.985835149144961509e-01
5.400933280836386075e+03 9.999451634138868394e-01
5.400961368491339272e+03 9.998209810968935463e-01
5.400989456292362775e+03 9.987487822106473345e-01
5.401017544239456583e+03 9.975480154114390041e-01
5.401045632332622517e+03 9.989479531471125995e-01
5.401073720571861486e+03 1.001498224433666095e+00
5.401101808957173489e+03 1.001052315684530791e+00
5.401129897488560346e+03 1.000872686624803887e+00
5.401157986166021146e+03 9.976234125312144485e-01
5.401186074989558620e+03 9.992560271622904500e-01
5.401214163959171856e+03 1.000073147657202233e+00
5.401242253074862674e+03 9.986399729573212092e-01
5.401270342336631984e+03 9.995018306148631959e-01
5.401298431744478876e+03 1.000604526935076732e+00
5.401326521298406078e+03 1.001739468977993708e+00
5.401354610998412682e+03 1.001694319899332664e+00
5.401382700844501414e+03 9.988223682179083740e-01
5.401410790836671367e+03 9.985910952654829531e-01
5.401438880974923450e+03 9.992022278592249673e-01
5.401466971259259481e+03 1.001658709147963844e+00
5.401495061689679460e+03 1.003408648878240772e+00
5.401523152266184297e+03 1.000996774940610345e+00
5.401551242988773993e+03 1.000071065005330606e+00
5.401579333857450365e+03 1.002948676142961348e+00
5.401607424872214324e+03 1.001223339488199082e+00
5.401635516033065869e+03 9.988610616928106367e-01
5.401663607340005910e+03 9.976845056286420821e-01
5.401691698793035357e+03 1.001149278467416082e+00
5.401719790392155119e+03 1.002900617649699733e+00
5.401747882137365195e+03 1.002019415705859284e+00
5.401775974028667406e+03 1.003811615414479830e+00
5.401804066066061750e+03 1.003404001444232474e+00
5.401832158249550048e+03 1.000860798670512919e+00
5.401860250579131389e+03 1.001260652765884718e+00
5.401888343054807592e+03 1.002318278171584698e+00
5.401916435676579567e+03 1.001353791453741593e+00
5.401944528444447315e+03 1.003075175239550587e+00
5.401972621358412653e+03 9.998800733474878522e-01
5.402000714418474672e+03 1.001469836654666823e+00
5.402028807624636102e+03 1.001728915226310468e+00
5.402056900976896031e+03 9.994705685710046916e-01
5.402084994475257190e+03 9.977658856280828825e-01
5.402113088119717759e+03 1.001365991223281293e+00
5.402141181910280466e+03 1.002878319218571512e+00
5.402169275846945311e+03 9.998481346361864919e-01
5.402197369929714114e+03 9.966623900883139209e-01
5.402225464158585055e+03 9.931550223714374903e-01
5.402253558533561772e+03 9.991406567961381713e-01
5.402281653054643357e+03 1.002996856329728459e+00
5.402309747721831627e+03 1.002226200472844608e+00
5.402337842535125674e+03 1.003011806638475223e+00
5.402365937494528225e+03 1.000141062590975016e+00
5.402394032600039282e+03 1.003563288978570833e+00
5.402422127851658843e+03 1.002168043530379027e+00
5.402450223249387818e+03 9.993340938475875346e-01
5.402478318793228937e+03 9.999363598917209162e-01
5.402506414483180379e+03 9.981250710930996695e-01
5.402534510319243964e+03 1.001595979917651924e+00
5.402562606301420601e+03 1.000456311644364771e+00
5.402590702429711200e+03 9.966314645140607054e-01
5.402618798704115761e+03 9.963493502942635249e-01
5.402646895124636103e+03 9.985272332256266425e-01
5.402674991691272226e+03 1.003717159923880331e+00
5.402703088404025038e+03 1.000332379792339799e+00
5.402731185262895451e+03 9.975642921467843260e-01
5.402759282267883464e+03 9.977826762853497788e-01
5.402787379418990895e+03 9.967892994519882421e-01
5.402815476716218654e+03 9.993652239198608234e-01
5.402843574159565833e+03 9.981131063410114690e-01
5.402871671749035158e+03 9.985973535192605999e-01
5.402899769484626631e+03 1.002888535691337069e+00
5.402927867366340251e+03 9.994468807991266912e-01
5.402955965394177838e+03 9.987058939268658175e-01
5.402984063568139391e+03 1.000298985466173685e+00
5.403012161888226728e+03 1.001112397619079664e+00
5.403040260354438942e+03 1.000626863713188985e+00
5.403068358966778760e+03 9.953881637059979193e-01
5.403096457725245273e+03 9.959305803989511041e-01
5.403124556629840299e+03 9.975614473564019535e-01
5.403152655680563839e+03 9.993958708380477063e-01
5.403180754877416803e+03 9.992127660095820874e-01
5.403208854220400099e+03 9.967332404607794905e-01
5.403236953709515547e+03 9.963349747213562368e-01
5.403265053344762237e+03 1.000898279710807692e+00
5.403293153126141988e+03 1.003139369365084743e+00
5.403321253053654800e+03 1.004457897443367997e+00
5.403349353127301583e+03 9.984068220202776400e-01
5.403377453347084156e+03 9.974641498348451041e-01
5.403405553713001609e+03 9.980589953924501323e-01
5.403433654225055761e+03 9.989363838108377136e-01
5.403461754883247522e+03 9.997538030470356496e-01
5.403489855687576892e+03 9.995932221501071524e-01
5.403517956638044780e+03 9.979331484999133250e-01
5.403546057734653004e+03 1.000431958447583147e+00
5.403574158977400657e+03 1.000632217380019062e+00
5.403602260366290466e+03 1.002086074198570875e+00
5.403630361901321521e+03 9.994758918321920982e-01
5.403658463582494733e+03 1.004203297490202873e+00
5.403686565409811010e+03 1.002625051975126302e+00
5.403714667383272172e+03 9.996500506127443675e-01
5.403742769502878218e+03 1.001699194763481682e+00
5.403770871768629149e+03 1.000629319666432870e+00
5.403798974180526784e+03 9.978229214674979586e-01
5.403827076738572032e+03 9.985072778642472002e-01
5.403855179442764893e+03 9.999333993117851538e-01
5.403883282293106276e+03 9.992571732327381051e-01
5.403911385289596183e+03 9.969445893714566909e-01
5.403939488432237340e+03 9.968217323418325782e-01
5.403967591721029748e+03 9.994148149490734712e-01
5.403995695155972498e+03 1.002372095872286373e+00
5.404023798737068319e+03 1.002440915876741556e+00
5.404051902464318118e+03 1.002553686185117421e+00
5.404080006337720988e+03 9.978083126926909907e-01
5.404108110357278747e+03 9.992454836635527027e-01
5.404136214522992304e+03 1.001839709566656245e+00
5.404164318834861660e+03 1.000352472779387547e+00
5.404192423292887725e+03 9.992979116121692984e-01
5.404220527897072316e+03 9.976309518694490563e-01
5.404248632647415434e+03 1.000195466536968114e+00
5.404276737543917079e+03 9.996466982272248503e-01
5.404304842586579980e+03 1.001161025131426685e+00
5.404332947775402317e+03 1.002266171886883273e+00
5.404361053110386820e+03 9.975101525947334125e-01
5.404389158591533487e+03 9.978306644861021368e-01
5.404417264218844139e+03 9.994771996792620739e-01
5.404445369992317865e+03 9.981243602628689926e-01
5.404473475911955575e+03 9.993246839062644993e-01
5.404501581977759997e+03 1.000583264521566429e+00
5.404529688189729313e+03 1.003306745146912204e+00
5.404557794547866251e+03 1.005562098964668305e+00
5.404585901052170811e+03 1.000924071872393073e+00
5.404614007702642994e+03 9.979342634833870962e-01
5.404642114499285526e+03 9.970941941600649505e-01
5.404670221442097500e+03 9.986864934759929202e-01
5.404698328531079824e+03 1.002408379030966135e+00
5.404726435766233408e+03 1.002599974164902097e+00
5.404754543147560071e+03 1.001525641099272557e+00
5.404782650675058903e+03 1.000056322776344375e+00
5.404810758348731724e+03 9.963821244370645314e-01
5.404838866168579443e+03 9.975227819190207734e-01
5.404866974134602060e+03 1.000158577346885735e+00
5.404895082246800484e+03 9.959912978130616157e-01
5.404923190505175626e+03 9.978424463074064832e-01
5.404951298909729303e+03 1.002503521862669444e+00
5.404979407460459697e+03 9.970617131326600102e-01
5.405007516157370446e+03 9.925989212621018076e-01
5.405035625000460641e+03 9.959483299462539296e-01
5.405063733989731190e+03 9.966047570750578011e-01
5.405091843125183004e+03 9.980962397517882945e-01
5.405119952406816992e+03 9.963046783718528809e-01
5.405148061834634063e+03 9.990608958980420340e-01
5.405176171408634218e+03 1.001219971158745947e+00
5.405204281128819275e+03 9.978663170983907982e-01
5.405232390995189235e+03 9.975803709808690467e-01
5.405260501007745006e+03 9.987048143839405423e-01
5.405288611166487499e+03 9.982196131916047932e-01
5.405316721471417623e+03 9.998590086935347232e-01
5.405344831922535377e+03 1.004312524842813081e+00
5.405372942519842582e+03 1.004433969049666420e+00
5.405401053263339236e+03 1.000355910258720948e+00
5.405429164153026250e+03 1.000738384428295769e+00
5.405457275188904532e+03 9.995002267843362542e-01
5.405485386370974993e+03 9.987846578851096169e-01
5.405513497699238542e+03 9.957641986761942565e-01
5.405541609173695178e+03 9.960712430898602809e-01
5.405569720794345812e+03 9.981162232923261879e-01
5.405597832561191353e+03 1.002457783759204579e+00
5.405625944474233620e+03 1.001513317671820724e+00
5.405654056533471703e+03 9.989214063245779318e-01
5.405682168738906512e+03 1.001065188799576067e+00
5.405710281090539866e+03 9.993270111049202820e-01
5.405738393588372674e+03 1.000465198267710187e+00
5.405766506232404026e+03 9.963961441499419314e-01
5.405794619022636653e+03 9.921013782665217828e-01
5.405822731959069642e+03 9.953081506893687314e-01
5.405850845041704815e+03 9.977833428150277850e-01
5.405878958270543080e+03 1.002641148344640021e+00
5.405907071645583528e+03 1.001708542927497891e+00
5.405935185166828887e+03 1.000164491652522303e+00
5.405963298834279158e+03 9.987900734449717266e-01
5.405991412647935249e+03 9.946505187544288917e-01
5.406019526607797161e+03 9.975306163350455835e-01
5.406047640713866713e+03 1.003454810705763256e+00
5.406075754966143904e+03 1.004090558499682651e+00
5.406103869364630555e+03 9.986292865971433397e-01
5.406131983909325754e+03 1.002102596558585468e+00
5.406160098600231322e+03 1.001417860314927744e+00
5.406188213437348168e+03 1.000867001683703572e+00
5.406216328420676291e+03 9.992940471989950613e-01
5.406244443550217511e+03 1.000003690275362622e+00
5.406272558825971828e+03 9.982062601359978915e-01
5.406300674247940151e+03 9.987968570653191769e-01
5.406328789816122480e+03 9.996228603731475149e-01
5.406356905530521544e+03 9.992169280625179395e-01
5.406385021391136434e+03 9.995355326374335547e-01
5.406413137397968057e+03 1.000131566755847468e+00
5.406441253551017326e+03 1.000733702572372819e+00
5.406469369850286057e+03 1.000047377789770930e+00
5.406497486295773342e+03 9.978982872566196649e-01
5.406525602887481000e+03 9.951684439697844331e-01
5.406553719625409940e+03 9.996226253237149306e-01
5.406581836509560162e+03 9.980037563764497799e-01
5.406609953539932576e+03 9.956909341515752798e-01
5.406638070716529000e+03 9.976239332319332132e-01
5.406666188039348526e+03 9.997984068599666818e-01
5.406694305508392972e+03 9.974018703720641810e-01
5.406722423123662338e+03 9.996885869259688473e-01
5.406750540885158443e+03 9.933277997443721308e-01
5.406778658792881288e+03 9.952128827140690470e-01
5.406806776846831781e+03 9.986929312690614458e-01
5.406834895047010832e+03 9.955462602855593701e-01
5.406863013393419351e+03 9.923889019864675642e-01
5.406891131886057337e+03 9.942448950903526317e-01
5.406919250524926611e+03 9.968248173184662830e-01
5.406947369310027170e+03 9.992513742420573442e-01
5.406975488241359926e+03 9.998166710626267273e-01
5.407003607318925788e+03 9.948983464410253719e-01
5.407031726542724755e+03 9.970354599671079621e-01
5.407059845912759556e+03 9.975700484710008364e-01
5.407087965429029282e+03 9.968944289128029990e-01
5.407116085091534842e+03 9.993206450654665840e-01
5.407144204900277145e+03 9.962095560699766317e-01
5.407172324855257102e+03 9.976540611401109038e-01
5.407200444956474712e+03 9.988529467183254740e-01
5.407228565203932703e+03 9.960030335325966711e-01
5.407256685597630167e+03 9.975554200245092540e-01
5.407284806137568012e+03 9.975570362123598045e-01
5.407312926823747148e+03 9.948705452954902384e-01
5.407341047656168485e+03 9.938774230994023018e-01
5.407369168634832931e+03 9.935471569946896508e-01
5.407397289759741398e+03 9.922191088100614786e-01
5.407425411030893883e+03 9.935288730869148432e-01
5.407453532448291298e+03 9.995987266505655944e-01
5.407481654011935461e+03 9.968940277582126752e-01
5.407509775721825463e+03 9.949490674137532187e-01
5.407537897577964031e+03 9.948473548521074017e-01
5.407566019580350257e+03 9.957621023592213572e-01
5.407594141728985051e+03 9.986220880752099127e-01
5.407622264023870230e+03 9.940445428079198731e-01
5.407650386465004885e+03 9.936686131712664238e-01
5.407678509052391746e+03 9.939861032497689930e-01
5.407706631786030812e+03 9.921847052809923406e-01
5.407734754665922082e+03 9.912631234869122565e-01
5.407762877692067377e+03 9.934314591098672986e-01
5.407791000864466696e+03 9.963916565349877352e-01
5.407819124183121858e+03 9.992063561464309407e-01
5.407847247648031953e+03 9.937299676392541414e-01
5.407875371259198801e+03 9.932297143392759819e-01
5.407903495016623310e+03 9.923263248850809903e-01
5.407931618920305482e+03 9.911372585434957694e-01
5.407959742970247135e+03 9.945741451044348702e-01
5.407987867166448268e+03 9.960692249652421948e-01
5.408015991508909792e+03 9.919930816498058190e-01
5.408044115997632616e+03 9.938030832954781735e-01
5.408072240632616740e+03 9.907530790619627492e-01
5.408100365413863983e+03 9.983077864351387332e-01
5.408128490341374345e+03 9.976866936916908291e-01
5.408156615415149645e+03 9.929007032892462892e-01
5.408184740635189883e+03 9.905339365885875713e-01
5.408212866001495058e+03 9.892469892256350317e-01
5.408240991514066991e+03 9.866078293260802656e-01
5.408269117172906590e+03 9.951627534476186199e-01
5.408297242978013855e+03 9.936093334672098099e-01
5.408325368929390606e+03 9.901002459921334209e-01
5.408353495027035933e+03 9.897446554818505327e-01
5.408381621270951655e+03 9.896578817257721816e-01
5.408409747661138681e+03 9.905007166266954766e-01
5.408437874197597921e+03 9.860927057112841565e-01
5.408466000880329375e+03 9.872049105313703832e-01
5.408494127709333952e+03 9.912013468492976154e-01
5.408522254684612562e+03 9.906665554994442680e-01
5.408550381806167024e+03 9.877544959785180545e-01
5.408578509073996429e+03 9.861034663433239089e-01
5.408606636488101685e+03 9.850077474727296778e-01
5.408634764048484612e+03 9.896603021000501821e-01
5.408662891755146120e+03 9.862555696134507333e-01
5.408691019608085298e+03 9.874072279270130759e-01
5.408719147607303967e+03 9.873991250433298283e-01
5.408747275752803034e+03 9.858069787344228008e-01
5.408775404044583411e+03 9.841163029741903934e-01
5.408803532482645096e+03 9.848194354763646352e-01
5.408831661066989000e+03 9.876159832207248579e-01
5.408859789797616941e+03 9.852396218016089557e-01
5.408887918674528009e+03 9.858510644688567304e-01
5.408916047697724025e+03 9.835407028261080598e-01
5.408944176867205897e+03 9.840690207768120201e-01
5.408972306182974535e+03 9.846012507025296845e-01
5.409000435645029029e+03 9.854466973933330154e-01
5.409028565253372108e+03 9.846653987177098610e-01
5.409056695008003771e+03 9.804785859578896146e-01
5.409084824908924020e+03 9.789807767907973135e-01
5.409112954956134672e+03 9.817074844315399895e-01
5.409141085149636638e+03 9.841366362153658454e-01
5.409169215489429916e+03 9.794340461458121982e-01
5.409197345975515418e+03 9.817104258040848519e-01
5.409225476607894052e+03 9.782896063952535304e-01
5.409253607386566728e+03 9.760600498212667064e-01
5.409281738311533445e+03 9.713556700864304227e-01
5.409309869382796933e+03 9.749725071425822120e-01
5.409338000600355372e+03 9.750590332621290601e-01
5.409366131964211490e+03 9.728101911888286102e-01
5.409394263474364379e+03 9.781688969054607163e-01
5.409422395130815858e+03 9.760342439160054617e-01
5.409450526933567744e+03 9.698517598062069700e-01
5.409478658882618220e+03 9.746016039614824322e-01
5.409506790977970013e+03 9.699625064755917903e-01
5.409534923219623124e+03 9.707957306636857409e-01
5.409563055607579372e+03 9.689919282143376611e-01
5.409591188141837847e+03 9.678912256428719996e-01
5.409619320822399459e+03 9.655661513153427356e-01
5.409647453649266936e+03 9.676013158104808110e-01
5.409675586622438459e+03 9.640563335473971707e-01
5.409703719741916757e+03 9.664087483603936990e-01
5.409731853007701829e+03 9.655099443998754749e-01
5.409759986419794586e+03 9.657869747350151801e-01
5.409788119978195027e+03 9.672288256756926828e-01
5.409816253682904971e+03 9.648501874179300497e-01
5.409844387533925328e+03 9.613242272843742775e-01
5.409872521531255188e+03 9.575584756759808469e-01
5.409900655674897280e+03 9.591820708307647880e-01
5.409928789964851603e+03 9.545424298590818868e-01
5.409956924401118158e+03 9.526745455767762216e-01
5.409985058983698764e+03 9.577608789675594592e-01
5.410013193712594330e+03 9.578550127372785772e-01
5.410041328587803946e+03 9.540024404841553896e-01
5.410069463609330342e+03 9.506451718214939950e-01
5.410097598777173516e+03 9.493139838962257882e-01
5.410125734091333470e+03 9.550579098350666651e-01
5.410153869551812022e+03 9.530581654694463278e-01
5.410182005158609172e+03 9.440984285869236103e-01
5.410210140911726739e+03 9.431771276527344261e-01
5.410238276811164724e+03 9.496640923166341786e-01
5.410266412856924035e+03 9.495384076527544348e-01
5.410294549049004672e+03 9.447997594793031695e-01
5.410322685387408455e+03 9.475662229420128702e-01
5.410350821872136294e+03 9.471181382128123216e-01
5.410378958503188187e+03 9.415440282990731324e-01
5.410407095280565045e+03 9.394556483176149664e-01
5.410435232204267777e+03 9.409756686733309339e-01
5.410463369274296383e+03 9.408491426025892279e-01
5.410491506490653592e+03 9.385065856430211406e-01
5.410519643853338493e+03 9.392400590858520637e-01
5.410547781362351998e+03 9.390831624766652341e-01
5.410575919017695014e+03 9.411391602289801428e-01
5.410604056819368452e+03 9.391432889801863970e-01
5.410632194767373221e+03 9.370715147855045446e-01
5.410660332861710231e+03 9.337301822141114149e-01
5.410688471102379481e+03 9.346181024516388991e-01
5.410716609489382790e+03 9.381784753958068990e-01
5.410744748022720159e+03 9.338870112863235651e-01
5.410772886702391588e+03 9.319802659437846915e-01
5.410801025528399805e+03 9.309002154047013589e-01
5.410829164500743900e+03 9.323483094624586132e-01
5.410857303619425693e+03 9.316356754653043470e-01
5.410885442884445183e+03 9.298153229930351538e-01
5.410913582295804190e+03 9.265615133790733315e-01
5.410941721853501804e+03 9.294919570671473785e-01
5.410969861557539843e+03 9.252142726902841119e-01
5.410998001407919219e+03 9.260286966264194009e-01
5.411026141404639930e+03 9.245639775493084134e-01
5.411054281547703795e+03 9.219215624936921705e-01
5.411082421837110815e+03 9.200678970772496745e-01
5.411110562272861898e+03 9.209191655724107139e-01
5.411138702854957955e+03 9.201272262906236010e-01
5.411166843583399896e+03 9.214864645186926495e-01
5.411194984458187719e+03 9.217897515662196728e-01
5.411223125479323244e+03 9.227583241470985742e-01
5.411251266646805561e+03 9.211935141587456188e-01
5.411279407960637400e+03 9.173905636132977381e-01
5.411307549420818759e+03 9.160389869101235316e-01
5.411335691027350549e+03 9.150875532984301675e-01
5.411363832780232769e+03 9.114904282741712604e-01
5.411391974679466330e+03 9.164789226596616878e-01
5.411420116725053049e+03 9.186359518218614184e-01
5.411448258916992927e+03 9.197587641242562784e-01
5.411476401255286873e+03 9.172817647274846831e-01
5.411504543739934888e+03 9.126331821393859345e-01
5.411532686370938791e+03 9.132710296356513213e-01
5.411560829148299490e+03 9.150744684582357014e-01
5.411588972072016986e+03 9.103345601346860549e-01
5.411617115142091279e+03 9.103653427142995858e-01
5.411645258358525098e+03 9.126299303751983505e-01
5.411673401721318442e+03 9.097275164756367660e-01
5.411701545230471311e+03 9.097552892322166018e-01
5.411729688885985524e+03 9.090007724821227431e-01
5.411757832687861082e+03 9.121781147588523542e-01
5.411785976636098894e+03 9.089751553936771256e-01
5.411814120730699869e+03 9.068866538549410494e-01
5.411842264971664918e+03 9.069484271453832624e-01
5.411870409358994948e+03 9.104583801289918288e-01
5.411898553892689961e+03 9.071136130964142508e-01
5.411926698572750865e+03 9.076180001543664444e-01
5.411954843399178571e+03 9.061416282258999422e-01
5.411982988371974898e+03 9.037638156358546171e-01
5.412011133491138935e+03 9.057917151692450597e-01
5.412039278756672502e+03 9.045629461971154139e-01
5.412067424168576508e+03 9.053789824683514675e-01
5.412095569726850044e+03 9.059513418812434882e-01
5.412123715431495839e+03 9.047171389152729448e-01
5.412151861282513892e+03 9.013003620137322036e-01
5.412180007279905112e+03 9.032766971350060237e-01
5.412208153423670410e+03 9.071983983962681464e-01
5.412236299713809785e+03 9.064005491922011437e-01
5.412264446150324147e+03 9.055944225487708721e-01
5.412292592733215315e+03 9.085510726916657953e-01
5.412320739462482379e+03 9.084172881839251978e-01
5.412348886338128068e+03 9.072053162714365238e-01
5.412377033360151472e+03 9.076195382806755418e-01
5.412405180528553501e+03 9.106217362590001141e-01
5.412433327843336883e+03 9.115380245190274344e-01
5.412461475304499800e+03 9.094586408468854355e-01
5.412489622912044069e+03 9.084629121425872311e-01
5.412517770665970602e+03 9.086881052077243615e-01
5.412545918566280307e+03 9.127906966085480578e-01
5.412574066612974093e+03 9.054002330692501044e-01
5.412602214806051961e+03 9.022049093463987424e-01
5.412630363145514821e+03 9.066736580004288726e-01
5.412658511631363581e+03 9.073882671482393913e-01
5.412686660263599151e+03 9.064104263813009821e-01
5.412714809042222441e+03 9.115991611527952676e-01
5.412742957967234361e+03 9.139416062231479065e-01
5.412771107038634909e+03 9.135158291087460691e-01
5.412799256256424997e+03 9.125452125341266818e-01
5.412827405620605532e+03 9.107007413659545803e-01
5.412855555131177425e+03 9.136840528115145466e-01
5.412883704788141586e+03 9.172357365156716957e-01
5.412911854591498923e+03 9.171336800018731195e-01
5.412940004541249436e+03 9.116645459440907429e-01
5.412968154637394036e+03 9.153605487795937190e-01
5.412996304879933632e+03 9.170363340124616514e-01
5.413024455268870042e+03 9.183494554667205323e-01
5.413052605804202358e+03 9.214194014114051035e-01
5.413080756485932397e+03 9.226086231384440506e-01
5.413108907314060161e+03 9.190543596639175750e-01
5.413137058288586559e+03 9.155789081151283204e-01
5.413165209409513409e+03 9.180528402802832222e-01
5.413193360676840712e+03 9.230676083752680228e-01
5.413221512090568467e+03 9.281598237338081203e-01
5.413249663650698494e+03 9.267452832711863264e-01
5.413277815357231702e+03 9.273506192384005642e-01
5.413305967210168092e+03 9.245016955274364401e-01
5.413334119209508572e+03 9.262959310404824675e-01
5.413362271355254052e+03 9.282517354345725114e-01
5.413390423647405441e+03 9.286750168684191342e-01
5.413418576085963650e+03 9.358840623036860373e-01
5.413446728670928678e+03 9.341552887604415156e-01
5.413474881402302344e+03 9.341527719207735059e-01
5.413503034280083739e+03 9.304921049414348611e-01
5.413531187304275591e+03 9.314295071593564623e-01
5.413559340474877899e+03 9.333935883168590353e-01
5.413587493791890665e+03 9.347612476520837932e-01
5.413615647255315707e+03 9.345433207161752964e-01
5.413643800865153025e+03 9.373521548861105668e-01
5.413671954621403529e+03 9.418168034581274606e-01
5.413700108524069037e+03 9.408427356046075163e-01
5.413728262573148641e+03 9.417714202416566094e-01
5.413756416768644158e+03 9.472057470979099447e-01
5.413784571110556499e+03 9.480557466601335914e-01
5.413812725598885663e+03 9.473810339678429004e-01
5.413840880233632561e+03 9.497324866547953715e-01
5.413869035014798101e+03 9.520160558731597389e-01
5.413897189942383193e+03 9.518534281533217456e-01
5.413925345016388746e+03 9.535943994606012053e-01
5.413953500236815671e+03 9.547902374572077022e-01
5.413981655603663967e+03 9.528464421949511820e-01
5.414009811116934543e+03 9.590015848929257514e-01
5.414037966776628309e+03 9.585564118969869263e-01
5.414066122582747084e+03 9.552279944563900616e-01
5.414094278535289959e+03 9.542161005379189431e-01
5.414122434634257843e+03 9.570522787125156361e-01
5.414150590879652555e+03 9.592426764949677498e-01
5.414178747271475004e+03 9.635906317420713796e-01
5.414206903809724281e+03 9.641128419341682410e-01
5.414235060494402205e+03 9.631580501248182546e-01
5.414263217325510595e+03 9.583348751571805213e-01
5.414291374303048542e+03 9.632945267250936361e-01
5.414319531427016955e+03 9.634744562167822934e-01
5.414347688697416743e+03 9.668277146122618015e-01
5.414375846114249725e+03 9.693972058133524250e-01
5.414404003677515902e+03 9.717876992704445049e-01
5.414432161387215274e+03 9.693881432288954381e-01
5.414460319243350568e+03 9.703560607965413531e-01
5.414488477245919967e+03 9.706188158052321269e-01
5.414516635394926197e+03 9.665652344848431055e-01
5.414544793690369261e+03 9.647642302470882392e-01
5.414572952132250975e+03 9.632552720522592482e-01
5.414601110720570432e+03 9.703461180636124839e-01
5.414629269455328540e+03 9.713622669415356015e-01
5.414657428336528028e+03 9.728416758526838848e-01
5.414685587364167077e+03 9.735095776282784996e-01
5.414713746538248415e+03 9.783012049199528715e-01
5.414741905858772043e+03 9.714489151271405998e-01
5.414770065325737960e+03 9.675072320689770411e-01
5.414798224939148895e+03 9.727238538558936609e-01
5.414826384699003938e+03 9.724507946494231891e-01
5.414854544605304000e+03 9.720306835545396984e-01
5.414882704658049988e+03 9.773273619042895932e-01
5.414910864857243723e+03 9.803813338619778994e-01
5.414939025202884295e+03 9.828968387067990031e-01
5.414967185694973523e+03 9.871012372203682439e-01
5.414995346333512316e+03 9.846305900981376924e-01
5.415023507118500675e+03 9.823275173482978184e-01
5.415051668049939508e+03 9.866069234471068761e-01
5.415079829127830635e+03 9.861911323480120339e-01
5.415107990352173147e+03 9.868816326506005820e-01
5.415136151722968862e+03 9.856388894635093045e-01
5.415164313240218689e+03 9.828644112766383723e-01
5.415192474903922630e+03 9.822832175293613188e-01
5.415220636714081593e+03 9.874912327522490374e-01
5.415248798670697397e+03 9.880695362235204504e-01
5.415276960773769133e+03 9.877663390462109172e-01
5.415305123023298620e+03 9.878267599718710823e-01
5.415333285419286767e+03 9.889155789598756963e-01
5.415361447961733575e+03 9.885173358955989809e-01
5.415389610650640861e+03 9.890157955689633518e-01
5.415417773486008628e+03 9.898745395580386131e-01
5.415445936467836873e+03 9.875488382813004673e-01
5.415474099596128326e+03 9.879204174915083847e-01
5.415502262870882078e+03 9.858672206874780075e-01
5.415530426292099037e+03 9.915004958275225322e-01
5.415558589859781023e+03 9.931149287108848034e-01
5.415586753573928036e+03 9.943893819765045050e-01
5.415614917434540985e+03 9.931682395810930153e-01
5.415643081441620780e+03 9.933723799282062616e-01
5.415671245595167420e+03 9.907119237629588016e-01
5.415699409895182725e+03 9.916012004976105798e-01
5.415727574341666696e+03 9.932749744545483761e-01
5.415755738934621149e+03 9.918163730648026366e-01
5.415783903674045177e+03 9.915906628922032118e-01
5.415812068559941508e+03 9.937612741773272917e-01
5.415840233592309232e+03 9.880406558743586309e-01
5.415868398771149259e+03 9.909256335315228537e-01
5.415896564096463408e+03 9.933189574514871278e-01
5.415924729568251678e+03 9.931278602343472928e-01
5.415952895186514979e+03 9.951978750565310117e-01
5.415981060951254221e+03 9.907744872569211880e-01
5.416009226862470314e+03 9.927987572375731595e-01
5.416037392920163256e+03 9.909695457241387562e-01
5.416065559124334868e+03 9.897606650764098069e-01
5.416093725474985149e+03 9.943332128131812109e-01
5.416121891972115009e+03 9.923945846273980465e-01
5.416150058615724447e+03 9.964691352514662981e-01
5.416178225405816193e+03 9.983110589876649232e-01
5.416206392342389336e+03 9.953396893084983654e-01
5.416234559425445696e+03 9.896548084117658961e-01
5.416262726654985272e+03 9.908025376912132920e-01
5.416290894031008065e+03 9.955489276223673523e-01
5.416319061553516804e+03 9.949774742453411092e-01
5.416347229222511487e+03 9.951225102100763609e-01
5.416375397037992116e+03 9.914944172370374620e-01
5.416403564999960508e+03 9.901521935405165342e-01
5.416431733108416665e+03 9.930499602695112005e-01
5.416459901363361496e+03 9.951731279009442543e-01
5.416488069764795910e+03 9.960792024014214485e-01
5.416516238312719906e+03 9.932343937124546995e-01
5.416544407007136215e+03 9.917227247490020270e-01
5.416572575848043925e+03 9.914536724464827477e-01
5.416600744835443948e+03 9.928115840512677925e-01
5.416628913969337191e+03 9.929996557652658318e-01
5.416657083249724565e+03 9.962557576022889050e-01
5.416685252676606979e+03 9.983963059124711936e-01
5.416713422249985342e+03 9.990069068815530251e-01
5.416741591969859655e+03 1.000854359130657123e+00
5.416769761836231737e+03 9.952710775998182546e-01
5.416797931849101587e+03 9.983822958862644814e-01
5.416826102008469206e+03 9.996707466925904839e-01
5.416854272314337322e+03 9.949268279558690642e-01
5.416882442766705026e+03 9.995555889743132916e-01
5.416910613365574136e+03 9.986379487049634740e-01
5.416938784110944653e+03 1.001560633872240036e+00
5.416966955002817485e+03 9.963830285976323919e-01
5.416995126041194453e+03 9.983964476917482900e-01
5.417023297226074646e+03 1.001718882342389261e+00
5.417051468557459884e+03 9.997616654077824405e-01
5.417079640035350167e+03 9.983077555909047884e-01
5.417107811659747313e+03 9.964166436017234396e-01
5.417135983430651322e+03 9.969449101179829187e-01
5.417164155348063105e+03 9.960260708217595349e-01
5.417192327411983570e+03 9.937522767898188114e-01
5.417220499622413627e+03 9.985610297863949381e-01
5.417248671979353276e+03 9.998963566485559173e-01
5.417276844482804336e+03 9.956974457436794657e-01
5.417305017132766807e+03 9.972739791461727732e-01
5.417333189929241598e+03 9.947756921138810604e-01
5.417361362872229620e+03 9.926089970704553567e-01
5.417389535961730871e+03 9.980499314391532151e-01
5.417417709197748081e+03 9.976360597952385056e-01
5.417445882580279431e+03 9.931526339840867079e-01
5.417474056109327648e+03 9.965515409881863240e-01
5.417502229784893643e+03 9.965336461826107550e-01
5.417530403606976506e+03 9.969552116982595136e-01
5.417558577575577146e+03 9.953969653979961585e-01
5.417586751690698293e+03 9.996134455879834846e-01
5.417614925952339036e+03 9.965354029809535552e-01
5.417643100360500284e+03 9.945682201929835209e-01
5.417671274915182948e+03 9.954418136716230991e-01
5.417699449616388847e+03 1.000409338151242222e+00
5.417727624464117071e+03 1.000103308975210936e+00
5.417755799458369438e+03 9.984368876000457860e-01
5.417783974599145949e+03 9.987026937569359886e-01
5.417812149886448424e+03 9.949712664637555548e-01
5.417840325320275952e+03 9.920798040228577808e-01
5.417868500900631261e+03 9.940835305802994126e-01
5.417896676627514353e+03 9.978499857262663753e-01
5.417924852500925226e+03 1.001735335523979531e+00
5.417953028520865701e+03 1.001120156913321901e+00
5.417981204687335776e+03 9.974811847245584895e-01
5.418009381000336361e+03 9.966505011022932514e-01
5.418037557459869276e+03 1.002145961060252777e+00
5.418065734065933611e+03 9.975867385995351722e-01
5.418093910818531185e+03 9.971681553102555995e-01
5.418122087717661998e+03 9.963562437534050353e-01
5.418150264763327868e+03 9.972936978326026880e-01
5.418178441955528797e+03 9.987817754013086358e-01
5.418206619294265693e+03 1.001732315157762621e+00
5.418234796779539465e+03 9.976296820582526426e-01
5.418262974411351024e+03 9.957565478047515350e-01
5.418291152189700369e+03 9.979831043020822579e-01
5.418319330114589320e+03 9.944582791408947964e-01
5.418347508186017876e+03 9.966337609018269816e-01
5.418375686403986947e+03 9.953771821070298564e-01
5.418403864768497442e+03 9.969823671491054862e-01
5.418432043279550271e+03 9.962278397135476693e-01
5.418460221937145434e+03 9.932895451571547296e-01
5.418488400741284750e+03 9.941324400331829070e-01
5.418516579691968218e+03 1.001973306881158710e+00
5.418544758789196749e+03 9.990167566660091980e-01
5.418572938032971251e+03 9.985086189850019833e-01
5.418601117423292635e+03 9.959883874736161768e-01
5.418629296960161810e+03 9.956658590234890305e-01
5.418657476643578775e+03 1.001202287350251297e+00
5.418685656473544441e+03 9.995537215425476241e-01
5.418713836450059716e+03 9.980343931946586977e-01
5.418742016573126421e+03 9.946039749978456967e-01
5.418770196842743644e+03 9.942597411047816580e-01
5.418798377258913206e+03 9.994666654580487419e-01
5.418826557821635106e+03 9.975551688946926454e-01
5.418854738530911163e+03 9.979937237018636775e-01
5.418882919386740468e+03 9.971030586565609033e-01
5.418911100389125750e+03 9.999697472546013044e-01
5.418939281538067007e+03 1.002440470135038453e+00
5.418967462833564241e+03 9.995500528375421689e-01
5.418995644275619270e+03 9.965854497759423225e-01
5.419023825864232094e+03 9.991553357049623996e-01
5.419052007599404533e+03 9.970581677014634936e-01
5.419080189481135676e+03 9.959259800970942100e-01
5.419108371509427343e+03 1.000844374083835309e+00
5.419136553684280443e+03 1.001621120188322056e+00
5.419164736005695886e+03 1.001779115842799994e+00
5.419192918473673672e+03 9.950168470250803088e-01
5.419221101088214709e+03 9.933726527729358491e-01
5.419249283849319909e+03 9.993516469469870822e-01
5.419277466756990179e+03 9.997978825118195578e-01
5.419305649811226431e+03 9.938292192626149157e-01
5.419333833012029572e+03 9.940110266312378595e-01
5.419362016359399604e+03 9.979669620674600505e-01
5.419390199853337435e+03 9.972195689333489543e-01
5.419418383493843976e+03 9.997384653708609736e-01
5.419446567280920135e+03 9.972333679148075447e-01
5.419474751214566822e+03 1.000624196059770377e+00
5.419502935294784038e+03 9.996619524660992351e-01
5.419531119521573601e+03 9.941185486352996925e-01
5.419559303894936420e+03 9.993358938695282578e-01
5.419587488414871586e+03 1.000869116474844445e+00
5.419615673081380919e+03 1.000942927519421488e+00
5.419643857894465327e+03 1.000359192715889245e+00
5.419672042854125721e+03 1.000254984983566908e+00
5.419700227960362099e+03 9.989175653261344046e-01
5.419728413213176282e+03 9.986971502928541078e-01
5.419756598612567359e+03 9.951601243644583317e-01
5.419784784158538059e+03 9.938593295807101047e-01
5.419812969851087473e+03 9.939119901071011842e-01
5.419841155690217420e+03 9.927216293689791193e-01
5.419869341675928808e+03 9.933970249090905424e-01
5.419897527808221639e+03 9.986053829934880000e-01
5.419925714087096821e+03 1.000107360138544843e+00
5.419953900512555265e+03 1.000811772854117709e+00
5.419982087084597879e+03 1.002337352079113675e+00
5.420010273803225573e+03 9.981894646330634613e-01
5.420038460668438347e+03 9.984271428776214652e-01
5.420066647680237111e+03 1.000023163400220128e+00
5.420094834838623683e+03 1.001276367626828590e+00
5.420123022143598064e+03 9.996493250670871467e-01
5.420151209595160253e+03 9.963901424117508343e-01
5.420179397193312980e+03 9.941152942172647444e-01
5.420207584938055334e+03 9.958122968871488956e-01
5.420235772829388225e+03 9.992063646383559927e-01
5.420263960867313472e+03 9.997578363102143095e-01
5.420292149051830165e+03 9.992542941567633674e-01
5.420320337382941034e+03 1.001779134438403718e+00
5.420348525860645168e+03 9.974517007445717898e-01
5.420376714484944387e+03 9.971160966133576498e-01
5.420404903255838690e+03 9.980309486503107230e-01
5.420433092173329896e+03 9.999904255840664780e-01
5.420461281237418007e+03 1.001857464227057903e+00
5.420489470448103020e+03 1.001058770800798525e+00
5.420517659805387666e+03 9.956334303238995043e-01
5.420545849309271034e+03 9.994554084432175634e-01
5.420574038959754034e+03 9.986084222743651928e-01
5.420602228756838485e+03 9.989817771306536143e-01
5.420630418700524388e+03 9.983588905822013970e-01
5.420658608790811741e+03 9.989413450569014641e-01
5.420686799027703273e+03 9.990840822996300830e-01
5.420714989411198076e+03 9.987950652538380991e-01
5.420743179941297967e+03 9.992445616587425361e-01
5.420771370618002948e+03 9.976546167441000534e-01
5.420799561441314836e+03 9.981500310543239829e-01
5.420827752411232723e+03 9.982218687965440651e-01
5.420855943527758427e+03 9.962698261259789190e-01
5.420884134790892858e+03 9.959475860194000330e-01
5.420912326200636016e+03 1.001640619590669967e+00
5.420940517756989721e+03 9.965798317845740995e-01
5.420968709459953061e+03 9.962151402554930701e-01
5.420996901309528766e+03 9.992331415969099018e-01
5.421025093305716837e+03 9.994161626061256465e-01
5.421053285448517272e+03 9.959804789193095198e-01
5.421081477737931891e+03 9.917757137944055446e-01
5.421109670173961604e+03 9.891625397983228041e-01
5.421137862756605500e+03 9.957819493514663556e-01
5.421166055485866309e+03 9.945964076017852484e-01
5.421194248361743121e+03 9.965218458904051557e-01
5.421222441384238664e+03 9.999999905453097471e-01
5.421250634553351119e+03 1.001294157085405478e+00
5.421278827869084125e+03 1.000883244940082184e+00
5.421307021331435863e+03 1.002820600949433372e+00
5.421335214940409060e+03 1.002476851566643123e+00
5.421363408696002807e+03 1.000607714359138312e+00
5.421391602598218924e+03 9.962919925868137794e-01
5.421419796647058320e+03 9.989220523558094422e-01
5.421447990842521904e+03 1.002234146295220008e+00
5.421476185184608767e+03 1.003169676141596911e+00
5.421504379673321637e+03 1.003906055016957177e+00
5.421532574308660514e+03 1.001788883746367320e+00
5.421560769090625399e+03 9.970642653446942782e-01
5.421588964019218110e+03 9.948954007607514471e-01
5.421617159094439558e+03 9.963987422983587861e-01
5.421645354316289740e+03 9.961954851262737609e-01
5.421673549684769569e+03 9.991355298156494591e-01
5.421701745199879952e+03 9.985242419603806985e-01
5.421729940861620889e+03 9.986115933046735282e-01
5.421758136669995110e+03 1.000301832489229215e+00
5.421786332625001705e+03 9.973504381234347127e-01
5.421814528726641583e+03 1.002767620704667184e+00
5.421842724974916564e+03 9.991208719196885690e-01
5.421870921369825737e+03 1.004430963174339553e+00
5.421899117911371832e+03 1.001703289077714443e+00
5.421927314599553938e+03 1.002916391083680248e+00
5.421955511434372966e+03 1.001206233947635083e+00
5.421983708415830733e+03 1.000561990140780733e+00
5.422011905543928151e+03 9.987645179083360913e-01
5.422040102818664309e+03 9.962178868072651960e-01
5.422068300240041026e+03 9.969437034195525182e-01
5.422096497808059212e+03 9.985581687158497921e-01
5.422124695522718866e+03 1.002630639008289304e+00
5.422152893384021809e+03 1.002570238152957316e+00
5.422181091391968039e+03 1.000651618183840741e+00
5.422209289546558466e+03 9.984666031899912531e-01
5.422237487847794000e+03 1.003994473984985092e+00
5.422265686295675550e+03 9.966719975103250917e-01
5.422293884890204026e+03 1.001063305219891841e+00
5.422322083631379428e+03 9.989219469594591283e-01
5.422350282519202665e+03 9.960874830605781494e-01
5.422378481553674646e+03 1.001904744736540565e+00
5.422406680734796282e+03 1.003375574972271700e+00
5.422434880062568482e+03 1.001387937923104543e+00
5.422463079536992154e+03 9.991551768501463204e-01
5.422491279158067300e+03 9.948311820849247145e-01
5.422519478925794829e+03 9.974953603108751565e-01
5.422547678840176559e+03 1.000340508810215745e+00
5.422575878901211581e+03 9.996097552756381122e-01
5.422604079108902624e+03 9.984817371436776057e-01
5.422632279463247869e+03 9.966688338348901333e-01
5.422660479964250953e+03 1.002561536398721698e+00
5.422688680611910968e+03 9.988409698888094379e-01
5.422716881406228822e+03 1.002257594566311028e+00
5.422745082347205425e+03 1.000393813146273070e+00
5.422773283434841687e+03 9.960589174989575856e-01
5.422801484669137608e+03 9.970511051411782288e-01
5.422829686050095006e+03 9.965054420585726103e-01
5.422857887577714791e+03 9.996061125952634407e-01
5.422886089251996054e+03 1.004547616282296829e+00
5.422914291072941523e+03 1.001360103449096428e+00
5.422942493040551199e+03 1.004276805760588420e+00
5.422970695154825080e+03 9.973336028606522019e-01
5.422998897415764986e+03 9.964323182847315552e-01
5.423027099823370918e+03 9.993897919294849608e-01
5.423055302377643784e+03 9.962474882395514486e-01
5.423083505078585404e+03 9.972193437662917326e-01
5.423111707926194867e+03 1.002362887739287389e+00
5.423139910920474904e+03 1.001255005341376236e+00
5.423168114061423694e+03 9.989756893278474159e-01
5.423196317349044875e+03 1.005226553598974171e+00
5.423224520783336629e+03 9.981257252394444279e-01
5.423252724364301685e+03 9.954605604896714643e-01
5.423280928091939131e+03 9.998557706821256108e-01
5.423309131966251698e+03 1.003287821107907485e+00
5.423337335987238475e+03 1.002052311745762259e+00
5.423365540154900373e+03 9.907910314896368753e-01
5.423393744469239209e+03 9.902377511369926388e-01
5.423421948930254985e+03 9.907850365679958804e-01
5.423450153537948609e+03 9.983505118857312066e-01
5.423478358292320081e+03 9.992571400508830637e-01
5.423506563193372131e+03 9.959790116414224403e-01
5.423534768241103848e+03 9.964628297188913297e-01
5.423562973435516142e+03 9.978313538436822672e-01
5.423591178776609922e+03 9.963986187528669491e-01
5.423619384264386099e+03 9.970204810841107879e-01
5.423647589898846491e+03 9.982366886733016198e-01
5.423675795679989278e+03 9.992922409313403920e-01
5.423704001607818100e+03 1.001070082569390118e+00
5.423732207682332046e+03 9.994615346425262947e-01
5.423760413903532026e+03 1.000405732075997367e+00
5.423788620271418949e+03 9.972788422812211007e-01
5.423816826785993726e+03 9.963721207520658263e-01
5.423845033447256355e+03 1.000111088031640172e+00
5.423873240255208657e+03 9.997458446322831094e-01
5.423901447209851540e+03 9.959090194483772862e-01
5.423929654311185004e+03 9.974908006352511958e-01
5.423957861559209960e+03 9.967535317285535212e-01
5.423986068953927315e+03 9.962368275682929042e-01
5.424014276495337072e+03 1.002872665428785837e+00
5.424042484183441047e+03 1.003251930911616796e+00
5.424070692018240152e+03 1.003255393998822909e+00
5.424098899999734385e+03 1.004747634783005994e+00
5.424127108127924657e+03 1.000110661500428710e+00
5.424155316402811877e+03 9.983206602151141196e-01
5.424183524824396045e+03 1.002978686667891806e+00
5.424211733392679889e+03 1.004746829816783649e+00
5.424239942107662500e+03 9.990958186947502817e-01
5.424268150969344788e+03 1.002484837998467437e+00
5.424296359977727661e+03 1.001884608670649435e+00
5.424324569132812030e+03 9.983409878787031788e-01
5.424352778434598804e+03 1.003902400793654781e+00
5.424380987883088892e+03 1.002455115085234327e+00
5.424409197478282294e+03 9.979491423718660492e-01
5.424437407220180830e+03 9.992168129293016454e-01
5.424465617108783590e+03 9.997895887874790333e-01
5.424493827144093302e+03 1.002558973950034238e+00
5.424522037326109967e+03 1.001658132101883814e+00
5.424550247654833584e+03 1.006561251004192803e+00
5.424578458130265972e+03 1.000952210278485577e+00
5.424606668752407131e+03 1.000397387027046836e+00
5.424634879521257972e+03 1.002746545972331704e+00
5.424663090436820312e+03 1.003120381861396737e+00
5.424691301499093242e+03 1.001059677163218309e+00
5.424719512708078582e+03 1.000338239963197706e+00
5.424747724063777241e+03 9.999303187990529196e-01
5.424775935566189219e+03 9.965086459339317360e-01
5.424804147215315425e+03 9.985651343128685298e-01
5.424832359011156768e+03 1.001740074515087953e+00
5.424860570953714159e+03 1.000443333002935864e+00
5.424888783042988507e+03 9.968095160422500989e-01
5.424916995278980721e+03 1.001918190837146394e+00
5.424945207661690802e+03 1.005672218304596965e+00
5.424973420191119658e+03 1.003269787895230802e+00
5.425001632867269109e+03 1.003558154492866228e+00
5.425029845690138245e+03 1.002120576411014374e+00
5.425058058659728886e+03 1.002610741896521995e+00
5.425086271776041940e+03 1.000721981429798291e+00
5.425114485039077408e+03 9.943896852132766417e-01
5.425142698448837109e+03 9.965933655174867845e-01
5.425170912005321043e+03 1.001752973738499808e+00
5.425199125708529209e+03 1.003462971141824145e+00
5.425227339558464337e+03 1.002428752997108985e+00
5.425255553555125516e+03 9.959811890098612119e-01
5.425283767698514566e+03 9.948190884119015864e-01
5.425311981988631487e+03 9.964600015813828149e-01
5.425340196425477188e+03 1.004632849817445939e+00
5.425368411009052579e+03 1.000926899891305899e+00
5.425396625739358569e+03 1.007124781382430445e+00
5.425424840616396068e+03 1.003367551298562921e+00
5.425453055640165985e+03 1.005337487569639698e+00
5.425481270810667411e+03 1.003142926189175554e+00
5.425509486127903074e+03 9.977555317526413114e-01
5.425537701591872974e+03 9.976500317017950037e-01
5.425565917202578021e+03 9.934205531471610451e-01
5.425594132960019124e+03 1.003421116728302698e+00
5.425622348864196283e+03 1.003683467910102989e+00
5.425650564915111318e+03 9.989938202491159824e-01
5.425678781112763318e+03 9.973272820659516702e-01
5.425706997457155012e+03 9.987621288597703373e-01
5.425735213948286400e+03 9.995266836771966590e-01
5.425763430586158393e+03 1.002501716031682699e+00
5.425791647370770988e+03 1.004748169142758440e+00
5.425819864302126007e+03 1.004280466781568348e+00
5.425848081380223448e+03 1.004183952621312326e+00
5.425876298605064221e+03 1.003050587504271896e+00
5.425904515976649236e+03 1.000426788210026174e+00
5.425932733494979402e+03 9.930622157376152170e-01
5.425960951160054719e+03 9.994176366500742148e-01
5.425989168971877007e+03 1.006518470797812759e+00
5.426017386930447174e+03 1.000878363228040246e+00
5.426045605035764311e+03 1.001354034103790980e+00
5.426073823287831146e+03 1.000459611613021549e+00
5.426102041686646771e+03 9.990353013635840940e-01
5.426130260232213004e+03 1.000171545736074696e+00
5.426158478924529845e+03 9.996933510269953027e-01
5.426186697763599113e+03 1.003084402883968496e+00
5.426214916749420809e+03 1.003088777673486920e+00
5.426243135881995840e+03 9.947387314451556772e-01
5.426271355161325118e+03 9.990199680554867623e-01
5.426299574587409552e+03 1.003155353627718460e+00
5.426327794160249141e+03 9.969646242501859490e-01
5.426356013879845705e+03 9.993045424436379776e-01
5.426384233746199243e+03 9.989915302065722758e-01
5.426412453759309756e+03 1.001711881475770172e+00
5.426440673919179972e+03 1.004271153615473811e+00
5.426468894225809890e+03 1.000945126028133902e+00
5.426497114679199512e+03 9.993413220320859214e-01
5.426525335279349747e+03 9.973799692807631123e-01
5.426553556026262413e+03 1.002610876544975937e+00
5.426581776919937511e+03 1.002410842085247333e+00
5.426609997960375949e+03 9.980376791799349112e-01
5.426638219147578639e+03 1.001782622620609908e+00
5.426666440481545578e+03 1.003257305376064723e+00
5.426694661962278587e+03 1.000041910597156303e+00
5.426722883589777666e+03 9.975255795090847144e-01
5.426751105364043724e+03 1.001381671053354294e+00
5.426779327285077670e+03 9.926262780947859854e-01
5.426807549352880415e+03 9.978731431030587462e-01
5.426835771567451957e+03 1.000043949956556988e+00
5.426863993928794116e+03 9.997325618274162107e-01
5.426892216436907802e+03 9.999990770132505258e-01
5.426920439091792105e+03 9.985542735846032469e-01
5.426948661893449753e+03 9.968453292235269769e-01
5.426976884841879837e+03 9.927806349070258385e-01
5.427005107937085086e+03 9.939028453598963697e-01
5.427033331179063680e+03 9.961729011390390021e-01
5.427061554567818348e+03 1.003695065967520561e+00
5.427089778103350000e+03 9.996682388420389254e-01
5.427118001785657725e+03 1.000162539052903421e+00
5.427146225614743344e+03 1.004897441487450083e+00
5.427174449590607765e+03 1.002397949974803248e+00
5.427202673713250988e+03 1.001748842628908953e+00
5.427230897982674833e+03 1.002650626007287604e+00
5.427259122398879299e+03 1.005186887413646035e+00
5.427287346961866206e+03 1.000090275296023457e+00
5.427315571671634643e+03 9.967894735826136055e-01
5.427343796528186431e+03 1.002265452037174098e+00
5.427372021531521568e+03 1.005731995690811287e+00
5.427400246681641875e+03 9.978716272765568718e-01
5.427428471978547350e+03 9.971150819575210766e-01
5.427456697422239813e+03 9.936605175163321091e-01
5.427484923012718355e+03 9.953283483609114413e-01
5.427513148749984794e+03 9.976275440810075112e-01
5.427541374634040039e+03 9.957348637984676509e-01
5.427569600664884092e+03 9.979402179815841656e-01
5.427597826842517861e+03 1.005156347000867534e+00
5.427626053166943166e+03 1.006839596844615103e+00
5.427654279638160006e+03 9.999888803403919058e-01
5.427682506256168381e+03 9.998827918268996529e-01
5.427710733020970110e+03 1.002043578404647306e+00
5.427738959932566104e+03 9.969401680017584422e-01
5.427767186990956361e+03 9.942840189724451161e-01
5.427795414196141792e+03 9.996024150148088427e-01
5.427823641548124215e+03 1.004702079068511722e+00
5.427851869046902721e+03 1.000871829972985738e+00
5.427880096692479128e+03 9.993393768691195556e-01
5.427908324484853438e+03 1.001463051779474034e+00
5.427936552424027468e+03 9.972904402506377330e-01
5.427964780510001219e+03 1.004783971403178766e+00
5.427993008742775601e+03 1.001229415799542943e+00
5.428021237122351522e+03 1.001583925512240736e+00
5.428049465648728983e+03 1.003378345453215692e+00
5.428077694321910712e+03 1.001619751589507556e+00
5.428105923141894891e+03 1.000939671446754886e+00
5.428134152108684248e+03 9.987388800369092490e-01
5.428162381222279691e+03 9.993709846335045999e-01
5.428190610482680313e+03 1.004401380149567702e+00
5.428218839889887022e+03 1.004434519121155445e+00
5.428247069443902546e+03 9.973549141926850714e-01
5.428275299144725977e+03 9.995053358034229340e-01
5.428303528992358224e+03 1.007379129951540220e+00
5.428331758986800196e+03 9.992357106868795524e-01
5.428359989128053712e+03 1.000210034082171573e+00
5.428388219416117863e+03 1.000392134976021863e+00
5.428416449850994468e+03 9.984126820493339771e-01
5.428444680432683526e+03 1.000748788857054983e+00
5.428472911161186857e+03 1.004290538337579974e+00
5.428501142036503552e+03 9.995246724405421057e-01
5.428529373058636338e+03 9.979632606576620546e-01
5.428557604227585216e+03 1.002590956768943720e+00
5.428585835543350186e+03 9.954919031835641752e-01
5.428614067005933066e+03 1.002204039055427209e+00
5.428642298615333857e+03 1.004741342821679817e+00
5.428670530371554378e+03 1.002322999541973569e+00
5.428698762274594628e+03 1.001355482237301864e+00
5.428726994324454608e+03 9.990592226981397372e-01
5.428755226521136137e+03 9.970763873543491140e-01
5.428783458864640124e+03 9.997316266744088464e-01
5.428811691354966570e+03 9.997262209359176754e-01
5.428839923992117292e+03 1.006226727549371258e+00
5.428868156776091382e+03 1.007980807932832956e+00
5.428896389706890659e+03 1.002476904233269073e+00
5.428924622784516941e+03 9.991600134046788595e-01
5.428952856008968411e+03 1.001008961750836201e+00
5.428981089380248704e+03 9.980299797075045110e-01
5.429009322898356004e+03 9.989192111394129547e-01
5.429037556563293037e+03 1.002860901243987524e+00
5.429065790375059805e+03 9.989572526132043384e-01
5.429094024333656307e+03 9.972816481971673586e-01
5.429122258439084362e+03 9.943950852930689699e-01
5.429150492691344880e+03 9.965238983706030673e-01
5.429178727090437860e+03 1.001918676012386378e+00
5.429206961636364213e+03 9.992852331573808256e-01
5.429235196329124847e+03 9.955616484611579109e-01
5.429263431168720672e+03 9.982713426586311556e-01
5.429291666155151688e+03 1.001516736147307629e+00
5.429319901288420624e+03 9.972924254810837663e-01
5.429348136568525661e+03 9.955815841304326286e-01
5.429376371995469526e+03 1.001116185477882947e+00
5.429404607569252221e+03 1.000880827350513869e+00
5.429432843289873745e+03 1.001666054077085866e+00
5.429461079157336826e+03 9.995737116442854342e-01
5.429489315171640555e+03 1.003095531270694618e+00
5.429517551332785843e+03 1.001925745898818443e+00
5.429545787640773597e+03 1.003945095788557618e+00
5.429574024095605637e+03 1.005835499823267254e+00
5.429602260697281963e+03 1.001565020651555171e+00
5.429630497445802575e+03 9.983666417307959229e-01
5.429658734341169293e+03 1.002949700711712744e+00
5.429686971383382115e+03 1.005789867163934703e+00
5.429715208572442862e+03 9.977510313527914176e-01
5.429743445908351532e+03 1.002272580745433572e+00
5.429771683391108127e+03 9.996513953973676925e-01
5.429799921020715374e+03 1.001423929345838459e+00
5.429828158797172364e+03 9.990524649858625317e-01
5.429856396720480916e+03 9.988530031143273424e-01
5.429884634790641030e+03 1.000453421518330943e+00
5.429912873007653616e+03 1.000259563943770580e+00
5.429941111371519582e+03 1.001254391571353430e+00
5.429969349882239840e+03 1.002959059841184830e+00
5.429997588539814387e+03 1.003547103189709411e+00
