# star name zetOri, line HEII5411
# instrument: HERMES spectrograph @Mercator
# date of observation (midpoint)2018-10-14T06:19:29.305748
# BJD of observation (midpoint)2458405.7658485
# name of fits file: 00898036_HRF_OBJ_ext_CosmicsRemoved_log_merged_c.fits
# 
# wavelength(Angstrom,air) normalised_flux
5.390018255721892274e+03 1.000466780073715034e+00
5.390046286613051961e+03 9.961181109918930687e-01
5.390074317649987279e+03 9.943084219338355068e-01
5.390102348832698226e+03 9.984140336814341099e-01
5.390130380161185712e+03 1.000433103697391246e+00
5.390158411635450648e+03 1.000068740740521100e+00
5.390186443255493032e+03 9.970200727230653648e-01
5.390214475021315593e+03 9.961596078780496910e-01
5.390242506932917422e+03 1.000743124998374256e+00
5.390270538990299428e+03 1.001151230114307289e+00
5.390298571193463431e+03 9.975567400078014790e-01
5.390326603542408520e+03 9.958607526612804905e-01
5.390354636037137425e+03 9.983376954893486976e-01
5.390382668677649235e+03 1.003678364382689203e+00
5.390410701463944861e+03 1.001506554306285546e+00
5.390438734396026121e+03 1.002082996053843988e+00
5.390466767473893015e+03 1.002984211183424845e+00
5.390494800697546452e+03 1.000196635967453895e+00
5.390522834066987343e+03 9.964093574297602229e-01
5.390550867582215687e+03 9.960107608002395363e-01
5.390578901243233304e+03 9.989294194155300399e-01
5.390606935050041102e+03 9.967841331811767569e-01
5.390634969002638172e+03 9.958922189767527300e-01
5.390663003101027243e+03 1.002942316056347760e+00
5.390691037345207405e+03 1.001352866029672883e+00
5.390719071735180478e+03 9.938325488306614108e-01
5.390747106270947370e+03 9.962758498712130928e-01
5.390775140952508082e+03 9.986317019974249032e-01
5.390803175779863523e+03 9.974300029352696217e-01
5.390831210753014602e+03 9.961686885323225438e-01
5.390859245871962230e+03 9.991008353334178693e-01
5.390887281136707315e+03 9.999004252285269567e-01
5.390915316547249859e+03 9.999613966259979225e-01
5.390943352103590769e+03 1.000003379229478240e+00
5.390971387805731865e+03 1.002286461440545562e+00
5.390999423653673148e+03 1.001244660510151485e+00
5.391027459647414616e+03 9.943765528630879036e-01
5.391055495786958090e+03 9.936710746363593971e-01
5.391083532072304479e+03 9.939649153504355183e-01
5.391111568503453782e+03 9.934862186823284480e-01
5.391139605080406909e+03 9.999677649483158515e-01
5.391167641803164770e+03 9.991246489172284084e-01
5.391195678671729183e+03 9.952390729529624336e-01
5.391223715686098330e+03 1.001410071725357565e+00
5.391251752846275849e+03 9.998164957191130187e-01
5.391279790152259920e+03 9.923970724884219052e-01
5.391307827604053273e+03 9.990587727459148137e-01
5.391335865201655906e+03 1.000290229772673678e+00
5.391363902945067821e+03 1.005042044189011552e+00
5.391391940834291745e+03 9.992466670562003550e-01
5.391419978869326769e+03 1.005365339511978373e+00
5.391448017050173803e+03 1.003579745599559869e+00
5.391476055376833756e+03 9.979331770303485616e-01
5.391504093849308447e+03 9.943391128205315566e-01
5.391532132467596966e+03 9.996002716910632468e-01
5.391560171231701133e+03 9.963516587182885687e-01
5.391588210141620948e+03 9.987616438253236195e-01
5.391616249197358229e+03 1.003489466093246074e+00
5.391644288398912977e+03 9.987033833340360767e-01
5.391672327746286101e+03 9.976855071036684341e-01
5.391700367239478510e+03 1.000574962297303694e+00
5.391728406878491114e+03 1.000273779575845623e+00
5.391756446663323914e+03 1.000907102776760427e+00
5.391784486593977817e+03 1.002269868210113213e+00
5.391812526670454645e+03 1.002420594266774323e+00
5.391840566892753486e+03 1.000189054112379239e+00
5.391868607260877070e+03 1.002473305140269000e+00
5.391896647774824487e+03 1.002342449379453049e+00
5.391924688434597556e+03 1.004612291638197430e+00
5.391952729240196277e+03 1.001475383285579168e+00
5.391980770191621559e+03 9.932430865400529996e-01
5.392008811288875222e+03 9.994641131684041113e-01
5.392036852531956356e+03 1.005531948087334815e+00
5.392064893920866780e+03 1.003576936405018216e+00
5.392092935455606494e+03 9.962917880896965395e-01
5.392120977136177316e+03 9.968617385673216313e-01
5.392149018962579248e+03 1.002667157576899948e+00
5.392177060934813198e+03 9.989079706484242926e-01
5.392205103052879167e+03 9.974581255330814411e-01
5.392233145316779883e+03 1.000293693105095860e+00
5.392261187726514436e+03 9.993352897195121320e-01
5.392289230282083736e+03 9.986714879230880193e-01
5.392317272983489602e+03 9.979837231136350351e-01
5.392345315830732034e+03 9.954305764824098457e-01
5.392373358823811031e+03 1.000031469122035332e+00
5.392401401962728414e+03 1.000403322338070389e+00
5.392429445247485091e+03 9.984392619849501438e-01
5.392457488678081063e+03 1.006415100142445507e+00
5.392485532254518148e+03 1.000802040799391390e+00
5.392513575976795437e+03 9.991089096903453814e-01
5.392541619844914749e+03 1.001946914016776713e+00
5.392569663858876993e+03 9.969273283175460465e-01
5.392597708018683079e+03 9.964251580861704927e-01
5.392625752324332097e+03 1.004582716814390819e+00
5.392653796775826777e+03 9.989346997675289108e-01
5.392681841373168027e+03 9.972200622265270376e-01
5.392709886116354028e+03 1.001609440898962422e+00
5.392737931005388418e+03 1.002727949150905795e+00
5.392765976040270289e+03 1.004666256332495733e+00
5.392794021221001458e+03 1.002835193377289214e+00
5.392822066547581926e+03 1.001325662023973662e+00
5.392850112020012602e+03 1.004210958098471052e+00
5.392878157638293487e+03 1.000057203713897280e+00
5.392906203402427309e+03 9.985728495622731016e-01
5.392934249312413158e+03 9.995291351595450013e-01
5.392962295368251944e+03 9.958970769585484550e-01
5.392990341569945485e+03 1.001601511531666766e+00
5.393018387917492873e+03 1.006530135680885119e+00
5.393046434410896836e+03 1.003446592927102143e+00
5.393074481050156464e+03 9.987421743912721084e-01
5.393102527835273577e+03 9.995998014675557819e-01
5.393130574766248174e+03 1.004534921755485755e+00
5.393158621843081164e+03 1.003835289159361155e+00
5.393186669065773458e+03 1.002972399010736870e+00
5.393214716434326874e+03 9.943303572361060771e-01
5.393242763948740503e+03 9.980158590846354150e-01
5.393270811609015254e+03 9.992813626777666824e-01
5.393298859415152947e+03 9.951759532357765670e-01
5.393326907367153581e+03 9.981292118022387916e-01
5.393354955465018975e+03 1.004594306592217823e+00
5.393383003708748220e+03 9.961132719124843327e-01
5.393411052098343134e+03 9.997765046784072851e-01
5.393439100633803719e+03 1.001076080605130425e+00
5.393467149315131792e+03 9.951510370899103730e-01
5.393495198142327354e+03 9.944767840996232566e-01
5.393523247115391314e+03 9.947319470721417423e-01
5.393551296234324582e+03 1.001103199014453660e+00
5.393579345499128067e+03 1.000537343562197368e+00
5.393607394909801769e+03 9.995904129041157660e-01
5.393635444466346598e+03 1.000614632385641301e+00
5.393663494168764373e+03 9.985848640846621826e-01
5.393691544017055094e+03 9.946946912480932879e-01
5.393719594011219669e+03 9.996984198117915277e-01
5.393747644151259010e+03 9.996502019019176677e-01
5.393775694437173115e+03 9.990073606720951682e-01
5.393803744868962895e+03 9.969154062759749690e-01
5.393831795446630167e+03 9.969106788958772558e-01
5.393859846170174933e+03 1.001391086593748980e+00
5.393887897039598101e+03 1.001309744541845959e+00
5.393915948054899673e+03 1.003865166414042331e+00
5.393943999216081465e+03 1.005853756774630625e+00
5.393972050523144389e+03 1.004360640059427823e+00
5.394000101976087535e+03 1.000468140696215924e+00
5.394028153574913631e+03 9.972873638681098996e-01
5.394056205319622677e+03 1.002741058748382708e+00
5.394084257210214673e+03 1.003208065817852601e+00
5.394112309246691439e+03 1.001527409439007421e+00
5.394140361429053883e+03 1.001255897240886927e+00
5.394168413757301096e+03 1.001113143339439127e+00
5.394196466231435807e+03 9.957195961482541158e-01
5.394224518851458015e+03 1.002165538197783645e+00
5.394252571617367721e+03 1.007413136126061204e+00
5.394280624529166744e+03 1.002046780405925208e+00
5.394308677586855993e+03 1.002987795410350991e+00
5.394336730790434558e+03 9.984489852157740764e-01
5.394364784139905169e+03 1.001959796585340401e+00
5.394392837635267824e+03 1.002266052123639950e+00
5.394420891276522525e+03 1.002167258825783724e+00
5.394448945063671090e+03 9.966684661621659780e-01
5.394476998996713519e+03 9.967717956165457194e-01
5.394505053075651631e+03 9.959129634660653929e-01
5.394533107300485426e+03 1.000840318767974413e+00
5.394561161671214904e+03 9.978020646126537496e-01
5.394589216187842794e+03 9.953619699485390937e-01
5.394617270850368186e+03 1.001312895113259493e+00
5.394645325658791990e+03 1.005101743996249963e+00
5.394673380613116024e+03 1.001084112138424853e+00
5.394701435713340288e+03 1.004371112060911786e+00
5.394729490959465693e+03 1.001802662958957590e+00
5.394757546351492238e+03 9.968526184436836690e-01
5.394785601889421741e+03 9.944695981709784638e-01
5.394813657573255114e+03 1.000129072827328214e+00
5.394841713402992355e+03 1.002821331990327636e+00
5.394869769378633464e+03 1.000047853819481913e+00
5.394897825500181170e+03 1.004816713719346222e+00
5.394925881767635474e+03 1.000706553952273925e+00
5.394953938180996374e+03 9.969313321031906261e-01
5.394981994740265691e+03 1.000908217402038503e+00
5.395010051445443423e+03 1.001057829933611032e+00
5.395038108296530481e+03 1.002907739494993677e+00
5.395066165293527774e+03 1.004986293036803424e+00
5.395094222436435302e+03 1.006031154252006621e+00
5.395122279725255794e+03 1.006431179178378432e+00
5.395150337159987430e+03 1.003166589309824941e+00
5.395178394740633848e+03 1.003624204690237054e+00
5.395206452467193230e+03 9.996273063015476135e-01
5.395234510339667395e+03 9.952008310082346432e-01
5.395262568358057251e+03 9.995079411239099487e-01
5.395290626522362800e+03 1.000158322895747576e+00
5.395318684832585859e+03 1.003325853790868027e+00
5.395346743288726429e+03 1.002213575021322356e+00
5.395374801890786330e+03 1.001088703921597656e+00
5.395402860638764651e+03 1.000864813032860567e+00
5.395430919532663211e+03 1.001841951260559860e+00
5.395458978572482920e+03 9.999153106131928315e-01
5.395487037758223778e+03 9.985490666539659221e-01
5.395515097089887604e+03 9.996738857311416870e-01
5.395543156567473488e+03 1.003286705680705548e+00
5.395571216190984160e+03 9.987312449432677042e-01
5.395599275960418709e+03 9.952118200286329541e-01
5.395627335875778954e+03 9.985177517285580562e-01
5.395655395937065805e+03 1.003024016589164846e+00
5.395683456144278352e+03 9.980531952774395199e-01
5.395711516497419325e+03 1.000794057472234710e+00
5.395739576996488722e+03 9.983381583707306994e-01
5.395767637641487454e+03 1.000715888381567220e+00
5.395795698432415520e+03 1.002668210919502867e+00
5.395823759369274740e+03 9.997860182521562944e-01
5.395851820452065112e+03 1.001881247198178615e+00
5.395879881680787548e+03 9.994931382080872728e-01
5.395907943055442956e+03 9.973142440084370453e-01
5.395936004576032246e+03 9.997540268216944526e-01
5.395964066242556328e+03 1.002256686777511341e+00
5.395992128055015201e+03 1.002529719823370025e+00
5.396020190013409774e+03 1.002399421328624474e+00
5.396048252117741868e+03 9.962433473446623555e-01
5.396076314368010571e+03 1.001720312348187258e+00
5.396104376764217704e+03 9.952325350708597362e-01
5.396132439306364176e+03 9.974287464501576661e-01
5.396160501994450897e+03 9.943850261435109861e-01
5.396188564828477865e+03 9.966771618933424337e-01
5.396216627808445992e+03 9.977628550029999932e-01
5.396244690934356186e+03 1.001531700504413314e+00
5.396272754206208447e+03 1.002744271636694329e+00
5.396300817624005504e+03 9.976427187767179516e-01
5.396328881187745537e+03 9.977025652447581994e-01
5.396356944897432186e+03 1.000135152275582140e+00
5.396385008753063630e+03 9.938995282643859897e-01
5.396413072754641689e+03 9.956107499462748534e-01
5.396441136902168182e+03 1.001256917772216148e+00
5.396469201195641290e+03 1.002010271750083392e+00
5.396497265635064650e+03 1.003552202971907503e+00
5.396525330220436445e+03 9.982455317591911736e-01
5.396553394951759401e+03 9.988272202796142363e-01
5.396581459829033520e+03 1.002472940676801816e+00
5.396609524852259710e+03 9.980703708144837982e-01
5.396637590021437973e+03 9.997875965450939706e-01
5.396665655336570126e+03 1.002132145161420684e+00
5.396693720797656169e+03 1.001824195640431903e+00
5.396721786404697013e+03 1.001090222177825506e+00
5.396749852157694477e+03 1.001496895181822833e+00
5.396777918056647650e+03 1.002924744440194971e+00
5.396805984101558352e+03 9.983160649195247371e-01
5.396834050292426582e+03 9.925598526162217050e-01
5.396862116629254160e+03 9.943066206290744891e-01
5.396890183112041086e+03 9.986374137465853229e-01
5.396918249740788269e+03 9.984660313973416912e-01
5.396946316515496619e+03 1.006206512542030751e+00
5.396974383436166136e+03 1.004041041520649102e+00
5.397002450502798638e+03 1.001653233757030970e+00
5.397030517715394126e+03 1.002536090010183401e+00
5.397058585073954418e+03 9.959412958329260102e-01
5.397086652578478606e+03 9.969375470568825337e-01
5.397114720228969418e+03 9.991752785019757388e-01
5.397142788025425943e+03 1.000196811964298771e+00
5.397170855967849093e+03 1.007686648881839675e+00
5.397198924056240685e+03 1.006492686187004271e+00
5.397226992290601629e+03 1.005675654346333658e+00
5.397255060670931016e+03 1.001661215506333580e+00
5.397283129197230664e+03 1.000869314741090532e+00
5.397311197869501484e+03 9.998997549925737749e-01
5.397339266687743475e+03 9.969371758567061592e-01
5.397367335651958456e+03 9.996063027804680257e-01
5.397395404762146427e+03 1.002073512330404759e+00
5.397423474018307388e+03 9.908092419138182505e-01
5.397451543420444068e+03 9.903446990893519652e-01
5.397479612968556467e+03 9.996801190714674767e-01
5.397507682662644584e+03 1.007871463947592305e+00
5.397535752502709329e+03 1.001133573047484404e+00
5.397563822488752521e+03 1.002116782121587502e+00
5.397591892620773251e+03 9.897903878057781046e-01
5.397619962898774247e+03 9.948543806247307497e-01
5.397648033322754600e+03 9.991052262271250539e-01
5.397676103892716128e+03 1.003632970198187202e+00
5.397704174608658832e+03 1.002096229071554268e+00
5.397732245470584530e+03 9.975938079891935040e-01
5.397760316478492314e+03 1.003836100024713573e+00
5.397788387632384911e+03 9.988019178064291292e-01
5.397816458932261412e+03 9.997411179688364680e-01
5.397844530378122727e+03 9.999156446027371858e-01
5.397872601969970674e+03 1.001125922998959306e+00
5.397900673707806163e+03 9.999873473505913601e-01
5.397928745591628285e+03 1.001975359363495244e+00
5.397956817621438859e+03 9.969457190888959541e-01
5.397984889797238793e+03 9.967765275845359429e-01
5.398012962119028998e+03 1.001430144525373711e+00
5.398041034586809474e+03 1.004077503474025246e+00
5.398069107200581129e+03 1.010878996346997516e+00
5.398097179960344874e+03 1.007636227022609132e+00
5.398125252866101619e+03 1.005867759353895385e+00
5.398153325917852271e+03 1.001449365900239030e+00
5.398181399115597742e+03 9.970047543250214472e-01
5.398209472459338031e+03 1.001814330822478061e+00
5.398237545949074047e+03 1.005799096714392382e+00
5.398265619584806700e+03 1.002586791561145718e+00
5.398293693366536900e+03 1.000315531467497188e+00
5.398321767294265555e+03 1.002043615225703066e+00
5.398349841367992667e+03 9.981778237690402955e-01
5.398377915587720054e+03 9.930416262576621245e-01
5.398405989953447715e+03 9.938722822574126425e-01
5.398434064465177471e+03 9.974804283753649914e-01
5.398462139122908411e+03 1.000170696829648653e+00
5.398490213926642355e+03 9.969553178050495346e-01
5.398518288876379302e+03 9.984440716964088081e-01
5.398546363972121071e+03 1.004998753207027695e+00
5.398574439213867663e+03 1.005480282964512639e+00
5.398602514601620896e+03 1.002128186776553687e+00
5.398630590135379862e+03 9.957921854189248911e-01
5.398658665815146378e+03 9.965024546444180009e-01
5.398686741640921355e+03 9.942845366045565125e-01
5.398714817612704792e+03 9.925452492318774800e-01
5.398742893730497599e+03 9.958680339113271662e-01
5.398770969994300685e+03 1.005533258416767106e+00
5.398799046404115870e+03 1.004163452326098493e+00
5.398827122959942244e+03 9.974162657649175978e-01
5.398855199661781626e+03 1.001979170091512161e+00
5.398883276509634015e+03 1.002782603595960609e+00
5.398911353503500322e+03 9.991057627625962168e-01
5.398939430643382366e+03 9.954694455383988894e-01
5.398967507929280146e+03 9.955931934162668417e-01
5.398995585361193662e+03 9.943455512231462734e-01
5.399023662939124733e+03 9.981954398545730411e-01
5.399051740663073360e+03 1.003673744862188189e+00
5.399079818533041362e+03 9.994527884425574715e-01
5.399107896549028737e+03 1.001753903470245399e+00
5.399135974711036397e+03 1.005177715180761933e+00
5.399164053019064340e+03 1.002760984618084050e+00
5.399192131473115296e+03 1.006627885883978779e+00
5.399220210073187445e+03 1.001470145698207359e+00
5.399248288819283516e+03 9.977628262556365035e-01
5.399276367711403509e+03 1.001411608710437440e+00
5.399304446749549243e+03 1.002130269520164152e+00
5.399332525933718898e+03 1.002027035258255649e+00
5.399360605263916113e+03 1.002610631156868770e+00
5.399388684740139979e+03 9.973036188926959200e-01
5.399416764362391405e+03 9.990094171206526097e-01
5.399444844130672209e+03 1.002441879626115417e+00
5.399472924044981482e+03 1.006894899649271036e+00
5.399501004105321954e+03 1.002114199853556764e+00
5.399529084311692714e+03 1.006129371853979215e+00
5.399557164664094671e+03 9.983701339168625788e-01
5.399585245162529645e+03 1.001125882840532277e+00
5.399613325806997636e+03 1.002088135305188255e+00
5.399641406597499554e+03 1.003439340545844383e+00
5.399669487534035397e+03 1.003358470885010512e+00
5.399697568616607896e+03 9.978118414732735086e-01
5.399725649845216140e+03 1.001732113479908426e+00
5.399753731219861038e+03 1.004998092604367566e+00
5.399781812740543501e+03 1.000775604272048591e+00
5.399809894407265347e+03 9.989421970447884824e-01
5.399837976220025666e+03 1.001136618042913318e+00
5.399866058178826279e+03 1.005011614904092632e+00
5.399894140283667184e+03 9.999476054979493655e-01
5.399922222534550201e+03 9.988044291302287103e-01
5.399950304931475330e+03 9.989716590991390976e-01
5.399978387474443480e+03 1.004372267057510149e+00
5.400006470163455560e+03 9.996556861337028144e-01
5.400034552998511572e+03 1.004229198635798070e+00
5.400062635979613333e+03 1.003179225622043091e+00
5.400090719106761753e+03 1.006330026179656834e+00
5.400118802379955923e+03 1.001368108376261112e+00
5.400146885799198571e+03 1.002170931438715273e+00
5.400174969364488788e+03 9.993046732904277141e-01
5.400203053075828393e+03 1.004503017841971380e+00
5.400231136933218295e+03 1.002616508935433082e+00
5.400259220936658494e+03 9.973443476565668764e-01
5.400287305086149900e+03 9.960077051953029059e-01
5.400315389381693421e+03 1.001196517500584360e+00
5.400343473823289969e+03 9.992644728512941610e-01
5.400371558410940452e+03 9.988713225721608246e-01
5.400399643144645779e+03 1.004445301490278553e+00
5.400427728024405042e+03 1.004952020045303485e+00
5.400455813050220968e+03 1.002081558049646492e+00
5.400483898222093558e+03 1.000094960571193514e+00
5.400511983540023721e+03 9.987211592425740969e-01
5.400540069004012366e+03 1.002010753242404961e+00
5.400568154614059495e+03 9.956892645789666707e-01
5.400596240370166015e+03 9.964512087982533295e-01
5.400624326272333747e+03 1.000479355241357560e+00
5.400652412320562689e+03 1.002246709792053991e+00
5.400680498514852843e+03 1.000157214616935741e+00
5.400708584855206936e+03 1.001118315969363071e+00
5.400736671341624060e+03 1.002020251269152951e+00
5.400764757974105123e+03 1.000259781210359522e+00
5.400792844752651945e+03 1.003030568506384501e+00
5.400820931677263616e+03 9.990838877146960284e-01
5.400849018747942864e+03 1.001956041977972944e+00
5.400877105964688781e+03 1.001484849140797939e+00
5.400905193327503184e+03 9.997860288170653531e-01
5.400933280836386075e+03 9.987216213036067547e-01
5.400961368491339272e+03 9.978966555934822846e-01
5.400989456292362775e+03 1.001100319409914396e+00
5.401017544239456583e+03 1.002801454998295094e+00
5.401045632332622517e+03 9.992813372353472889e-01
5.401073720571861486e+03 9.987226421825463607e-01
5.401101808957173489e+03 1.004971403265888075e+00
5.401129897488560346e+03 1.004505739279947685e+00
5.401157986166021146e+03 1.000693516436569785e+00
5.401186074989558620e+03 9.976375656474304465e-01
5.401214163959171856e+03 1.001980231427523682e+00
5.401242253074862674e+03 1.000031798167492214e+00
5.401270342336631984e+03 9.990944316138610226e-01
5.401298431744478876e+03 9.977093109168448937e-01
5.401326521298406078e+03 9.984834652477383443e-01
5.401354610998412682e+03 9.962598119076849779e-01
5.401382700844501414e+03 9.936916550402615789e-01
5.401410790836671367e+03 9.967440583042824764e-01
5.401438880974923450e+03 1.001057777923572090e+00
5.401466971259259481e+03 9.990307702584776406e-01
5.401495061689679460e+03 1.002474236707772137e+00
5.401523152266184297e+03 9.992245213212258559e-01
5.401551242988773993e+03 9.972078687434410282e-01
5.401579333857450365e+03 9.982040967576731871e-01
5.401607424872214324e+03 9.999390926493555432e-01
5.401635516033065869e+03 1.001391197367498931e+00
5.401663607340005910e+03 1.002790689098192134e+00
5.401691698793035357e+03 1.003572863104447599e+00
5.401719790392155119e+03 9.981548747001087740e-01
5.401747882137365195e+03 1.000142039822614626e+00
5.401775974028667406e+03 1.003423024205845948e+00
5.401804066066061750e+03 1.003147684927164329e+00
5.401832158249550048e+03 9.993744998671690860e-01
5.401860250579131389e+03 1.002457691047191402e+00
5.401888343054807592e+03 1.004826481427212315e+00
5.401916435676579567e+03 1.004045007860042471e+00
5.401944528444447315e+03 1.001289434869581108e+00
5.401972621358412653e+03 1.000347623798918839e+00
5.402000714418474672e+03 9.982063714582761760e-01
5.402028807624636102e+03 9.979575911149258793e-01
5.402056900976896031e+03 1.000621197382979721e+00
5.402084994475257190e+03 9.980715757204499106e-01
5.402113088119717759e+03 9.999060578035272595e-01
5.402141181910280466e+03 9.999962018162147359e-01
5.402169275846945311e+03 9.994017562690257206e-01
5.402197369929714114e+03 9.988032257099299649e-01
5.402225464158585055e+03 1.002015221586187943e+00
5.402253558533561772e+03 1.000285907492372228e+00
5.402281653054643357e+03 9.974941296072226127e-01
5.402309747721831627e+03 1.000074068136704852e+00
5.402337842535125674e+03 9.983195827515826126e-01
5.402365937494528225e+03 9.950911220382085975e-01
5.402394032600039282e+03 9.965430644773076718e-01
5.402422127851658843e+03 9.993133947154549945e-01
5.402450223249387818e+03 9.991816479777990700e-01
5.402478318793228937e+03 9.946892953225126011e-01
5.402506414483180379e+03 9.939539545285861477e-01
5.402534510319243964e+03 9.984111881329145177e-01
5.402562606301420601e+03 9.979309989197585606e-01
5.402590702429711200e+03 9.940983236452702876e-01
5.402618798704115761e+03 9.962796002691004515e-01
5.402646895124636103e+03 9.994676105901150187e-01
5.402674991691272226e+03 1.001602058617939717e+00
5.402703088404025038e+03 1.000677967375028121e+00
5.402731185262895451e+03 9.974002693894306049e-01
5.402759282267883464e+03 9.983502525060720112e-01
5.402787379418990895e+03 1.001064073091135320e+00
5.402815476716218654e+03 9.980247020167807293e-01
5.402843574159565833e+03 9.966008349477414319e-01
5.402871671749035158e+03 9.970489278360025187e-01
5.402899769484626631e+03 9.958337726246462296e-01
5.402927867366340251e+03 9.959608884291032416e-01
5.402955965394177838e+03 9.942456063270691535e-01
5.402984063568139391e+03 9.938056420028251736e-01
5.403012161888226728e+03 9.941244428130430189e-01
5.403040260354438942e+03 9.937794398639130389e-01
5.403068358966778760e+03 9.989861970789817303e-01
5.403096457725245273e+03 1.001263293111448016e+00
5.403124556629840299e+03 1.005434279093465166e+00
5.403152655680563839e+03 1.003972283752636585e+00
5.403180754877416803e+03 9.987846111557964202e-01
5.403208854220400099e+03 1.002920601276345636e+00
5.403236953709515547e+03 1.000632008218388158e+00
5.403265053344762237e+03 9.959888019688047933e-01
5.403293153126141988e+03 9.988374830473953914e-01
5.403321253053654800e+03 1.000801433540963625e+00
5.403349353127301583e+03 1.000470646426671273e+00
5.403377453347084156e+03 9.984382729907284038e-01
5.403405553713001609e+03 1.003065625644697700e+00
5.403433654225055761e+03 1.003195742361362663e+00
5.403461754883247522e+03 1.001327299929328785e+00
5.403489855687576892e+03 9.956131433779599194e-01
5.403517956638044780e+03 9.985149229424870043e-01
5.403546057734653004e+03 1.004097247477464316e+00
5.403574158977400657e+03 1.003024607289706882e+00
5.403602260366290466e+03 1.001396597865125804e+00
5.403630361901321521e+03 9.995025226938548668e-01
5.403658463582494733e+03 9.965683395922240173e-01
5.403686565409811010e+03 9.965489997495194929e-01
5.403714667383272172e+03 1.005634960903486919e+00
5.403742769502878218e+03 1.006799902645649558e+00
5.403770871768629149e+03 1.000241162874820011e+00
5.403798974180526784e+03 1.001227243920872256e+00
5.403827076738572032e+03 1.001234531875039080e+00
5.403855179442764893e+03 1.000296303524706776e+00
5.403883282293106276e+03 1.003463183486496879e+00
5.403911385289596183e+03 1.004162617026021387e+00
5.403939488432237340e+03 1.001707996881576745e+00
5.403967591721029748e+03 1.002328278704316400e+00
5.403995695155972498e+03 9.964613307436757106e-01
5.404023798737068319e+03 9.961806109984756574e-01
5.404051902464318118e+03 9.966581714390684299e-01
5.404080006337720988e+03 1.000016071653613281e+00
5.404108110357278747e+03 1.004966599907042069e+00
5.404136214522992304e+03 9.985266496768542277e-01
5.404164318834861660e+03 9.984777162748222912e-01
5.404192423292887725e+03 1.000980225476893581e+00
5.404220527897072316e+03 1.003680453974326703e+00
5.404248632647415434e+03 1.000530792786295420e+00
5.404276737543917079e+03 9.987993226435749605e-01
5.404304842586579980e+03 9.956152824529188594e-01
5.404332947775402317e+03 9.981411238404457320e-01
5.404361053110386820e+03 1.001475548917449609e+00
5.404389158591533487e+03 1.000614563264402568e+00
5.404417264218844139e+03 9.940146873790028925e-01
5.404445369992317865e+03 1.008837308058789795e+00
5.404473475911955575e+03 1.003370800900759807e+00
5.404501581977759997e+03 1.000958603060627450e+00
5.404529688189729313e+03 1.006275609025575113e+00
5.404557794547866251e+03 1.005617385113513729e+00
5.404585901052170811e+03 1.002670511502723683e+00
5.404614007702642994e+03 9.932074759550250098e-01
5.404642114499285526e+03 1.002534533651596282e+00
5.404670221442097500e+03 1.000951518962819975e+00
5.404698328531079824e+03 9.985098358007928887e-01
5.404726435766233408e+03 9.967595125694856950e-01
5.404754543147560071e+03 1.000858067479417857e+00
5.404782650675058903e+03 9.969606611122355799e-01
5.404810758348731724e+03 9.995307907504805689e-01
5.404838866168579443e+03 9.970406016514336001e-01
5.404866974134602060e+03 9.966717611393665077e-01
5.404895082246800484e+03 9.983272526780789802e-01
5.404923190505175626e+03 1.006707611085575271e+00
5.404951298909729303e+03 9.894246178045364992e-01
5.404979407460459697e+03 9.919035331699506131e-01
5.405007516157370446e+03 9.942423677400886728e-01
5.405035625000460641e+03 9.943690793210701040e-01
5.405063733989731190e+03 9.971026655038467412e-01
5.405091843125183004e+03 1.005658476483690000e+00
5.405119952406816992e+03 1.007534268105934716e+00
5.405148061834634063e+03 9.938093787353213804e-01
5.405176171408634218e+03 9.981234059297933170e-01
5.405204281128819275e+03 9.994081302624842067e-01
5.405232390995189235e+03 9.982885134132296612e-01
5.405260501007745006e+03 1.001016578916862576e+00
5.405288611166487499e+03 1.000493527072631839e+00
5.405316721471417623e+03 9.962590678914740039e-01
5.405344831922535377e+03 9.921270100436518913e-01
5.405372942519842582e+03 9.975775467453658063e-01
5.405401053263339236e+03 9.943614106193537916e-01
5.405429164153026250e+03 9.923141813939438949e-01
5.405457275188904532e+03 9.939885828204988449e-01
5.405485386370974993e+03 1.005615021475368742e+00
5.405513497699238542e+03 9.931808318616968112e-01
5.405541609173695178e+03 9.930066384110547428e-01
5.405569720794345812e+03 1.000420137635653406e+00
5.405597832561191353e+03 9.987045799493153853e-01
5.405625944474233620e+03 1.001929466572867300e+00
5.405654056533471703e+03 9.947228598762544172e-01
5.405682168738906512e+03 9.972370417038870505e-01
5.405710281090539866e+03 1.001880099902956012e+00
5.405738393588372674e+03 9.980832313636678332e-01
5.405766506232404026e+03 9.960560285475302811e-01
5.405794619022636653e+03 9.981302411333931035e-01
5.405822731959069642e+03 9.955735423879976675e-01
5.405850845041704815e+03 1.001877125059303264e+00
5.405878958270543080e+03 9.882275450812105788e-01
5.405907071645583528e+03 9.945722507674248369e-01
5.405935185166828887e+03 9.975553404793823242e-01
5.405963298834279158e+03 9.971576350836234282e-01
5.405991412647935249e+03 1.002022221604619512e+00
5.406019526607797161e+03 9.978648173900279694e-01
5.406047640713866713e+03 9.916672674817872402e-01
5.406075754966143904e+03 9.967484893324363160e-01
5.406103869364630555e+03 9.982593967923186762e-01
5.406131983909325754e+03 9.997479027111697558e-01
5.406160098600231322e+03 1.001488503716402523e+00
5.406188213437348168e+03 9.995626127616024093e-01
5.406216328420676291e+03 9.939813241395857313e-01
5.406244443550217511e+03 9.950264781796911429e-01
5.406272558825971828e+03 9.958395133713504599e-01
5.406300674247940151e+03 9.982954473632137393e-01
5.406328789816122480e+03 9.953238583434411701e-01
5.406356905530521544e+03 9.957497030201527544e-01
5.406385021391136434e+03 1.000015259845341564e+00
5.406413137397968057e+03 9.979325178456321943e-01
5.406441253551017326e+03 9.903872013951386943e-01
5.406469369850286057e+03 9.935795426050059165e-01
5.406497486295773342e+03 9.931747548393308200e-01
5.406525602887481000e+03 9.966972395766751092e-01
5.406553719625409940e+03 9.966374716878887430e-01
5.406581836509560162e+03 9.981716744290598520e-01
5.406609953539932576e+03 9.995614296368003915e-01
5.406638070716529000e+03 9.956647434088052862e-01
5.406666188039348526e+03 9.962151652868612706e-01
5.406694305508392972e+03 9.987169391259729245e-01
5.406722423123662338e+03 9.943524965860610632e-01
5.406750540885158443e+03 9.954740048827832588e-01
5.406778658792881288e+03 9.957520213974859757e-01
5.406806776846831781e+03 9.970874239699112351e-01
5.406834895047010832e+03 1.002027660563744815e+00
5.406863013393419351e+03 1.000351095417065794e+00
5.406891131886057337e+03 1.003178114952338662e+00
5.406919250524926611e+03 9.968643572629311000e-01
5.406947369310027170e+03 1.001893995128310344e+00
5.406975488241359926e+03 1.001281566106886567e+00
5.407003607318925788e+03 9.962068479707525404e-01
5.407031726542724755e+03 9.963010553398264912e-01
5.407059845912759556e+03 9.989335668435116444e-01
5.407087965429029282e+03 9.992082548739543713e-01
5.407116085091534842e+03 9.950952360008321618e-01
5.407144204900277145e+03 9.936908607617739309e-01
5.407172324855257102e+03 9.912790279071337363e-01
5.407200444956474712e+03 9.899925778155366229e-01
5.407228565203932703e+03 9.879589437733840018e-01
5.407256685597630167e+03 9.942883983509569479e-01
5.407284806137568012e+03 9.874797817432594549e-01
5.407312926823747148e+03 9.886859323577299463e-01
5.407341047656168485e+03 9.916305322101239828e-01
5.407369168634832931e+03 9.901038106730111199e-01
5.407397289759741398e+03 9.939835035132712493e-01
5.407425411030893883e+03 9.984016638263889520e-01
5.407453532448291298e+03 9.895158659189577932e-01
5.407481654011935461e+03 9.904629248287646348e-01
5.407509775721825463e+03 9.908263183433534405e-01
5.407537897577964031e+03 9.881245278639354535e-01
5.407566019580350257e+03 9.944208387217478018e-01
5.407594141728985051e+03 9.944452247725679150e-01
5.407622264023870230e+03 9.989054056983843743e-01
5.407650386465004885e+03 9.986329816451453567e-01
5.407678509052391746e+03 9.949085349343508300e-01
5.407706631786030812e+03 9.924448446268860913e-01
5.407734754665922082e+03 9.966548981347143066e-01
5.407762877692067377e+03 9.917913100575284080e-01
5.407791000864466696e+03 9.896261847658777144e-01
5.407819124183121858e+03 9.923826227483988349e-01
5.407847247648031953e+03 1.000625220281856187e+00
5.407875371259198801e+03 9.955688772184947410e-01
5.407903495016623310e+03 9.970013673863402648e-01
5.407931618920305482e+03 9.927104719501563812e-01
5.407959742970247135e+03 9.921269549197353488e-01
5.407987867166448268e+03 9.951363479057401262e-01
5.408015991508909792e+03 9.900292904016958495e-01
5.408044115997632616e+03 9.962867554187821995e-01
5.408072240632616740e+03 9.952611728772573496e-01
5.408100365413863983e+03 9.872665358733054841e-01
5.408128490341374345e+03 9.859961711947908825e-01
5.408156615415149645e+03 9.865250006624475265e-01
5.408184740635189883e+03 9.856899364537330399e-01
5.408212866001495058e+03 9.881543097846757773e-01
5.408240991514066991e+03 9.853276258857351921e-01
5.408269117172906590e+03 9.934804643363296384e-01
5.408297242978013855e+03 9.915173234403207303e-01
5.408325368929390606e+03 9.883079723306401609e-01
5.408353495027035933e+03 9.878529696878580735e-01
5.408381621270951655e+03 9.854182182967570203e-01
5.408409747661138681e+03 9.880908150352981645e-01
5.408437874197597921e+03 9.832392876893327749e-01
5.408466000880329375e+03 9.777629113530439398e-01
5.408494127709333952e+03 9.833764440349106462e-01
5.408522254684612562e+03 9.883735926886180190e-01
5.408550381806167024e+03 9.843238370381365288e-01
5.408578509073996429e+03 9.849839116419327745e-01
5.408606636488101685e+03 9.863280684002929677e-01
5.408634764048484612e+03 9.830543164018252789e-01
5.408662891755146120e+03 9.770095554900701806e-01
5.408691019608085298e+03 9.747565863111645745e-01
5.408719147607303967e+03 9.803430757757486402e-01
5.408747275752803034e+03 9.854295666900477757e-01
5.408775404044583411e+03 9.885099497527943813e-01
5.408803532482645096e+03 9.827763803766829120e-01
5.408831661066989000e+03 9.852244998919665875e-01
5.408859789797616941e+03 9.806528427887718502e-01
5.408887918674528009e+03 9.826333892469163445e-01
5.408916047697724025e+03 9.848023169242018371e-01
5.408944176867205897e+03 9.847219436711254215e-01
5.408972306182974535e+03 9.769287089783946776e-01
5.409000435645029029e+03 9.784820672792865492e-01
5.409028565253372108e+03 9.827596958013156137e-01
5.409056695008003771e+03 9.800727728779329295e-01
5.409084824908924020e+03 9.740032355636493167e-01
5.409112954956134672e+03 9.742088234192997076e-01
5.409141085149636638e+03 9.741817452392553811e-01
5.409169215489429916e+03 9.749944184010360670e-01
5.409197345975515418e+03 9.780386174496754625e-01
5.409225476607894052e+03 9.745353944399058888e-01
5.409253607386566728e+03 9.615793193831323471e-01
5.409281738311533445e+03 9.614104701919673479e-01
5.409309869382796933e+03 9.654462664485498058e-01
5.409338000600355372e+03 9.683332179872964351e-01
5.409366131964211490e+03 9.722072599289021122e-01
5.409394263474364379e+03 9.682498816820263032e-01
5.409422395130815858e+03 9.633104261530239798e-01
5.409450526933567744e+03 9.696864461892262810e-01
5.409478658882618220e+03 9.688264595242744859e-01
5.409506790977970013e+03 9.679284253920228398e-01
5.409534923219623124e+03 9.797685904140571722e-01
5.409563055607579372e+03 9.754687962912830246e-01
5.409591188141837847e+03 9.644287361255681201e-01
5.409619320822399459e+03 9.664683820103638912e-01
5.409647453649266936e+03 9.673391043146710722e-01
5.409675586622438459e+03 9.660979073077113899e-01
5.409703719741916757e+03 9.672089936798150545e-01
5.409731853007701829e+03 9.619683899382382997e-01
5.409759986419794586e+03 9.578104728037090121e-01
5.409788119978195027e+03 9.609403972595043086e-01
5.409816253682904971e+03 9.588460819321832362e-01
5.409844387533925328e+03 9.541755539871485947e-01
5.409872521531255188e+03 9.552445317987898754e-01
5.409900655674897280e+03 9.470966367050843715e-01
5.409928789964851603e+03 9.355423120516351831e-01
5.409956924401118158e+03 9.423841824997116756e-01
5.409985058983698764e+03 9.492522369520182135e-01
5.410013193712594330e+03 9.501960088770070589e-01
5.410041328587803946e+03 9.512957217793105436e-01
5.410069463609330342e+03 9.456224266085925256e-01
5.410097598777173516e+03 9.445274972053874230e-01
5.410125734091333470e+03 9.483200200368270272e-01
5.410153869551812022e+03 9.407109723638804599e-01
5.410182005158609172e+03 9.350026554127579548e-01
5.410210140911726739e+03 9.346097714879743057e-01
5.410238276811164724e+03 9.433472418476046562e-01
5.410266412856924035e+03 9.414083534430524036e-01
5.410294549049004672e+03 9.405985335608677556e-01
5.410322685387408455e+03 9.427839824809403080e-01
5.410350821872136294e+03 9.399778724656283613e-01
5.410378958503188187e+03 9.384015376607832692e-01
5.410407095280565045e+03 9.382453160384457425e-01
5.410435232204267777e+03 9.380103613023126341e-01
5.410463369274296383e+03 9.397684632134895022e-01
5.410491506490653592e+03 9.437084113791754936e-01
5.410519643853338493e+03 9.388065938323580939e-01
5.410547781362351998e+03 9.340919631633408660e-01
5.410575919017695014e+03 9.404308149394960958e-01
5.410604056819368452e+03 9.374119780046673567e-01
5.410632194767373221e+03 9.314353918033260182e-01
5.410660332861710231e+03 9.256469375781243292e-01
5.410688471102379481e+03 9.333633107653115379e-01
5.410716609489382790e+03 9.383084472723778324e-01
5.410744748022720159e+03 9.324758888312031369e-01
5.410772886702391588e+03 9.265069986784228995e-01
5.410801025528399805e+03 9.288821916144104351e-01
5.410829164500743900e+03 9.271922858226996356e-01
5.410857303619425693e+03 9.310799811866429243e-01
5.410885442884445183e+03 9.288205894543695162e-01
5.410913582295804190e+03 9.254231399825921800e-01
5.410941721853501804e+03 9.237302821964413768e-01
5.410969861557539843e+03 9.218874305707743799e-01
5.410998001407919219e+03 9.219686600169748614e-01
5.411026141404639930e+03 9.199228566525217143e-01
5.411054281547703795e+03 9.210176709487154501e-01
5.411082421837110815e+03 9.256593874103444808e-01
5.411110562272861898e+03 9.203898961508543142e-01
5.411138702854957955e+03 9.160425873627026094e-01
5.411166843583399896e+03 9.181386386770037378e-01
5.411194984458187719e+03 9.173712853154853963e-01
5.411223125479323244e+03 9.192287075364178328e-01
5.411251266646805561e+03 9.120994012475041046e-01
5.411279407960637400e+03 9.125392792077643422e-01
5.411307549420818759e+03 9.186809957987858155e-01
5.411335691027350549e+03 9.128466007126029291e-01
5.411363832780232769e+03 9.114941768425697255e-01
5.411391974679466330e+03 9.128290078546102970e-01
5.411420116725053049e+03 9.063403929632244393e-01
5.411448258916992927e+03 9.069695146588062640e-01
5.411476401255286873e+03 9.115328171642391730e-01
5.411504543739934888e+03 9.099504101795273803e-01
5.411532686370938791e+03 9.079505450677387568e-01
5.411560829148299490e+03 9.086973472670833996e-01
5.411588972072016986e+03 9.126985782337305730e-01
5.411617115142091279e+03 9.053478853608657451e-01
5.411645258358525098e+03 9.098458414686526607e-01
5.411673401721318442e+03 9.051205805212272359e-01
5.411701545230471311e+03 9.069218511768956104e-01
5.411729688885985524e+03 9.097469775189003238e-01
5.411757832687861082e+03 9.107898128522122771e-01
5.411785976636098894e+03 9.048552171297794544e-01
5.411814120730699869e+03 9.067733676716569491e-01
5.411842264971664918e+03 9.127537127005129758e-01
5.411870409358994948e+03 9.066457735757452729e-01
5.411898553892689961e+03 9.041811535238049036e-01
5.411926698572750865e+03 9.049566064030715173e-01
5.411954843399178571e+03 9.046159994269076243e-01
5.411982988371974898e+03 9.097581259029591250e-01
5.412011133491138935e+03 9.105098503211175309e-01
5.412039278756672502e+03 9.004671047244885429e-01
5.412067424168576508e+03 9.028265228220839766e-01
5.412095569726850044e+03 9.061939753606336190e-01
5.412123715431495839e+03 9.044041798925555042e-01
5.412151861282513892e+03 9.026635573371641907e-01
5.412180007279905112e+03 9.035026147774959382e-01
5.412208153423670410e+03 9.074902716666903846e-01
5.412236299713809785e+03 9.149398770719331386e-01
5.412264446150324147e+03 9.104323398199064554e-01
5.412292592733215315e+03 9.069496400103569389e-01
5.412320739462482379e+03 9.074232354891238472e-01
5.412348886338128068e+03 9.038594867022183843e-01
5.412377033360151472e+03 9.013592797553909852e-01
5.412405180528553501e+03 9.035498947911300149e-01
5.412433327843336883e+03 9.050359199743550631e-01
5.412461475304499800e+03 9.094734666531201217e-01
5.412489622912044069e+03 9.122525061360603482e-01
5.412517770665970602e+03 9.115172961611330837e-01
5.412545918566280307e+03 9.086017631694431884e-01
5.412574066612974093e+03 9.112286699249537714e-01
5.412602214806051961e+03 9.065042923494981419e-01
5.412630363145514821e+03 9.036551856710419717e-01
5.412658511631363581e+03 9.105559729194350194e-01
5.412686660263599151e+03 9.121444576937087767e-01
5.412714809042222441e+03 9.134973974759256210e-01
5.412742957967234361e+03 9.171705180425219206e-01
5.412771107038634909e+03 9.104962500267015368e-01
5.412799256256424997e+03 9.158143203314346170e-01
5.412827405620605532e+03 9.201059508480744498e-01
5.412855555131177425e+03 9.144790527226440702e-01
5.412883704788141586e+03 9.172371501662293092e-01
5.412911854591498923e+03 9.255447967124027508e-01
5.412940004541249436e+03 9.239796289801553986e-01
5.412968154637394036e+03 9.189765283536777130e-01
5.412996304879933632e+03 9.283416899241132558e-01
5.413024455268870042e+03 9.254345425215178000e-01
5.413052605804202358e+03 9.278515646149891882e-01
5.413080756485932397e+03 9.311094592425168681e-01
5.413108907314060161e+03 9.258475841481018653e-01
5.413137058288586559e+03 9.352496145520110549e-01
5.413165209409513409e+03 9.396755969088916860e-01
5.413193360676840712e+03 9.279304630675034860e-01
5.413221512090568467e+03 9.314521447897694539e-01
5.413249663650698494e+03 9.322890018739334872e-01
5.413277815357231702e+03 9.361023323079199487e-01
5.413305967210168092e+03 9.332753925611650958e-01
5.413334119209508572e+03 9.321072582159221076e-01
5.413362271355254052e+03 9.369733790156147268e-01
5.413390423647405441e+03 9.352096004268971585e-01
5.413418576085963650e+03 9.404869683826435622e-01
5.413446728670928678e+03 9.368375996412646733e-01
5.413474881402302344e+03 9.353677364940928829e-01
5.413503034280083739e+03 9.331180232316059753e-01
5.413531187304275591e+03 9.307759036028371291e-01
5.413559340474877899e+03 9.337266511717985384e-01
5.413587493791890665e+03 9.432119236629049608e-01
5.413615647255315707e+03 9.491159772975044095e-01
5.413643800865153025e+03 9.433487290984943208e-01
5.413671954621403529e+03 9.459862316276322902e-01
5.413700108524069037e+03 9.544874215535692485e-01
5.413728262573148641e+03 9.484369567391930378e-01
5.413756416768644158e+03 9.454984946391318257e-01
5.413784571110556499e+03 9.493335179344054575e-01
5.413812725598885663e+03 9.566275659492370353e-01
5.413840880233632561e+03 9.578600167241048124e-01
5.413869035014798101e+03 9.531016574658408569e-01
5.413897189942383193e+03 9.594109238175358989e-01
5.413925345016388746e+03 9.471703886406287465e-01
5.413953500236815671e+03 9.612658463464137659e-01
5.413981655603663967e+03 9.535248298698852931e-01
5.414009811116934543e+03 9.630989456392365922e-01
5.414037966776628309e+03 9.648410642703783013e-01
5.414066122582747084e+03 9.660263078915281021e-01
5.414094278535289959e+03 9.623215170088856851e-01
5.414122434634257843e+03 9.597778290850823568e-01
5.414150590879652555e+03 9.658820233368271557e-01
5.414178747271475004e+03 9.648103910093509539e-01
5.414206903809724281e+03 9.657476708567830359e-01
5.414235060494402205e+03 9.592586560088662839e-01
5.414263217325510595e+03 9.620417364897791979e-01
5.414291374303048542e+03 9.653793496714490052e-01
5.414319531427016955e+03 9.619324338729406954e-01
5.414347688697416743e+03 9.628305487662094375e-01
5.414375846114249725e+03 9.629349213551555708e-01
5.414404003677515902e+03 9.697868813708993008e-01
5.414432161387215274e+03 9.732661358792299433e-01
5.414460319243350568e+03 9.679993439794811749e-01
5.414488477245919967e+03 9.639850858369072295e-01
5.414516635394926197e+03 9.659135922014071562e-01
5.414544793690369261e+03 9.639696025360391385e-01
5.414572952132250975e+03 9.692686819157122491e-01
5.414601110720570432e+03 9.713516801135145817e-01
5.414629269455328540e+03 9.752388506130034163e-01
5.414657428336528028e+03 9.765404188951872788e-01
5.414685587364167077e+03 9.759276594144138395e-01
5.414713746538248415e+03 9.768479237256426639e-01
5.414741905858772043e+03 9.724661055684057365e-01
5.414770065325737960e+03 9.666395528711159146e-01
5.414798224939148895e+03 9.568479900815322070e-01
5.414826384699003938e+03 9.615954104112891532e-01
5.414854544605304000e+03 9.735008183403094373e-01
5.414882704658049988e+03 9.721174749993918285e-01
5.414910864857243723e+03 9.800809168063067123e-01
5.414939025202884295e+03 9.808869288539923126e-01
5.414967185694973523e+03 9.844416035955509958e-01
5.414995346333512316e+03 9.846911208035205032e-01
5.415023507118500675e+03 9.831767104462355578e-01
5.415051668049939508e+03 9.882557236295425040e-01
5.415079829127830635e+03 9.841227623329283913e-01
5.415107990352173147e+03 9.818341672103347850e-01
5.415136151722968862e+03 9.860981878718636517e-01
5.415164313240218689e+03 9.874797450398822285e-01
5.415192474903922630e+03 9.893064010715151291e-01
5.415220636714081593e+03 9.851306799389161206e-01
5.415248798670697397e+03 9.879436375375840740e-01
5.415276960773769133e+03 9.904991343592948194e-01
5.415305123023298620e+03 9.892186927265929075e-01
5.415333285419286767e+03 9.854138852318684583e-01
5.415361447961733575e+03 9.928026010861746853e-01
5.415389610650640861e+03 9.894842428188215244e-01
5.415417773486008628e+03 9.855987456488262133e-01
5.415445936467836873e+03 9.947340583220751764e-01
5.415474099596128326e+03 9.950218119522094007e-01
5.415502262870882078e+03 9.829620858185138532e-01
5.415530426292099037e+03 9.866556267105008882e-01
5.415558589859781023e+03 9.911852819865174524e-01
5.415586753573928036e+03 9.897665140729883237e-01
5.415614917434540985e+03 9.906837603052534025e-01
5.415643081441620780e+03 9.953778674405016069e-01
5.415671245595167420e+03 9.999519311331205307e-01
5.415699409895182725e+03 9.968582000435997070e-01
5.415727574341666696e+03 9.893392999779879737e-01
5.415755738934621149e+03 9.859342191286331047e-01
5.415783903674045177e+03 9.849457848023911444e-01
5.415812068559941508e+03 9.937637206348217678e-01
5.415840233592309232e+03 1.001212317536406049e+00
5.415868398771149259e+03 9.975378194643131913e-01
5.415896564096463408e+03 9.926841456016395338e-01
5.415924729568251678e+03 9.939439823579410138e-01
5.415952895186514979e+03 9.915816767304979074e-01
5.415981060951254221e+03 9.900197189035230272e-01
5.416009226862470314e+03 9.877008041244784708e-01
5.416037392920163256e+03 9.981265638004090945e-01
5.416065559124334868e+03 9.958112799248147740e-01
5.416093725474985149e+03 1.000294550990048936e+00
5.416121891972115009e+03 9.911153299603051581e-01
5.416150058615724447e+03 9.929434099363422250e-01
5.416178225405816193e+03 1.001623684944277670e+00
5.416206392342389336e+03 9.930562428951318354e-01
5.416234559425445696e+03 9.882003469345714830e-01
5.416262726654985272e+03 9.949076413347518466e-01
5.416290894031008065e+03 9.963165992661329184e-01
5.416319061553516804e+03 9.944543201748722305e-01
5.416347229222511487e+03 9.944079594980842485e-01
5.416375397037992116e+03 9.974781518054914864e-01
5.416403564999960508e+03 9.936809245761799581e-01
5.416431733108416665e+03 9.991426197871566828e-01
5.416459901363361496e+03 9.923435520472009275e-01
5.416488069764795910e+03 9.946325822596926436e-01
5.416516238312719906e+03 9.958110637185523251e-01
5.416544407007136215e+03 9.924771416917254063e-01
5.416572575848043925e+03 9.872021528772609855e-01
5.416600744835443948e+03 9.865972309290428344e-01
5.416628913969337191e+03 9.942021659612924056e-01
5.416657083249724565e+03 1.000501658048520648e+00
5.416685252676606979e+03 9.976484390374789069e-01
5.416713422249985342e+03 1.000716409562823594e+00
5.416741591969859655e+03 9.965203254118691900e-01
5.416769761836231737e+03 9.968471788003712142e-01
5.416797931849101587e+03 9.959125951047390624e-01
5.416826102008469206e+03 9.972997954646822816e-01
5.416854272314337322e+03 9.995414454200011178e-01
5.416882442766705026e+03 9.927421558027468285e-01
5.416910613365574136e+03 9.976818143188799226e-01
5.416938784110944653e+03 9.975428605935392490e-01
5.416966955002817485e+03 9.961879064188682298e-01
5.416995126041194453e+03 9.940774906243439180e-01
5.417023297226074646e+03 9.940147399295801156e-01
5.417051468557459884e+03 9.901707765126807059e-01
5.417079640035350167e+03 9.961031583301658276e-01
5.417107811659747313e+03 9.908390321229469944e-01
5.417135983430651322e+03 9.914061633629887016e-01
5.417164155348063105e+03 9.974654831986481396e-01
5.417192327411983570e+03 9.989329217963469620e-01
5.417220499622413627e+03 9.957721594054190772e-01
5.417248671979353276e+03 9.937997006898079411e-01
5.417276844482804336e+03 9.975972522940156351e-01
5.417305017132766807e+03 9.970479590863355890e-01
5.417333189929241598e+03 9.908605171853550608e-01
5.417361362872229620e+03 9.881645336024998949e-01
5.417389535961730871e+03 9.936815906492735273e-01
5.417417709197748081e+03 9.954521272708084512e-01
5.417445882580279431e+03 9.957270861442938381e-01
5.417474056109327648e+03 1.000175878151389419e+00
5.417502229784893643e+03 9.942325501908502172e-01
5.417530403606976506e+03 9.954545236017054988e-01
5.417558577575577146e+03 9.903848807755988304e-01
5.417586751690698293e+03 9.954137226647319370e-01
5.417614925952339036e+03 9.990434586156963226e-01
5.417643100360500284e+03 9.932795529776717869e-01
5.417671274915182948e+03 9.875012062701082893e-01
5.417699449616388847e+03 9.933944460917482067e-01
5.417727624464117071e+03 1.000123951933856059e+00
5.417755799458369438e+03 9.951869274480406036e-01
5.417783974599145949e+03 9.989384745524810816e-01
5.417812149886448424e+03 9.996000060001396514e-01
5.417840325320275952e+03 1.003189891147218571e+00
5.417868500900631261e+03 1.001104049556317266e+00
5.417896676627514353e+03 9.970721860335195474e-01
5.417924852500925226e+03 9.990416894710111295e-01
5.417953028520865701e+03 1.004745730040264462e+00
5.417981204687335776e+03 1.004827279057444844e+00
5.418009381000336361e+03 9.966159271214078963e-01
5.418037557459869276e+03 9.915609548957519115e-01
5.418065734065933611e+03 9.938617669672077382e-01
5.418093910818531185e+03 9.971890915198639016e-01
5.418122087717661998e+03 9.970610979071797830e-01
5.418150264763327868e+03 9.999161442808287559e-01
5.418178441955528797e+03 9.987533616463701858e-01
5.418206619294265693e+03 9.973632138808290470e-01
5.418234796779539465e+03 1.000885245189306216e+00
5.418262974411351024e+03 9.991132480167911334e-01
5.418291152189700369e+03 9.951974737799453852e-01
5.418319330114589320e+03 9.917250168596690729e-01
5.418347508186017876e+03 9.951980160181416180e-01
5.418375686403986947e+03 9.958577813573553650e-01
5.418403864768497442e+03 9.959243388098664163e-01
5.418432043279550271e+03 9.991139316968831174e-01
5.418460221937145434e+03 1.004519493548011289e+00
5.418488400741284750e+03 9.978559144347356469e-01
5.418516579691968218e+03 9.967105494291389478e-01
5.418544758789196749e+03 1.000525985762108938e+00
5.418572938032971251e+03 9.996125218749839503e-01
5.418601117423292635e+03 9.980121292477689421e-01
5.418629296960161810e+03 9.967904568505661089e-01
5.418657476643578775e+03 9.966090591239078478e-01
5.418685656473544441e+03 9.979193845601245227e-01
5.418713836450059716e+03 9.895188086239347092e-01
5.418742016573126421e+03 9.956588464870502753e-01
5.418770196842743644e+03 9.947897387041362283e-01
5.418798377258913206e+03 9.956111696947180789e-01
5.418826557821635106e+03 9.993964428908077569e-01
5.418854738530911163e+03 9.963346382539008950e-01
5.418882919386740468e+03 9.957683877367775604e-01
5.418911100389125750e+03 9.991932618546649492e-01
5.418939281538067007e+03 9.944390747789820795e-01
5.418967462833564241e+03 9.975472543637458056e-01
5.418995644275619270e+03 1.005689951156633732e+00
5.419023825864232094e+03 9.986239330494068867e-01
5.419052007599404533e+03 9.937439814962955031e-01
5.419080189481135676e+03 9.975591657524697231e-01
5.419108371509427343e+03 9.977441490031366822e-01
5.419136553684280443e+03 1.002639676131644508e+00
5.419164736005695886e+03 9.993964169287136157e-01
5.419192918473673672e+03 9.988044326109081217e-01
5.419221101088214709e+03 9.982300577223932603e-01
5.419249283849319909e+03 9.983691290683800457e-01
5.419277466756990179e+03 9.927114932412418602e-01
5.419305649811226431e+03 1.002358209787789223e+00
5.419333833012029572e+03 9.925621342645325473e-01
5.419362016359399604e+03 9.917974404642726505e-01
5.419390199853337435e+03 1.000531904950922701e+00
5.419418383493843976e+03 1.001370570276322258e+00
5.419446567280920135e+03 9.968037042903487022e-01
5.419474751214566822e+03 9.971319265928403341e-01
5.419502935294784038e+03 9.955550026735507929e-01
5.419531119521573601e+03 9.987252150247557525e-01
5.419559303894936420e+03 1.003531527910317633e+00
5.419587488414871586e+03 1.001480084032342566e+00
5.419615673081380919e+03 9.975051571188376931e-01
5.419643857894465327e+03 9.957568566839801738e-01
5.419672042854125721e+03 9.965481464335815831e-01
5.419700227960362099e+03 1.002781451247350741e+00
5.419728413213176282e+03 9.975600563525436337e-01
5.419756598612567359e+03 9.926412638080500672e-01
5.419784784158538059e+03 9.847964228447442236e-01
5.419812969851087473e+03 9.882547929743210613e-01
5.419841155690217420e+03 9.880954128676403547e-01
5.419869341675928808e+03 9.952151028080715722e-01
5.419897527808221639e+03 1.001256577241955492e+00
5.419925714087096821e+03 9.977217586392534976e-01
5.419953900512555265e+03 9.924185866641356268e-01
5.419982087084597879e+03 9.965364067728093023e-01
5.420010273803225573e+03 1.000898436141953507e+00
5.420038460668438347e+03 1.002916392078811114e+00
5.420066647680237111e+03 9.977281877813302113e-01
5.420094834838623683e+03 1.001551046910033715e+00
5.420123022143598064e+03 9.966308465549971185e-01
5.420151209595160253e+03 9.915138415017163975e-01
5.420179397193312980e+03 9.993446764928253234e-01
5.420207584938055334e+03 9.943912576839812889e-01
5.420235772829388225e+03 9.949050810912377640e-01
5.420263960867313472e+03 1.000072889905731177e+00
5.420292149051830165e+03 1.002590401501892936e+00
5.420320337382941034e+03 1.007157682517184849e+00
5.420348525860645168e+03 9.997438337331778779e-01
5.420376714484944387e+03 9.974967112323515073e-01
5.420404903255838690e+03 9.926120695864519838e-01
5.420433092173329896e+03 1.000884858127888410e+00
5.420461281237418007e+03 1.008636224931427794e+00
5.420489470448103020e+03 1.005169294797741086e+00
5.420517659805387666e+03 9.984787271743373882e-01
5.420545849309271034e+03 1.001416510251242675e+00
5.420574038959754034e+03 1.000657066342195645e+00
5.420602228756838485e+03 9.948134015920165885e-01
5.420630418700524388e+03 9.948275478748245249e-01
5.420658608790811741e+03 9.985035970243759662e-01
5.420686799027703273e+03 9.940474473834726155e-01
5.420714989411198076e+03 9.953723084342999128e-01
5.420743179941297967e+03 9.910228171557341481e-01
5.420771370618002948e+03 9.937691049432465507e-01
5.420799561441314836e+03 9.943416987824177378e-01
5.420827752411232723e+03 9.917443111734061123e-01
5.420855943527758427e+03 9.967251674411051754e-01
5.420884134790892858e+03 9.972889436076540770e-01
5.420912326200636016e+03 1.000365362893163690e+00
5.420940517756989721e+03 1.000766395526199837e+00
5.420968709459953061e+03 9.932272083344598768e-01
5.420996901309528766e+03 9.960872028793574806e-01
5.421025093305716837e+03 9.961473499579732716e-01
5.421053285448517272e+03 9.876760926354911652e-01
5.421081477737931891e+03 9.793179303395346258e-01
5.421109670173961604e+03 9.857799636890347550e-01
5.421137862756605500e+03 9.939262407412450262e-01
5.421166055485866309e+03 9.964954945747100945e-01
5.421194248361743121e+03 9.964807885272619625e-01
5.421222441384238664e+03 9.942038660249593596e-01
5.421250634553351119e+03 1.008243742324709924e+00
5.421278827869084125e+03 1.000356016939762061e+00
5.421307021331435863e+03 9.978255117516179329e-01
5.421335214940409060e+03 1.002792909765725105e+00
5.421363408696002807e+03 9.973231046253966392e-01
5.421391602598218924e+03 1.000577887082151340e+00
5.421419796647058320e+03 9.983125987842224047e-01
5.421447990842521904e+03 9.998860359567789402e-01
5.421476185184608767e+03 1.002707808459654570e+00
5.421504379673321637e+03 1.003157330019059490e+00
5.421532574308660514e+03 9.992710865715400681e-01
5.421560769090625399e+03 9.909500844729449698e-01
5.421588964019218110e+03 9.845157538373378037e-01
5.421617159094439558e+03 9.901281258621573711e-01
5.421645354316289740e+03 9.927088262807177710e-01
5.421673549684769569e+03 9.842256245235291301e-01
5.421701745199879952e+03 9.961515478870743845e-01
5.421729940861620889e+03 1.000916342415592686e+00
5.421758136669995110e+03 9.997127727181661649e-01
5.421786332625001705e+03 9.942405571694834521e-01
5.421814528726641583e+03 9.981388363516435769e-01
5.421842724974916564e+03 9.964796808145022222e-01
5.421870921369825737e+03 9.961980172690478863e-01
5.421899117911371832e+03 9.989844862988727092e-01
5.421927314599553938e+03 1.003722790450528368e+00
5.421955511434372966e+03 1.001808707456814718e+00
5.421983708415830733e+03 9.997444355449643938e-01
5.422011905543928151e+03 9.975593998984740862e-01
5.422040102818664309e+03 1.000459275953723193e+00
5.422068300240041026e+03 1.000302169797419927e+00
5.422096497808059212e+03 9.987776499234509719e-01
5.422124695522718866e+03 9.952347004321179247e-01
5.422152893384021809e+03 1.001273500221314894e+00
5.422181091391968039e+03 1.002025000502680951e+00
5.422209289546558466e+03 1.001284721801503741e+00
5.422237487847794000e+03 1.001434548595021123e+00
5.422265686295675550e+03 1.006041910800565153e+00
5.422293884890204026e+03 1.002280181242999557e+00
5.422322083631379428e+03 1.004313192271253818e+00
5.422350282519202665e+03 1.010167816907760585e+00
5.422378481553674646e+03 1.009131963751392913e+00
5.422406680734796282e+03 1.000090970414305058e+00
5.422434880062568482e+03 9.986540521840068241e-01
5.422463079536992154e+03 1.001579970647135553e+00
5.422491279158067300e+03 1.000138574967369687e+00
5.422519478925794829e+03 1.001943397390941515e+00
5.422547678840176559e+03 1.001230875540812360e+00
5.422575878901211581e+03 1.001394258535695192e+00
5.422604079108902624e+03 1.000470138430544553e+00
5.422632279463247869e+03 9.968999669692080179e-01
5.422660479964250953e+03 1.000297335379729313e+00
5.422688680611910968e+03 9.973205858048355132e-01
5.422716881406228822e+03 1.005376647620208841e+00
5.422745082347205425e+03 1.003509045217095608e+00
5.422773283434841687e+03 1.001116596313044393e+00
5.422801484669137608e+03 9.957059932147418468e-01
5.422829686050095006e+03 9.961684704793268841e-01
5.422857887577714791e+03 1.001237767235099607e+00
5.422886089251996054e+03 9.970274442351358957e-01
5.422914291072941523e+03 9.946536186970336146e-01
5.422942493040551199e+03 9.969925797374210585e-01
5.422970695154825080e+03 1.001568663427391925e+00
5.422998897415764986e+03 1.003393346870705916e+00
5.423027099823370918e+03 1.008047895117530235e+00
5.423055302377643784e+03 9.966386570836187619e-01
5.423083505078585404e+03 9.980778204032541012e-01
5.423111707926194867e+03 9.972717210857419134e-01
5.423139910920474904e+03 9.945986978600974693e-01
5.423168114061423694e+03 9.953375049169310707e-01
5.423196317349044875e+03 1.002935818138022128e+00
5.423224520783336629e+03 1.003383344349993322e+00
5.423252724364301685e+03 1.008331461483743086e+00
5.423280928091939131e+03 9.978036062565462938e-01
5.423309131966251698e+03 9.973609904573026430e-01
5.423337335987238475e+03 9.926737921360151429e-01
5.423365540154900373e+03 9.837011550634416901e-01
5.423393744469239209e+03 9.732200823043812843e-01
5.423421948930254985e+03 9.888224145844530799e-01
5.423450153537948609e+03 9.979856388574295245e-01
5.423478358292320081e+03 9.993256103420062875e-01
5.423506563193372131e+03 1.002674995429247318e+00
5.423534768241103848e+03 1.002470246273746479e+00
5.423562973435516142e+03 9.970624239852201587e-01
5.423591178776609922e+03 9.964417132155233281e-01
5.423619384264386099e+03 9.952542914537794161e-01
5.423647589898846491e+03 9.998320550074354385e-01
5.423675795679989278e+03 9.949257592413986995e-01
5.423704001607818100e+03 9.985711112321987715e-01
5.423732207682332046e+03 9.990863185847866923e-01
5.423760413903532026e+03 9.928265237414085620e-01
5.423788620271418949e+03 1.001670277467327619e+00
5.423816826785993726e+03 1.001837459167933320e+00
5.423845033447256355e+03 1.002252048719875388e+00
5.423873240255208657e+03 9.982780006698722675e-01
5.423901447209851540e+03 9.913752951185001994e-01
5.423929654311185004e+03 1.000017321829186345e+00
5.423957861559209960e+03 1.003486736648762312e+00
5.423986068953927315e+03 9.984720556858343032e-01
5.424014276495337072e+03 9.956399856859409203e-01
5.424042484183441047e+03 9.979049696141710779e-01
5.424070692018240152e+03 9.976719648456298106e-01
5.424098899999734385e+03 9.977751326983291813e-01
5.424127108127924657e+03 1.009569423961691248e+00
5.424155316402811877e+03 1.003992174277649418e+00
5.424183524824396045e+03 1.002418737998787224e+00
5.424211733392679889e+03 1.002687887439059011e+00
5.424239942107662500e+03 1.002275559880913658e+00
5.424268150969344788e+03 1.000992380483009203e+00
5.424296359977727661e+03 1.001041405901149206e+00
5.424324569132812030e+03 1.003824206871360092e+00
5.424352778434598804e+03 9.941313251890443459e-01
5.424380987883088892e+03 9.981987114934623984e-01
5.424409197478282294e+03 9.944396870735927596e-01
5.424437407220180830e+03 9.964289414489165830e-01
5.424465617108783590e+03 9.997587288164746511e-01
5.424493827144093302e+03 1.000407702012478861e+00
5.424522037326109967e+03 1.005741120515759146e+00
5.424550247654833584e+03 1.004257356667865642e+00
5.424578458130265972e+03 1.001940816999325357e+00
5.424606668752407131e+03 1.000409647214886899e+00
5.424634879521257972e+03 9.963547704332873511e-01
5.424663090436820312e+03 9.974491358073018787e-01
5.424691301499093242e+03 9.965920819215152715e-01
5.424719512708078582e+03 9.994722046977686514e-01
5.424747724063777241e+03 1.005913785800179872e+00
5.424775935566189219e+03 1.008198346451973260e+00
5.424804147215315425e+03 1.004218326174093345e+00
5.424832359011156768e+03 9.991459147149178710e-01
5.424860570953714159e+03 9.934093401671502122e-01
5.424888783042988507e+03 1.001795390357208770e+00
5.424916995278980721e+03 9.971450770003914554e-01
5.424945207661690802e+03 1.008023634231273391e+00
5.424973420191119658e+03 1.004151460222022729e+00
5.425001632867269109e+03 9.967195084503108760e-01
5.425029845690138245e+03 9.930287194752248636e-01
5.425058058659728886e+03 9.979388980631967998e-01
5.425086271776041940e+03 1.003824024417062644e+00
5.425114485039077408e+03 1.000682028535238022e+00
5.425142698448837109e+03 1.006018547316638312e+00
5.425170912005321043e+03 1.002180918021624345e+00
5.425199125708529209e+03 1.000724869281307772e+00
5.425227339558464337e+03 9.937885194744545680e-01
5.425255553555125516e+03 1.004906704986621602e+00
5.425283767698514566e+03 1.002957765929555656e+00
5.425311981988631487e+03 1.003294289019775132e+00
5.425340196425477188e+03 9.981529269053212028e-01
5.425368411009052579e+03 9.987021546752664625e-01
5.425396625739358569e+03 1.005497814300449155e+00
5.425424840616396068e+03 1.004222166232280111e+00
5.425453055640165985e+03 9.994678369123419781e-01
5.425481270810667411e+03 1.006247844020410787e+00
5.425509486127903074e+03 1.001859724613297198e+00
5.425537701591872974e+03 1.004254943235056263e+00
5.425565917202578021e+03 1.003665363962298107e+00
5.425594132960019124e+03 1.002386107909776003e+00
5.425622348864196283e+03 1.000090639047739094e+00
5.425650564915111318e+03 1.001405089214148614e+00
5.425678781112763318e+03 1.003581921905678076e+00
5.425706997457155012e+03 9.998080121205358273e-01
5.425735213948286400e+03 1.001071360453738457e+00
5.425763430586158393e+03 9.989625745808217161e-01
5.425791647370770988e+03 1.001516001405253542e+00
5.425819864302126007e+03 1.004728527051160336e+00
5.425848081380223448e+03 1.003795595967518883e+00
5.425876298605064221e+03 1.004756440025035724e+00
5.425904515976649236e+03 1.004109174948636385e+00
5.425932733494979402e+03 1.000068880824387829e+00
5.425960951160054719e+03 1.003251776942807316e+00
5.425989168971877007e+03 1.001004962153286826e+00
5.426017386930447174e+03 1.001786395547587416e+00
5.426045605035764311e+03 9.965233997276871092e-01
5.426073823287831146e+03 1.001271613315876330e+00
5.426102041686646771e+03 9.993495291787490853e-01
5.426130260232213004e+03 9.977469415955079191e-01
5.426158478924529845e+03 1.004436727050994405e+00
5.426186697763599113e+03 1.001940189261030234e+00
5.426214916749420809e+03 1.002715163721096481e+00
5.426243135881995840e+03 9.975371640837706888e-01
5.426271355161325118e+03 9.983751053307869938e-01
5.426299574587409552e+03 9.966795204851867096e-01
5.426327794160249141e+03 9.942835000753589281e-01
5.426356013879845705e+03 9.960763398204662833e-01
5.426384233746199243e+03 1.002766136139768838e+00
5.426412453759309756e+03 1.006483591350529672e+00
5.426440673919179972e+03 1.006320977877390499e+00
5.426468894225809890e+03 1.002096866423788146e+00
5.426497114679199512e+03 1.000061645289521239e+00
5.426525335279349747e+03 9.973382434409514552e-01
5.426553556026262413e+03 1.000830150759907111e+00
5.426581776919937511e+03 1.007672158513687188e+00
5.426609997960375949e+03 1.000518644948032554e+00
5.426638219147578639e+03 1.003277516299430516e+00
5.426666440481545578e+03 9.984080932545263964e-01
5.426694661962278587e+03 1.003402302625354237e+00
5.426722883589777666e+03 1.005289508694701128e+00
5.426751105364043724e+03 1.006623403391565530e+00
5.426779327285077670e+03 1.002331522759594362e+00
5.426807549352880415e+03 1.000169701937127620e+00
5.426835771567451957e+03 1.004398557008904902e+00
5.426863993928794116e+03 9.973907263355153985e-01
5.426892216436907802e+03 1.003730817758206495e+00
5.426920439091792105e+03 9.986603256769984727e-01
5.426948661893449753e+03 1.003560688380596089e+00
5.426976884841879837e+03 9.917389196282504482e-01
5.427005107937085086e+03 9.973136012157191033e-01
5.427033331179063680e+03 9.958420101956558801e-01
5.427061554567818348e+03 1.008551091398393051e+00
5.427089778103350000e+03 1.004151486155260953e+00
5.427118001785657725e+03 1.001898483023914821e+00
5.427146225614743344e+03 1.008874438948832664e+00
5.427174449590607765e+03 1.000650987211679110e+00
5.427202673713250988e+03 1.003674131900149868e+00
5.427230897982674833e+03 9.965901806127202001e-01
5.427259122398879299e+03 9.986214188619813026e-01
5.427287346961866206e+03 1.001337601227567431e+00
5.427315571671634643e+03 9.988365837762263055e-01
5.427343796528186431e+03 1.005668387158049848e+00
5.427372021531521568e+03 1.005027462798501636e+00
5.427400246681641875e+03 1.002740656277417708e+00
5.427428471978547350e+03 9.983539052966351468e-01
5.427456697422239813e+03 9.980170713962512874e-01
5.427484923012718355e+03 9.916165801910129529e-01
5.427513148749984794e+03 9.993324683032674960e-01
5.427541374634040039e+03 9.987248515237827640e-01
5.427569600664884092e+03 1.001312235494701941e+00
5.427597826842517861e+03 1.000274721086509944e+00
5.427626053166943166e+03 9.977086066964886424e-01
5.427654279638160006e+03 9.973194566868894828e-01
5.427682506256168381e+03 9.960858051492732512e-01
5.427710733020970110e+03 1.004440804139638876e+00
5.427738959932566104e+03 1.004613411347610175e+00
5.427767186990956361e+03 1.001514442124136206e+00
5.427795414196141792e+03 1.004380928182865507e+00
5.427823641548124215e+03 1.002429808439070369e+00
5.427851869046902721e+03 1.001167258697889695e+00
5.427880096692479128e+03 9.999874442763037052e-01
5.427908324484853438e+03 9.986860615474718594e-01
5.427936552424027468e+03 1.008972923307903446e+00
5.427964780510001219e+03 1.003502202575036639e+00
5.427993008742775601e+03 1.001136589523998754e+00
5.428021237122351522e+03 9.965199750884411456e-01
5.428049465648728983e+03 9.962527711141555553e-01
5.428077694321910712e+03 9.990866606222019719e-01
5.428105923141894891e+03 1.002741236847558559e+00
5.428134152108684248e+03 1.006989775381082586e+00
5.428162381222279691e+03 9.947609261800166580e-01
5.428190610482680313e+03 1.000347589028451889e+00
5.428218839889887022e+03 1.003540196014981456e+00
5.428247069443902546e+03 1.001958296857294650e+00
5.428275299144725977e+03 9.960957464865765054e-01
5.428303528992358224e+03 9.957604447085051103e-01
5.428331758986800196e+03 9.973299278205872698e-01
5.428359989128053712e+03 1.004147059918475859e+00
5.428388219416117863e+03 9.997756293742935396e-01
5.428416449850994468e+03 9.951844344125236885e-01
5.428444680432683526e+03 1.002180381558040345e+00
5.428472911161186857e+03 1.003191980927599758e+00
5.428501142036503552e+03 9.977498132868425351e-01
5.428529373058636338e+03 9.974432375493208491e-01
5.428557604227585216e+03 9.982737163872208441e-01
5.428585835543350186e+03 1.001572335512626033e+00
5.428614067005933066e+03 1.002326007848266309e+00
5.428642298615333857e+03 1.004507392595008097e+00
5.428670530371554378e+03 1.003139856308929101e+00
5.428698762274594628e+03 1.000370918639567286e+00
5.428726994324454608e+03 9.956630500776816328e-01
5.428755226521136137e+03 1.002018511794469546e+00
5.428783458864640124e+03 1.004387835874407164e+00
5.428811691354966570e+03 1.004389229428500396e+00
5.428839923992117292e+03 1.004684518173961649e+00
5.428868156776091382e+03 9.992153032051188655e-01
5.428896389706890659e+03 1.003524585906734101e+00
5.428924622784516941e+03 1.002327862830766358e+00
5.428952856008968411e+03 1.000467551050152837e+00
5.428981089380248704e+03 9.950191192699320286e-01
5.429009322898356004e+03 9.949886385205345407e-01
5.429037556563293037e+03 9.996500546189175385e-01
5.429065790375059805e+03 9.987535774124642884e-01
5.429094024333656307e+03 9.927856942551617214e-01
5.429122258439084362e+03 9.978991504709990856e-01
5.429150492691344880e+03 1.005304444122871121e+00
5.429178727090437860e+03 1.001520165837959775e+00
5.429206961636364213e+03 9.974197083455673685e-01
5.429235196329124847e+03 9.979505438235476422e-01
5.429263431168720672e+03 1.002617007080529365e+00
5.429291666155151688e+03 1.002043227570617701e+00
5.429319901288420624e+03 9.994827950232874070e-01
5.429348136568525661e+03 1.003315509267582728e+00
5.429376371995469526e+03 1.005335628166847739e+00
5.429404607569252221e+03 9.991522650443450670e-01
5.429432843289873745e+03 1.005418675069588597e+00
5.429461079157336826e+03 1.001218352393722144e+00
5.429489315171640555e+03 1.001233322537339099e+00
5.429517551332785843e+03 1.001477091966199495e+00
5.429545787640773597e+03 1.004423736577161552e+00
5.429574024095605637e+03 1.001510541026993772e+00
5.429602260697281963e+03 1.000155419479633601e+00
5.429630497445802575e+03 9.996669377361361297e-01
5.429658734341169293e+03 9.948007185058261870e-01
5.429686971383382115e+03 1.009716782522011691e+00
5.429715208572442862e+03 9.986041396410804127e-01
5.429743445908351532e+03 9.987787190221738554e-01
5.429771683391108127e+03 1.007335079171719272e+00
5.429799921020715374e+03 1.015588556649174246e+00
5.429828158797172364e+03 1.004542064707864446e+00
5.429856396720480916e+03 9.947235732504493555e-01
5.429884634790641030e+03 9.966013375029377785e-01
5.429912873007653616e+03 9.990304383689787571e-01
5.429941111371519582e+03 1.000095804863726068e+00
5.429969349882239840e+03 1.001733981502580750e+00
5.429997588539814387e+03 9.975795734757153532e-01
