# star name zetOri, line HEII5411
# instrument: HERMES spectrograph @Mercator
# date of observation (midpoint)2018-10-12T03:00:28.387682
# BJD of observation (midpoint)2458403.6274701
# name of fits file: 00897756_HRF_OBJ_ext_CosmicsRemoved_log_merged_c.fits
# 
# wavelength(Angstrom,air) normalised_flux
5.390018255721892274e+03 9.979319244805310296e-01
5.390046286613051961e+03 1.000630219657429931e+00
5.390074317649987279e+03 9.987309812497935368e-01
5.390102348832698226e+03 1.000307031297408500e+00
5.390130380161185712e+03 1.002479609113862580e+00
5.390158411635450648e+03 1.004391098977194696e+00
5.390186443255493032e+03 1.006764598604820371e+00
5.390214475021315593e+03 1.004022778229520352e+00
5.390242506932917422e+03 1.004958965313927033e+00
5.390270538990299428e+03 1.003016549116712230e+00
5.390298571193463431e+03 1.001042909197717323e+00
5.390326603542408520e+03 9.956248740359420202e-01
5.390354636037137425e+03 1.002042482266711776e+00
5.390382668677649235e+03 9.997203807884538218e-01
5.390410701463944861e+03 1.004475283356844884e+00
5.390438734396026121e+03 1.004974903851000079e+00
5.390466767473893015e+03 1.002376493337829633e+00
5.390494800697546452e+03 1.001002786369752595e+00
5.390522834066987343e+03 9.961878335105208704e-01
5.390550867582215687e+03 9.924281737244513568e-01
5.390578901243233304e+03 9.949426258071880635e-01
5.390606935050041102e+03 9.994357789302605877e-01
5.390634969002638172e+03 9.987926986360420312e-01
5.390663003101027243e+03 9.988462625019507435e-01
5.390691037345207405e+03 9.952903830735078117e-01
5.390719071735180478e+03 9.907959421904758424e-01
5.390747106270947370e+03 9.945019073023548817e-01
5.390775140952508082e+03 9.969963517236435369e-01
5.390803175779863523e+03 9.975603590787124331e-01
5.390831210753014602e+03 9.963515695454604471e-01
5.390859245871962230e+03 1.001172917549070007e+00
5.390887281136707315e+03 9.969048733059968637e-01
5.390915316547249859e+03 9.948179771002981786e-01
5.390943352103590769e+03 1.002203931027815687e+00
5.390971387805731865e+03 1.003622233339041214e+00
5.390999423653673148e+03 1.000662087392417243e+00
5.391027459647414616e+03 9.955223998348202707e-01
5.391055495786958090e+03 1.002771724922074226e+00
5.391083532072304479e+03 9.992777408093040936e-01
5.391111568503453782e+03 9.997343746861231395e-01
5.391139605080406909e+03 9.982228934992147806e-01
5.391167641803164770e+03 1.001532156755445824e+00
5.391195678671729183e+03 9.961992264039896128e-01
5.391223715686098330e+03 9.998811545990061722e-01
5.391251752846275849e+03 9.969068647772239000e-01
5.391279790152259920e+03 1.000027346565935504e+00
5.391307827604053273e+03 9.982304554604972679e-01
5.391335865201655906e+03 9.975977666319267856e-01
5.391363902945067821e+03 9.946896974315947437e-01
5.391391940834291745e+03 9.927103484454198323e-01
5.391419978869326769e+03 9.955492072421394667e-01
5.391448017050173803e+03 9.977220328498529467e-01
5.391476055376833756e+03 9.989818871779652110e-01
5.391504093849308447e+03 9.971586611236414877e-01
5.391532132467596966e+03 9.975532197245018384e-01
5.391560171231701133e+03 9.983738600596210322e-01
5.391588210141620948e+03 9.974395753256514174e-01
5.391616249197358229e+03 9.996906282664291821e-01
5.391644288398912977e+03 9.985380873547818892e-01
5.391672327746286101e+03 1.002188137464589124e+00
5.391700367239478510e+03 1.003228857326464274e+00
5.391728406878491114e+03 9.961028325272407447e-01
5.391756446663323914e+03 9.901966336037769656e-01
5.391784486593977817e+03 9.940174970768864693e-01
5.391812526670454645e+03 9.973257335708954896e-01
5.391840566892753486e+03 9.986503487936001511e-01
5.391868607260877070e+03 9.999799712394261686e-01
5.391896647774824487e+03 1.002009603992053854e+00
5.391924688434597556e+03 9.935949285784677620e-01
5.391952729240196277e+03 9.958020915532985740e-01
5.391980770191621559e+03 9.921026188919909172e-01
5.392008811288875222e+03 9.990417380298015626e-01
5.392036852531956356e+03 9.996389205955215074e-01
5.392064893920866780e+03 9.956691742355813224e-01
5.392092935455606494e+03 9.949217962521127445e-01
5.392120977136177316e+03 9.961500364581790112e-01
5.392149018962579248e+03 1.000446560947289898e+00
5.392177060934813198e+03 1.001655612646087379e+00
5.392205103052879167e+03 1.000506056146466927e+00
5.392233145316779883e+03 9.974242436700906378e-01
5.392261187726514436e+03 9.993064936179323343e-01
5.392289230282083736e+03 9.953751232273687632e-01
5.392317272983489602e+03 9.953653520528944476e-01
5.392345315830732034e+03 1.000082584150636889e+00
5.392373358823811031e+03 1.004503446696111135e+00
5.392401401962728414e+03 1.004696630631144227e+00
5.392429445247485091e+03 1.001202097893543641e+00
5.392457488678081063e+03 9.998923039081546449e-01
5.392485532254518148e+03 9.957338257900847367e-01
5.392513575976795437e+03 9.924657064893972480e-01
5.392541619844914749e+03 9.960025667580384434e-01
5.392569663858876993e+03 1.002168564101256321e+00
5.392597708018683079e+03 1.004243593932740541e+00
5.392625752324332097e+03 1.003798227857162662e+00
5.392653796775826777e+03 1.006361913138469566e+00
5.392681841373168027e+03 1.000052100234387176e+00
5.392709886116354028e+03 9.996436609179033539e-01
5.392737931005388418e+03 9.952691465318712627e-01
5.392765976040270289e+03 9.989790293121851850e-01
5.392794021221001458e+03 1.000217168119495126e+00
5.392822066547581926e+03 1.001823198812196392e+00
5.392850112020012602e+03 1.000154264217945732e+00
5.392878157638293487e+03 1.001168296371810262e+00
5.392906203402427309e+03 9.957732856656978937e-01
5.392934249312413158e+03 9.978361816503404924e-01
5.392962295368251944e+03 9.933630622153246659e-01
5.392990341569945485e+03 1.001054082463978201e+00
5.393018387917492873e+03 1.000295352946644512e+00
5.393046434410896836e+03 9.922930689723251652e-01
5.393074481050156464e+03 9.940611279808185818e-01
5.393102527835273577e+03 9.955700887307804559e-01
5.393130574766248174e+03 9.992031474714817563e-01
5.393158621843081164e+03 9.981456271388801094e-01
5.393186669065773458e+03 9.963531443525179832e-01
5.393214716434326874e+03 9.999548000321710761e-01
5.393242763948740503e+03 9.991630242700049180e-01
5.393270811609015254e+03 9.999877575724233081e-01
5.393298859415152947e+03 9.978646347103721226e-01
5.393326907367153581e+03 9.974401497755248647e-01
5.393354955465018975e+03 9.989341890792107215e-01
5.393383003708748220e+03 9.978103100257721403e-01
5.393411052098343134e+03 9.951614823442946900e-01
5.393439100633803719e+03 9.976642857655916297e-01
5.393467149315131792e+03 1.004525705895916943e+00
5.393495198142327354e+03 1.003342653326468881e+00
5.393523247115391314e+03 1.000743839625942488e+00
5.393551296234324582e+03 1.001256889711482856e+00
5.393579345499128067e+03 9.990453820961615605e-01
5.393607394909801769e+03 9.973990591823941321e-01
5.393635444466346598e+03 9.973397419132089547e-01
5.393663494168764373e+03 9.938485217959069917e-01
5.393691544017055094e+03 9.932094505428521458e-01
5.393719594011219669e+03 9.958992126793256849e-01
5.393747644151259010e+03 9.973030856589961690e-01
5.393775694437173115e+03 9.955126849697238933e-01
5.393803744868962895e+03 9.989288673146586861e-01
5.393831795446630167e+03 1.001108647022269205e+00
5.393859846170174933e+03 1.000354016423860681e+00
5.393887897039598101e+03 9.985101925733814721e-01
5.393915948054899673e+03 9.948628877854254204e-01
5.393943999216081465e+03 9.962664546572906898e-01
5.393972050523144389e+03 9.970151276574980015e-01
5.394000101976087535e+03 9.989404647541582083e-01
5.394028153574913631e+03 1.000749386998188717e+00
5.394056205319622677e+03 9.980314625385655614e-01
5.394084257210214673e+03 1.006291855692482695e+00
5.394112309246691439e+03 9.945752728873175075e-01
5.394140361429053883e+03 9.909725623424879837e-01
5.394168413757301096e+03 9.990602512382019684e-01
5.394196466231435807e+03 9.978892824896928859e-01
5.394224518851458015e+03 1.002027573191588194e+00
5.394252571617367721e+03 1.002269685852938741e+00
5.394280624529166744e+03 9.998130991554553537e-01
5.394308677586855993e+03 9.986138288060563140e-01
5.394336730790434558e+03 9.994297619138685640e-01
5.394364784139905169e+03 1.003228687553200604e+00
5.394392837635267824e+03 1.002022584312266540e+00
5.394420891276522525e+03 1.003738585672008243e+00
5.394448945063671090e+03 1.004309615523358845e+00
5.394476998996713519e+03 9.988101198508736456e-01
5.394505053075651631e+03 9.972357814976904322e-01
5.394533107300485426e+03 9.981061315441991377e-01
5.394561161671214904e+03 1.002422075405646984e+00
5.394589216187842794e+03 1.006991216943186496e+00
5.394617270850368186e+03 1.003471275381970784e+00
5.394645325658791990e+03 9.997675022603472739e-01
5.394673380613116024e+03 1.000832389291169466e+00
5.394701435713340288e+03 1.001651963712507198e+00
5.394729490959465693e+03 1.001085055554458147e+00
5.394757546351492238e+03 1.002678257336666823e+00
5.394785601889421741e+03 1.003275172662146941e+00
5.394813657573255114e+03 1.003660359119078693e+00
5.394841713402992355e+03 1.000857029661121667e+00
5.394869769378633464e+03 1.006981022878680410e+00
5.394897825500181170e+03 1.009410923111737413e+00
5.394925881767635474e+03 1.005224148900490722e+00
5.394953938180996374e+03 1.001528702114904412e+00
5.394981994740265691e+03 1.003845365404406609e+00
5.395010051445443423e+03 1.004337469080040401e+00
5.395038108296530481e+03 9.993840988064460751e-01
5.395066165293527774e+03 1.002991416617021070e+00
5.395094222436435302e+03 1.000357708619287633e+00
5.395122279725255794e+03 9.976115036622683618e-01
5.395150337159987430e+03 9.976372342117257874e-01
5.395178394740633848e+03 1.000755270419646958e+00
5.395206452467193230e+03 9.988296770669676805e-01
5.395234510339667395e+03 1.001448858892138638e+00
5.395262568358057251e+03 1.011700030190618271e+00
5.395290626522362800e+03 1.008077179576245763e+00
5.395318684832585859e+03 1.003056171397194385e+00
5.395346743288726429e+03 9.978788332329371347e-01
5.395374801890786330e+03 9.998526723663264670e-01
5.395402860638764651e+03 1.002241641035897635e+00
5.395430919532663211e+03 1.002306981725221702e+00
5.395458978572482920e+03 1.001855701098328000e+00
5.395487037758223778e+03 9.979536941914167736e-01
5.395515097089887604e+03 9.926076917076979145e-01
5.395543156567473488e+03 9.955855676021514444e-01
5.395571216190984160e+03 9.979729367727194767e-01
5.395599275960418709e+03 9.955964555763410218e-01
5.395627335875778954e+03 9.954319249416858639e-01
5.395655395937065805e+03 1.000210353428681032e+00
5.395683456144278352e+03 1.001125645723584201e+00
5.395711516497419325e+03 9.988342668692685722e-01
5.395739576996488722e+03 1.001707708978983646e+00
5.395767637641487454e+03 1.001702350558585586e+00
5.395795698432415520e+03 9.972086603492764656e-01
5.395823759369274740e+03 9.995341747252218800e-01
5.395851820452065112e+03 1.000712434554347885e+00
5.395879881680787548e+03 9.976638195301987810e-01
5.395907943055442956e+03 1.000121920098636874e+00
5.395936004576032246e+03 1.003351684348565032e+00
5.395964066242556328e+03 1.005551704659913392e+00
5.395992128055015201e+03 1.003608628209870401e+00
5.396020190013409774e+03 9.974216723320846745e-01
5.396048252117741868e+03 9.965581168834068970e-01
5.396076314368010571e+03 9.976110196226576354e-01
5.396104376764217704e+03 1.000148165436193448e+00
5.396132439306364176e+03 1.002234334225316603e+00
5.396160501994450897e+03 1.002608910625702343e+00
5.396188564828477865e+03 9.994954853698876374e-01
5.396216627808445992e+03 1.003063641144845253e+00
5.396244690934356186e+03 9.983371866317970467e-01
5.396272754206208447e+03 9.944194541632456197e-01
5.396300817624005504e+03 1.001558614783023771e+00
5.396328881187745537e+03 1.004449739573183953e+00
5.396356944897432186e+03 9.949008727086318116e-01
5.396385008753063630e+03 9.949978980176249488e-01
5.396413072754641689e+03 9.982811081790885499e-01
5.396441136902168182e+03 9.993541818716016323e-01
5.396469201195641290e+03 1.001513501333492817e+00
5.396497265635064650e+03 1.001487189236256015e+00
5.396525330220436445e+03 1.001948821599291328e+00
5.396553394951759401e+03 1.007143375425616716e+00
5.396581459829033520e+03 1.005958814151040048e+00
5.396609524852259710e+03 1.001504102472839053e+00
5.396637590021437973e+03 1.005349272862157139e+00
5.396665655336570126e+03 1.004215982210678648e+00
5.396693720797656169e+03 1.006375234856538681e+00
5.396721786404697013e+03 1.000887380368528756e+00
5.396749852157694477e+03 9.973193785825589242e-01
5.396777918056647650e+03 9.999587193367940330e-01
5.396805984101558352e+03 1.000958465543650089e+00
5.396834050292426582e+03 1.005365920472093944e+00
5.396862116629254160e+03 1.003204905007569536e+00
5.396890183112041086e+03 1.004506270174150950e+00
5.396918249740788269e+03 1.004309663319126633e+00
5.396946316515496619e+03 1.006530217570936969e+00
5.396974383436166136e+03 1.001540266259132617e+00
5.397002450502798638e+03 1.000218123424124972e+00
5.397030517715394126e+03 1.003952385668384295e+00
5.397058585073954418e+03 1.003920497318136817e+00
5.397086652578478606e+03 9.985583081483290213e-01
5.397114720228969418e+03 9.946749078651593301e-01
5.397142788025425943e+03 1.002684686522980151e+00
5.397170855967849093e+03 1.006597606056909733e+00
5.397198924056240685e+03 1.003087825882389872e+00
5.397226992290601629e+03 9.995903057809515380e-01
5.397255060670931016e+03 1.000035773176048970e+00
5.397283129197230664e+03 9.992256844516665959e-01
5.397311197869501484e+03 9.988938392712521930e-01
5.397339266687743475e+03 1.001097527039816359e+00
5.397367335651958456e+03 9.999215039184594644e-01
5.397395404762146427e+03 1.000737158227291479e+00
5.397423474018307388e+03 1.003223577233259167e+00
5.397451543420444068e+03 1.006093413753039956e+00
5.397479612968556467e+03 1.004263386729879581e+00
5.397507682662644584e+03 1.000701824416778463e+00
5.397535752502709329e+03 1.003926819487638289e+00
5.397563822488752521e+03 1.004206160028267458e+00
5.397591892620773251e+03 1.001327078570057205e+00
5.397619962898774247e+03 9.966533975232931830e-01
5.397648033322754600e+03 1.001838280105549872e+00
5.397676103892716128e+03 1.007598956267438783e+00
5.397704174608658832e+03 1.000023059650145374e+00
5.397732245470584530e+03 9.983696910841031169e-01
5.397760316478492314e+03 1.000603448405276819e+00
5.397788387632384911e+03 9.990309371319694431e-01
5.397816458932261412e+03 9.966374589716425758e-01
5.397844530378122727e+03 9.962001743972936918e-01
5.397872601969970674e+03 9.989162911932394362e-01
5.397900673707806163e+03 1.002185483247934661e+00
5.397928745591628285e+03 1.001899717738926610e+00
5.397956817621438859e+03 9.976969666298693973e-01
5.397984889797238793e+03 9.998882682511527342e-01
5.398012962119028998e+03 1.000288887060901910e+00
5.398041034586809474e+03 9.986498257458770178e-01
5.398069107200581129e+03 1.002948571990931015e+00
5.398097179960344874e+03 9.981733577402631674e-01
5.398125252866101619e+03 9.946323356834977369e-01
5.398153325917852271e+03 1.005762468296705681e+00
5.398181399115597742e+03 1.002649301398144566e+00
5.398209472459338031e+03 1.004767577752607721e+00
5.398237545949074047e+03 9.983105159840520715e-01
5.398265619584806700e+03 9.961479731782445501e-01
5.398293693366536900e+03 9.954020743023419548e-01
5.398321767294265555e+03 9.965677198372353551e-01
5.398349841367992667e+03 1.000000353135349629e+00
5.398377915587720054e+03 9.995469986771168269e-01
5.398405989953447715e+03 1.003389609276315042e+00
5.398434064465177471e+03 1.002631404691654682e+00
5.398462139122908411e+03 1.002594400622175197e+00
5.398490213926642355e+03 1.010908572534800820e+00
5.398518288876379302e+03 1.006685651515135005e+00
5.398546363972121071e+03 1.003590874381339537e+00
5.398574439213867663e+03 1.001672222904550047e+00
5.398602514601620896e+03 9.991731390523286294e-01
5.398630590135379862e+03 9.996756612865910219e-01
5.398658665815146378e+03 9.980700773343271770e-01
5.398686741640921355e+03 9.996909027263044534e-01
5.398714817612704792e+03 1.008552960257209197e+00
5.398742893730497599e+03 9.975125044084132142e-01
5.398770969994300685e+03 9.980014531412707557e-01
5.398799046404115870e+03 1.000733850338962005e+00
5.398827122959942244e+03 9.986666956515777294e-01
5.398855199661781626e+03 1.003303556628566184e+00
5.398883276509634015e+03 1.002047638964800313e+00
5.398911353503500322e+03 9.968809846888107007e-01
5.398939430643382366e+03 9.959337558842384919e-01
5.398967507929280146e+03 9.919438305626774310e-01
5.398995585361193662e+03 9.969892699828586391e-01
5.399023662939124733e+03 9.985693574475139611e-01
5.399051740663073360e+03 9.970270032935497628e-01
5.399079818533041362e+03 1.002490034909295114e+00
5.399107896549028737e+03 9.996975011324591431e-01
5.399135974711036397e+03 9.981309755540698214e-01
5.399164053019064340e+03 9.963871832101051096e-01
5.399192131473115296e+03 1.000367100408953824e+00
5.399220210073187445e+03 1.004035005445778506e+00
5.399248288819283516e+03 1.010209785024666074e+00
5.399276367711403509e+03 1.006059321355871727e+00
5.399304446749549243e+03 9.990398653698340237e-01
5.399332525933718898e+03 9.989231553267287067e-01
5.399360605263916113e+03 9.998770202707616406e-01
5.399388684740139979e+03 1.002737645039773806e+00
5.399416764362391405e+03 9.996728601148635596e-01
5.399444844130672209e+03 1.001523133439330193e+00
5.399472924044981482e+03 1.005423263439963799e+00
5.399501004105321954e+03 1.007014573482748920e+00
5.399529084311692714e+03 1.003317624597190649e+00
5.399557164664094671e+03 1.002490079089773500e+00
5.399585245162529645e+03 1.002632552215081851e+00
5.399613325806997636e+03 9.996708544426015086e-01
5.399641406597499554e+03 1.002429366828886170e+00
5.399669487534035397e+03 1.002552429253700916e+00
5.399697568616607896e+03 1.001541369523446967e+00
5.399725649845216140e+03 1.001223640909342238e+00
5.399753731219861038e+03 1.000136967082812633e+00
5.399781812740543501e+03 9.992832374748401580e-01
5.399809894407265347e+03 9.989204782736718080e-01
5.399837976220025666e+03 9.990917547024505962e-01
5.399866058178826279e+03 9.988690369337981378e-01
5.399894140283667184e+03 9.979133843690174421e-01
5.399922222534550201e+03 9.982423804142902535e-01
5.399950304931475330e+03 1.002221373034134722e+00
5.399978387474443480e+03 1.002550035917974647e+00
5.400006470163455560e+03 1.001427571493827440e+00
5.400034552998511572e+03 1.002310602280006568e+00
5.400062635979613333e+03 1.003819623673338768e+00
5.400090719106761753e+03 1.002598958434285148e+00
5.400118802379955923e+03 9.995271708372842623e-01
5.400146885799198571e+03 9.993461946858260836e-01
5.400174969364488788e+03 1.003561039403437549e+00
5.400203053075828393e+03 1.001025012752416954e+00
5.400231136933218295e+03 1.002394650681181609e+00
5.400259220936658494e+03 1.005951824884265156e+00
5.400287305086149900e+03 1.002415041848953026e+00
5.400315389381693421e+03 9.980807330509468001e-01
5.400343473823289969e+03 9.977852846905131967e-01
5.400371558410940452e+03 1.003281506791706690e+00
5.400399643144645779e+03 1.002124767265553995e+00
5.400427728024405042e+03 9.989915253427600339e-01
5.400455813050220968e+03 9.941744382475732333e-01
5.400483898222093558e+03 9.998406249026051684e-01
5.400511983540023721e+03 9.997947895942499441e-01
5.400540069004012366e+03 1.001604901662956459e+00
5.400568154614059495e+03 1.000834655593618949e+00
5.400596240370166015e+03 1.001417646612387857e+00
5.400624326272333747e+03 1.004933226239735911e+00
5.400652412320562689e+03 1.003969480827009431e+00
5.400680498514852843e+03 1.001667252630335625e+00
5.400708584855206936e+03 9.975051622406139185e-01
5.400736671341624060e+03 9.963501799578109441e-01
5.400764757974105123e+03 9.976675115364350699e-01
5.400792844752651945e+03 1.001151452140060849e+00
5.400820931677263616e+03 1.001492839710641736e+00
5.400849018747942864e+03 9.983242825594366154e-01
5.400877105964688781e+03 1.003511265828572308e+00
5.400905193327503184e+03 1.001082520186716174e+00
5.400933280836386075e+03 9.975471378616427298e-01
5.400961368491339272e+03 1.003170448239015355e+00
5.400989456292362775e+03 9.997055380226331778e-01
5.401017544239456583e+03 1.002701977626504926e+00
5.401045632332622517e+03 1.002874476604427079e+00
5.401073720571861486e+03 1.003439584172484578e+00
5.401101808957173489e+03 1.006232437259618084e+00
5.401129897488560346e+03 1.002478336270568926e+00
5.401157986166021146e+03 1.001525486974961243e+00
5.401186074989558620e+03 9.971297914874790447e-01
5.401214163959171856e+03 1.002232875342893736e+00
5.401242253074862674e+03 1.002115630618871212e+00
5.401270342336631984e+03 1.000474886588488044e+00
5.401298431744478876e+03 9.973598249646263847e-01
5.401326521298406078e+03 9.948936730725073119e-01
5.401354610998412682e+03 1.004722017912186960e+00
5.401382700844501414e+03 9.991962193155945471e-01
5.401410790836671367e+03 1.002274224253457691e+00
5.401438880974923450e+03 1.003749573221751845e+00
5.401466971259259481e+03 1.006381277931269524e+00
5.401495061689679460e+03 1.003054289948614120e+00
5.401523152266184297e+03 1.002738865275808688e+00
5.401551242988773993e+03 9.980837988840606245e-01
5.401579333857450365e+03 9.980581895316446017e-01
5.401607424872214324e+03 1.004155677944502667e+00
5.401635516033065869e+03 1.000717471362774003e+00
5.401663607340005910e+03 1.005549335042400738e+00
5.401691698793035357e+03 9.983621557042542394e-01
5.401719790392155119e+03 9.950985289957746671e-01
5.401747882137365195e+03 9.976792727205836542e-01
5.401775974028667406e+03 1.002793926125190804e+00
5.401804066066061750e+03 9.958269768590825022e-01
5.401832158249550048e+03 1.000862380805694452e+00
5.401860250579131389e+03 1.004313613235304548e+00
5.401888343054807592e+03 9.993554728264473219e-01
5.401916435676579567e+03 1.004101494346963497e+00
5.401944528444447315e+03 9.995730039792285471e-01
5.401972621358412653e+03 9.986374983101394820e-01
5.402000714418474672e+03 9.997691093169263077e-01
5.402028807624636102e+03 9.969057575942736893e-01
5.402056900976896031e+03 9.974411116606591854e-01
5.402084994475257190e+03 9.988785064084713117e-01
5.402113088119717759e+03 1.000291997909450448e+00
5.402141181910280466e+03 9.987176941924030826e-01
5.402169275846945311e+03 1.001803381708853857e+00
5.402197369929714114e+03 9.988454983369008389e-01
5.402225464158585055e+03 1.004755297952072635e+00
5.402253558533561772e+03 1.003595866178409235e+00
5.402281653054643357e+03 1.004667421064141752e+00
5.402309747721831627e+03 9.934714426534030363e-01
5.402337842535125674e+03 1.002802011021273643e+00
5.402365937494528225e+03 1.007621032925295923e+00
5.402394032600039282e+03 1.006566783493019424e+00
5.402422127851658843e+03 1.002879183010236375e+00
5.402450223249387818e+03 9.964197190828514294e-01
5.402478318793228937e+03 9.958648041665554285e-01
5.402506414483180379e+03 9.986917334181203421e-01
5.402534510319243964e+03 1.000283109080116306e+00
5.402562606301420601e+03 9.993118867826744633e-01
5.402590702429711200e+03 1.001977713802594483e+00
5.402618798704115761e+03 9.993853891446990989e-01
5.402646895124636103e+03 1.000073734089434785e+00
5.402674991691272226e+03 9.983860214100009900e-01
5.402703088404025038e+03 9.980044452821061896e-01
5.402731185262895451e+03 9.962423069281736154e-01
5.402759282267883464e+03 1.002843354658181863e+00
5.402787379418990895e+03 9.996100465815549452e-01
5.402815476716218654e+03 9.993239287628310485e-01
5.402843574159565833e+03 1.004084709022343480e+00
5.402871671749035158e+03 1.005187150677293140e+00
5.402899769484626631e+03 9.989181745026072257e-01
5.402927867366340251e+03 1.000737284878312261e+00
5.402955965394177838e+03 9.966704811897006966e-01
5.402984063568139391e+03 1.000356797843812373e+00
5.403012161888226728e+03 9.984554335083196674e-01
5.403040260354438942e+03 1.000015973176601181e+00
5.403068358966778760e+03 9.995676008113555389e-01
5.403096457725245273e+03 9.953842585326867498e-01
5.403124556629840299e+03 9.931293174187290074e-01
5.403152655680563839e+03 1.001235101332606625e+00
5.403180754877416803e+03 9.961781863768168765e-01
5.403208854220400099e+03 9.994373274833939780e-01
5.403236953709515547e+03 9.982626617448567830e-01
5.403265053344762237e+03 9.996834896853121766e-01
5.403293153126141988e+03 1.004433350648395784e+00
5.403321253053654800e+03 1.009042259636220740e+00
5.403349353127301583e+03 1.002982224739807693e+00
5.403377453347084156e+03 1.000671645804568133e+00
5.403405553713001609e+03 9.990709134510844525e-01
5.403433654225055761e+03 9.957734437602554500e-01
5.403461754883247522e+03 1.004393408293015266e+00
5.403489855687576892e+03 1.000112681380833202e+00
5.403517956638044780e+03 9.982970934099505422e-01
5.403546057734653004e+03 9.975043498293901800e-01
5.403574158977400657e+03 9.969000969081519559e-01
5.403602260366290466e+03 1.001892725655467942e+00
5.403630361901321521e+03 9.969862010215871928e-01
5.403658463582494733e+03 9.992312028634681154e-01
5.403686565409811010e+03 1.000417196854526791e+00
5.403714667383272172e+03 9.973785755159367827e-01
5.403742769502878218e+03 1.000742247540144625e+00
5.403770871768629149e+03 9.989604181326603438e-01
5.403798974180526784e+03 1.004220934106942797e+00
5.403827076738572032e+03 1.004855061327586618e+00
5.403855179442764893e+03 9.946169141956751059e-01
5.403883282293106276e+03 1.001614702157010761e+00
5.403911385289596183e+03 1.001263008725305381e+00
5.403939488432237340e+03 1.001599454384076049e+00
5.403967591721029748e+03 1.003951469217893244e+00
5.403995695155972498e+03 1.000652831648161323e+00
5.404023798737068319e+03 9.923577263482140642e-01
5.404051902464318118e+03 9.969940604711404752e-01
5.404080006337720988e+03 1.004111602771655898e+00
5.404108110357278747e+03 1.000913153489012775e+00
5.404136214522992304e+03 1.001849511788578173e+00
5.404164318834861660e+03 9.999048452412303556e-01
5.404192423292887725e+03 1.001982652503094595e+00
5.404220527897072316e+03 9.982927796166303214e-01
5.404248632647415434e+03 9.974853297708174971e-01
5.404276737543917079e+03 9.924046639882699861e-01
5.404304842586579980e+03 9.980454215815454111e-01
5.404332947775402317e+03 1.000318284517428102e+00
5.404361053110386820e+03 9.997319600819147833e-01
5.404389158591533487e+03 1.002372348982323302e+00
5.404417264218844139e+03 1.003165736563829569e+00
5.404445369992317865e+03 1.003187893221542115e+00
5.404473475911955575e+03 1.001267181798597194e+00
5.404501581977759997e+03 1.002045602276550262e+00
5.404529688189729313e+03 1.001633514839195938e+00
5.404557794547866251e+03 1.003326531476742556e+00
5.404585901052170811e+03 1.002363355233951481e+00
5.404614007702642994e+03 9.999659415622494940e-01
5.404642114499285526e+03 1.000848793048657148e+00
5.404670221442097500e+03 1.001455267186317055e+00
5.404698328531079824e+03 1.000218453653318962e+00
5.404726435766233408e+03 1.005612927840524584e+00
5.404754543147560071e+03 1.007325880751882119e+00
5.404782650675058903e+03 1.002967016025465563e+00
5.404810758348731724e+03 1.000453916776348207e+00
5.404838866168579443e+03 9.980828541040116519e-01
5.404866974134602060e+03 9.997931888894626695e-01
5.404895082246800484e+03 9.972630001569384728e-01
5.404923190505175626e+03 9.956896189676078812e-01
5.404951298909729303e+03 1.000649132985012235e+00
5.404979407460459697e+03 9.995070041487341683e-01
5.405007516157370446e+03 9.967966151045690726e-01
5.405035625000460641e+03 9.991331094778277411e-01
5.405063733989731190e+03 9.967605989086901763e-01
5.405091843125183004e+03 9.945459002452927688e-01
5.405119952406816992e+03 9.974553276615327757e-01
5.405148061834634063e+03 1.001246681113229897e+00
5.405176171408634218e+03 9.982792642881505030e-01
5.405204281128819275e+03 9.959734468808000285e-01
5.405232390995189235e+03 9.963465606053033552e-01
5.405260501007745006e+03 1.003712609860100802e+00
5.405288611166487499e+03 1.005265735486442491e+00
5.405316721471417623e+03 9.998628719334823334e-01
5.405344831922535377e+03 1.002531954503197209e+00
5.405372942519842582e+03 1.000981837468373437e+00
5.405401053263339236e+03 9.967201688561987405e-01
5.405429164153026250e+03 9.999509207348195039e-01
5.405457275188904532e+03 1.002093480748486032e+00
5.405485386370974993e+03 9.990894496168557515e-01
5.405513497699238542e+03 9.948918812259633926e-01
5.405541609173695178e+03 9.972181729684489460e-01
5.405569720794345812e+03 9.994048099409869046e-01
5.405597832561191353e+03 9.966272961422454335e-01
5.405625944474233620e+03 9.913915792835950036e-01
5.405654056533471703e+03 9.931944468027990025e-01
5.405682168738906512e+03 1.001004119480760401e+00
5.405710281090539866e+03 9.983270954633546301e-01
5.405738393588372674e+03 9.983254089187384439e-01
5.405766506232404026e+03 9.991366731136280821e-01
5.405794619022636653e+03 1.002070598856895201e+00
5.405822731959069642e+03 1.000898294525046639e+00
5.405850845041704815e+03 9.992517151175008827e-01
5.405878958270543080e+03 9.969129769092182070e-01
5.405907071645583528e+03 9.930653091942025501e-01
5.405935185166828887e+03 9.946433998428200196e-01
5.405963298834279158e+03 9.983579932640226362e-01
5.405991412647935249e+03 1.001841245671315050e+00
5.406019526607797161e+03 9.942593672581042652e-01
5.406047640713866713e+03 9.950869044198156210e-01
5.406075754966143904e+03 9.982575075503649087e-01
5.406103869364630555e+03 9.946213403575792089e-01
5.406131983909325754e+03 1.005257058280427662e+00
5.406160098600231322e+03 1.003971379362195382e+00
5.406188213437348168e+03 1.004996850953974397e+00
5.406216328420676291e+03 1.000828875476064139e+00
5.406244443550217511e+03 9.999795907585155019e-01
5.406272558825971828e+03 9.959444346506566292e-01
5.406300674247940151e+03 9.997270895549529302e-01
5.406328789816122480e+03 1.001516826893076084e+00
5.406356905530521544e+03 9.992584713298088284e-01
5.406385021391136434e+03 9.999754447873875352e-01
5.406413137397968057e+03 1.001649002760826912e+00
5.406441253551017326e+03 1.002427131164144614e+00
5.406469369850286057e+03 9.993883346733777318e-01
5.406497486295773342e+03 9.912903218795914295e-01
5.406525602887481000e+03 9.908252292868190425e-01
5.406553719625409940e+03 9.926274334507914077e-01
5.406581836509560162e+03 9.975215262189677246e-01
5.406609953539932576e+03 9.903827106391237534e-01
5.406638070716529000e+03 1.001848778165507881e+00
5.406666188039348526e+03 1.003908725843730698e+00
5.406694305508392972e+03 9.979801703591338891e-01
5.406722423123662338e+03 1.000538296618546763e+00
5.406750540885158443e+03 9.966898729570373705e-01
5.406778658792881288e+03 9.992235199474482910e-01
5.406806776846831781e+03 1.000939437456489056e+00
5.406834895047010832e+03 9.954285839813199477e-01
5.406863013393419351e+03 9.918832970398175908e-01
5.406891131886057337e+03 9.938409093117662740e-01
5.406919250524926611e+03 9.983231416023747862e-01
5.406947369310027170e+03 9.963739052630699033e-01
5.406975488241359926e+03 9.966565122544496225e-01
5.407003607318925788e+03 9.943216875200137084e-01
5.407031726542724755e+03 9.988612811616940368e-01
5.407059845912759556e+03 9.994826517610777561e-01
5.407087965429029282e+03 9.974696561440545839e-01
5.407116085091534842e+03 1.002371928922122901e+00
5.407144204900277145e+03 9.978029902818742469e-01
5.407172324855257102e+03 9.963704411509922698e-01
5.407200444956474712e+03 9.940614445104671848e-01
5.407228565203932703e+03 9.938914844843240726e-01
5.407256685597630167e+03 9.950899466604048449e-01
5.407284806137568012e+03 1.001359656431308531e+00
5.407312926823747148e+03 9.986136072903557537e-01
5.407341047656168485e+03 9.946506157166370432e-01
5.407369168634832931e+03 9.950608118155409576e-01
5.407397289759741398e+03 9.925739695133435347e-01
5.407425411030893883e+03 9.905402013173985054e-01
5.407453532448291298e+03 9.936873448377074869e-01
5.407481654011935461e+03 9.966139017031362402e-01
5.407509775721825463e+03 9.963311661869195257e-01
5.407537897577964031e+03 9.923105109117930089e-01
5.407566019580350257e+03 9.877872834472639640e-01
5.407594141728985051e+03 9.938185968996897657e-01
5.407622264023870230e+03 9.902618359974039164e-01
5.407650386465004885e+03 9.911538607804346590e-01
5.407678509052391746e+03 1.000252759064258035e+00
5.407706631786030812e+03 9.951190470074634531e-01
5.407734754665922082e+03 9.926409832012119683e-01
5.407762877692067377e+03 9.932657965684665857e-01
5.407791000864466696e+03 9.939724011582498076e-01
5.407819124183121858e+03 9.986237218222145939e-01
5.407847247648031953e+03 9.994698282460154903e-01
5.407875371259198801e+03 9.954818237938398706e-01
5.407903495016623310e+03 9.940197097913646695e-01
5.407931618920305482e+03 9.885492464446449246e-01
5.407959742970247135e+03 9.913379566060196435e-01
5.407987867166448268e+03 9.928096287400555164e-01
5.408015991508909792e+03 9.986232051393851838e-01
5.408044115997632616e+03 9.917923708585064668e-01
5.408072240632616740e+03 9.898027657301026183e-01
5.408100365413863983e+03 9.955927247848462835e-01
5.408128490341374345e+03 9.898341374289535421e-01
5.408156615415149645e+03 9.904958053435729548e-01
5.408184740635189883e+03 9.912455578764072239e-01
5.408212866001495058e+03 9.953589477357758231e-01
5.408240991514066991e+03 9.943859256502984856e-01
5.408269117172906590e+03 9.860766368496246548e-01
5.408297242978013855e+03 9.884419575678047298e-01
5.408325368929390606e+03 9.929684244466018272e-01
5.408353495027035933e+03 9.905949177790377425e-01
5.408381621270951655e+03 9.845689195143194627e-01
5.408409747661138681e+03 9.839253036521641294e-01
5.408437874197597921e+03 9.896608975155111176e-01
5.408466000880329375e+03 9.802400499166425973e-01
5.408494127709333952e+03 9.924242930031557108e-01
5.408522254684612562e+03 9.885571177865463133e-01
5.408550381806167024e+03 9.867899248330168627e-01
5.408578509073996429e+03 9.861368734739968112e-01
5.408606636488101685e+03 9.849211132084001452e-01
5.408634764048484612e+03 9.873258763934379401e-01
5.408662891755146120e+03 9.818022802638017854e-01
5.408691019608085298e+03 9.802266898675369156e-01
5.408719147607303967e+03 9.841014439018929139e-01
5.408747275752803034e+03 9.883466534808710291e-01
5.408775404044583411e+03 9.864873977569595942e-01
5.408803532482645096e+03 9.862100719972469731e-01
5.408831661066989000e+03 9.880973013035418973e-01
5.408859789797616941e+03 9.856554403755090066e-01
5.408887918674528009e+03 9.823580677914506287e-01
5.408916047697724025e+03 9.849659932877449231e-01
5.408944176867205897e+03 9.870235055280238701e-01
5.408972306182974535e+03 9.808051359444018846e-01
5.409000435645029029e+03 9.831030808605837334e-01
5.409028565253372108e+03 9.816502092036599736e-01
5.409056695008003771e+03 9.796497731066767800e-01
5.409084824908924020e+03 9.788306411647235139e-01
5.409112954956134672e+03 9.834668992260641174e-01
5.409141085149636638e+03 9.830174249190468672e-01
5.409169215489429916e+03 9.799391382916189386e-01
5.409197345975515418e+03 9.814810814604594258e-01
5.409225476607894052e+03 9.806874306510158235e-01
5.409253607386566728e+03 9.781013084772093302e-01
5.409281738311533445e+03 9.749162923548603255e-01
5.409309869382796933e+03 9.751579547436113327e-01
5.409338000600355372e+03 9.729873049603109392e-01
5.409366131964211490e+03 9.678608650487220411e-01
5.409394263474364379e+03 9.726701159523124529e-01
5.409422395130815858e+03 9.775874585486217239e-01
5.409450526933567744e+03 9.764081275330378507e-01
5.409478658882618220e+03 9.728379628971768334e-01
5.409506790977970013e+03 9.750062305010228636e-01
5.409534923219623124e+03 9.753842764196696269e-01
5.409563055607579372e+03 9.699236219754504562e-01
5.409591188141837847e+03 9.697352319700174306e-01
5.409619320822399459e+03 9.751530821925107340e-01
5.409647453649266936e+03 9.758919875778986341e-01
5.409675586622438459e+03 9.678468018806434259e-01
5.409703719741916757e+03 9.654490407968679966e-01
5.409731853007701829e+03 9.674533698854511643e-01
5.409759986419794586e+03 9.669750345455506713e-01
5.409788119978195027e+03 9.668709935396516686e-01
5.409816253682904971e+03 9.585848147183959611e-01
5.409844387533925328e+03 9.600835953091325647e-01
5.409872521531255188e+03 9.573970262002517995e-01
5.409900655674897280e+03 9.517947850734871373e-01
5.409928789964851603e+03 9.485029076907510737e-01
5.409956924401118158e+03 9.491757400327243133e-01
5.409985058983698764e+03 9.516433612130262842e-01
5.410013193712594330e+03 9.568216425904586542e-01
5.410041328587803946e+03 9.608643280637162443e-01
5.410069463609330342e+03 9.610721636044134986e-01
5.410097598777173516e+03 9.514023823325198359e-01
5.410125734091333470e+03 9.520343029377749122e-01
5.410153869551812022e+03 9.545228812463836254e-01
5.410182005158609172e+03 9.464503838875439889e-01
5.410210140911726739e+03 9.461466900655089995e-01
5.410238276811164724e+03 9.472923740113718960e-01
5.410266412856924035e+03 9.482930339945415676e-01
5.410294549049004672e+03 9.487837315513523162e-01
5.410322685387408455e+03 9.500592957765454649e-01
5.410350821872136294e+03 9.441438565128013050e-01
5.410378958503188187e+03 9.372838349393460833e-01
5.410407095280565045e+03 9.387116035872429265e-01
5.410435232204267777e+03 9.407269753812620428e-01
5.410463369274296383e+03 9.425624699401613515e-01
5.410491506490653592e+03 9.387018240050354345e-01
5.410519643853338493e+03 9.371184477765314158e-01
5.410547781362351998e+03 9.389374533682873780e-01
5.410575919017695014e+03 9.358034913234880570e-01
5.410604056819368452e+03 9.364220912990951495e-01
5.410632194767373221e+03 9.383380719353341393e-01
5.410660332861710231e+03 9.376041163655989275e-01
5.410688471102379481e+03 9.342260938025340744e-01
5.410716609489382790e+03 9.345512229743351273e-01
5.410744748022720159e+03 9.285620180597072837e-01
5.410772886702391588e+03 9.355294365133057788e-01
5.410801025528399805e+03 9.358821263999690387e-01
5.410829164500743900e+03 9.259707554048506317e-01
5.410857303619425693e+03 9.277554038522790592e-01
5.410885442884445183e+03 9.337397985411699519e-01
5.410913582295804190e+03 9.279875254853829913e-01
5.410941721853501804e+03 9.232767738711094019e-01
5.410969861557539843e+03 9.271490756414446643e-01
5.410998001407919219e+03 9.201162694135675002e-01
5.411026141404639930e+03 9.134682704302362621e-01
5.411054281547703795e+03 9.209634747953419076e-01
5.411082421837110815e+03 9.215975432279146506e-01
5.411110562272861898e+03 9.231971001538350485e-01
5.411138702854957955e+03 9.184931402503797582e-01
5.411166843583399896e+03 9.211188087794660584e-01
5.411194984458187719e+03 9.182812492140725036e-01
5.411223125479323244e+03 9.181576027620856895e-01
5.411251266646805561e+03 9.166860157022130862e-01
5.411279407960637400e+03 9.166925190701393777e-01
5.411307549420818759e+03 9.132292510378854367e-01
5.411335691027350549e+03 9.084789410353447670e-01
5.411363832780232769e+03 9.084310656567412545e-01
5.411391974679466330e+03 9.101874969941452509e-01
5.411420116725053049e+03 9.121500094068130116e-01
5.411448258916992927e+03 9.131142041680810895e-01
5.411476401255286873e+03 9.117340194901902839e-01
5.411504543739934888e+03 9.090916290542887523e-01
5.411532686370938791e+03 9.064686301634788945e-01
5.411560829148299490e+03 9.065515212337539319e-01
5.411588972072016986e+03 9.082110437647783474e-01
5.411617115142091279e+03 9.086034111046916717e-01
5.411645258358525098e+03 9.112836403967128351e-01
5.411673401721318442e+03 9.064428088446024878e-01
5.411701545230471311e+03 9.099248497487438803e-01
5.411729688885985524e+03 9.030813361058435129e-01
5.411757832687861082e+03 9.038612662460917546e-01
5.411785976636098894e+03 9.016295507773728346e-01
5.411814120730699869e+03 9.061283706717019326e-01
5.411842264971664918e+03 9.078955816300464665e-01
5.411870409358994948e+03 9.063106783904719688e-01
5.411898553892689961e+03 9.014335582282911874e-01
5.411926698572750865e+03 9.044805216220571653e-01
5.411954843399178571e+03 9.027751794839220523e-01
5.411982988371974898e+03 8.962991576993981635e-01
5.412011133491138935e+03 9.023468521513802187e-01
5.412039278756672502e+03 8.993641007082985306e-01
5.412067424168576508e+03 8.980551432558618874e-01
5.412095569726850044e+03 9.015680243674978334e-01
5.412123715431495839e+03 9.048407447448723051e-01
5.412151861282513892e+03 9.008719839046538391e-01
5.412180007279905112e+03 9.017986750675732743e-01
5.412208153423670410e+03 9.046826259461455688e-01
5.412236299713809785e+03 9.051318985445185872e-01
5.412264446150324147e+03 9.027921727252462558e-01
5.412292592733215315e+03 9.031864261928236326e-01
5.412320739462482379e+03 9.034613259554699072e-01
5.412348886338128068e+03 9.091244335707711066e-01
5.412377033360151472e+03 9.067816491144103930e-01
5.412405180528553501e+03 9.053578133608086720e-01
5.412433327843336883e+03 9.085218951389761877e-01
5.412461475304499800e+03 9.076989099146460793e-01
5.412489622912044069e+03 9.066330394184809460e-01
5.412517770665970602e+03 9.024405324464905842e-01
5.412545918566280307e+03 8.973918623607667344e-01
5.412574066612974093e+03 9.045634807879637806e-01
5.412602214806051961e+03 9.049154480218828400e-01
5.412630363145514821e+03 9.049844373021659338e-01
5.412658511631363581e+03 9.073908298673962758e-01
5.412686660263599151e+03 9.074145224478754601e-01
5.412714809042222441e+03 9.108226355863103807e-01
5.412742957967234361e+03 9.136889422592585630e-01
5.412771107038634909e+03 9.119897979753074369e-01
5.412799256256424997e+03 9.135809631185664026e-01
5.412827405620605532e+03 9.163830701248966148e-01
5.412855555131177425e+03 9.173477213079599402e-01
5.412883704788141586e+03 9.153797926319200418e-01
5.412911854591498923e+03 9.146541880408342040e-01
5.412940004541249436e+03 9.193966457335406295e-01
5.412968154637394036e+03 9.246366934606099486e-01
5.412996304879933632e+03 9.200135490975671626e-01
5.413024455268870042e+03 9.186681946439360091e-01
5.413052605804202358e+03 9.219851133215494210e-01
5.413080756485932397e+03 9.243104289614982871e-01
5.413108907314060161e+03 9.220999566101020228e-01
5.413137058288586559e+03 9.235094756232850033e-01
5.413165209409513409e+03 9.203040604710307493e-01
5.413193360676840712e+03 9.218428168740308015e-01
5.413221512090568467e+03 9.229025613009733675e-01
5.413249663650698494e+03 9.249631621198508569e-01
5.413277815357231702e+03 9.288513562967196657e-01
5.413305967210168092e+03 9.283686866035159024e-01
5.413334119209508572e+03 9.286411278644569611e-01
5.413362271355254052e+03 9.315150683027407785e-01
5.413390423647405441e+03 9.416957972721284875e-01
5.413418576085963650e+03 9.381381434314861600e-01
5.413446728670928678e+03 9.340213590152417478e-01
5.413474881402302344e+03 9.326117846706291070e-01
5.413503034280083739e+03 9.328732535476661480e-01
5.413531187304275591e+03 9.334013210842713182e-01
5.413559340474877899e+03 9.308102069522271593e-01
5.413587493791890665e+03 9.357161707238565995e-01
5.413615647255315707e+03 9.413728745272645915e-01
5.413643800865153025e+03 9.399676482165313374e-01
5.413671954621403529e+03 9.504136494887783781e-01
5.413700108524069037e+03 9.455929914906539002e-01
5.413728262573148641e+03 9.423158862135710967e-01
5.413756416768644158e+03 9.482583601844619681e-01
5.413784571110556499e+03 9.456285818768077611e-01
5.413812725598885663e+03 9.460065042081382547e-01
5.413840880233632561e+03 9.475349433068638305e-01
5.413869035014798101e+03 9.525382915868946254e-01
5.413897189942383193e+03 9.507503443894040895e-01
5.413925345016388746e+03 9.492262598536104212e-01
5.413953500236815671e+03 9.513883710305677255e-01
5.413981655603663967e+03 9.592934923475672226e-01
5.414009811116934543e+03 9.612419348679070996e-01
5.414037966776628309e+03 9.625013185060793397e-01
5.414066122582747084e+03 9.594842229046477433e-01
5.414094278535289959e+03 9.535642270175653801e-01
5.414122434634257843e+03 9.629409217506204044e-01
5.414150590879652555e+03 9.690614071871291868e-01
5.414178747271475004e+03 9.602774117233816575e-01
5.414206903809724281e+03 9.663766496679314644e-01
5.414235060494402205e+03 9.664192987453212869e-01
5.414263217325510595e+03 9.715954830292955480e-01
5.414291374303048542e+03 9.652236989627146491e-01
5.414319531427016955e+03 9.683478606953789258e-01
5.414347688697416743e+03 9.636440869067470771e-01
5.414375846114249725e+03 9.597982513385755476e-01
5.414404003677515902e+03 9.694766567327788298e-01
5.414432161387215274e+03 9.691570902467415705e-01
5.414460319243350568e+03 9.712380837819756252e-01
5.414488477245919967e+03 9.684087258671770782e-01
5.414516635394926197e+03 9.666962943599205493e-01
5.414544793690369261e+03 9.707793677716990421e-01
5.414572952132250975e+03 9.732764493978000031e-01
5.414601110720570432e+03 9.728640904530851952e-01
5.414629269455328540e+03 9.722104375310300917e-01
5.414657428336528028e+03 9.756780273569936046e-01
5.414685587364167077e+03 9.795818883860443194e-01
5.414713746538248415e+03 9.813598753858137069e-01
5.414741905858772043e+03 9.769933717840366683e-01
5.414770065325737960e+03 9.695700565952857231e-01
5.414798224939148895e+03 9.684512320729166124e-01
5.414826384699003938e+03 9.707349175837790556e-01
5.414854544605304000e+03 9.741505567595358794e-01
5.414882704658049988e+03 9.813638624221517892e-01
5.414910864857243723e+03 9.834293887318182881e-01
5.414939025202884295e+03 9.823665287998158968e-01
5.414967185694973523e+03 9.810805730065885744e-01
5.414995346333512316e+03 9.842537790396636010e-01
5.415023507118500675e+03 9.893968482212476268e-01
5.415051668049939508e+03 9.863968661674544780e-01
5.415079829127830635e+03 9.806120554248577426e-01
5.415107990352173147e+03 9.844957119055963712e-01
5.415136151722968862e+03 9.881051735510666401e-01
5.415164313240218689e+03 9.881681918031404166e-01
5.415192474903922630e+03 9.893483659295519983e-01
5.415220636714081593e+03 9.885668286731570387e-01
5.415248798670697397e+03 9.926610978242583760e-01
5.415276960773769133e+03 9.898600864248652265e-01
5.415305123023298620e+03 9.855342460806334470e-01
5.415333285419286767e+03 9.857384397927243525e-01
5.415361447961733575e+03 9.861845916777780552e-01
5.415389610650640861e+03 9.887996681533404164e-01
5.415417773486008628e+03 9.883682843268118967e-01
5.415445936467836873e+03 9.875081174160214026e-01
5.415474099596128326e+03 9.900818357080807264e-01
5.415502262870882078e+03 9.871568038849563020e-01
5.415530426292099037e+03 9.877015626813178129e-01
5.415558589859781023e+03 9.838475296681949978e-01
5.415586753573928036e+03 9.929778404337967768e-01
5.415614917434540985e+03 9.939758205739788188e-01
5.415643081441620780e+03 9.911229707530926358e-01
5.415671245595167420e+03 9.993481942369012438e-01
5.415699409895182725e+03 9.959174565783698307e-01
5.415727574341666696e+03 9.902115158936157790e-01
5.415755738934621149e+03 9.868911988335888896e-01
5.415783903674045177e+03 9.927155722296926443e-01
5.415812068559941508e+03 9.933430328778815044e-01
5.415840233592309232e+03 9.921541580220261114e-01
5.415868398771149259e+03 9.941196126249971510e-01
5.415896564096463408e+03 9.895419295687086780e-01
5.415924729568251678e+03 9.878133008701923679e-01
5.415952895186514979e+03 9.904825291853536218e-01
5.415981060951254221e+03 9.922630783227827100e-01
5.416009226862470314e+03 9.927423753953823482e-01
5.416037392920163256e+03 9.937169133331568149e-01
5.416065559124334868e+03 9.906770632904822182e-01
5.416093725474985149e+03 9.935928283287973617e-01
5.416121891972115009e+03 9.961215265252194584e-01
5.416150058615724447e+03 9.914459424518965447e-01
5.416178225405816193e+03 9.951472695327001627e-01
5.416206392342389336e+03 9.955437251412483368e-01
5.416234559425445696e+03 9.948728461348292917e-01
5.416262726654985272e+03 9.896696731957798088e-01
5.416290894031008065e+03 9.915339912423974944e-01
5.416319061553516804e+03 9.940172396791530085e-01
5.416347229222511487e+03 9.920531106560332990e-01
5.416375397037992116e+03 9.914939031396070579e-01
5.416403564999960508e+03 9.881232712424884435e-01
5.416431733108416665e+03 9.959514931904466239e-01
5.416459901363361496e+03 9.922147543435456685e-01
5.416488069764795910e+03 9.909131720780207653e-01
5.416516238312719906e+03 9.949487079851846438e-01
5.416544407007136215e+03 9.940002139983848961e-01
5.416572575848043925e+03 9.930941114321878427e-01
5.416600744835443948e+03 9.958806915529810899e-01
5.416628913969337191e+03 9.926467316837731536e-01
5.416657083249724565e+03 9.887946017269608756e-01
5.416685252676606979e+03 9.969199505621251234e-01
5.416713422249985342e+03 9.994568842178380708e-01
5.416741591969859655e+03 9.911626313093675478e-01
5.416769761836231737e+03 9.960402558510182969e-01
5.416797931849101587e+03 9.939337661212394037e-01
5.416826102008469206e+03 9.952331818647017769e-01
5.416854272314337322e+03 9.944772556638216132e-01
5.416882442766705026e+03 9.903382305020890231e-01
5.416910613365574136e+03 9.994909105446259101e-01
5.416938784110944653e+03 9.939630941937367403e-01
5.416966955002817485e+03 9.954255625734407253e-01
5.416995126041194453e+03 9.973773180384060133e-01
5.417023297226074646e+03 9.969207077358100966e-01
5.417051468557459884e+03 9.954365269607142741e-01
5.417079640035350167e+03 9.972449671616784306e-01
5.417107811659747313e+03 9.977837360588295290e-01
5.417135983430651322e+03 9.979643627775409698e-01
5.417164155348063105e+03 9.935056110872287904e-01
5.417192327411983570e+03 9.915480588509544280e-01
5.417220499622413627e+03 9.982880086412583287e-01
5.417248671979353276e+03 9.959659692881460691e-01
5.417276844482804336e+03 9.993150001567437934e-01
5.417305017132766807e+03 1.000629806816216050e+00
5.417333189929241598e+03 9.951729696459568064e-01
5.417361362872229620e+03 9.918531580753069399e-01
5.417389535961730871e+03 9.894999936061422696e-01
5.417417709197748081e+03 9.929864132428224410e-01
5.417445882580279431e+03 9.949660993971340961e-01
5.417474056109327648e+03 9.934280232677672462e-01
5.417502229784893643e+03 1.000867213220689056e+00
5.417530403606976506e+03 1.005196342786029540e+00
5.417558577575577146e+03 9.989645103923012748e-01
5.417586751690698293e+03 9.956273987230549460e-01
5.417614925952339036e+03 9.968023283473617102e-01
5.417643100360500284e+03 9.996104854649897620e-01
5.417671274915182948e+03 9.966511985186551348e-01
5.417699449616388847e+03 9.938154437321584656e-01
5.417727624464117071e+03 9.978024604268038722e-01
5.417755799458369438e+03 1.003340612457711334e+00
5.417783974599145949e+03 9.999553046323309546e-01
5.417812149886448424e+03 9.994182266788543822e-01
5.417840325320275952e+03 9.985937667889892566e-01
5.417868500900631261e+03 9.970307761448437001e-01
5.417896676627514353e+03 9.961807620774042471e-01
5.417924852500925226e+03 9.981139948997372890e-01
5.417953028520865701e+03 1.001998973748409849e+00
5.417981204687335776e+03 9.977128225795819372e-01
5.418009381000336361e+03 9.988575109766868465e-01
5.418037557459869276e+03 1.002970391518638316e+00
5.418065734065933611e+03 1.007616196970067435e+00
5.418093910818531185e+03 1.003042739250431747e+00
5.418122087717661998e+03 9.984201515975071883e-01
5.418150264763327868e+03 9.984513654242782588e-01
5.418178441955528797e+03 9.941956025939387986e-01
5.418206619294265693e+03 1.000685654626040755e+00
5.418234796779539465e+03 9.973859723906909336e-01
5.418262974411351024e+03 9.908322177361564842e-01
5.418291152189700369e+03 9.963954871925839729e-01
5.418319330114589320e+03 9.949102198464001567e-01
5.418347508186017876e+03 9.949328141566106121e-01
5.418375686403986947e+03 9.958125154650196986e-01
5.418403864768497442e+03 9.991629261820246244e-01
5.418432043279550271e+03 9.982681947447354931e-01
5.418460221937145434e+03 9.955191778639462807e-01
5.418488400741284750e+03 1.000794180925945964e+00
5.418516579691968218e+03 1.002174042991091252e+00
5.418544758789196749e+03 9.980382674293605261e-01
5.418572938032971251e+03 1.001873650260424409e+00
5.418601117423292635e+03 1.001953214198680442e+00
5.418629296960161810e+03 9.967353047433799018e-01
5.418657476643578775e+03 9.997040260039719017e-01
5.418685656473544441e+03 9.994404123650323379e-01
5.418713836450059716e+03 9.989002131175414023e-01
5.418742016573126421e+03 1.001069367137755073e+00
5.418770196842743644e+03 9.998860627400499856e-01
5.418798377258913206e+03 9.991581154827763323e-01
5.418826557821635106e+03 9.994314207004199035e-01
5.418854738530911163e+03 9.990582182978425818e-01
5.418882919386740468e+03 9.961121482504384783e-01
5.418911100389125750e+03 9.965690701141671770e-01
5.418939281538067007e+03 9.992659858381167659e-01
5.418967462833564241e+03 9.973466503365413516e-01
5.418995644275619270e+03 9.960154162697750779e-01
5.419023825864232094e+03 9.953329346582934223e-01
5.419052007599404533e+03 9.972504520037627218e-01
5.419080189481135676e+03 1.002686653051882315e+00
5.419108371509427343e+03 1.001662734178976999e+00
5.419136553684280443e+03 9.996565255675444739e-01
5.419164736005695886e+03 9.966088289827315094e-01
5.419192918473673672e+03 9.941314958541180857e-01
5.419221101088214709e+03 9.950249355180209587e-01
5.419249283849319909e+03 9.965149003295398211e-01
5.419277466756990179e+03 1.001185779106624762e+00
5.419305649811226431e+03 1.002480590475749223e+00
5.419333833012029572e+03 1.002297944110565942e+00
5.419362016359399604e+03 9.990915610958659432e-01
5.419390199853337435e+03 9.960687296768531152e-01
5.419418383493843976e+03 9.966859492391243469e-01
5.419446567280920135e+03 9.974867707736647660e-01
5.419474751214566822e+03 9.982140229582778801e-01
5.419502935294784038e+03 9.990543444499793146e-01
5.419531119521573601e+03 1.000265674649424508e+00
5.419559303894936420e+03 9.959646657018895732e-01
5.419587488414871586e+03 9.993903882011773154e-01
5.419615673081380919e+03 1.003508718627768470e+00
5.419643857894465327e+03 1.003870932431717433e+00
5.419672042854125721e+03 9.997386120571090107e-01
5.419700227960362099e+03 9.983209222875962796e-01
5.419728413213176282e+03 9.977386004497531546e-01
5.419756598612567359e+03 9.961257874226190356e-01
5.419784784158538059e+03 9.932617770941649660e-01
5.419812969851087473e+03 9.896747823368320374e-01
5.419841155690217420e+03 9.906052846026170977e-01
5.419869341675928808e+03 9.968544525300971904e-01
5.419897527808221639e+03 9.967149515291717776e-01
5.419925714087096821e+03 9.988384327425157139e-01
5.419953900512555265e+03 1.001631332442520561e+00
5.419982087084597879e+03 9.920951380877046644e-01
5.420010273803225573e+03 9.990341797323701867e-01
5.420038460668438347e+03 1.001070232282488925e+00
5.420066647680237111e+03 1.000762624406168699e+00
5.420094834838623683e+03 9.994809791112281294e-01
5.420123022143598064e+03 9.929018018742854501e-01
5.420151209595160253e+03 9.938564026400747986e-01
5.420179397193312980e+03 1.005551875506718984e+00
5.420207584938055334e+03 9.973118833347850432e-01
5.420235772829388225e+03 9.927434921604589846e-01
5.420263960867313472e+03 9.981394948190931427e-01
5.420292149051830165e+03 9.986809338025844918e-01
5.420320337382941034e+03 9.941177904168501112e-01
5.420348525860645168e+03 9.962762678989087739e-01
5.420376714484944387e+03 1.002916821187131102e+00
5.420404903255838690e+03 1.002565974390896342e+00
5.420433092173329896e+03 9.999767276764901514e-01
5.420461281237418007e+03 9.968656087099938556e-01
5.420489470448103020e+03 9.989594700770477731e-01
5.420517659805387666e+03 9.977661616720508997e-01
5.420545849309271034e+03 9.981698465998796177e-01
5.420574038959754034e+03 1.003924094815334955e+00
5.420602228756838485e+03 9.979142863765350091e-01
5.420630418700524388e+03 1.006276667410200609e+00
5.420658608790811741e+03 9.999465672519631809e-01
5.420686799027703273e+03 9.960787225491887220e-01
5.420714989411198076e+03 9.893721999675645362e-01
5.420743179941297967e+03 9.928794763915966826e-01
5.420771370618002948e+03 9.956366277699100209e-01
5.420799561441314836e+03 9.992657348877437284e-01
5.420827752411232723e+03 9.995098166229127168e-01
5.420855943527758427e+03 9.957014120052382067e-01
5.420884134790892858e+03 9.943990481474309640e-01
5.420912326200636016e+03 1.000458620680453548e+00
5.420940517756989721e+03 1.003210537856862539e+00
5.420968709459953061e+03 1.002691157186105908e+00
5.420996901309528766e+03 9.961775585056638072e-01
5.421025093305716837e+03 9.913107289746244666e-01
5.421053285448517272e+03 9.885466128233392213e-01
5.421081477737931891e+03 9.910641482265986069e-01
5.421109670173961604e+03 9.899454448899234205e-01
5.421137862756605500e+03 9.932468334215204253e-01
5.421166055485866309e+03 9.969448863960184148e-01
5.421194248361743121e+03 9.936256845548347982e-01
5.421222441384238664e+03 9.976111120316205616e-01
5.421250634553351119e+03 9.984792828751455351e-01
5.421278827869084125e+03 9.974562969923140843e-01
5.421307021331435863e+03 9.990811942144635083e-01
5.421335214940409060e+03 1.005136422350186409e+00
5.421363408696002807e+03 1.001511479733005805e+00
5.421391602598218924e+03 9.950531513688632979e-01
5.421419796647058320e+03 1.000034875849626470e+00
5.421447990842521904e+03 9.951830479499712556e-01
5.421476185184608767e+03 1.003891961129841137e+00
5.421504379673321637e+03 9.969928411875579322e-01
5.421532574308660514e+03 9.992656069896412863e-01
5.421560769090625399e+03 9.979568797251284762e-01
5.421588964019218110e+03 1.001645500950761880e+00
5.421617159094439558e+03 9.986624983101695108e-01
5.421645354316289740e+03 9.949409166994450660e-01
5.421673549684769569e+03 9.923606558635922337e-01
5.421701745199879952e+03 9.969822724208788900e-01
5.421729940861620889e+03 1.004034488328479302e+00
5.421758136669995110e+03 1.004911147759526058e+00
5.421786332625001705e+03 9.977294665931787376e-01
5.421814528726641583e+03 9.956437915721795262e-01
5.421842724974916564e+03 1.008114173134295299e+00
5.421870921369825737e+03 1.005570803673454305e+00
5.421899117911371832e+03 9.929055864595400793e-01
5.421927314599553938e+03 9.950930776063902083e-01
5.421955511434372966e+03 9.970765766252109863e-01
5.421983708415830733e+03 9.969006980553701824e-01
5.422011905543928151e+03 1.002862325638326668e+00
5.422040102818664309e+03 9.993665694170070779e-01
5.422068300240041026e+03 1.005177338533737252e+00
5.422096497808059212e+03 1.006322946630408222e+00
5.422124695522718866e+03 1.001453449171870069e+00
5.422152893384021809e+03 9.949236549663089679e-01
5.422181091391968039e+03 9.961075222638772209e-01
5.422209289546558466e+03 1.002972062601808156e+00
5.422237487847794000e+03 1.003166832559494015e+00
5.422265686295675550e+03 1.002714407599592183e+00
5.422293884890204026e+03 1.002147085334182508e+00
5.422322083631379428e+03 1.002552706419356676e+00
5.422350282519202665e+03 9.970213550879223341e-01
5.422378481553674646e+03 1.002219856482004179e+00
5.422406680734796282e+03 9.942196927134202555e-01
5.422434880062568482e+03 9.993160540616585763e-01
5.422463079536992154e+03 9.974428371757506628e-01
5.422491279158067300e+03 9.996137453339664081e-01
5.422519478925794829e+03 1.002330436399444968e+00
5.422547678840176559e+03 9.988853149098663176e-01
5.422575878901211581e+03 9.969936800694769730e-01
5.422604079108902624e+03 1.003068950080781008e+00
5.422632279463247869e+03 1.000751752038436138e+00
5.422660479964250953e+03 9.961231527360359106e-01
5.422688680611910968e+03 1.003275333647792866e+00
5.422716881406228822e+03 1.008167360366009513e+00
5.422745082347205425e+03 1.000909660260203671e+00
5.422773283434841687e+03 1.001227836134554572e+00
5.422801484669137608e+03 9.947268148753374284e-01
5.422829686050095006e+03 9.960580746411470399e-01
5.422857887577714791e+03 9.951416490628124389e-01
5.422886089251996054e+03 9.968882195422781312e-01
5.422914291072941523e+03 9.983386295112816056e-01
5.422942493040551199e+03 1.000995983289351132e+00
5.422970695154825080e+03 1.001826147432004044e+00
5.422998897415764986e+03 1.003438121781539794e+00
5.423027099823370918e+03 9.995286820412930817e-01
5.423055302377643784e+03 9.971958010973828168e-01
5.423083505078585404e+03 9.951961682598382541e-01
5.423111707926194867e+03 1.002231498180154112e+00
5.423139910920474904e+03 1.001053790220384432e+00
5.423168114061423694e+03 1.002848752035811364e+00
5.423196317349044875e+03 1.002522353395388199e+00
5.423224520783336629e+03 1.005446554852808649e+00
5.423252724364301685e+03 9.981841590209067361e-01
5.423280928091939131e+03 9.987203275636529209e-01
5.423309131966251698e+03 9.996563245140902554e-01
5.423337335987238475e+03 9.994801076104560256e-01
5.423365540154900373e+03 9.926965577527473439e-01
5.423393744469239209e+03 9.894244110870363818e-01
5.423421948930254985e+03 9.911973611510469517e-01
5.423450153537948609e+03 9.967809947450388952e-01
5.423478358292320081e+03 9.933145689647234766e-01
5.423506563193372131e+03 1.001698088365622796e+00
5.423534768241103848e+03 9.981153992855115176e-01
5.423562973435516142e+03 9.955944402901603096e-01
5.423591178776609922e+03 9.958041025267367896e-01
5.423619384264386099e+03 9.985761391255080222e-01
5.423647589898846491e+03 9.958145593883784841e-01
5.423675795679989278e+03 9.989182279147275079e-01
5.423704001607818100e+03 1.001237998497554793e+00
5.423732207682332046e+03 9.985152003066170012e-01
5.423760413903532026e+03 9.936456575872447683e-01
5.423788620271418949e+03 1.000105400489041285e+00
5.423816826785993726e+03 1.006624824987400801e+00
5.423845033447256355e+03 9.966864532097025053e-01
5.423873240255208657e+03 9.992757306415633867e-01
5.423901447209851540e+03 9.927299139177758747e-01
5.423929654311185004e+03 1.001278225187543613e+00
5.423957861559209960e+03 1.001251058269883032e+00
5.423986068953927315e+03 9.984072831977227613e-01
5.424014276495337072e+03 1.006779553599681964e+00
5.424042484183441047e+03 1.002858560421022949e+00
5.424070692018240152e+03 1.004086545260450825e+00
5.424098899999734385e+03 1.004065832852347961e+00
5.424127108127924657e+03 1.000428673079047703e+00
5.424155316402811877e+03 1.002913053970020840e+00
5.424183524824396045e+03 1.003472496282804771e+00
5.424211733392679889e+03 9.999091402299060682e-01
5.424239942107662500e+03 9.970497850816395502e-01
5.424268150969344788e+03 9.976966035078608241e-01
5.424296359977727661e+03 1.000168711722688730e+00
5.424324569132812030e+03 1.007048688074497544e+00
5.424352778434598804e+03 1.001345999476773718e+00
5.424380987883088892e+03 9.957756537537156838e-01
5.424409197478282294e+03 9.976591628362596609e-01
5.424437407220180830e+03 9.968693226958523779e-01
5.424465617108783590e+03 9.961501460182514700e-01
5.424493827144093302e+03 9.994251954227436618e-01
5.424522037326109967e+03 9.972020809510521167e-01
5.424550247654833584e+03 9.973769300900099388e-01
5.424578458130265972e+03 9.952916432296220473e-01
5.424606668752407131e+03 9.996197775832939003e-01
5.424634879521257972e+03 1.006042828595683059e+00
5.424663090436820312e+03 1.000285306614399072e+00
5.424691301499093242e+03 9.911763287690806834e-01
5.424719512708078582e+03 9.984556431901081552e-01
5.424747724063777241e+03 1.002210876697696484e+00
5.424775935566189219e+03 1.000525216057255085e+00
5.424804147215315425e+03 1.000410097475403326e+00
5.424832359011156768e+03 9.979887403184897199e-01
5.424860570953714159e+03 1.001714787786126548e+00
5.424888783042988507e+03 1.000598642761472146e+00
5.424916995278980721e+03 1.004395526447595000e+00
5.424945207661690802e+03 1.006605870799260449e+00
5.424973420191119658e+03 9.960646087272505556e-01
5.425001632867269109e+03 1.003664553187981978e+00
5.425029845690138245e+03 1.005665769607596127e+00
5.425058058659728886e+03 1.000882432387237175e+00
5.425086271776041940e+03 1.002649242919615657e+00
5.425114485039077408e+03 9.973386562837226466e-01
5.425142698448837109e+03 9.983781372792128739e-01
5.425170912005321043e+03 9.992331070534686832e-01
5.425199125708529209e+03 9.979106259735218698e-01
5.425227339558464337e+03 1.000917058241141744e+00
5.425255553555125516e+03 1.000698397326958977e+00
5.425283767698514566e+03 9.992183004379477929e-01
5.425311981988631487e+03 9.961459269552203066e-01
5.425340196425477188e+03 1.003960737069217624e+00
5.425368411009052579e+03 1.005371015532530610e+00
5.425396625739358569e+03 1.003234106777630474e+00
5.425424840616396068e+03 1.005719128869740464e+00
5.425453055640165985e+03 1.009341799911835258e+00
5.425481270810667411e+03 1.003605092748274474e+00
5.425509486127903074e+03 1.000442752785279277e+00
5.425537701591872974e+03 9.954055314525612763e-01
5.425565917202578021e+03 9.962534103416581521e-01
5.425594132960019124e+03 9.975210513205313712e-01
5.425622348864196283e+03 9.987455547475518891e-01
5.425650564915111318e+03 9.968209806125836181e-01
5.425678781112763318e+03 9.976307582395119722e-01
5.425706997457155012e+03 1.002100669060639104e+00
5.425735213948286400e+03 1.004295926039938225e+00
5.425763430586158393e+03 1.000765401594416293e+00
5.425791647370770988e+03 9.998133981148326077e-01
5.425819864302126007e+03 1.002099736483589076e+00
5.425848081380223448e+03 1.002602732075573488e+00
5.425876298605064221e+03 1.004447171368059166e+00
5.425904515976649236e+03 1.001764286370875556e+00
5.425932733494979402e+03 1.000565370277229915e+00
5.425960951160054719e+03 1.005099018727750648e+00
5.425989168971877007e+03 9.997794278981239069e-01
5.426017386930447174e+03 1.001067522072847771e+00
5.426045605035764311e+03 1.001946134538537203e+00
5.426073823287831146e+03 9.985845830741956197e-01
5.426102041686646771e+03 9.933488505162008098e-01
5.426130260232213004e+03 1.000440623048391542e+00
5.426158478924529845e+03 9.980400755759736287e-01
5.426186697763599113e+03 1.006489860594808050e+00
5.426214916749420809e+03 1.001570303301177578e+00
5.426243135881995840e+03 1.000899574793756797e+00
5.426271355161325118e+03 1.001748699305572643e+00
5.426299574587409552e+03 1.004288144765927315e+00
5.426327794160249141e+03 9.997949828665900762e-01
5.426356013879845705e+03 9.980301156972585241e-01
5.426384233746199243e+03 9.961234311821822729e-01
5.426412453759309756e+03 1.007947646656040419e+00
5.426440673919179972e+03 1.005027839969795833e+00
5.426468894225809890e+03 9.999008163872838972e-01
5.426497114679199512e+03 1.003589369395634590e+00
5.426525335279349747e+03 1.003738818335873750e+00
5.426553556026262413e+03 9.984749845281132297e-01
5.426581776919937511e+03 1.002877291059399711e+00
5.426609997960375949e+03 1.003602746992938277e+00
5.426638219147578639e+03 1.001273693602792392e+00
5.426666440481545578e+03 9.984399206237812852e-01
5.426694661962278587e+03 9.971382279518586911e-01
5.426722883589777666e+03 9.985610799394684101e-01
5.426751105364043724e+03 1.004237607008461763e+00
5.426779327285077670e+03 9.986907194285757905e-01
5.426807549352880415e+03 9.951336343213695868e-01
5.426835771567451957e+03 9.956323673745518521e-01
5.426863993928794116e+03 1.000253301888552215e+00
5.426892216436907802e+03 9.979778317022451883e-01
5.426920439091792105e+03 1.000453831882245348e+00
5.426948661893449753e+03 1.002836513893880621e+00
5.426976884841879837e+03 1.000396243929884799e+00
5.427005107937085086e+03 9.996916899432124470e-01
5.427033331179063680e+03 9.974624320684609691e-01
5.427061554567818348e+03 9.954092886968221032e-01
5.427089778103350000e+03 1.002002952357350152e+00
5.427118001785657725e+03 1.011747629561916995e+00
5.427146225614743344e+03 1.006869828460125849e+00
5.427174449590607765e+03 1.001610884493715270e+00
5.427202673713250988e+03 9.934378134099927093e-01
5.427230897982674833e+03 1.000577643594930954e+00
5.427259122398879299e+03 1.001779842300593470e+00
5.427287346961866206e+03 9.991230142635555422e-01
5.427315571671634643e+03 1.001959940878077049e+00
5.427343796528186431e+03 9.964288826434076762e-01
5.427372021531521568e+03 1.005404469560881253e+00
5.427400246681641875e+03 1.004254935049550435e+00
5.427428471978547350e+03 9.996717922220981212e-01
5.427456697422239813e+03 9.944175688386004408e-01
5.427484923012718355e+03 1.000419040986849861e+00
5.427513148749984794e+03 1.000017035318841341e+00
5.427541374634040039e+03 1.001366558809281271e+00
5.427569600664884092e+03 9.985098571858405103e-01
5.427597826842517861e+03 1.000703541442328204e+00
5.427626053166943166e+03 1.002953995430527101e+00
5.427654279638160006e+03 1.003020854193065858e+00
5.427682506256168381e+03 1.001882452533842338e+00
5.427710733020970110e+03 9.991138032102995226e-01
5.427738959932566104e+03 9.985427708900384003e-01
5.427767186990956361e+03 9.984544050961465800e-01
5.427795414196141792e+03 1.003100025052862998e+00
5.427823641548124215e+03 9.998264783402701639e-01
5.427851869046902721e+03 9.957996921263775336e-01
5.427880096692479128e+03 1.000416534957683901e+00
5.427908324484853438e+03 1.002158274902161583e+00
5.427936552424027468e+03 1.003950408657604543e+00
5.427964780510001219e+03 1.000481229055262267e+00
5.427993008742775601e+03 1.000174740636902149e+00
5.428021237122351522e+03 9.993818054242739057e-01
5.428049465648728983e+03 9.990136760754385614e-01
5.428077694321910712e+03 1.006158647466988576e+00
5.428105923141894891e+03 1.002406301943054689e+00
5.428134152108684248e+03 1.000585506720860884e+00
5.428162381222279691e+03 1.000454491549150671e+00
5.428190610482680313e+03 9.966277059410750816e-01
5.428218839889887022e+03 9.971861275294831017e-01
5.428247069443902546e+03 9.976882886815867657e-01
5.428275299144725977e+03 1.002805644923195905e+00
5.428303528992358224e+03 1.008496071009922668e+00
5.428331758986800196e+03 9.983347629788059674e-01
5.428359989128053712e+03 1.001152571035110794e+00
5.428388219416117863e+03 9.984075522915705214e-01
5.428416449850994468e+03 9.983124096966045080e-01
5.428444680432683526e+03 9.986314202965116404e-01
5.428472911161186857e+03 1.002877965672283711e+00
5.428501142036503552e+03 1.005237350547130148e+00
5.428529373058636338e+03 1.005019748250489453e+00
5.428557604227585216e+03 1.000551255690740327e+00
5.428585835543350186e+03 9.997301466461266939e-01
5.428614067005933066e+03 1.004713665542444456e+00
5.428642298615333857e+03 1.005101732113062196e+00
5.428670530371554378e+03 1.003565321818028266e+00
5.428698762274594628e+03 9.932032272051291022e-01
5.428726994324454608e+03 1.002674008147163232e+00
5.428755226521136137e+03 1.000452874534611070e+00
5.428783458864640124e+03 9.996227495428241516e-01
5.428811691354966570e+03 9.969426958689988627e-01
5.428839923992117292e+03 1.001715556681084474e+00
5.428868156776091382e+03 1.002000960384297201e+00
5.428896389706890659e+03 1.005006525507319948e+00
5.428924622784516941e+03 9.965012023504180583e-01
5.428952856008968411e+03 1.003223182305965411e+00
5.428981089380248704e+03 9.984021734007324511e-01
5.429009322898356004e+03 9.952332807218201571e-01
5.429037556563293037e+03 9.942633857436384837e-01
5.429065790375059805e+03 9.963211690666898823e-01
5.429094024333656307e+03 1.001100986122353209e+00
5.429122258439084362e+03 9.987421978530596212e-01
5.429150492691344880e+03 9.933800968308675872e-01
5.429178727090437860e+03 9.930668262942871083e-01
5.429206961636364213e+03 1.008489497445879346e+00
5.429235196329124847e+03 1.000232885291491458e+00
5.429263431168720672e+03 1.000247320195575940e+00
5.429291666155151688e+03 1.000117271252995765e+00
5.429319901288420624e+03 9.913455887098253649e-01
5.429348136568525661e+03 9.979391195920408464e-01
5.429376371995469526e+03 9.973457082864086720e-01
5.429404607569252221e+03 1.002172925434000605e+00
5.429432843289873745e+03 1.006081324907127872e+00
5.429461079157336826e+03 1.002179303935233801e+00
5.429489315171640555e+03 1.001536011713479057e+00
5.429517551332785843e+03 1.007045067661511251e+00
5.429545787640773597e+03 9.993771351001524694e-01
5.429574024095605637e+03 9.906944016075540649e-01
5.429602260697281963e+03 1.003939322223449393e+00
5.429630497445802575e+03 1.008840615886862357e+00
5.429658734341169293e+03 1.000574367664882169e+00
5.429686971383382115e+03 9.995839793343694879e-01
5.429715208572442862e+03 9.963108996743190726e-01
5.429743445908351532e+03 1.003518711489489457e+00
5.429771683391108127e+03 1.002482734842822243e+00
5.429799921020715374e+03 1.000654455404669685e+00
5.429828158797172364e+03 9.988091491126590560e-01
5.429856396720480916e+03 1.001727854634116621e+00
5.429884634790641030e+03 1.001184724473734411e+00
5.429912873007653616e+03 9.993755591958825013e-01
5.429941111371519582e+03 9.998770645324391859e-01
5.429969349882239840e+03 1.000879241414597720e+00
5.429997588539814387e+03 1.005680429938018872e+00
