# star name zetOri, line HEII5411
# instrument: HERMES spectrograph @Mercator
# date of observation (midpoint)2018-10-15T06:16:00.872652
# BJD of observation (midpoint)2458406.7635159
# name of fits file: 00898175_HRF_OBJ_ext_CosmicsRemoved_log_merged_c.fits
# 
# wavelength(Angstrom,air) normalised_flux
5.390018255721892274e+03 9.988319710067579127e-01
5.390046286613051961e+03 9.989267088458181343e-01
5.390074317649987279e+03 9.982019743241874465e-01
5.390102348832698226e+03 1.005166222505108342e+00
5.390130380161185712e+03 1.002251870770126230e+00
5.390158411635450648e+03 1.002486285654280440e+00
5.390186443255493032e+03 9.952792890602348841e-01
5.390214475021315593e+03 1.003062550656679042e+00
5.390242506932917422e+03 1.000496662089555011e+00
5.390270538990299428e+03 9.998527102445647907e-01
5.390298571193463431e+03 1.001050942531943599e+00
5.390326603542408520e+03 9.970717509470261586e-01
5.390354636037137425e+03 9.954019368033611981e-01
5.390382668677649235e+03 1.002240157388037067e+00
5.390410701463944861e+03 1.003335640743880486e+00
5.390438734396026121e+03 9.968669555965298246e-01
5.390466767473893015e+03 1.001592661640075432e+00
5.390494800697546452e+03 1.000262732556154610e+00
5.390522834066987343e+03 9.934846229386077310e-01
5.390550867582215687e+03 9.998842122506809149e-01
5.390578901243233304e+03 1.006563183413037077e+00
5.390606935050041102e+03 9.975912046728439009e-01
5.390634969002638172e+03 9.973916941656009172e-01
5.390663003101027243e+03 9.967858115739677283e-01
5.390691037345207405e+03 9.926400837918745168e-01
5.390719071735180478e+03 9.995819983467086889e-01
5.390747106270947370e+03 9.901797674044855446e-01
5.390775140952508082e+03 1.002742803962429763e+00
5.390803175779863523e+03 9.918475727303778244e-01
5.390831210753014602e+03 9.973652106981688581e-01
5.390859245871962230e+03 9.999858748662299179e-01
5.390887281136707315e+03 9.985430864083539859e-01
5.390915316547249859e+03 1.002301695468804432e+00
5.390943352103590769e+03 1.001005420929744094e+00
5.390971387805731865e+03 9.966741991554840530e-01
5.390999423653673148e+03 9.971880152970614697e-01
5.391027459647414616e+03 9.927439933814323769e-01
5.391055495786958090e+03 9.935171861291111073e-01
5.391083532072304479e+03 1.006089022507701713e+00
5.391111568503453782e+03 9.987918360601645285e-01
5.391139605080406909e+03 1.000451269411861910e+00
5.391167641803164770e+03 1.001377992061116107e+00
5.391195678671729183e+03 9.930140853340572171e-01
5.391223715686098330e+03 9.966171872369394835e-01
5.391251752846275849e+03 9.991209988641427397e-01
5.391279790152259920e+03 1.001054269465853963e+00
5.391307827604053273e+03 1.003915711094766516e+00
5.391335865201655906e+03 1.004158308364992758e+00
5.391363902945067821e+03 9.992102000020666175e-01
5.391391940834291745e+03 9.991156955216017321e-01
5.391419978869326769e+03 1.001778753845348202e+00
5.391448017050173803e+03 9.973376143529382176e-01
5.391476055376833756e+03 1.000971187073956381e+00
5.391504093849308447e+03 9.991397260886117904e-01
5.391532132467596966e+03 9.988738189591493954e-01
5.391560171231701133e+03 9.965243009480289071e-01
5.391588210141620948e+03 9.956964869297240117e-01
5.391616249197358229e+03 1.000478974072255722e+00
5.391644288398912977e+03 1.000819923271961454e+00
5.391672327746286101e+03 9.948760448296932735e-01
5.391700367239478510e+03 9.977277007406784026e-01
5.391728406878491114e+03 1.003971061199954162e+00
5.391756446663323914e+03 9.943970068510659122e-01
5.391784486593977817e+03 1.003030177558976277e+00
5.391812526670454645e+03 1.003575997195395475e+00
5.391840566892753486e+03 9.981710171177287094e-01
5.391868607260877070e+03 9.983184311886514894e-01
5.391896647774824487e+03 9.988458563725663986e-01
5.391924688434597556e+03 1.001490719501608062e+00
5.391952729240196277e+03 1.008602670720829542e+00
5.391980770191621559e+03 1.005211599175411807e+00
5.392008811288875222e+03 9.955177813417019905e-01
5.392036852531956356e+03 9.918634354907909234e-01
5.392064893920866780e+03 9.972573273322866694e-01
5.392092935455606494e+03 9.978719822704585907e-01
5.392120977136177316e+03 9.978896703175295091e-01
5.392149018962579248e+03 1.003350158429715755e+00
5.392177060934813198e+03 9.979777108886341841e-01
5.392205103052879167e+03 9.936137771353225068e-01
5.392233145316779883e+03 9.985603961869568002e-01
5.392261187726514436e+03 1.000793810096006320e+00
5.392289230282083736e+03 9.975775641569780694e-01
5.392317272983489602e+03 1.000231561091885490e+00
5.392345315830732034e+03 1.003742524012545267e+00
5.392373358823811031e+03 1.000467509597296134e+00
5.392401401962728414e+03 9.993904906606266847e-01
5.392429445247485091e+03 1.000094964066463588e+00
5.392457488678081063e+03 1.003150374767884268e+00
5.392485532254518148e+03 9.998118912801449154e-01
5.392513575976795437e+03 1.002908965356886339e+00
5.392541619844914749e+03 9.950700875030054071e-01
5.392569663858876993e+03 9.952051966355504042e-01
5.392597708018683079e+03 9.984562164007581009e-01
5.392625752324332097e+03 1.000443888742925003e+00
5.392653796775826777e+03 9.897679214506592826e-01
5.392681841373168027e+03 9.977938409089139871e-01
5.392709886116354028e+03 9.964649794632761681e-01
5.392737931005388418e+03 1.001876393778783569e+00
5.392765976040270289e+03 1.003420494813376029e+00
5.392794021221001458e+03 9.982312552383462156e-01
5.392822066547581926e+03 9.936254081714699371e-01
5.392850112020012602e+03 9.984813539570833729e-01
5.392878157638293487e+03 9.981284518846299525e-01
5.392906203402427309e+03 1.001688452783698002e+00
5.392934249312413158e+03 1.000583275027966179e+00
5.392962295368251944e+03 1.004358978162097404e+00
5.392990341569945485e+03 1.006318242512937777e+00
5.393018387917492873e+03 1.002577663534059083e+00
5.393046434410896836e+03 1.002691433122522069e+00
5.393074481050156464e+03 9.987691498651627420e-01
5.393102527835273577e+03 9.983730321268613483e-01
5.393130574766248174e+03 9.990077534892887190e-01
5.393158621843081164e+03 9.967001882491191012e-01
5.393186669065773458e+03 1.000049731011676490e+00
5.393214716434326874e+03 9.989396748767674916e-01
5.393242763948740503e+03 9.954308534304622258e-01
5.393270811609015254e+03 9.965183625135671797e-01
5.393298859415152947e+03 1.003720467447029252e+00
5.393326907367153581e+03 1.001403339137233450e+00
5.393354955465018975e+03 9.994785419041443131e-01
5.393383003708748220e+03 9.943823670110815138e-01
5.393411052098343134e+03 9.942668151930087461e-01
5.393439100633803719e+03 9.942640770447243037e-01
5.393467149315131792e+03 1.002192805075758697e+00
5.393495198142327354e+03 1.000634439074941540e+00
5.393523247115391314e+03 1.002544275051298284e+00
5.393551296234324582e+03 1.000271402666790044e+00
5.393579345499128067e+03 1.002670880191214531e+00
5.393607394909801769e+03 9.983091154994900851e-01
5.393635444466346598e+03 9.949726819570615666e-01
5.393663494168764373e+03 9.981398293871338590e-01
5.393691544017055094e+03 9.953180036629074579e-01
5.393719594011219669e+03 9.980691891458990384e-01
5.393747644151259010e+03 9.998968327375609144e-01
5.393775694437173115e+03 9.967901777464008850e-01
5.393803744868962895e+03 9.987208731044564525e-01
5.393831795446630167e+03 1.005650515271569123e+00
5.393859846170174933e+03 1.004020504445823692e+00
5.393887897039598101e+03 1.003315303269873393e+00
5.393915948054899673e+03 9.991950938774453173e-01
5.393943999216081465e+03 1.000542442875291149e+00
5.393972050523144389e+03 1.002183960068275592e+00
5.394000101976087535e+03 9.997492722656404762e-01
5.394028153574913631e+03 1.001690034915490468e+00
5.394056205319622677e+03 9.971922897364245975e-01
5.394084257210214673e+03 9.951749574723381953e-01
5.394112309246691439e+03 9.988300463806274454e-01
5.394140361429053883e+03 1.002270784047857743e+00
5.394168413757301096e+03 1.002990793066364406e+00
5.394196466231435807e+03 1.001568023505196692e+00
5.394224518851458015e+03 1.002398273543693152e+00
5.394252571617367721e+03 9.999920700693587516e-01
5.394280624529166744e+03 1.004247518304349107e+00
5.394308677586855993e+03 1.006356890683602900e+00
5.394336730790434558e+03 1.000310938822722040e+00
5.394364784139905169e+03 9.926152570943601594e-01
5.394392837635267824e+03 1.001044998326625857e+00
5.394420891276522525e+03 9.999522008055795608e-01
5.394448945063671090e+03 1.002065957734126433e+00
5.394476998996713519e+03 9.940815499790718324e-01
5.394505053075651631e+03 9.972635278900742195e-01
5.394533107300485426e+03 1.005574464424106029e+00
5.394561161671214904e+03 9.989217311125844212e-01
5.394589216187842794e+03 9.944820275708393664e-01
5.394617270850368186e+03 9.973323492757715236e-01
5.394645325658791990e+03 9.976432161991832803e-01
5.394673380613116024e+03 1.001409566482840185e+00
5.394701435713340288e+03 1.002465988064521030e+00
5.394729490959465693e+03 1.013622044012602474e+00
5.394757546351492238e+03 1.001254457057325187e+00
5.394785601889421741e+03 9.931428652823380832e-01
5.394813657573255114e+03 9.973101637567923783e-01
5.394841713402992355e+03 1.004533048393867034e+00
5.394869769378633464e+03 9.998626109651398419e-01
5.394897825500181170e+03 1.001078517038493931e+00
5.394925881767635474e+03 1.007382065545864513e+00
5.394953938180996374e+03 1.004067691311609112e+00
5.394981994740265691e+03 1.002577510353126478e+00
5.395010051445443423e+03 9.975771151681046556e-01
5.395038108296530481e+03 1.005101026861407565e+00
5.395066165293527774e+03 1.002597339546523969e+00
5.395094222436435302e+03 9.978743568374767170e-01
5.395122279725255794e+03 9.985019627507253359e-01
5.395150337159987430e+03 9.959965644858512768e-01
5.395178394740633848e+03 9.941874788937764551e-01
5.395206452467193230e+03 1.000000430905418236e+00
5.395234510339667395e+03 1.003063901060495589e+00
5.395262568358057251e+03 1.002756546576002661e+00
5.395290626522362800e+03 1.002224639536802853e+00
5.395318684832585859e+03 9.974631349349890597e-01
5.395346743288726429e+03 9.977493054797169636e-01
5.395374801890786330e+03 9.972429202737889131e-01
5.395402860638764651e+03 1.000732834681054895e+00
5.395430919532663211e+03 1.006862043642894111e+00
5.395458978572482920e+03 9.997110532928857873e-01
5.395487037758223778e+03 9.981734541198327149e-01
5.395515097089887604e+03 1.003194268748405893e+00
5.395543156567473488e+03 1.005000020154346085e+00
5.395571216190984160e+03 9.986561510412232945e-01
5.395599275960418709e+03 1.001424848531940137e+00
5.395627335875778954e+03 9.999390034618786949e-01
5.395655395937065805e+03 1.000597926194087162e+00
5.395683456144278352e+03 1.003605753480924623e+00
5.395711516497419325e+03 1.004587328921356715e+00
5.395739576996488722e+03 1.001616847843198599e+00
5.395767637641487454e+03 1.002298103019321207e+00
5.395795698432415520e+03 1.008749592502955261e+00
5.395823759369274740e+03 1.000964978536209360e+00
5.395851820452065112e+03 1.001407556722465619e+00
5.395879881680787548e+03 1.004094288610911878e+00
5.395907943055442956e+03 9.946662377258626009e-01
5.395936004576032246e+03 9.987783615525107628e-01
5.395964066242556328e+03 9.981656376678814668e-01
5.395992128055015201e+03 1.001946964112314875e+00
5.396020190013409774e+03 1.002660968926148310e+00
5.396048252117741868e+03 9.994829559838110944e-01
5.396076314368010571e+03 9.959394288525331707e-01
5.396104376764217704e+03 1.001212723708262198e+00
5.396132439306364176e+03 1.002521035453543874e+00
5.396160501994450897e+03 9.958735410297621105e-01
5.396188564828477865e+03 9.962446362068294592e-01
5.396216627808445992e+03 9.979264984592219889e-01
5.396244690934356186e+03 9.957316871470204278e-01
5.396272754206208447e+03 1.002807868452589846e+00
5.396300817624005504e+03 1.000551236363492524e+00
5.396328881187745537e+03 1.004805474145643363e+00
5.396356944897432186e+03 1.005109986982857029e+00
5.396385008753063630e+03 9.927955556679413096e-01
5.396413072754641689e+03 9.979620893695381190e-01
5.396441136902168182e+03 1.001663573320388689e+00
5.396469201195641290e+03 1.002729191661788644e+00
5.396497265635064650e+03 1.003869993417083384e+00
5.396525330220436445e+03 9.953319787905611227e-01
5.396553394951759401e+03 9.975551830552067401e-01
5.396581459829033520e+03 1.004192260392211988e+00
5.396609524852259710e+03 1.007178245514954718e+00
5.396637590021437973e+03 1.002276947431582910e+00
5.396665655336570126e+03 9.995119215658635481e-01
5.396693720797656169e+03 9.966850763985152239e-01
5.396721786404697013e+03 9.927545056329216688e-01
5.396749852157694477e+03 9.966772346239809455e-01
5.396777918056647650e+03 1.001073323471208809e+00
5.396805984101558352e+03 9.991701607041731936e-01
5.396834050292426582e+03 1.001022662914067940e+00
5.396862116629254160e+03 1.002639037905768360e+00
5.396890183112041086e+03 9.977612921923717515e-01
5.396918249740788269e+03 9.972870694586071227e-01
5.396946316515496619e+03 9.991974544470962893e-01
5.396974383436166136e+03 1.001144331447328062e+00
5.397002450502798638e+03 1.001191404800583662e+00
5.397030517715394126e+03 9.997360547535071307e-01
5.397058585073954418e+03 9.976245315944374248e-01
5.397086652578478606e+03 1.005394992309760260e+00
5.397114720228969418e+03 1.003606937517865783e+00
5.397142788025425943e+03 9.966296276423723954e-01
5.397170855967849093e+03 1.003480260547489289e+00
5.397198924056240685e+03 1.002890783058813406e+00
5.397226992290601629e+03 1.005605498178528290e+00
5.397255060670931016e+03 1.002307865159667966e+00
5.397283129197230664e+03 1.001485203459179907e+00
5.397311197869501484e+03 9.988970209047585147e-01
5.397339266687743475e+03 9.963434766245966578e-01
5.397367335651958456e+03 1.000500910137040567e+00
5.397395404762146427e+03 1.002517368325510638e+00
5.397423474018307388e+03 9.986260664691334332e-01
5.397451543420444068e+03 9.990693932544024713e-01
5.397479612968556467e+03 1.001930923560452547e+00
5.397507682662644584e+03 1.003035188200867456e+00
5.397535752502709329e+03 1.001052471943865374e+00
5.397563822488752521e+03 9.948605373070797953e-01
5.397591892620773251e+03 1.005802601447139066e+00
5.397619962898774247e+03 9.989136469526338491e-01
5.397648033322754600e+03 1.004963521512852953e+00
5.397676103892716128e+03 9.946196282878799755e-01
5.397704174608658832e+03 1.003425564170566275e+00
5.397732245470584530e+03 1.006592644094721489e+00
5.397760316478492314e+03 1.006522772207193661e+00
5.397788387632384911e+03 9.985856086635328532e-01
5.397816458932261412e+03 1.004008010771121118e+00
5.397844530378122727e+03 9.973840038937976660e-01
5.397872601969970674e+03 1.001846237947205065e+00
5.397900673707806163e+03 1.007901059136169897e+00
5.397928745591628285e+03 9.966674277383729130e-01
5.397956817621438859e+03 9.955152307487800112e-01
5.397984889797238793e+03 1.011944080636669963e+00
5.398012962119028998e+03 1.000938883535645196e+00
5.398041034586809474e+03 9.987496604240827525e-01
5.398069107200581129e+03 1.000582592290859330e+00
5.398097179960344874e+03 9.972556230113280851e-01
5.398125252866101619e+03 1.004243097570236110e+00
5.398153325917852271e+03 1.001677568914481231e+00
5.398181399115597742e+03 1.005239965848033989e+00
5.398209472459338031e+03 1.006174252377418643e+00
5.398237545949074047e+03 9.998454861571708374e-01
5.398265619584806700e+03 1.001421272711694010e+00
5.398293693366536900e+03 1.002767049923250386e+00
5.398321767294265555e+03 1.001667934855654085e+00
5.398349841367992667e+03 1.001211610213833980e+00
5.398377915587720054e+03 9.993427454566335966e-01
5.398405989953447715e+03 9.990034111884043000e-01
5.398434064465177471e+03 9.949679046967563334e-01
5.398462139122908411e+03 9.940647950458202375e-01
5.398490213926642355e+03 9.923147893671471209e-01
5.398518288876379302e+03 9.908625563962448757e-01
5.398546363972121071e+03 9.997999031914498458e-01
5.398574439213867663e+03 1.002602696708086993e+00
5.398602514601620896e+03 1.000285554434549695e+00
5.398630590135379862e+03 1.006044840657491557e+00
5.398658665815146378e+03 1.004304654026338284e+00
5.398686741640921355e+03 9.963370158445105096e-01
5.398714817612704792e+03 9.954156174070436514e-01
5.398742893730497599e+03 9.948130180174898918e-01
5.398770969994300685e+03 9.958745500532952821e-01
5.398799046404115870e+03 9.997560923811916744e-01
5.398827122959942244e+03 9.947309881130194098e-01
5.398855199661781626e+03 9.968685756389940034e-01
5.398883276509634015e+03 1.006355506897261387e+00
5.398911353503500322e+03 1.000136901906513387e+00
5.398939430643382366e+03 9.981892375350502888e-01
5.398967507929280146e+03 9.995141433058636338e-01
5.398995585361193662e+03 9.981877261533999013e-01
5.399023662939124733e+03 9.975212443818137764e-01
5.399051740663073360e+03 9.993799403943415260e-01
5.399079818533041362e+03 1.010260065137203345e+00
5.399107896549028737e+03 1.003539665356248722e+00
5.399135974711036397e+03 1.003820200116577244e+00
5.399164053019064340e+03 1.003516634025650500e+00
5.399192131473115296e+03 1.002359420946662194e+00
5.399220210073187445e+03 1.006071708729437741e+00
5.399248288819283516e+03 1.007530963224122944e+00
5.399276367711403509e+03 1.001101812134085778e+00
5.399304446749549243e+03 9.985231439262420849e-01
5.399332525933718898e+03 9.988177427528537322e-01
5.399360605263916113e+03 1.005188930561556004e+00
5.399388684740139979e+03 9.982509099102556682e-01
5.399416764362391405e+03 1.000637672568513992e+00
5.399444844130672209e+03 1.010415111006901734e+00
5.399472924044981482e+03 1.008873572616748371e+00
5.399501004105321954e+03 9.989693935152638149e-01
5.399529084311692714e+03 1.001889978204698828e+00
5.399557164664094671e+03 1.003663926957840902e+00
5.399585245162529645e+03 9.928237540690522112e-01
5.399613325806997636e+03 9.917855299969989824e-01
5.399641406597499554e+03 1.001737309726074221e+00
5.399669487534035397e+03 1.002283813270649082e+00
5.399697568616607896e+03 9.987606427493460615e-01
5.399725649845216140e+03 9.993709855485503057e-01
5.399753731219861038e+03 9.998049061497243928e-01
5.399781812740543501e+03 1.002017871082534040e+00
5.399809894407265347e+03 9.970799997972772388e-01
5.399837976220025666e+03 9.878409637814185018e-01
5.399866058178826279e+03 9.983357846763555310e-01
5.399894140283667184e+03 1.003320798357473675e+00
5.399922222534550201e+03 1.002258070204273155e+00
5.399950304931475330e+03 9.899600627695823718e-01
5.399978387474443480e+03 1.008948046606981341e+00
5.400006470163455560e+03 1.003580656192206710e+00
5.400034552998511572e+03 1.002274021552133298e+00
5.400062635979613333e+03 1.009858908358333807e+00
5.400090719106761753e+03 1.005704179408235754e+00
5.400118802379955923e+03 1.006515308359508420e+00
5.400146885799198571e+03 1.002826117960270436e+00
5.400174969364488788e+03 1.001469692700090786e+00
5.400203053075828393e+03 1.004823496117851045e+00
5.400231136933218295e+03 1.002774746797097771e+00
5.400259220936658494e+03 1.003459111020405636e+00
5.400287305086149900e+03 9.951073941372760023e-01
5.400315389381693421e+03 1.003216883381789160e+00
5.400343473823289969e+03 9.968111127872461008e-01
5.400371558410940452e+03 1.011886530816338059e+00
5.400399643144645779e+03 9.995898484777437920e-01
5.400427728024405042e+03 1.005157489693649264e+00
5.400455813050220968e+03 1.003358314340962787e+00
5.400483898222093558e+03 9.990798265600189243e-01
5.400511983540023721e+03 1.000168083031814037e+00
5.400540069004012366e+03 1.006743033172496693e+00
5.400568154614059495e+03 9.993708208463610854e-01
5.400596240370166015e+03 1.001344429469713804e+00
5.400624326272333747e+03 1.000358654355118837e+00
5.400652412320562689e+03 1.001064525055741727e+00
5.400680498514852843e+03 9.981465585602068424e-01
5.400708584855206936e+03 1.004838202827473159e+00
5.400736671341624060e+03 1.006653577208662442e+00
5.400764757974105123e+03 9.960962146063789824e-01
5.400792844752651945e+03 9.973820629947875993e-01
5.400820931677263616e+03 1.004789006607964330e+00
5.400849018747942864e+03 1.000492615430963017e+00
5.400877105964688781e+03 9.989480458850765743e-01
5.400905193327503184e+03 1.004658228890016325e+00
5.400933280836386075e+03 1.004455580716729690e+00
5.400961368491339272e+03 1.000743522337771418e+00
5.400989456292362775e+03 9.997423501867467310e-01
5.401017544239456583e+03 9.954105714304291030e-01
5.401045632332622517e+03 9.986514992901611709e-01
5.401073720571861486e+03 9.978683565431563096e-01
5.401101808957173489e+03 1.002484515523847985e+00
5.401129897488560346e+03 1.009922138307465023e+00
5.401157986166021146e+03 9.994526699332629827e-01
5.401186074989558620e+03 9.916759485439088362e-01
5.401214163959171856e+03 9.953347969999899458e-01
5.401242253074862674e+03 9.993957201572637450e-01
5.401270342336631984e+03 1.000498281245588039e+00
5.401298431744478876e+03 9.992896723320077168e-01
5.401326521298406078e+03 9.970225751941499404e-01
5.401354610998412682e+03 9.999568902562292472e-01
5.401382700844501414e+03 9.971412221727582459e-01
5.401410790836671367e+03 9.964585909089803684e-01
5.401438880974923450e+03 1.001513096836641692e+00
5.401466971259259481e+03 1.005726315284898753e+00
5.401495061689679460e+03 1.002573345705846997e+00
5.401523152266184297e+03 9.988588913795604096e-01
5.401551242988773993e+03 9.952876572743651895e-01
5.401579333857450365e+03 9.947127747657352748e-01
5.401607424872214324e+03 9.972767965661755163e-01
5.401635516033065869e+03 9.975943026673852465e-01
5.401663607340005910e+03 1.000233365441633326e+00
5.401691698793035357e+03 9.938869665976907131e-01
5.401719790392155119e+03 9.989973987828475455e-01
5.401747882137365195e+03 9.977174574686099584e-01
5.401775974028667406e+03 9.921965259914293789e-01
5.401804066066061750e+03 9.986889843284222357e-01
5.401832158249550048e+03 1.002907732174411981e+00
5.401860250579131389e+03 1.002499644500138842e+00
5.401888343054807592e+03 1.001082091650734807e+00
5.401916435676579567e+03 1.002019470093145959e+00
5.401944528444447315e+03 1.001051820052452745e+00
5.401972621358412653e+03 1.005764106150477843e+00
5.402000714418474672e+03 1.007359687591246278e+00
5.402028807624636102e+03 1.004436485463061413e+00
5.402056900976896031e+03 1.001575283254096504e+00
5.402084994475257190e+03 1.002912312792246130e+00
5.402113088119717759e+03 9.969426974137621800e-01
5.402141181910280466e+03 9.951402138751838100e-01
5.402169275846945311e+03 9.971065336783088151e-01
5.402197369929714114e+03 1.011569075004520535e+00
5.402225464158585055e+03 1.004407799347960761e+00
5.402253558533561772e+03 9.968724439118787917e-01
5.402281653054643357e+03 1.001069053593798719e+00
5.402309747721831627e+03 1.002498686247410564e+00
5.402337842535125674e+03 9.949738697946235444e-01
5.402365937494528225e+03 9.863892918330234849e-01
5.402394032600039282e+03 1.001399343106968320e+00
5.402422127851658843e+03 1.010801089828645694e+00
5.402450223249387818e+03 1.001281196051016620e+00
5.402478318793228937e+03 9.914968352466003720e-01
5.402506414483180379e+03 9.918611741688994066e-01
5.402534510319243964e+03 9.939943305117363570e-01
5.402562606301420601e+03 9.961628548478350664e-01
5.402590702429711200e+03 1.002973068388964384e+00
5.402618798704115761e+03 9.978301805382169265e-01
5.402646895124636103e+03 1.000727812831774033e+00
5.402674991691272226e+03 1.005999726864486687e+00
5.402703088404025038e+03 1.003202100518326700e+00
5.402731185262895451e+03 9.978833741648469591e-01
5.402759282267883464e+03 9.930382153325815198e-01
5.402787379418990895e+03 1.000049742764903771e+00
5.402815476716218654e+03 9.976862561577737321e-01
5.402843574159565833e+03 9.972921245496988440e-01
5.402871671749035158e+03 9.978374617780295663e-01
5.402899769484626631e+03 9.930893465514164520e-01
5.402927867366340251e+03 9.924902843726388646e-01
5.402955965394177838e+03 9.979629820937485629e-01
5.402984063568139391e+03 9.991520000081040020e-01
5.403012161888226728e+03 9.987045143501505073e-01
5.403040260354438942e+03 1.000231550765690036e+00
5.403068358966778760e+03 1.000022908877332029e+00
5.403096457725245273e+03 9.962307663944235392e-01
5.403124556629840299e+03 9.921187843327956557e-01
5.403152655680563839e+03 9.990792294676992258e-01
5.403180754877416803e+03 9.960824166883095465e-01
5.403208854220400099e+03 1.003698322770200102e+00
5.403236953709515547e+03 1.002676194780238061e+00
5.403265053344762237e+03 1.002173364493312180e+00
5.403293153126141988e+03 9.940669451522939903e-01
5.403321253053654800e+03 9.995282544117366497e-01
5.403349353127301583e+03 1.002344503505246731e+00
5.403377453347084156e+03 1.004296266635206436e+00
5.403405553713001609e+03 1.007264813518494506e+00
5.403433654225055761e+03 1.000775277956863274e+00
5.403461754883247522e+03 1.002861770197224445e+00
5.403489855687576892e+03 9.914673465597936275e-01
5.403517956638044780e+03 1.001575723963976872e+00
5.403546057734653004e+03 1.004661389732311561e+00
5.403574158977400657e+03 9.981752740395556378e-01
5.403602260366290466e+03 1.000338336116930682e+00
5.403630361901321521e+03 1.001780498032528444e+00
5.403658463582494733e+03 1.003954974560411717e+00
5.403686565409811010e+03 1.001563704164108559e+00
5.403714667383272172e+03 1.004436360770521786e+00
5.403742769502878218e+03 9.904643238233429292e-01
5.403770871768629149e+03 9.987158459470310001e-01
5.403798974180526784e+03 9.994860815343702409e-01
5.403827076738572032e+03 9.863643521994945873e-01
5.403855179442764893e+03 9.881870855138452647e-01
5.403883282293106276e+03 1.004884925033949550e+00
5.403911385289596183e+03 9.988134243826700676e-01
5.403939488432237340e+03 9.945954270560635191e-01
5.403967591721029748e+03 9.977694312310848579e-01
5.403995695155972498e+03 1.000847492078418943e+00
5.404023798737068319e+03 1.003678873318115450e+00
5.404051902464318118e+03 1.002341301207581026e+00
5.404080006337720988e+03 9.976524260102128672e-01
5.404108110357278747e+03 9.965871174649345576e-01
5.404136214522992304e+03 9.937082226304995158e-01
5.404164318834861660e+03 9.988805173315266073e-01
5.404192423292887725e+03 9.954869978914299145e-01
5.404220527897072316e+03 9.999280044768276143e-01
5.404248632647415434e+03 9.964314879788825907e-01
5.404276737543917079e+03 9.966656336513710635e-01
5.404304842586579980e+03 9.974014109472378875e-01
5.404332947775402317e+03 1.002998931151598105e+00
5.404361053110386820e+03 9.980036198068236164e-01
5.404389158591533487e+03 9.918676341497004723e-01
5.404417264218844139e+03 9.973844884572936609e-01
5.404445369992317865e+03 1.008808632020081975e+00
5.404473475911955575e+03 1.003633385873160977e+00
5.404501581977759997e+03 1.003907869508680717e+00
5.404529688189729313e+03 9.994557383272469897e-01
5.404557794547866251e+03 1.005250639782933941e+00
5.404585901052170811e+03 1.001316897889185542e+00
5.404614007702642994e+03 1.004933978311250309e+00
5.404642114499285526e+03 9.968608292315960240e-01
5.404670221442097500e+03 9.985434171554169458e-01
5.404698328531079824e+03 1.000290810390034091e+00
5.404726435766233408e+03 9.981120204887969916e-01
5.404754543147560071e+03 1.003846614358506750e+00
5.404782650675058903e+03 9.966800942452320733e-01
5.404810758348731724e+03 9.987725436728714934e-01
5.404838866168579443e+03 9.932038211175400200e-01
5.404866974134602060e+03 9.957862455496316878e-01
5.404895082246800484e+03 1.000067304185961126e+00
5.404923190505175626e+03 1.003055747460266378e+00
5.404951298909729303e+03 9.907818720954407743e-01
5.404979407460459697e+03 9.957349377127000523e-01
5.405007516157370446e+03 1.000871397181675393e+00
5.405035625000460641e+03 9.932775796024536641e-01
5.405063733989731190e+03 1.005653257602194151e+00
5.405091843125183004e+03 9.948386345849150603e-01
5.405119952406816992e+03 9.987615894331489663e-01
5.405148061834634063e+03 9.987491163813516648e-01
5.405176171408634218e+03 9.979925476339788215e-01
5.405204281128819275e+03 9.987081200340985898e-01
5.405232390995189235e+03 9.987415410012219219e-01
5.405260501007745006e+03 1.003151425805036245e+00
5.405288611166487499e+03 1.003568962062089787e+00
5.405316721471417623e+03 9.997582588650359980e-01
5.405344831922535377e+03 9.960470482544565574e-01
5.405372942519842582e+03 9.971251389391051489e-01
5.405401053263339236e+03 1.001402728433672618e+00
5.405429164153026250e+03 1.001247617066362450e+00
5.405457275188904532e+03 1.002366480320540099e+00
5.405485386370974993e+03 1.002177103565641936e+00
5.405513497699238542e+03 1.004897846157601915e+00
5.405541609173695178e+03 9.935552873338325819e-01
5.405569720794345812e+03 9.975194556325275297e-01
5.405597832561191353e+03 1.000013675537357871e+00
5.405625944474233620e+03 9.973777265350318721e-01
5.405654056533471703e+03 1.006455218964248166e+00
5.405682168738906512e+03 9.971631417716292356e-01
5.405710281090539866e+03 9.968142926462402187e-01
5.405738393588372674e+03 1.003001273014754391e+00
5.405766506232404026e+03 1.003203281209810394e+00
5.405794619022636653e+03 1.003000013641546229e+00
5.405822731959069642e+03 1.009959638069689136e+00
5.405850845041704815e+03 1.001108061904186775e+00
5.405878958270543080e+03 9.957065917126391996e-01
5.405907071645583528e+03 9.972846634123799792e-01
5.405935185166828887e+03 9.991310286857327805e-01
5.405963298834279158e+03 1.003790440694114272e+00
5.405991412647935249e+03 1.007619472796336568e+00
5.406019526607797161e+03 1.001974585924949812e+00
5.406047640713866713e+03 9.957485525803214665e-01
5.406075754966143904e+03 9.966639495199770549e-01
5.406103869364630555e+03 1.004368014945121290e+00
5.406131983909325754e+03 1.000540769498090565e+00
5.406160098600231322e+03 9.941358203614488742e-01
5.406188213437348168e+03 9.912750748990695193e-01
5.406216328420676291e+03 9.986037923165447250e-01
5.406244443550217511e+03 9.995871761477321815e-01
5.406272558825971828e+03 9.984475976785694984e-01
5.406300674247940151e+03 9.933074477151604409e-01
5.406328789816122480e+03 9.928930835789397946e-01
5.406356905530521544e+03 1.004036299933739329e+00
5.406385021391136434e+03 1.001066968816850533e+00
5.406413137397968057e+03 9.986310598374484870e-01
5.406441253551017326e+03 1.001178121540559518e+00
5.406469369850286057e+03 1.005931038782028386e+00
5.406497486295773342e+03 1.003054318320897753e+00
5.406525602887481000e+03 9.992061532157811010e-01
5.406553719625409940e+03 9.991230512685976839e-01
5.406581836509560162e+03 9.940506055955630194e-01
5.406609953539932576e+03 9.919586519807490621e-01
5.406638070716529000e+03 9.914292003439485468e-01
5.406666188039348526e+03 9.904255283189380421e-01
5.406694305508392972e+03 9.919778189570984672e-01
5.406722423123662338e+03 9.983964048322462315e-01
5.406750540885158443e+03 1.001164445094277822e+00
5.406778658792881288e+03 9.996733635474273072e-01
5.406806776846831781e+03 9.961749540099492650e-01
5.406834895047010832e+03 1.000108394083951024e+00
5.406863013393419351e+03 9.993297151269993073e-01
5.406891131886057337e+03 9.949018514039044137e-01
5.406919250524926611e+03 9.930803063243240913e-01
5.406947369310027170e+03 9.927609139294485407e-01
5.406975488241359926e+03 9.996637066808757854e-01
5.407003607318925788e+03 9.974189358487557389e-01
5.407031726542724755e+03 1.002404750084437524e+00
5.407059845912759556e+03 9.981370104363684881e-01
5.407087965429029282e+03 9.917844044431533002e-01
5.407116085091534842e+03 9.918379619775998801e-01
5.407144204900277145e+03 9.992011899728805435e-01
5.407172324855257102e+03 9.921958438834453942e-01
5.407200444956474712e+03 9.977930502719752903e-01
5.407228565203932703e+03 9.917833619122417010e-01
5.407256685597630167e+03 9.929632832652222074e-01
5.407284806137568012e+03 9.885920354149018152e-01
5.407312926823747148e+03 9.888719149972109435e-01
5.407341047656168485e+03 9.918814975350164209e-01
5.407369168634832931e+03 9.909859300077515920e-01
5.407397289759741398e+03 9.968629560623759600e-01
5.407425411030893883e+03 9.989928010926915070e-01
5.407453532448291298e+03 9.976014132879716945e-01
5.407481654011935461e+03 9.920284242796718610e-01
5.407509775721825463e+03 9.898339584983334438e-01
5.407537897577964031e+03 9.906979706227613258e-01
5.407566019580350257e+03 9.913897869707726240e-01
5.407594141728985051e+03 9.986206027890951464e-01
5.407622264023870230e+03 9.998966246624134691e-01
5.407650386465004885e+03 1.000003716783842478e+00
5.407678509052391746e+03 9.914507752283224784e-01
5.407706631786030812e+03 9.912054639539545908e-01
5.407734754665922082e+03 9.936092949081798409e-01
5.407762877692067377e+03 9.943400822430502606e-01
5.407791000864466696e+03 9.903298121308364843e-01
5.407819124183121858e+03 9.988185808794510789e-01
5.407847247648031953e+03 9.961172525260061361e-01
5.407875371259198801e+03 9.909082554975316981e-01
5.407903495016623310e+03 9.923391493126801910e-01
5.407931618920305482e+03 9.951230329091483862e-01
5.407959742970247135e+03 9.981005511189409152e-01
5.407987867166448268e+03 9.964016783790569098e-01
5.408015991508909792e+03 9.918925193076814084e-01
5.408044115997632616e+03 9.966761558604829707e-01
5.408072240632616740e+03 9.952189178530933544e-01
5.408100365413863983e+03 9.916251335896126839e-01
5.408128490341374345e+03 9.931621391502561957e-01
5.408156615415149645e+03 9.928529355263769896e-01
5.408184740635189883e+03 9.895591249567168290e-01
5.408212866001495058e+03 9.940484271880751788e-01
5.408240991514066991e+03 9.886223548609022194e-01
5.408269117172906590e+03 9.862366196654220873e-01
5.408297242978013855e+03 9.942530392870251310e-01
5.408325368929390606e+03 9.924513704063216979e-01
5.408353495027035933e+03 9.834042454710073544e-01
5.408381621270951655e+03 9.954916637244943800e-01
5.408409747661138681e+03 9.996239593992917172e-01
5.408437874197597921e+03 9.871005492506305101e-01
5.408466000880329375e+03 9.911515132335556588e-01
5.408494127709333952e+03 9.922186254871067090e-01
5.408522254684612562e+03 9.850695055932637834e-01
5.408550381806167024e+03 9.896504836846211628e-01
5.408578509073996429e+03 9.902973210405401350e-01
5.408606636488101685e+03 9.858197353447002431e-01
5.408634764048484612e+03 9.801831771306294128e-01
5.408662891755146120e+03 9.796907574016742171e-01
5.408691019608085298e+03 9.776206437473767830e-01
5.408719147607303967e+03 9.882226718493131168e-01
5.408747275752803034e+03 9.853113648646796285e-01
5.408775404044583411e+03 9.807988657231785368e-01
5.408803532482645096e+03 9.813764132723831191e-01
5.408831661066989000e+03 9.817281709873452167e-01
5.408859789797616941e+03 9.891257938285732410e-01
5.408887918674528009e+03 9.757289477714760073e-01
5.408916047697724025e+03 9.795769646215536364e-01
5.408944176867205897e+03 9.784051223941688802e-01
5.408972306182974535e+03 9.942982271281953777e-01
5.409000435645029029e+03 9.808857060325287813e-01
5.409028565253372108e+03 9.847343497294348547e-01
5.409056695008003771e+03 9.808736429071893692e-01
5.409084824908924020e+03 9.750259477864943181e-01
5.409112954956134672e+03 9.766110999886766786e-01
5.409141085149636638e+03 9.784896448747096853e-01
5.409169215489429916e+03 9.765311894846933072e-01
5.409197345975515418e+03 9.743512827062746906e-01
5.409225476607894052e+03 9.660511234721017582e-01
5.409253607386566728e+03 9.724280308468533640e-01
5.409281738311533445e+03 9.704237811513056755e-01
5.409309869382796933e+03 9.727508895166038227e-01
5.409338000600355372e+03 9.764597091522041472e-01
5.409366131964211490e+03 9.717120284294180621e-01
5.409394263474364379e+03 9.793635905251063534e-01
5.409422395130815858e+03 9.797642110821208616e-01
5.409450526933567744e+03 9.753531933305387147e-01
5.409478658882618220e+03 9.661284749356850998e-01
5.409506790977970013e+03 9.680985335978989914e-01
5.409534923219623124e+03 9.707298307879774768e-01
5.409563055607579372e+03 9.680312531315501401e-01
5.409591188141837847e+03 9.640127946320676822e-01
5.409619320822399459e+03 9.623387289694030899e-01
5.409647453649266936e+03 9.615755053773269445e-01
5.409675586622438459e+03 9.673603464578754974e-01
5.409703719741916757e+03 9.749442203420474184e-01
5.409731853007701829e+03 9.764071925314752320e-01
5.409759986419794586e+03 9.687743486678275229e-01
5.409788119978195027e+03 9.607084157812559866e-01
5.409816253682904971e+03 9.560438938145908727e-01
5.409844387533925328e+03 9.575554379043451636e-01
5.409872521531255188e+03 9.568876994272914605e-01
5.409900655674897280e+03 9.516983518969037714e-01
5.409928789964851603e+03 9.509003091222254511e-01
5.409956924401118158e+03 9.607883784549521300e-01
5.409985058983698764e+03 9.502905918972252008e-01
5.410013193712594330e+03 9.612201472284044312e-01
5.410041328587803946e+03 9.504902434029306457e-01
5.410069463609330342e+03 9.479054873650623048e-01
5.410097598777173516e+03 9.523903796219964635e-01
5.410125734091333470e+03 9.497087140561452090e-01
5.410153869551812022e+03 9.422297173305445028e-01
5.410182005158609172e+03 9.421049822415127339e-01
5.410210140911726739e+03 9.414694407697113965e-01
5.410238276811164724e+03 9.459931131814286465e-01
5.410266412856924035e+03 9.407401521999471106e-01
5.410294549049004672e+03 9.419117509690312362e-01
5.410322685387408455e+03 9.351155059035511918e-01
5.410350821872136294e+03 9.396475345412027558e-01
5.410378958503188187e+03 9.427570914287856096e-01
5.410407095280565045e+03 9.373400888232064077e-01
5.410435232204267777e+03 9.379600302863948524e-01
5.410463369274296383e+03 9.364838571230097442e-01
5.410491506490653592e+03 9.330129944645277895e-01
5.410519643853338493e+03 9.375548274672749205e-01
5.410547781362351998e+03 9.379556803813720034e-01
5.410575919017695014e+03 9.370009898809170679e-01
5.410604056819368452e+03 9.345009768527668959e-01
5.410632194767373221e+03 9.310503899850345322e-01
5.410660332861710231e+03 9.291201486574576229e-01
5.410688471102379481e+03 9.220816435000787070e-01
5.410716609489382790e+03 9.265238416273884337e-01
5.410744748022720159e+03 9.334133764147187762e-01
5.410772886702391588e+03 9.269307658967941288e-01
5.410801025528399805e+03 9.211301998511953748e-01
5.410829164500743900e+03 9.249186419435028172e-01
5.410857303619425693e+03 9.187187178530870080e-01
5.410885442884445183e+03 9.248279498905368490e-01
5.410913582295804190e+03 9.277460771731691480e-01
5.410941721853501804e+03 9.179479297539115956e-01
5.410969861557539843e+03 9.152012528714824624e-01
5.410998001407919219e+03 9.210403765568606627e-01
5.411026141404639930e+03 9.215033084105541672e-01
5.411054281547703795e+03 9.237287146564684415e-01
5.411082421837110815e+03 9.136732006691391517e-01
5.411110562272861898e+03 9.212348243986168139e-01
5.411138702854957955e+03 9.179479884178125548e-01
5.411166843583399896e+03 9.126656502977299468e-01
5.411194984458187719e+03 9.158425089734162361e-01
5.411223125479323244e+03 9.209066734000138643e-01
5.411251266646805561e+03 9.139958695202848871e-01
5.411279407960637400e+03 9.120041382943753216e-01
5.411307549420818759e+03 9.110693948256446406e-01
5.411335691027350549e+03 9.125089633684569934e-01
5.411363832780232769e+03 9.035991899557307416e-01
5.411391974679466330e+03 9.067829171267490773e-01
5.411420116725053049e+03 9.089352579875480398e-01
5.411448258916992927e+03 9.050282525334104600e-01
5.411476401255286873e+03 9.030168181543970496e-01
5.411504543739934888e+03 9.073987024059761985e-01
5.411532686370938791e+03 9.022053930095804697e-01
5.411560829148299490e+03 9.045168323375114561e-01
5.411588972072016986e+03 9.019078669738433973e-01
5.411617115142091279e+03 8.959221203185124827e-01
5.411645258358525098e+03 9.041425388080396308e-01
5.411673401721318442e+03 9.008616261820603377e-01
5.411701545230471311e+03 8.992616747182069492e-01
5.411729688885985524e+03 9.009128939810064907e-01
5.411757832687861082e+03 8.961850370173095603e-01
5.411785976636098894e+03 9.008071168736963008e-01
5.411814120730699869e+03 8.981442590744360688e-01
5.411842264971664918e+03 8.977495453390714752e-01
5.411870409358994948e+03 8.990253579514050353e-01
5.411898553892689961e+03 8.927212716631087730e-01
5.411926698572750865e+03 8.959341161645393292e-01
5.411954843399178571e+03 9.044058018826123257e-01
5.411982988371974898e+03 8.972151418576949089e-01
5.412011133491138935e+03 9.003401986542516333e-01
5.412039278756672502e+03 8.958360101367421890e-01
5.412067424168576508e+03 9.003964421574521815e-01
5.412095569726850044e+03 9.004502652360996118e-01
5.412123715431495839e+03 9.034709986911438895e-01
5.412151861282513892e+03 9.015779618367525394e-01
5.412180007279905112e+03 8.909379498487579596e-01
5.412208153423670410e+03 8.969187783467599262e-01
5.412236299713809785e+03 8.972533376004567796e-01
5.412264446150324147e+03 8.959244932751765367e-01
5.412292592733215315e+03 8.955463411734869705e-01
5.412320739462482379e+03 8.996942606814819499e-01
5.412348886338128068e+03 8.999927699655549951e-01
5.412377033360151472e+03 8.972212678180943035e-01
5.412405180528553501e+03 8.989300518496080583e-01
5.412433327843336883e+03 9.044410263828585039e-01
5.412461475304499800e+03 9.003153798317197198e-01
5.412489622912044069e+03 8.958974550692669903e-01
5.412517770665970602e+03 9.078126669637542889e-01
5.412545918566280307e+03 9.071348197929607338e-01
5.412574066612974093e+03 8.989287107757005790e-01
5.412602214806051961e+03 9.015629892424091851e-01
5.412630363145514821e+03 9.053535439703322973e-01
5.412658511631363581e+03 9.046025596482960562e-01
5.412686660263599151e+03 9.041824639259304908e-01
5.412714809042222441e+03 9.072537156435916961e-01
5.412742957967234361e+03 9.099721426908937705e-01
5.412771107038634909e+03 9.140321287547467088e-01
5.412799256256424997e+03 9.127499524171241996e-01
5.412827405620605532e+03 9.150913494108051660e-01
5.412855555131177425e+03 9.137024742287822576e-01
5.412883704788141586e+03 9.166078948307047058e-01
5.412911854591498923e+03 9.168919661518135644e-01
5.412940004541249436e+03 9.183326070169407496e-01
5.412968154637394036e+03 9.170256783322480176e-01
5.412996304879933632e+03 9.179376257755044177e-01
5.413024455268870042e+03 9.162889812444166004e-01
5.413052605804202358e+03 9.172646548337615169e-01
5.413080756485932397e+03 9.199853086715715778e-01
5.413108907314060161e+03 9.229824116638364329e-01
5.413137058288586559e+03 9.224779165106992140e-01
5.413165209409513409e+03 9.241353928646445226e-01
5.413193360676840712e+03 9.255601592559513646e-01
5.413221512090568467e+03 9.272363834421569750e-01
5.413249663650698494e+03 9.290087593477758254e-01
5.413277815357231702e+03 9.292920002410682834e-01
5.413305967210168092e+03 9.269230414870580637e-01
5.413334119209508572e+03 9.272197421634228442e-01
5.413362271355254052e+03 9.297168652293887892e-01
5.413390423647405441e+03 9.362060265383662649e-01
5.413418576085963650e+03 9.413103190656578745e-01
5.413446728670928678e+03 9.453186022074357986e-01
5.413474881402302344e+03 9.430660380489910288e-01
5.413503034280083739e+03 9.312565736852052023e-01
5.413531187304275591e+03 9.232593385314892265e-01
5.413559340474877899e+03 9.333897871013536740e-01
5.413587493791890665e+03 9.452466812450761591e-01
5.413615647255315707e+03 9.400382388539817446e-01
5.413643800865153025e+03 9.400885799681023558e-01
5.413671954621403529e+03 9.456895890548402406e-01
5.413700108524069037e+03 9.453237242608562019e-01
5.413728262573148641e+03 9.470694447724727905e-01
5.413756416768644158e+03 9.448920450181977904e-01
5.413784571110556499e+03 9.446744576716126218e-01
5.413812725598885663e+03 9.509919261621652131e-01
5.413840880233632561e+03 9.415703101843136968e-01
5.413869035014798101e+03 9.598261836489675458e-01
5.413897189942383193e+03 9.638732213084683087e-01
5.413925345016388746e+03 9.500761085070397183e-01
5.413953500236815671e+03 9.553865093465021552e-01
5.413981655603663967e+03 9.533480334763371200e-01
5.414009811116934543e+03 9.575267468022023998e-01
5.414037966776628309e+03 9.623493959339429749e-01
5.414066122582747084e+03 9.645187077569687961e-01
5.414094278535289959e+03 9.624240350569528424e-01
5.414122434634257843e+03 9.585431191470678014e-01
5.414150590879652555e+03 9.634692488353502338e-01
5.414178747271475004e+03 9.666818843303617292e-01
5.414206903809724281e+03 9.652929169777132445e-01
5.414235060494402205e+03 9.750522302592239399e-01
5.414263217325510595e+03 9.719182129999250908e-01
5.414291374303048542e+03 9.655316245862698432e-01
5.414319531427016955e+03 9.665148428317213991e-01
5.414347688697416743e+03 9.704114713969066441e-01
5.414375846114249725e+03 9.687964081241771108e-01
5.414404003677515902e+03 9.740467294499799422e-01
5.414432161387215274e+03 9.697081925643734612e-01
5.414460319243350568e+03 9.709097852751942259e-01
5.414488477245919967e+03 9.708163866503831674e-01
5.414516635394926197e+03 9.746446814953142468e-01
5.414544793690369261e+03 9.799896982045995797e-01
5.414572952132250975e+03 9.696585485829387618e-01
5.414601110720570432e+03 9.699578941234869855e-01
5.414629269455328540e+03 9.737506174885398602e-01
5.414657428336528028e+03 9.758621667564036928e-01
5.414685587364167077e+03 9.780322083914743114e-01
5.414713746538248415e+03 9.795750302268896315e-01
5.414741905858772043e+03 9.718780297130137358e-01
5.414770065325737960e+03 9.665300031864302310e-01
5.414798224939148895e+03 9.713847302920394222e-01
5.414826384699003938e+03 9.696107394997453000e-01
5.414854544605304000e+03 9.730472662092344294e-01
5.414882704658049988e+03 9.797168170158562228e-01
5.414910864857243723e+03 9.832334109210003614e-01
5.414939025202884295e+03 9.917661068770903254e-01
5.414967185694973523e+03 9.879274075068955607e-01
5.414995346333512316e+03 9.793682387786100119e-01
5.415023507118500675e+03 9.844024600320748775e-01
5.415051668049939508e+03 9.814774740382939955e-01
5.415079829127830635e+03 9.811232894886575684e-01
5.415107990352173147e+03 9.857799062396036538e-01
5.415136151722968862e+03 9.863898976539435814e-01
5.415164313240218689e+03 9.840216333477758148e-01
5.415192474903922630e+03 9.869458689248776784e-01
5.415220636714081593e+03 9.959238380076990138e-01
5.415248798670697397e+03 9.879640520638315326e-01
5.415276960773769133e+03 9.881039001192216675e-01
5.415305123023298620e+03 9.916445154570451281e-01
5.415333285419286767e+03 9.927681220070256884e-01
5.415361447961733575e+03 9.995637718768292102e-01
5.415389610650640861e+03 9.948239327020257372e-01
5.415417773486008628e+03 9.893827663873215883e-01
5.415445936467836873e+03 9.914112800994068220e-01
5.415474099596128326e+03 9.942278030349113171e-01
5.415502262870882078e+03 9.903793824308732008e-01
5.415530426292099037e+03 9.884652769894975988e-01
5.415558589859781023e+03 9.931737341755632054e-01
5.415586753573928036e+03 9.880523798569033067e-01
5.415614917434540985e+03 9.862416805458386060e-01
5.415643081441620780e+03 9.967948383285375469e-01
5.415671245595167420e+03 9.955243950873454706e-01
5.415699409895182725e+03 9.910070512081839977e-01
5.415727574341666696e+03 9.886345115533208272e-01
5.415755738934621149e+03 9.853618797539723806e-01
5.415783903674045177e+03 9.914425043674702787e-01
5.415812068559941508e+03 9.954289350821931004e-01
5.415840233592309232e+03 9.902489377393616232e-01
5.415868398771149259e+03 9.913870150856487484e-01
5.415896564096463408e+03 9.972730316669993211e-01
5.415924729568251678e+03 9.972020750142904788e-01
5.415952895186514979e+03 9.904166287795211909e-01
5.415981060951254221e+03 9.937987553312990219e-01
5.416009226862470314e+03 9.999524465004012708e-01
5.416037392920163256e+03 9.967515633442662892e-01
5.416065559124334868e+03 1.002208370517596148e+00
5.416093725474985149e+03 9.991679312709740302e-01
5.416121891972115009e+03 9.927064039865237666e-01
5.416150058615724447e+03 9.898278207147866992e-01
5.416178225405816193e+03 9.924051694659947742e-01
5.416206392342389336e+03 9.900051209852014367e-01
5.416234559425445696e+03 9.922423422794480752e-01
5.416262726654985272e+03 9.929654192730410500e-01
5.416290894031008065e+03 9.972503865141654211e-01
5.416319061553516804e+03 9.978376944593785325e-01
5.416347229222511487e+03 9.921557604875350656e-01
5.416375397037992116e+03 9.999756385482512222e-01
5.416403564999960508e+03 9.991326164329216164e-01
5.416431733108416665e+03 9.921965393425408175e-01
5.416459901363361496e+03 9.925612458224557511e-01
5.416488069764795910e+03 9.950211612507029457e-01
5.416516238312719906e+03 9.931607960763707554e-01
5.416544407007136215e+03 9.875774518733255736e-01
5.416572575848043925e+03 9.941444406915378451e-01
5.416600744835443948e+03 9.973142911708025027e-01
5.416628913969337191e+03 9.899368144706016670e-01
5.416657083249724565e+03 9.969469810536997212e-01
5.416685252676606979e+03 9.944714190962091749e-01
5.416713422249985342e+03 9.835323692723366706e-01
5.416741591969859655e+03 9.887388191551542693e-01
5.416769761836231737e+03 9.991347841268398700e-01
5.416797931849101587e+03 9.989400669389040255e-01
5.416826102008469206e+03 9.997393401170002747e-01
5.416854272314337322e+03 9.942220286346219460e-01
5.416882442766705026e+03 9.886200580132378235e-01
5.416910613365574136e+03 9.931733470978203471e-01
5.416938784110944653e+03 9.966043532144777117e-01
5.416966955002817485e+03 1.001153394597544599e+00
5.416995126041194453e+03 1.000503507801989267e+00
5.417023297226074646e+03 9.979170365857205072e-01
5.417051468557459884e+03 9.909591059831779347e-01
5.417079640035350167e+03 9.889780451546994477e-01
5.417107811659747313e+03 1.000247375429392127e+00
5.417135983430651322e+03 9.979416178557377615e-01
5.417164155348063105e+03 1.002376191129373151e+00
5.417192327411983570e+03 9.897191796774710282e-01
5.417220499622413627e+03 9.902700496575247424e-01
5.417248671979353276e+03 9.973226162578152643e-01
5.417276844482804336e+03 1.000015596974305865e+00
5.417305017132766807e+03 9.950466286692916107e-01
5.417333189929241598e+03 9.909741973320652653e-01
5.417361362872229620e+03 9.941249340837795545e-01
5.417389535961730871e+03 9.932257161592652484e-01
5.417417709197748081e+03 9.939916266225482522e-01
5.417445882580279431e+03 9.932592732797215218e-01
5.417474056109327648e+03 1.000580266032811805e+00
5.417502229784893643e+03 9.988101053357041348e-01
5.417530403606976506e+03 9.863570212894419154e-01
5.417558577575577146e+03 1.003039875282696780e+00
5.417586751690698293e+03 9.916434219677042750e-01
5.417614925952339036e+03 9.923775155954591698e-01
5.417643100360500284e+03 9.882298518712819835e-01
5.417671274915182948e+03 1.004792763260379473e+00
5.417699449616388847e+03 9.946375132400312458e-01
5.417727624464117071e+03 9.938473435009795853e-01
5.417755799458369438e+03 1.005056887849278935e+00
5.417783974599145949e+03 1.000632249194240098e+00
5.417812149886448424e+03 1.004048944346757510e+00
5.417840325320275952e+03 9.936234586695191773e-01
5.417868500900631261e+03 9.885383622605353748e-01
5.417896676627514353e+03 9.956031529250392031e-01
5.417924852500925226e+03 1.001776171973535412e+00
5.417953028520865701e+03 9.988947080559952285e-01
5.417981204687335776e+03 9.963751164719973907e-01
5.418009381000336361e+03 9.997288022684357456e-01
5.418037557459869276e+03 9.992181955080182698e-01
5.418065734065933611e+03 9.975398136506402613e-01
5.418093910818531185e+03 9.950771608218875741e-01
5.418122087717661998e+03 1.000788583036906987e+00
5.418150264763327868e+03 9.966911474738523458e-01
5.418178441955528797e+03 1.007450760058036909e+00
5.418206619294265693e+03 9.946879498810693443e-01
5.418234796779539465e+03 9.938684162065820615e-01
5.418262974411351024e+03 9.974158888275185264e-01
5.418291152189700369e+03 9.966795210124049786e-01
5.418319330114589320e+03 9.964981793955329792e-01
5.418347508186017876e+03 1.003172667784660632e+00
5.418375686403986947e+03 1.000288848741242687e+00
5.418403864768497442e+03 9.919621302068742930e-01
5.418432043279550271e+03 1.001498733587716128e+00
5.418460221937145434e+03 9.997336395844839130e-01
5.418488400741284750e+03 1.001103729165280898e+00
5.418516579691968218e+03 9.999846998363400852e-01
5.418544758789196749e+03 1.003942424368364783e+00
5.418572938032971251e+03 1.002713555182106919e+00
5.418601117423292635e+03 9.984248960591517452e-01
5.418629296960161810e+03 1.002540235482319630e+00
5.418657476643578775e+03 1.003346487051178793e+00
5.418685656473544441e+03 9.949140198790910050e-01
5.418713836450059716e+03 9.894638330012087701e-01
5.418742016573126421e+03 9.908322789288793730e-01
5.418770196842743644e+03 1.001197961171791384e+00
5.418798377258913206e+03 9.970250495185762896e-01
5.418826557821635106e+03 9.963265721340169856e-01
5.418854738530911163e+03 9.912637899694345389e-01
5.418882919386740468e+03 9.992144115797119142e-01
5.418911100389125750e+03 9.950455892561592686e-01
5.418939281538067007e+03 9.943217143734396357e-01
5.418967462833564241e+03 9.977159555509079736e-01
5.418995644275619270e+03 9.997891969011332147e-01
5.419023825864232094e+03 1.002247212136144539e+00
5.419052007599404533e+03 9.990580666452638647e-01
5.419080189481135676e+03 9.990764296600860295e-01
5.419108371509427343e+03 9.977229011640526002e-01
5.419136553684280443e+03 1.002596808997737288e+00
5.419164736005695886e+03 1.003391631593311351e+00
5.419192918473673672e+03 9.986552008293709815e-01
5.419221101088214709e+03 9.941344163195193762e-01
5.419249283849319909e+03 9.996077536489419435e-01
5.419277466756990179e+03 9.881837278061071927e-01
5.419305649811226431e+03 9.986747983085898506e-01
5.419333833012029572e+03 9.968507951245467735e-01
5.419362016359399604e+03 9.944535898399494700e-01
5.419390199853337435e+03 9.970562664458418878e-01
5.419418383493843976e+03 9.978921555506483632e-01
5.419446567280920135e+03 9.994542351297054372e-01
5.419474751214566822e+03 9.964067329132506590e-01
5.419502935294784038e+03 9.893581012435385125e-01
5.419531119521573601e+03 9.938820443463970422e-01
5.419559303894936420e+03 9.971404542628793388e-01
5.419587488414871586e+03 1.000097694046705676e+00
5.419615673081380919e+03 9.989219267065038155e-01
5.419643857894465327e+03 9.961550639408153218e-01
5.419672042854125721e+03 9.903140535858898641e-01
5.419700227960362099e+03 9.972035799682688051e-01
5.419728413213176282e+03 1.004238282165292206e+00
5.419756598612567359e+03 9.944519023907062438e-01
5.419784784158538059e+03 9.937012604261092896e-01
5.419812969851087473e+03 9.897875929161895625e-01
5.419841155690217420e+03 9.931325123015213308e-01
5.419869341675928808e+03 9.985069024951693795e-01
5.419897527808221639e+03 9.935391331612714039e-01
5.419925714087096821e+03 9.937361834859371745e-01
5.419953900512555265e+03 9.895309709131320242e-01
5.419982087084597879e+03 9.965051887091488370e-01
5.420010273803225573e+03 9.973015790297758976e-01
5.420038460668438347e+03 9.963892498520445784e-01
5.420066647680237111e+03 9.978439443757197713e-01
5.420094834838623683e+03 1.001920458445840545e+00
5.420123022143598064e+03 9.981842484328556919e-01
5.420151209595160253e+03 9.960807808426482834e-01
5.420179397193312980e+03 9.959369256345890209e-01
5.420207584938055334e+03 9.998523977625823900e-01
5.420235772829388225e+03 9.967771728452027302e-01
5.420263960867313472e+03 1.004754854412798659e+00
5.420292149051830165e+03 9.963611741270387290e-01
5.420320337382941034e+03 9.950201346570503036e-01
5.420348525860645168e+03 9.968427555024331754e-01
5.420376714484944387e+03 9.989683463718141976e-01
5.420404903255838690e+03 1.008956942996956929e+00
5.420433092173329896e+03 1.003935402667540666e+00
5.420461281237418007e+03 1.001334537549589232e+00
5.420489470448103020e+03 9.997390444005492816e-01
5.420517659805387666e+03 9.944130794173854371e-01
5.420545849309271034e+03 9.996878079824454977e-01
5.420574038959754034e+03 1.002780175616553526e+00
5.420602228756838485e+03 1.004004707596691803e+00
5.420630418700524388e+03 1.007310852942424617e+00
5.420658608790811741e+03 9.951708218441345233e-01
5.420686799027703273e+03 9.929293327347651354e-01
5.420714989411198076e+03 9.927228163122400195e-01
5.420743179941297967e+03 9.903198593093486268e-01
5.420771370618002948e+03 9.981452383619123792e-01
5.420799561441314836e+03 9.934021242784726313e-01
5.420827752411232723e+03 9.964429728150802079e-01
5.420855943527758427e+03 9.911649757865573784e-01
5.420884134790892858e+03 9.941182588967171219e-01
5.420912326200636016e+03 9.937361508991507941e-01
5.420940517756989721e+03 9.970922384433306140e-01
5.420968709459953061e+03 1.003530038543901215e+00
5.420996901309528766e+03 9.980834426231207646e-01
5.421025093305716837e+03 9.980359662224076445e-01
5.421053285448517272e+03 9.868708271663346743e-01
5.421081477737931891e+03 9.915948826317695364e-01
5.421109670173961604e+03 9.962712482195777985e-01
5.421137862756605500e+03 9.927597419398841438e-01
5.421166055485866309e+03 9.968735135605669706e-01
5.421194248361743121e+03 9.998613747384286210e-01
5.421222441384238664e+03 1.001094388195532980e+00
5.421250634553351119e+03 1.007409871680507329e+00
5.421278827869084125e+03 1.006304648636756172e+00
5.421307021331435863e+03 1.005251081818216985e+00
5.421335214940409060e+03 1.003919269522627111e+00
5.421363408696002807e+03 9.974508620867363895e-01
5.421391602598218924e+03 9.974044423032580875e-01
5.421419796647058320e+03 1.003882517893557091e+00
5.421447990842521904e+03 1.003213600655508131e+00
5.421476185184608767e+03 1.003130057305996248e+00
5.421504379673321637e+03 9.993991748466330982e-01
5.421532574308660514e+03 9.987029580066106860e-01
5.421560769090625399e+03 9.964409507801493815e-01
5.421588964019218110e+03 9.993630521401948297e-01
5.421617159094439558e+03 9.922150508049641937e-01
5.421645354316289740e+03 9.949236954962533686e-01
5.421673549684769569e+03 1.001567639461693915e+00
5.421701745199879952e+03 9.993384492247241457e-01
5.421729940861620889e+03 9.956676567375575271e-01
5.421758136669995110e+03 9.972492443242332305e-01
5.421786332625001705e+03 9.997712742620985527e-01
5.421814528726641583e+03 1.001002705276904159e+00
5.421842724974916564e+03 1.002475454120069331e+00
5.421870921369825737e+03 1.003199098123511934e+00
5.421899117911371832e+03 9.918879775324906944e-01
5.421927314599553938e+03 9.980872456161599127e-01
5.421955511434372966e+03 9.984122611539762993e-01
5.421983708415830733e+03 9.988914311624930153e-01
5.422011905543928151e+03 1.003406794794803103e+00
5.422040102818664309e+03 9.967946705718802036e-01
5.422068300240041026e+03 9.970039748266382729e-01
5.422096497808059212e+03 9.883280722033810362e-01
5.422124695522718866e+03 9.997484960054365821e-01
5.422152893384021809e+03 9.974339177944728796e-01
5.422181091391968039e+03 9.954020633690220388e-01
5.422209289546558466e+03 9.966512810594022609e-01
5.422237487847794000e+03 1.000885663018501015e+00
5.422265686295675550e+03 9.984334164677506340e-01
5.422293884890204026e+03 1.005254998744493866e+00
5.422322083631379428e+03 1.002400105863415547e+00
5.422350282519202665e+03 1.004193373308073012e+00
5.422378481553674646e+03 1.005348586100836217e+00
5.422406680734796282e+03 9.981774884896531530e-01
5.422434880062568482e+03 1.005254387724909604e+00
5.422463079536992154e+03 9.960779496798773947e-01
5.422491279158067300e+03 1.004636167134506763e+00
5.422519478925794829e+03 9.963592349892538280e-01
5.422547678840176559e+03 9.957762248067224542e-01
5.422575878901211581e+03 1.001086091772358300e+00
5.422604079108902624e+03 9.960302280543915643e-01
5.422632279463247869e+03 9.993356150176989638e-01
5.422660479964250953e+03 9.999786692402901078e-01
5.422688680611910968e+03 9.988056913892172650e-01
5.422716881406228822e+03 1.002557005366676135e+00
5.422745082347205425e+03 1.000884263344948399e+00
5.422773283434841687e+03 1.003457927396578686e+00
5.422801484669137608e+03 9.925042841232277757e-01
5.422829686050095006e+03 1.003968913564158960e+00
5.422857887577714791e+03 1.007829486916141937e+00
5.422886089251996054e+03 1.006061737421888536e+00
5.422914291072941523e+03 9.946682561551861701e-01
5.422942493040551199e+03 1.004119217314809909e+00
5.422970695154825080e+03 1.010108327297380537e+00
5.422998897415764986e+03 9.998029511652901657e-01
5.423027099823370918e+03 9.980557565056569214e-01
5.423055302377643784e+03 9.977717649871871153e-01
5.423083505078585404e+03 9.934298531985252811e-01
5.423111707926194867e+03 9.928065629902100842e-01
5.423139910920474904e+03 9.984028565325752114e-01
5.423168114061423694e+03 1.004792094251341528e+00
5.423196317349044875e+03 1.002133681152610922e+00
5.423224520783336629e+03 9.930580192651928817e-01
5.423252724364301685e+03 1.000473563440593905e+00
5.423280928091939131e+03 1.003041533397377449e+00
5.423309131966251698e+03 1.003205839960539913e+00
5.423337335987238475e+03 9.963220450367537007e-01
5.423365540154900373e+03 9.899769425545664747e-01
5.423393744469239209e+03 9.886682167938644072e-01
5.423421948930254985e+03 9.907976978634884802e-01
5.423450153537948609e+03 9.944530240955565814e-01
5.423478358292320081e+03 1.003999739631367349e+00
5.423506563193372131e+03 1.001982422687661245e+00
5.423534768241103848e+03 9.997166073396963615e-01
5.423562973435516142e+03 9.986831064770603783e-01
5.423591178776609922e+03 9.977499121632072976e-01
5.423619384264386099e+03 9.960727564132182410e-01
5.423647589898846491e+03 1.009171392322246286e+00
5.423675795679989278e+03 9.964784704801599169e-01
5.423704001607818100e+03 9.957476189441329950e-01
5.423732207682332046e+03 9.958623921380536093e-01
5.423760413903532026e+03 9.932038133640663791e-01
5.423788620271418949e+03 9.952700753734776695e-01
5.423816826785993726e+03 9.987123528233546876e-01
5.423845033447256355e+03 9.965497923453255913e-01
5.423873240255208657e+03 9.999619415313670823e-01
5.423901447209851540e+03 9.968326419745422440e-01
5.423929654311185004e+03 1.002158327508753777e+00
5.423957861559209960e+03 9.990403221021890712e-01
5.423986068953927315e+03 9.953743345182053393e-01
5.424014276495337072e+03 1.001577906864898448e+00
5.424042484183441047e+03 9.992984255075573197e-01
5.424070692018240152e+03 9.996303484341239054e-01
5.424098899999734385e+03 1.001275133464755385e+00
5.424127108127924657e+03 1.003016784109592940e+00
5.424155316402811877e+03 1.001747601387667164e+00
5.424183524824396045e+03 1.001068705594095665e+00
5.424211733392679889e+03 9.983184568132315029e-01
5.424239942107662500e+03 1.000408374481967400e+00
5.424268150969344788e+03 9.987525411911942763e-01
5.424296359977727661e+03 1.000631274523460013e+00
5.424324569132812030e+03 9.951217098583503562e-01
5.424352778434598804e+03 1.005370091375661135e+00
5.424380987883088892e+03 9.962416645752590894e-01
5.424409197478282294e+03 9.906142994872060292e-01
5.424437407220180830e+03 1.003823544441452942e+00
5.424465617108783590e+03 9.953668767172179077e-01
5.424493827144093302e+03 9.895650729178355753e-01
5.424522037326109967e+03 9.926838089672356258e-01
5.424550247654833584e+03 9.965952835058641268e-01
5.424578458130265972e+03 1.003988913906364022e+00
5.424606668752407131e+03 1.001840318104836314e+00
5.424634879521257972e+03 9.991497307589192189e-01
5.424663090436820312e+03 1.005729910290888540e+00
5.424691301499093242e+03 9.977848895383875094e-01
5.424719512708078582e+03 1.003969960016830587e+00
5.424747724063777241e+03 1.008466467926326438e+00
5.424775935566189219e+03 9.960040098295622757e-01
5.424804147215315425e+03 9.977470596699120620e-01
5.424832359011156768e+03 1.003899462771509432e+00
5.424860570953714159e+03 9.967334107503083018e-01
5.424888783042988507e+03 1.004139688698115540e+00
5.424916995278980721e+03 1.000670492947507206e+00
5.424945207661690802e+03 1.002486403108689528e+00
5.424973420191119658e+03 1.000001783455083171e+00
5.425001632867269109e+03 1.003645548370263096e+00
5.425029845690138245e+03 1.003785646068266590e+00
5.425058058659728886e+03 9.943191064410756841e-01
5.425086271776041940e+03 9.988046155962186923e-01
5.425114485039077408e+03 9.953435577424422087e-01
5.425142698448837109e+03 1.003920978033549849e+00
5.425170912005321043e+03 1.004753215386784415e+00
5.425199125708529209e+03 9.906778922391618059e-01
5.425227339558464337e+03 1.001672139944708384e+00
5.425255553555125516e+03 9.959893262983036122e-01
5.425283767698514566e+03 9.920235711884031193e-01
5.425311981988631487e+03 9.984504977712432838e-01
5.425340196425477188e+03 1.002486664591901278e+00
5.425368411009052579e+03 9.987480949590795687e-01
5.425396625739358569e+03 1.005772505350070567e+00
5.425424840616396068e+03 1.006417094936276957e+00
5.425453055640165985e+03 1.008168478732003548e+00
5.425481270810667411e+03 9.960567124523285187e-01
5.425509486127903074e+03 9.991059113288845994e-01
5.425537701591872974e+03 9.978880834190414495e-01
5.425565917202578021e+03 1.004538990156082390e+00
5.425594132960019124e+03 9.961466820244537779e-01
5.425622348864196283e+03 1.000444398343117713e+00
5.425650564915111318e+03 1.003012161762591781e+00
5.425678781112763318e+03 1.004821681568269121e+00
5.425706997457155012e+03 1.000428088460517673e+00
5.425735213948286400e+03 1.002575035313840068e+00
5.425763430586158393e+03 9.969713870903604835e-01
5.425791647370770988e+03 1.004375796112284336e+00
5.425819864302126007e+03 1.008259107736652505e+00
5.425848081380223448e+03 9.977062421456093233e-01
5.425876298605064221e+03 9.978252080733831519e-01
5.425904515976649236e+03 9.993171945734311556e-01
5.425932733494979402e+03 1.000753607835474401e+00
5.425960951160054719e+03 9.992101096089367473e-01
5.425989168971877007e+03 1.004605368458894255e+00
5.426017386930447174e+03 9.979104879274894868e-01
5.426045605035764311e+03 9.874364713445696884e-01
5.426073823287831146e+03 9.949663794644031389e-01
5.426102041686646771e+03 9.991384246803886038e-01
5.426130260232213004e+03 9.994429815672311035e-01
5.426158478924529845e+03 1.001265186463088375e+00
5.426186697763599113e+03 9.949993708251591018e-01
5.426214916749420809e+03 9.998343325166679785e-01
5.426243135881995840e+03 9.938149713416082331e-01
5.426271355161325118e+03 1.006220073310421848e+00
5.426299574587409552e+03 1.001814739682950872e+00
5.426327794160249141e+03 9.977719864833013430e-01
5.426356013879845705e+03 1.000380863381976182e+00
5.426384233746199243e+03 1.000688952964858380e+00
5.426412453759309756e+03 9.980422515760284385e-01
5.426440673919179972e+03 1.003487573465805527e+00
5.426468894225809890e+03 1.005738857303601685e+00
5.426497114679199512e+03 1.001035624583943573e+00
5.426525335279349747e+03 1.002473613922597817e+00
5.426553556026262413e+03 9.981345115944820767e-01
5.426581776919937511e+03 9.922008053454812737e-01
5.426609997960375949e+03 9.942238590034171430e-01
5.426638219147578639e+03 9.989249045491391810e-01
5.426666440481545578e+03 1.006579140963215213e+00
5.426694661962278587e+03 9.966866985958823255e-01
5.426722883589777666e+03 9.987798398267666578e-01
5.426751105364043724e+03 9.971707471622496266e-01
5.426779327285077670e+03 9.991557026265488473e-01
5.426807549352880415e+03 1.003994079735296641e+00
5.426835771567451957e+03 9.897882149449728217e-01
5.426863993928794116e+03 9.968026464630902472e-01
5.426892216436907802e+03 9.960285370698107599e-01
5.426920439091792105e+03 9.989449254193247807e-01
5.426948661893449753e+03 1.002375388082360708e+00
5.426976884841879837e+03 9.992036066757125079e-01
5.427005107937085086e+03 1.004124558560234082e+00
5.427033331179063680e+03 9.983247414389417873e-01
5.427061554567818348e+03 9.999598409649741448e-01
5.427089778103350000e+03 1.010536883571350630e+00
5.427118001785657725e+03 1.007167951073577816e+00
5.427146225614743344e+03 1.001427945888445192e+00
5.427174449590607765e+03 9.956904352886134513e-01
5.427202673713250988e+03 1.010851127985743947e+00
5.427230897982674833e+03 1.003016814891752206e+00
5.427259122398879299e+03 1.001896326305253382e+00
5.427287346961866206e+03 9.956537026856485673e-01
5.427315571671634643e+03 9.959013078824489051e-01
5.427343796528186431e+03 1.003440420665219435e+00
5.427372021531521568e+03 1.006446689110601644e+00
5.427400246681641875e+03 1.002635179869389326e+00
5.427428471978547350e+03 1.008381796547600517e+00
5.427456697422239813e+03 1.000064169059996511e+00
5.427484923012718355e+03 1.000933813970020569e+00
5.427513148749984794e+03 9.955438130914384676e-01
5.427541374634040039e+03 9.945617150510174254e-01
5.427569600664884092e+03 9.973659922032837022e-01
5.427597826842517861e+03 1.003204305947841712e+00
5.427626053166943166e+03 1.001799850762107535e+00
5.427654279638160006e+03 1.005470894524987280e+00
5.427682506256168381e+03 1.011341760288116731e+00
5.427710733020970110e+03 1.005360803162468786e+00
5.427738959932566104e+03 1.007004624595818187e+00
5.427767186990956361e+03 9.930476573254312100e-01
5.427795414196141792e+03 9.900597986897056169e-01
5.427823641548124215e+03 9.945834398178363678e-01
5.427851869046902721e+03 1.005445701386282309e+00
5.427880096692479128e+03 1.003751168445631281e+00
5.427908324484853438e+03 1.004325511064494858e+00
5.427936552424027468e+03 9.918808780546459758e-01
5.427964780510001219e+03 9.951359746489707447e-01
5.427993008742775601e+03 1.002909801635268217e+00
5.428021237122351522e+03 9.945291655605544845e-01
5.428049465648728983e+03 9.979645857942807119e-01
5.428077694321910712e+03 1.003476756494728228e+00
5.428105923141894891e+03 9.939215635258734638e-01
5.428134152108684248e+03 1.003263845788348485e+00
5.428162381222279691e+03 1.001976413128459198e+00
5.428190610482680313e+03 1.015112321405166051e+00
5.428218839889887022e+03 1.008558557514261489e+00
5.428247069443902546e+03 9.993364450729288473e-01
5.428275299144725977e+03 9.988934707832001214e-01
5.428303528992358224e+03 1.007557240372543905e+00
5.428331758986800196e+03 1.007356666627451380e+00
5.428359989128053712e+03 1.008906207031867952e+00
5.428388219416117863e+03 9.982176939437942265e-01
5.428416449850994468e+03 9.993290089102870866e-01
5.428444680432683526e+03 1.000822596963834021e+00
5.428472911161186857e+03 1.005082563070300639e+00
5.428501142036503552e+03 1.000018317346496044e+00
5.428529373058636338e+03 9.990236808856437500e-01
5.428557604227585216e+03 1.007703909750079507e+00
5.428585835543350186e+03 1.007985593616004927e+00
5.428614067005933066e+03 1.000113796574409797e+00
5.428642298615333857e+03 9.993446883512547840e-01
5.428670530371554378e+03 1.002787276599834909e+00
5.428698762274594628e+03 9.997745783398336306e-01
5.428726994324454608e+03 9.977052788786665571e-01
5.428755226521136137e+03 1.007227837767997070e+00
5.428783458864640124e+03 1.005561331362751831e+00
5.428811691354966570e+03 1.001789226010252332e+00
5.428839923992117292e+03 1.002596072395823379e+00
5.428868156776091382e+03 9.985621102397103099e-01
5.428896389706890659e+03 1.001290051199285935e+00
5.428924622784516941e+03 9.996675912191504976e-01
5.428952856008968411e+03 9.996574409525178506e-01
5.428981089380248704e+03 1.001592661296540454e+00
5.429009322898356004e+03 9.949771209491710122e-01
5.429037556563293037e+03 1.002318732776484422e+00
5.429065790375059805e+03 1.003711688519028478e+00
5.429094024333656307e+03 1.000287117636720735e+00
5.429122258439084362e+03 9.900131440543463723e-01
5.429150492691344880e+03 9.988087682876766182e-01
5.429178727090437860e+03 1.005559258156617508e+00
5.429206961636364213e+03 1.006975628816926482e+00
5.429235196329124847e+03 1.007818766058841797e+00
5.429263431168720672e+03 1.002828808405339833e+00
5.429291666155151688e+03 1.002959463466204459e+00
5.429319901288420624e+03 9.917217398643267678e-01
5.429348136568525661e+03 1.002451596499643438e+00
5.429376371995469526e+03 1.001320948880573214e+00
5.429404607569252221e+03 1.000073793769581831e+00
5.429432843289873745e+03 9.936996983915967752e-01
5.429461079157336826e+03 9.967244842295012175e-01
5.429489315171640555e+03 9.976079251109023494e-01
5.429517551332785843e+03 9.949742403940312618e-01
5.429545787640773597e+03 9.938377588280807862e-01
5.429574024095605637e+03 1.003010793488478214e+00
5.429602260697281963e+03 1.005175399427405525e+00
5.429630497445802575e+03 1.007103446744162634e+00
5.429658734341169293e+03 1.004254846281488645e+00
5.429686971383382115e+03 9.951915578959361630e-01
5.429715208572442862e+03 1.003283918011037557e+00
5.429743445908351532e+03 1.004388296747443121e+00
5.429771683391108127e+03 1.000796364445447617e+00
5.429799921020715374e+03 9.961592444208706709e-01
5.429828158797172364e+03 9.979949272257293558e-01
5.429856396720480916e+03 1.005241569724744100e+00
5.429884634790641030e+03 1.010229116665004145e+00
5.429912873007653616e+03 9.981884124961614146e-01
5.429941111371519582e+03 1.006499139815643540e+00
5.429969349882239840e+03 9.992138856456400653e-01
5.429997588539814387e+03 9.997654117436715060e-01
