# star name zetOri, line HEII5411
# instrument: HERMES spectrograph @Mercator
# date of observation (midpoint)2018-10-14T02:45:24.538906
# BJD of observation (midpoint)2458405.6171703
# name of fits file: 00898015_HRF_OBJ_ext_CosmicsRemoved_log_merged_c.fits
# 
# wavelength(Angstrom,air) normalised_flux
5.390018255721892274e+03 9.969101386717739155e-01
5.390046286613051961e+03 9.964594878800041577e-01
5.390074317649987279e+03 1.000728099225906220e+00
5.390102348832698226e+03 1.000375016474442269e+00
5.390130380161185712e+03 9.999349467198971331e-01
5.390158411635450648e+03 1.002759011118332655e+00
5.390186443255493032e+03 1.002977153580979275e+00
5.390214475021315593e+03 9.999176607350040991e-01
5.390242506932917422e+03 1.002358095907758928e+00
5.390270538990299428e+03 1.002240789355943296e+00
5.390298571193463431e+03 9.975991057735938972e-01
5.390326603542408520e+03 9.997845196534155265e-01
5.390354636037137425e+03 9.983428722508755904e-01
5.390382668677649235e+03 1.001442955052742390e+00
5.390410701463944861e+03 1.003089513808480993e+00
5.390438734396026121e+03 9.984346066867411107e-01
5.390466767473893015e+03 9.985967981618486533e-01
5.390494800697546452e+03 9.958653623246305209e-01
5.390522834066987343e+03 9.961154718212213988e-01
5.390550867582215687e+03 9.962387147676808885e-01
5.390578901243233304e+03 9.980703962347561298e-01
5.390606935050041102e+03 9.988367469317208647e-01
5.390634969002638172e+03 1.004266569445187551e+00
5.390663003101027243e+03 1.001326851273912855e+00
5.390691037345207405e+03 9.989319360247272961e-01
5.390719071735180478e+03 9.963395977250510960e-01
5.390747106270947370e+03 9.982707697708950167e-01
5.390775140952508082e+03 1.000256309381484021e+00
5.390803175779863523e+03 1.001131346502525998e+00
5.390831210753014602e+03 9.972010296756785852e-01
5.390859245871962230e+03 9.948187223217498376e-01
5.390887281136707315e+03 9.959657429333330647e-01
5.390915316547249859e+03 9.966097378105881477e-01
5.390943352103590769e+03 9.979484339738922127e-01
5.390971387805731865e+03 9.980557580901263659e-01
5.390999423653673148e+03 1.002585284161360502e+00
5.391027459647414616e+03 9.976534164899308887e-01
5.391055495786958090e+03 9.944288037563696614e-01
5.391083532072304479e+03 9.990009830667762047e-01
5.391111568503453782e+03 9.994815913288563891e-01
5.391139605080406909e+03 1.000516733746824150e+00
5.391167641803164770e+03 9.967459726094721750e-01
5.391195678671729183e+03 1.000411974739369159e+00
5.391223715686098330e+03 9.957139215375020447e-01
5.391251752846275849e+03 9.944678085876622609e-01
5.391279790152259920e+03 9.965596608414216684e-01
5.391307827604053273e+03 1.001261479931765841e+00
5.391335865201655906e+03 9.983366561658042482e-01
5.391363902945067821e+03 9.971245329189113438e-01
5.391391940834291745e+03 1.001373223764647991e+00
5.391419978869326769e+03 9.974404965624399377e-01
5.391448017050173803e+03 1.001444756461798313e+00
5.391476055376833756e+03 1.002515653823121244e+00
5.391504093849308447e+03 1.000891380530681385e+00
5.391532132467596966e+03 1.000181403921139855e+00
5.391560171231701133e+03 9.975629258187371784e-01
5.391588210141620948e+03 1.002605421027434662e+00
5.391616249197358229e+03 1.005695110431065631e+00
5.391644288398912977e+03 9.987221676386979219e-01
5.391672327746286101e+03 9.982201732386956072e-01
5.391700367239478510e+03 9.992135334289806714e-01
5.391728406878491114e+03 9.947032144764874628e-01
5.391756446663323914e+03 9.977838773732695676e-01
5.391784486593977817e+03 9.992301544475510333e-01
5.391812526670454645e+03 9.967088028911521569e-01
5.391840566892753486e+03 9.993333885433299812e-01
5.391868607260877070e+03 9.996233264473003421e-01
5.391896647774824487e+03 1.003185921141486636e+00
5.391924688434597556e+03 1.000216751612025057e+00
5.391952729240196277e+03 9.996207503097362945e-01
5.391980770191621559e+03 9.998120541771916558e-01
5.392008811288875222e+03 9.988109214137430580e-01
5.392036852531956356e+03 9.993751340359752211e-01
5.392064893920866780e+03 1.001965020563168718e+00
5.392092935455606494e+03 9.991497231440263915e-01
5.392120977136177316e+03 9.970877635462255251e-01
5.392149018962579248e+03 9.984119697062743271e-01
5.392177060934813198e+03 1.002155412670310941e+00
5.392205103052879167e+03 1.004463445722303838e+00
5.392233145316779883e+03 9.992743077116678085e-01
5.392261187726514436e+03 1.000036386907138919e+00
5.392289230282083736e+03 1.002732924834331518e+00
5.392317272983489602e+03 9.938260457255712055e-01
5.392345315830732034e+03 1.000265981792995751e+00
5.392373358823811031e+03 9.988479867913616639e-01
5.392401401962728414e+03 1.000223433043664345e+00
5.392429445247485091e+03 1.003044926326392305e+00
5.392457488678081063e+03 1.004040859077610426e+00
5.392485532254518148e+03 9.976510103505772387e-01
5.392513575976795437e+03 9.987903537065384585e-01
5.392541619844914749e+03 9.975182514894489483e-01
5.392569663858876993e+03 9.948436302083324412e-01
5.392597708018683079e+03 9.995696868592375273e-01
5.392625752324332097e+03 9.996314840344621144e-01
5.392653796775826777e+03 9.990119103778543064e-01
5.392681841373168027e+03 1.001126627053403162e+00
5.392709886116354028e+03 9.992741180836210990e-01
5.392737931005388418e+03 9.994758228806202016e-01
5.392765976040270289e+03 9.986210468079562697e-01
5.392794021221001458e+03 9.966393468187699778e-01
5.392822066547581926e+03 9.992499169835544759e-01
5.392850112020012602e+03 9.956532221788220172e-01
5.392878157638293487e+03 9.982292279529459966e-01
5.392906203402427309e+03 1.000393482322488037e+00
5.392934249312413158e+03 9.981353350793726875e-01
5.392962295368251944e+03 9.998755114944599676e-01
5.392990341569945485e+03 9.974928470356083654e-01
5.393018387917492873e+03 9.919563542331665262e-01
5.393046434410896836e+03 9.996590887457690311e-01
5.393074481050156464e+03 1.002115484832223347e+00
5.393102527835273577e+03 1.000508599519233321e+00
5.393130574766248174e+03 9.952103340631528461e-01
5.393158621843081164e+03 1.000964403568637584e+00
5.393186669065773458e+03 1.000547160242337252e+00
5.393214716434326874e+03 9.977084621759803040e-01
5.393242763948740503e+03 9.963332590427694813e-01
5.393270811609015254e+03 9.998263323906622091e-01
5.393298859415152947e+03 1.002623579324861236e+00
5.393326907367153581e+03 9.962177279451279732e-01
5.393354955465018975e+03 9.970468663834507472e-01
5.393383003708748220e+03 9.986118243294594965e-01
5.393411052098343134e+03 9.978910517713364126e-01
5.393439100633803719e+03 9.981675937358802653e-01
5.393467149315131792e+03 1.001582305355553038e+00
5.393495198142327354e+03 9.982201321313375342e-01
5.393523247115391314e+03 1.003844848239255461e+00
5.393551296234324582e+03 1.006037241412136796e+00
5.393579345499128067e+03 9.966662067032578953e-01
5.393607394909801769e+03 9.965458909292166378e-01
5.393635444466346598e+03 1.001243046205456233e+00
5.393663494168764373e+03 9.993702463973532790e-01
5.393691544017055094e+03 9.953566459688262258e-01
5.393719594011219669e+03 9.939743712692857835e-01
5.393747644151259010e+03 9.971076123170719008e-01
5.393775694437173115e+03 9.988235409153024547e-01
5.393803744868962895e+03 9.970496732939423401e-01
5.393831795446630167e+03 9.978903222515423943e-01
5.393859846170174933e+03 9.997068922766146892e-01
5.393887897039598101e+03 1.002056813119827083e+00
5.393915948054899673e+03 1.002166861500354722e+00
5.393943999216081465e+03 1.002224033487830512e+00
5.393972050523144389e+03 9.991984855099145246e-01
5.394000101976087535e+03 9.997799822501438616e-01
5.394028153574913631e+03 9.989394907171591509e-01
5.394056205319622677e+03 9.988697034137220543e-01
5.394084257210214673e+03 1.006272465976116415e+00
5.394112309246691439e+03 1.001931923318639450e+00
5.394140361429053883e+03 1.000545277458826821e+00
5.394168413757301096e+03 9.959581787860669611e-01
5.394196466231435807e+03 9.974500723492643051e-01
5.394224518851458015e+03 1.001719796842857058e+00
5.394252571617367721e+03 1.004021764220421664e+00
5.394280624529166744e+03 9.985876565305966679e-01
5.394308677586855993e+03 1.002033167178516981e+00
5.394336730790434558e+03 9.990908474173844089e-01
5.394364784139905169e+03 9.975109049983305054e-01
5.394392837635267824e+03 1.001605785623704614e+00
5.394420891276522525e+03 1.003445585549227026e+00
5.394448945063671090e+03 1.001839960839122190e+00
5.394476998996713519e+03 9.987187245348650988e-01
5.394505053075651631e+03 9.970334971106314947e-01
5.394533107300485426e+03 9.985621365693622131e-01
5.394561161671214904e+03 1.002399355431080830e+00
5.394589216187842794e+03 1.000888354840432592e+00
5.394617270850368186e+03 9.964426687290433016e-01
5.394645325658791990e+03 9.984951125324261767e-01
5.394673380613116024e+03 1.003326039903655209e+00
5.394701435713340288e+03 1.000066072892887181e+00
5.394729490959465693e+03 1.000723446895652957e+00
5.394757546351492238e+03 1.002760453004524210e+00
5.394785601889421741e+03 1.002265459657919688e+00
5.394813657573255114e+03 1.002623066638120397e+00
5.394841713402992355e+03 9.990029107651302587e-01
5.394869769378633464e+03 9.977131499075124754e-01
5.394897825500181170e+03 1.001664500173845340e+00
5.394925881767635474e+03 1.003753293231147481e+00
5.394953938180996374e+03 1.002891595205545494e+00
5.394981994740265691e+03 1.002542437444203127e+00
5.395010051445443423e+03 1.003571083635806049e+00
5.395038108296530481e+03 1.003273262316472847e+00
5.395066165293527774e+03 1.001384982559820003e+00
5.395094222436435302e+03 1.004906264400163174e+00
5.395122279725255794e+03 9.969547843077172233e-01
5.395150337159987430e+03 1.000602284594797498e+00
5.395178394740633848e+03 1.000566295862399091e+00
5.395206452467193230e+03 1.001281868096568273e+00
5.395234510339667395e+03 9.988394076929110188e-01
5.395262568358057251e+03 9.993441213764444608e-01
5.395290626522362800e+03 9.973844271378849990e-01
5.395318684832585859e+03 1.001529682839693569e+00
5.395346743288726429e+03 1.001277758279221830e+00
5.395374801890786330e+03 9.955475059431551088e-01
5.395402860638764651e+03 1.004596318701644675e+00
5.395430919532663211e+03 9.983329623119781004e-01
5.395458978572482920e+03 9.989339946710451557e-01
5.395487037758223778e+03 1.001149131951792670e+00
5.395515097089887604e+03 9.971059594480242705e-01
5.395543156567473488e+03 9.988747908711315127e-01
5.395571216190984160e+03 1.003354214033179259e+00
5.395599275960418709e+03 1.000090986608726862e+00
5.395627335875778954e+03 9.977077033503402026e-01
5.395655395937065805e+03 1.002543479211051247e+00
5.395683456144278352e+03 1.007150485134775009e+00
5.395711516497419325e+03 1.002525302774416094e+00
5.395739576996488722e+03 1.001432092314988420e+00
5.395767637641487454e+03 1.003268804070237996e+00
5.395795698432415520e+03 1.004761425080743287e+00
5.395823759369274740e+03 1.001313665619538273e+00
5.395851820452065112e+03 1.000053535328020438e+00
5.395879881680787548e+03 1.002873516508268947e+00
5.395907943055442956e+03 9.999288554339716972e-01
5.395936004576032246e+03 9.983079671291008594e-01
5.395964066242556328e+03 1.000627106730880289e+00
5.395992128055015201e+03 1.001588368062249268e+00
5.396020190013409774e+03 1.001105872799537666e+00
5.396048252117741868e+03 1.002135462435955304e+00
5.396076314368010571e+03 1.001982239132377384e+00
5.396104376764217704e+03 9.999804643420898698e-01
5.396132439306364176e+03 9.962430489888907115e-01
5.396160501994450897e+03 9.922586291342992970e-01
5.396188564828477865e+03 9.944135861732646964e-01
5.396216627808445992e+03 9.971865222040001697e-01
5.396244690934356186e+03 9.967798815820489988e-01
5.396272754206208447e+03 9.984298350274378731e-01
5.396300817624005504e+03 1.000747295208462173e+00
5.396328881187745537e+03 1.001762210080967774e+00
5.396356944897432186e+03 1.002554370249854498e+00
5.396385008753063630e+03 1.003046606269424990e+00
5.396413072754641689e+03 1.000079845775243781e+00
5.396441136902168182e+03 1.000144139866212090e+00
5.396469201195641290e+03 9.998462338579303665e-01
5.396497265635064650e+03 9.987124401871257939e-01
5.396525330220436445e+03 1.008620069877143033e+00
5.396553394951759401e+03 1.019339272962067833e+00
5.396581459829033520e+03 1.025208590252491891e+00
5.396609524852259710e+03 1.035473070871479884e+00
5.396637590021437973e+03 1.007751234852126920e+00
5.396665655336570126e+03 9.989068166234931212e-01
5.396693720797656169e+03 1.000800441949984299e+00
5.396721786404697013e+03 9.979542501412121958e-01
5.396749852157694477e+03 1.004594349017458477e+00
5.396777918056647650e+03 1.000164653466162790e+00
5.396805984101558352e+03 9.997368485004044514e-01
5.396834050292426582e+03 9.975310901492697724e-01
5.396862116629254160e+03 9.984286482479617364e-01
5.396890183112041086e+03 9.939531618933932222e-01
5.396918249740788269e+03 1.003440224140997872e+00
5.396946316515496619e+03 9.984566138573115479e-01
5.396974383436166136e+03 1.001991073572566782e+00
5.397002450502798638e+03 1.007351026181593001e+00
5.397030517715394126e+03 1.011035542091719641e+00
5.397058585073954418e+03 9.976811526431900168e-01
5.397086652578478606e+03 9.972272123215633055e-01
5.397114720228969418e+03 1.004835218219625181e+00
5.397142788025425943e+03 1.000147051235608986e+00
5.397170855967849093e+03 9.961273074471689304e-01
5.397198924056240685e+03 1.001363773743871199e+00
5.397226992290601629e+03 9.965549218791104336e-01
5.397255060670931016e+03 9.961753739847657441e-01
5.397283129197230664e+03 1.004910136705118084e+00
5.397311197869501484e+03 1.003493247773002972e+00
5.397339266687743475e+03 1.002747756212869712e+00
5.397367335651958456e+03 1.003904749119500117e+00
5.397395404762146427e+03 1.004397393493951629e+00
5.397423474018307388e+03 1.000442686040211138e+00
5.397451543420444068e+03 9.988075887888706594e-01
5.397479612968556467e+03 9.983576453092841696e-01
5.397507682662644584e+03 9.987642652432774382e-01
5.397535752502709329e+03 9.999158649652023501e-01
5.397563822488752521e+03 9.983433086457336181e-01
5.397591892620773251e+03 9.987112075210858864e-01
5.397619962898774247e+03 9.966467535673927403e-01
5.397648033322754600e+03 9.985327314247000041e-01
5.397676103892716128e+03 1.001162649217128164e+00
5.397704174608658832e+03 9.981567230990647799e-01
5.397732245470584530e+03 9.997583873061665072e-01
5.397760316478492314e+03 1.002679469574988547e+00
5.397788387632384911e+03 1.002429292260085925e+00
5.397816458932261412e+03 1.001383487589806442e+00
5.397844530378122727e+03 1.001559297618256794e+00
5.397872601969970674e+03 1.001186553223747389e+00
5.397900673707806163e+03 9.976148161743484399e-01
5.397928745591628285e+03 9.973504957992122000e-01
5.397956817621438859e+03 9.976910134697708488e-01
5.397984889797238793e+03 9.945423041422141175e-01
5.398012962119028998e+03 9.926310862650602473e-01
5.398041034586809474e+03 9.986197240832306310e-01
5.398069107200581129e+03 1.006343873950733991e+00
5.398097179960344874e+03 1.003096379324061482e+00
5.398125252866101619e+03 1.000514823085853822e+00
5.398153325917852271e+03 1.001353824409311200e+00
5.398181399115597742e+03 1.001819994752544130e+00
5.398209472459338031e+03 1.001739536779053585e+00
5.398237545949074047e+03 1.002144940263663297e+00
5.398265619584806700e+03 9.972408358957881580e-01
5.398293693366536900e+03 1.003199864798252738e+00
5.398321767294265555e+03 1.000524808404664512e+00
5.398349841367992667e+03 9.936973905851597122e-01
5.398377915587720054e+03 9.939278503748486537e-01
5.398405989953447715e+03 9.962996133172855595e-01
5.398434064465177471e+03 9.959231592674997469e-01
5.398462139122908411e+03 9.961797403738684720e-01
5.398490213926642355e+03 1.001664794141122306e+00
5.398518288876379302e+03 1.004323173114356260e+00
5.398546363972121071e+03 1.002486524471415841e+00
5.398574439213867663e+03 1.003273977230787262e+00
5.398602514601620896e+03 1.002669325725439764e+00
5.398630590135379862e+03 9.990945697998403485e-01
5.398658665815146378e+03 9.979081309561733670e-01
5.398686741640921355e+03 9.943677891485264153e-01
5.398714817612704792e+03 9.958281486365375690e-01
5.398742893730497599e+03 9.928346683788524807e-01
5.398770969994300685e+03 9.964223663768267958e-01
5.398799046404115870e+03 1.001521626831370693e+00
5.398827122959942244e+03 1.001360970810108331e+00
5.398855199661781626e+03 9.993242506572596051e-01
5.398883276509634015e+03 9.997395001845896800e-01
5.398911353503500322e+03 9.944959874811677425e-01
5.398939430643382366e+03 9.978727233890599679e-01
5.398967507929280146e+03 9.888702285915098589e-01
5.398995585361193662e+03 9.957214087720752671e-01
5.399023662939124733e+03 9.934775800793899103e-01
5.399051740663073360e+03 9.967649022270982373e-01
5.399079818533041362e+03 1.000146267231330821e+00
5.399107896549028737e+03 1.002683256156452929e+00
5.399135974711036397e+03 1.001227428666602082e+00
5.399164053019064340e+03 1.000007283061017160e+00
5.399192131473115296e+03 1.001816731166549568e+00
5.399220210073187445e+03 9.988718510199073863e-01
5.399248288819283516e+03 1.001286839758729785e+00
5.399276367711403509e+03 1.002847440934649503e+00
5.399304446749549243e+03 1.001594265563744202e+00
5.399332525933718898e+03 1.002325178975592479e+00
5.399360605263916113e+03 9.996883402219837178e-01
5.399388684740139979e+03 1.004621063145643811e+00
5.399416764362391405e+03 1.001218970391432705e+00
5.399444844130672209e+03 9.982609772260641057e-01
5.399472924044981482e+03 1.003002497767545798e+00
5.399501004105321954e+03 9.983110998956745696e-01
5.399529084311692714e+03 1.005772848009882869e+00
5.399557164664094671e+03 1.002291721409662939e+00
5.399585245162529645e+03 1.002095311828116175e+00
5.399613325806997636e+03 9.978740495571996050e-01
5.399641406597499554e+03 1.001378352364827862e+00
5.399669487534035397e+03 1.002081282377640603e+00
5.399697568616607896e+03 9.951114215522544049e-01
5.399725649845216140e+03 1.000855927678052648e+00
5.399753731219861038e+03 1.005609966330701655e+00
5.399781812740543501e+03 1.000720175046961424e+00
5.399809894407265347e+03 9.991386171472512734e-01
5.399837976220025666e+03 9.986333144947082685e-01
5.399866058178826279e+03 1.001122458554214667e+00
5.399894140283667184e+03 1.003281283070410979e+00
5.399922222534550201e+03 1.003251423438725087e+00
5.399950304931475330e+03 1.003126254941078210e+00
5.399978387474443480e+03 1.006523662638963312e+00
5.400006470163455560e+03 1.000461135676126156e+00
5.400034552998511572e+03 1.000511763820987277e+00
5.400062635979613333e+03 1.002041437960320192e+00
5.400090719106761753e+03 1.004847394771208657e+00
5.400118802379955923e+03 1.002509227915062473e+00
5.400146885799198571e+03 1.000082844755834532e+00
5.400174969364488788e+03 9.979144737952179156e-01
5.400203053075828393e+03 1.000782161006089410e+00
5.400231136933218295e+03 1.002011837617087675e+00
5.400259220936658494e+03 1.001379058934746658e+00
5.400287305086149900e+03 9.974941975494456825e-01
5.400315389381693421e+03 9.942801102232355914e-01
5.400343473823289969e+03 1.000553450899940966e+00
5.400371558410940452e+03 1.002135630030137836e+00
5.400399643144645779e+03 1.001452849244347298e+00
5.400427728024405042e+03 9.983982310555962192e-01
5.400455813050220968e+03 9.978128864991065994e-01
5.400483898222093558e+03 1.002063615342842828e+00
5.400511983540023721e+03 9.999715539234264039e-01
5.400540069004012366e+03 9.988962009281338039e-01
5.400568154614059495e+03 1.001317593403276973e+00
5.400596240370166015e+03 1.000124629244996566e+00
5.400624326272333747e+03 9.961531568647534751e-01
5.400652412320562689e+03 1.000128907202866735e+00
5.400680498514852843e+03 1.005281043069541136e+00
5.400708584855206936e+03 1.004893989928358655e+00
5.400736671341624060e+03 1.000888696935118727e+00
5.400764757974105123e+03 9.982258423534207115e-01
5.400792844752651945e+03 1.004009046461943777e+00
5.400820931677263616e+03 1.005531061008390070e+00
5.400849018747942864e+03 1.003636797968077143e+00
5.400877105964688781e+03 9.992829595547890742e-01
5.400905193327503184e+03 9.991495542015877973e-01
5.400933280836386075e+03 1.002777497383283478e+00
5.400961368491339272e+03 1.001740143515628567e+00
5.400989456292362775e+03 9.999431094095236894e-01
5.401017544239456583e+03 9.964545909207815910e-01
5.401045632332622517e+03 9.997813221365633440e-01
5.401073720571861486e+03 1.000435675585654938e+00
5.401101808957173489e+03 9.994420787730069478e-01
5.401129897488560346e+03 1.002640397211426171e+00
5.401157986166021146e+03 1.001299683444485167e+00
5.401186074989558620e+03 9.972927229203373267e-01
5.401214163959171856e+03 1.002333333119919345e+00
5.401242253074862674e+03 1.004349473793270997e+00
5.401270342336631984e+03 9.998849884350601291e-01
5.401298431744478876e+03 1.000040844276950169e+00
5.401326521298406078e+03 1.001950359150755476e+00
5.401354610998412682e+03 1.000612543201694571e+00
5.401382700844501414e+03 1.002646270075085555e+00
5.401410790836671367e+03 1.002683407727799514e+00
5.401438880974923450e+03 1.001091608210039841e+00
5.401466971259259481e+03 1.002991908903074547e+00
5.401495061689679460e+03 1.001865769973259157e+00
5.401523152266184297e+03 1.002593342403378829e+00
5.401551242988773993e+03 1.001563632770425816e+00
5.401579333857450365e+03 1.002635754539958235e+00
5.401607424872214324e+03 1.001800663056493512e+00
5.401635516033065869e+03 9.999932919538471188e-01
5.401663607340005910e+03 9.994377186159371096e-01
5.401691698793035357e+03 9.988628572044927489e-01
5.401719790392155119e+03 9.980410422698409167e-01
5.401747882137365195e+03 9.984244397277768357e-01
5.401775974028667406e+03 9.993881018236262515e-01
5.401804066066061750e+03 9.982728868526820065e-01
5.401832158249550048e+03 9.973034448866019419e-01
5.401860250579131389e+03 9.997125102226184223e-01
5.401888343054807592e+03 9.935954633094934429e-01
5.401916435676579567e+03 9.966539410610805172e-01
5.401944528444447315e+03 9.997671194723718457e-01
5.401972621358412653e+03 9.974722259162854821e-01
5.402000714418474672e+03 1.000311596250048396e+00
5.402028807624636102e+03 1.002483126216845877e+00
5.402056900976896031e+03 9.998027642823610339e-01
5.402084994475257190e+03 1.003612565938675427e+00
5.402113088119717759e+03 1.002980187469976858e+00
5.402141181910280466e+03 9.990266327766608168e-01
5.402169275846945311e+03 1.002807457492575383e+00
5.402197369929714114e+03 1.005116989727490973e+00
5.402225464158585055e+03 1.008029570959786625e+00
5.402253558533561772e+03 1.002186808363453974e+00
5.402281653054643357e+03 9.962292484837729223e-01
5.402309747721831627e+03 1.000809304552257695e+00
5.402337842535125674e+03 9.973478208309645154e-01
5.402365937494528225e+03 9.958823949150469312e-01
5.402394032600039282e+03 9.966855878774658617e-01
5.402422127851658843e+03 9.995845171593136236e-01
5.402450223249387818e+03 9.989823879795173278e-01
5.402478318793228937e+03 9.948870884363819611e-01
5.402506414483180379e+03 9.935557329122434167e-01
5.402534510319243964e+03 9.937590561097591202e-01
5.402562606301420601e+03 9.937411151274702092e-01
5.402590702429711200e+03 9.977435696002463494e-01
5.402618798704115761e+03 1.001566303427240845e+00
5.402646895124636103e+03 1.001103312702532167e+00
5.402674991691272226e+03 9.997186863482255825e-01
5.402703088404025038e+03 9.945971651869690566e-01
5.402731185262895451e+03 9.969888663407457940e-01
5.402759282267883464e+03 9.952684345702792479e-01
5.402787379418990895e+03 9.938635817248205884e-01
5.402815476716218654e+03 9.998143940222885551e-01
5.402843574159565833e+03 1.001372429061749614e+00
5.402871671749035158e+03 1.003234656943882364e+00
5.402899769484626631e+03 1.002877901239993763e+00
5.402927867366340251e+03 1.000231326821192201e+00
5.402955965394177838e+03 9.976227845658498516e-01
5.402984063568139391e+03 9.949704010261211096e-01
5.403012161888226728e+03 9.969160906567594571e-01
5.403040260354438942e+03 9.948586715875448183e-01
5.403068358966778760e+03 9.907179939394019641e-01
5.403096457725245273e+03 9.970836196684942365e-01
5.403124556629840299e+03 9.979138185486887691e-01
5.403152655680563839e+03 1.000109671735545325e+00
5.403180754877416803e+03 9.969566596193234487e-01
5.403208854220400099e+03 9.972094641336303189e-01
5.403236953709515547e+03 9.995340761274118524e-01
5.403265053344762237e+03 1.000567433992266331e+00
5.403293153126141988e+03 9.984347583149857375e-01
5.403321253053654800e+03 9.977757988137756495e-01
5.403349353127301583e+03 1.000874742349270319e+00
5.403377453347084156e+03 1.002743135065483182e+00
5.403405553713001609e+03 1.003145647673713503e+00
5.403433654225055761e+03 1.002219691110619149e+00
5.403461754883247522e+03 1.002323158895748412e+00
5.403489855687576892e+03 9.969920773289968619e-01
5.403517956638044780e+03 9.942212316584614351e-01
5.403546057734653004e+03 9.936608680242372538e-01
5.403574158977400657e+03 9.995355889916689440e-01
5.403602260366290466e+03 9.992318358055203298e-01
5.403630361901321521e+03 9.981928795801929821e-01
5.403658463582494733e+03 1.004735796042691698e+00
5.403686565409811010e+03 1.005623662788826200e+00
5.403714667383272172e+03 1.001936288045875978e+00
5.403742769502878218e+03 1.001340857907870419e+00
5.403770871768629149e+03 9.990185734521339622e-01
5.403798974180526784e+03 1.001699520308557911e+00
5.403827076738572032e+03 9.994177508442997349e-01
5.403855179442764893e+03 9.967000503773785214e-01
5.403883282293106276e+03 9.970307222744433373e-01
5.403911385289596183e+03 9.974768050097161387e-01
5.403939488432237340e+03 1.001079847731395356e+00
5.403967591721029748e+03 1.004631414229731012e+00
5.403995695155972498e+03 1.001443424573586150e+00
5.404023798737068319e+03 9.981479555978777229e-01
5.404051902464318118e+03 1.002139749084183018e+00
5.404080006337720988e+03 1.001038893518951811e+00
5.404108110357278747e+03 9.984226663143666025e-01
5.404136214522992304e+03 9.999977816022693755e-01
5.404164318834861660e+03 9.974124536199513447e-01
5.404192423292887725e+03 9.995439122362614892e-01
5.404220527897072316e+03 1.002401264646939572e+00
5.404248632647415434e+03 9.979726986727994742e-01
5.404276737543917079e+03 9.999079029853116252e-01
5.404304842586579980e+03 1.000664000963412015e+00
5.404332947775402317e+03 1.000082320068457431e+00
5.404361053110386820e+03 1.002436962104094942e+00
5.404389158591533487e+03 9.998251441970918973e-01
5.404417264218844139e+03 9.935717708489826272e-01
5.404445369992317865e+03 9.966832780610986875e-01
5.404473475911955575e+03 1.002843493038058087e+00
5.404501581977759997e+03 9.977277468773003699e-01
5.404529688189729313e+03 9.943670912250268668e-01
5.404557794547866251e+03 9.983843265604677164e-01
5.404585901052170811e+03 9.993142122950454675e-01
5.404614007702642994e+03 1.001125549276800086e+00
5.404642114499285526e+03 1.004545771663807319e+00
5.404670221442097500e+03 9.983606701256159122e-01
5.404698328531079824e+03 1.000642732982895522e+00
5.404726435766233408e+03 9.955944264392934118e-01
5.404754543147560071e+03 9.964494311027448648e-01
5.404782650675058903e+03 9.965297976288741699e-01
5.404810758348731724e+03 9.988173356197144193e-01
5.404838866168579443e+03 1.001245334214234450e+00
5.404866974134602060e+03 1.001996512989595134e+00
5.404895082246800484e+03 1.001348278094455146e+00
5.404923190505175626e+03 1.000543844301726271e+00
5.404951298909729303e+03 9.956513800223170119e-01
5.404979407460459697e+03 9.998948233803567343e-01
5.405007516157370446e+03 9.982468258730472499e-01
5.405035625000460641e+03 9.991283555438384978e-01
5.405063733989731190e+03 9.974609467249816452e-01
5.405091843125183004e+03 9.956246673868711650e-01
5.405119952406816992e+03 9.967018735602252155e-01
5.405148061834634063e+03 9.986532766008692219e-01
5.405176171408634218e+03 1.002128801619729837e+00
5.405204281128819275e+03 9.991064000059995953e-01
5.405232390995189235e+03 1.000084753880997823e+00
5.405260501007745006e+03 9.982176595377229011e-01
5.405288611166487499e+03 9.978156299192864065e-01
5.405316721471417623e+03 9.973570473453307050e-01
5.405344831922535377e+03 9.958338633662154882e-01
5.405372942519842582e+03 9.993499936922070059e-01
5.405401053263339236e+03 9.969726252177051329e-01
5.405429164153026250e+03 1.000292523101321551e+00
5.405457275188904532e+03 1.003890120377362027e+00
5.405485386370974993e+03 9.979891121129610410e-01
5.405513497699238542e+03 9.922020031209141111e-01
5.405541609173695178e+03 9.959176754133244325e-01
5.405569720794345812e+03 9.928001214146476849e-01
5.405597832561191353e+03 1.000429216351829131e+00
5.405625944474233620e+03 1.003251763038757849e+00
5.405654056533471703e+03 9.961839066243723950e-01
5.405682168738906512e+03 1.002955181672746665e+00
5.405710281090539866e+03 9.991760949742952702e-01
5.405738393588372674e+03 9.980470720703964460e-01
5.405766506232404026e+03 1.000471135736339834e+00
5.405794619022636653e+03 9.973945093435561127e-01
5.405822731959069642e+03 9.974479986544680932e-01
5.405850845041704815e+03 9.993117917368569136e-01
5.405878958270543080e+03 9.956870795958637776e-01
5.405907071645583528e+03 9.950115834014442440e-01
5.405935185166828887e+03 9.955379416344434240e-01
5.405963298834279158e+03 1.002592013381851999e+00
5.405991412647935249e+03 9.967477330336143027e-01
5.406019526607797161e+03 9.985070099227997265e-01
5.406047640713866713e+03 9.985159220299792970e-01
5.406075754966143904e+03 9.916608846415331247e-01
5.406103869364630555e+03 9.941657596312991618e-01
5.406131983909325754e+03 1.003581702320123226e+00
5.406160098600231322e+03 1.001527774133129434e+00
5.406188213437348168e+03 1.000240846198348965e+00
5.406216328420676291e+03 9.940798983745519068e-01
5.406244443550217511e+03 1.002692865747035089e+00
5.406272558825971828e+03 9.997180196785894202e-01
5.406300674247940151e+03 9.962978306146844654e-01
5.406328789816122480e+03 1.002433192364212466e+00
5.406356905530521544e+03 1.004809413232961690e+00
5.406385021391136434e+03 9.999360848833737103e-01
5.406413137397968057e+03 9.999312444586164750e-01
5.406441253551017326e+03 9.961508678015307261e-01
5.406469369850286057e+03 9.935899850148116608e-01
5.406497486295773342e+03 9.942713205869265769e-01
5.406525602887481000e+03 9.950355386142997194e-01
5.406553719625409940e+03 1.006110739605699855e+00
5.406581836509560162e+03 1.004417895408660000e+00
5.406609953539932576e+03 1.000173272150165493e+00
5.406638070716529000e+03 9.965074728749716559e-01
5.406666188039348526e+03 9.982899906135195289e-01
5.406694305508392972e+03 9.969066172218883359e-01
5.406722423123662338e+03 9.950659914557108410e-01
5.406750540885158443e+03 9.973082935779387093e-01
5.406778658792881288e+03 9.970562905525395259e-01
5.406806776846831781e+03 9.963567119525282845e-01
5.406834895047010832e+03 9.992287585261802052e-01
5.406863013393419351e+03 1.001827794310906405e+00
5.406891131886057337e+03 9.970178163679287442e-01
5.406919250524926611e+03 9.975425029465150306e-01
5.406947369310027170e+03 9.976059569473341160e-01
5.406975488241359926e+03 9.962925028177656017e-01
5.407003607318925788e+03 9.992566901907508070e-01
5.407031726542724755e+03 1.002909412078494711e+00
5.407059845912759556e+03 9.988279219684209620e-01
5.407087965429029282e+03 9.953990610381330262e-01
5.407116085091534842e+03 9.956628940878233802e-01
5.407144204900277145e+03 9.987299243183074271e-01
5.407172324855257102e+03 9.969960420867105544e-01
5.407200444956474712e+03 9.897883004676570895e-01
5.407228565203932703e+03 9.881167036354809863e-01
5.407256685597630167e+03 9.926619813250420199e-01
5.407284806137568012e+03 9.942872851509160226e-01
5.407312926823747148e+03 9.919066047356120963e-01
5.407341047656168485e+03 9.923707774547751992e-01
5.407369168634832931e+03 9.915658481858623530e-01
5.407397289759741398e+03 9.935856867462705688e-01
5.407425411030893883e+03 9.934931659126182701e-01
5.407453532448291298e+03 9.934300605288149955e-01
5.407481654011935461e+03 9.941988474985516966e-01
5.407509775721825463e+03 9.895603153002215935e-01
5.407537897577964031e+03 9.861788342943937913e-01
5.407566019580350257e+03 9.888745412241242150e-01
5.407594141728985051e+03 9.890107145552176071e-01
5.407622264023870230e+03 9.892017945539531842e-01
5.407650386465004885e+03 9.937850081785950529e-01
5.407678509052391746e+03 9.938918347326500813e-01
5.407706631786030812e+03 9.909007796993353212e-01
5.407734754665922082e+03 9.937785596220396478e-01
5.407762877692067377e+03 9.898656216430300470e-01
5.407791000864466696e+03 9.890853310760021611e-01
5.407819124183121858e+03 9.911584945856618534e-01
5.407847247648031953e+03 9.948635337860206596e-01
5.407875371259198801e+03 9.905427047955109865e-01
5.407903495016623310e+03 9.931799333840428678e-01
5.407931618920305482e+03 9.895737277827637568e-01
5.407959742970247135e+03 9.860284871991383815e-01
5.407987867166448268e+03 9.911794021983273417e-01
5.408015991508909792e+03 9.938991245511811234e-01
5.408044115997632616e+03 9.956275055956339548e-01
5.408072240632616740e+03 9.906321609882965395e-01
5.408100365413863983e+03 9.925753858500973026e-01
5.408128490341374345e+03 9.941597424493303636e-01
5.408156615415149645e+03 9.953890613255823583e-01
5.408184740635189883e+03 9.924062274116115523e-01
5.408212866001495058e+03 9.899974973889553720e-01
5.408240991514066991e+03 9.894571319402520881e-01
5.408269117172906590e+03 9.906815340679713255e-01
5.408297242978013855e+03 9.905967718213285478e-01
5.408325368929390606e+03 9.921995495844859736e-01
5.408353495027035933e+03 9.900829701976483488e-01
5.408381621270951655e+03 9.913551994988745175e-01
5.408409747661138681e+03 9.834259548637674930e-01
5.408437874197597921e+03 9.762890525539364983e-01
5.408466000880329375e+03 9.717478561889378863e-01
5.408494127709333952e+03 9.832735166259721771e-01
5.408522254684612562e+03 9.878090800994023812e-01
5.408550381806167024e+03 9.867947629960533984e-01
5.408578509073996429e+03 9.896194741342861922e-01
5.408606636488101685e+03 9.882204371232523599e-01
5.408634764048484612e+03 9.807259443123654830e-01
5.408662891755146120e+03 9.747256060145672585e-01
5.408691019608085298e+03 9.734245598663020527e-01
5.408719147607303967e+03 9.776799193061288529e-01
5.408747275752803034e+03 9.823229569293855379e-01
5.408775404044583411e+03 9.827278901226934593e-01
5.408803532482645096e+03 9.844051790141219449e-01
5.408831661066989000e+03 9.850153947609753269e-01
5.408859789797616941e+03 9.847796885469676242e-01
5.408887918674528009e+03 9.869176591931793086e-01
5.408916047697724025e+03 9.844169701458838073e-01
5.408944176867205897e+03 9.823414202859788169e-01
5.408972306182974535e+03 9.784436275599421862e-01
5.409000435645029029e+03 9.815178459713247427e-01
5.409028565253372108e+03 9.820191639338798906e-01
5.409056695008003771e+03 9.809223993801979846e-01
5.409084824908924020e+03 9.829406687575813484e-01
5.409112954956134672e+03 9.783011999737066811e-01
5.409141085149636638e+03 9.816860566674870947e-01
5.409169215489429916e+03 9.818583805965621636e-01
5.409197345975515418e+03 9.739819868381004442e-01
5.409225476607894052e+03 9.720361077190744492e-01
5.409253607386566728e+03 9.693111165542871444e-01
5.409281738311533445e+03 9.700509272267245908e-01
5.409309869382796933e+03 9.674583529658890013e-01
5.409338000600355372e+03 9.649289163422762883e-01
5.409366131964211490e+03 9.738629802234451960e-01
5.409394263474364379e+03 9.638572056395492416e-01
5.409422395130815858e+03 9.700735371012199071e-01
5.409450526933567744e+03 9.758019155692980728e-01
5.409478658882618220e+03 9.686744138786466118e-01
5.409506790977970013e+03 9.688349171581807084e-01
5.409534923219623124e+03 9.650078016967794658e-01
5.409563055607579372e+03 9.656124084750531411e-01
5.409591188141837847e+03 9.682095655928724121e-01
5.409619320822399459e+03 9.684809543660993780e-01
5.409647453649266936e+03 9.687272568506440917e-01
5.409675586622438459e+03 9.679643042023605704e-01
5.409703719741916757e+03 9.615196492432236397e-01
5.409731853007701829e+03 9.634207118695189420e-01
5.409759986419794586e+03 9.599098916816596327e-01
5.409788119978195027e+03 9.597610710169909298e-01
5.409816253682904971e+03 9.627777997217360495e-01
5.409844387533925328e+03 9.549534918903235248e-01
5.409872521531255188e+03 9.497310140155538205e-01
5.409900655674897280e+03 9.426753955309318256e-01
5.409928789964851603e+03 9.315183456949240881e-01
5.409956924401118158e+03 9.330961215445131574e-01
5.409985058983698764e+03 9.421064857373783186e-01
5.410013193712594330e+03 9.480883116697628177e-01
5.410041328587803946e+03 9.514104875141797812e-01
5.410069463609330342e+03 9.500419172730043549e-01
5.410097598777173516e+03 9.464974710035830574e-01
5.410125734091333470e+03 9.488744055798168375e-01
5.410153869551812022e+03 9.409447760356693946e-01
5.410182005158609172e+03 9.331819408190785703e-01
5.410210140911726739e+03 9.336879409793377160e-01
5.410238276811164724e+03 9.383482862826401094e-01
5.410266412856924035e+03 9.455874991645927263e-01
5.410294549049004672e+03 9.463844791706189641e-01
5.410322685387408455e+03 9.490705247959652091e-01
5.410350821872136294e+03 9.399802653463893432e-01
5.410378958503188187e+03 9.369943609266863094e-01
5.410407095280565045e+03 9.385769928266723960e-01
5.410435232204267777e+03 9.427609990980663213e-01
5.410463369274296383e+03 9.399841876627474946e-01
5.410491506490653592e+03 9.381628602755797131e-01
5.410519643853338493e+03 9.394561342120276715e-01
5.410547781362351998e+03 9.347729555785887490e-01
5.410575919017695014e+03 9.309217752462023432e-01
5.410604056819368452e+03 9.374655813822626582e-01
5.410632194767373221e+03 9.305255191068615428e-01
5.410660332861710231e+03 9.345060788696186727e-01
5.410688471102379481e+03 9.373221176770220042e-01
5.410716609489382790e+03 9.309122598947177085e-01
5.410744748022720159e+03 9.311816797928209599e-01
5.410772886702391588e+03 9.306903822374481550e-01
5.410801025528399805e+03 9.280982109269325653e-01
5.410829164500743900e+03 9.251079779801761882e-01
5.410857303619425693e+03 9.285288325080610639e-01
5.410885442884445183e+03 9.289167559700935994e-01
5.410913582295804190e+03 9.291825865257411499e-01
5.410941721853501804e+03 9.294688217577615763e-01
5.410969861557539843e+03 9.269923222355335168e-01
5.410998001407919219e+03 9.214516355830668637e-01
5.411026141404639930e+03 9.262073113515133516e-01
5.411054281547703795e+03 9.225770141116368395e-01
5.411082421837110815e+03 9.215086946551195313e-01
5.411110562272861898e+03 9.200600667667154786e-01
5.411138702854957955e+03 9.213554264127550297e-01
5.411166843583399896e+03 9.242996328943879902e-01
5.411194984458187719e+03 9.227846217388014916e-01
5.411223125479323244e+03 9.195825636045160678e-01
5.411251266646805561e+03 9.169417685947519603e-01
5.411279407960637400e+03 9.159597950079907402e-01
5.411307549420818759e+03 9.161799565289281411e-01
5.411335691027350549e+03 9.141476919321329664e-01
5.411363832780232769e+03 9.170007660956289719e-01
5.411391974679466330e+03 9.155954379229669371e-01
5.411420116725053049e+03 9.162447269727079791e-01
5.411448258916992927e+03 9.163069444394692509e-01
5.411476401255286873e+03 9.150226886052722497e-01
5.411504543739934888e+03 9.129790930452419406e-01
5.411532686370938791e+03 9.152649645863943917e-01
5.411560829148299490e+03 9.167434760139629990e-01
5.411588972072016986e+03 9.114132159129427757e-01
5.411617115142091279e+03 9.117258546801843000e-01
5.411645258358525098e+03 9.144116653966347652e-01
5.411673401721318442e+03 9.094209697915719426e-01
5.411701545230471311e+03 9.073060270271611216e-01
5.411729688885985524e+03 9.076358393695580506e-01
5.411757832687861082e+03 9.132032133253448203e-01
5.411785976636098894e+03 9.093328289217877947e-01
5.411814120730699869e+03 9.117827012228040262e-01
5.411842264971664918e+03 9.061180765760227240e-01
5.411870409358994948e+03 9.063394434341714989e-01
5.411898553892689961e+03 9.072355070591865411e-01
5.411926698572750865e+03 9.097051502256831013e-01
5.411954843399178571e+03 9.048636832828744758e-01
5.411982988371974898e+03 9.051296758260838349e-01
5.412011133491138935e+03 9.049731310755857461e-01
5.412039278756672502e+03 9.049686683358274530e-01
5.412067424168576508e+03 9.089816291780868918e-01
5.412095569726850044e+03 9.073038302063999305e-01
5.412123715431495839e+03 9.044309404319215151e-01
5.412151861282513892e+03 9.008605266207372342e-01
5.412180007279905112e+03 8.983990020311376501e-01
5.412208153423670410e+03 9.055342187860033754e-01
5.412236299713809785e+03 9.101363625123087830e-01
5.412264446150324147e+03 9.117964534542588595e-01
5.412292592733215315e+03 9.111757400632832793e-01
5.412320739462482379e+03 9.124338680461714368e-01
5.412348886338128068e+03 9.139125929222947642e-01
5.412377033360151472e+03 9.105803013583794181e-01
5.412405180528553501e+03 9.120891843404992372e-01
5.412433327843336883e+03 9.079416423940339653e-01
5.412461475304499800e+03 9.073756178512751847e-01
5.412489622912044069e+03 9.092844870846769068e-01
5.412517770665970602e+03 9.053073904559343354e-01
5.412545918566280307e+03 9.041649621782789081e-01
5.412574066612974093e+03 9.140955996326100008e-01
5.412602214806051961e+03 9.005111328085936284e-01
5.412630363145514821e+03 9.036948709021143111e-01
5.412658511631363581e+03 9.012667082330626522e-01
5.412686660263599151e+03 9.101403076896645850e-01
5.412714809042222441e+03 9.166324552797632252e-01
5.412742957967234361e+03 9.180175170904584236e-01
5.412771107038634909e+03 9.166928736093599150e-01
5.412799256256424997e+03 9.150321927206324091e-01
5.412827405620605532e+03 9.205813170032663972e-01
5.412855555131177425e+03 9.182497646931654378e-01
5.412883704788141586e+03 9.194168702023893802e-01
5.412911854591498923e+03 9.210694388231820406e-01
5.412940004541249436e+03 9.224752579443198375e-01
5.412968154637394036e+03 9.232850596760835415e-01
5.412996304879933632e+03 9.223195707922836606e-01
5.413024455268870042e+03 9.214656466332963314e-01
5.413052605804202358e+03 9.262355822431966867e-01
5.413080756485932397e+03 9.277936204587262647e-01
5.413108907314060161e+03 9.272121937483158716e-01
5.413137058288586559e+03 9.252688217339302135e-01
5.413165209409513409e+03 9.252091534327018252e-01
5.413193360676840712e+03 9.249508398739150206e-01
5.413221512090568467e+03 9.275446763960525365e-01
5.413249663650698494e+03 9.286893315021453876e-01
5.413277815357231702e+03 9.293154897925247626e-01
5.413305967210168092e+03 9.268540986785419600e-01
5.413334119209508572e+03 9.241459183032728619e-01
5.413362271355254052e+03 9.245271945745043851e-01
5.413390423647405441e+03 9.319960420986360683e-01
5.413418576085963650e+03 9.366850720648108863e-01
5.413446728670928678e+03 9.320594297678711504e-01
5.413474881402302344e+03 9.352859041370763515e-01
5.413503034280083739e+03 9.342621293906687718e-01
5.413531187304275591e+03 9.244035459044687153e-01
5.413559340474877899e+03 9.225698594263254115e-01
5.413587493791890665e+03 9.321652791319215980e-01
5.413615647255315707e+03 9.360452866781164838e-01
5.413643800865153025e+03 9.456611306297170172e-01
5.413671954621403529e+03 9.458380440830060909e-01
5.413700108524069037e+03 9.468204926455876524e-01
5.413728262573148641e+03 9.510699807306782771e-01
5.413756416768644158e+03 9.537665013644248679e-01
5.413784571110556499e+03 9.503531999825076682e-01
5.413812725598885663e+03 9.495914482715236415e-01
5.413840880233632561e+03 9.488626159699407037e-01
5.413869035014798101e+03 9.540052917747707806e-01
5.413897189942383193e+03 9.576207680890808094e-01
5.413925345016388746e+03 9.535758797239388684e-01
5.413953500236815671e+03 9.560794069582460031e-01
5.413981655603663967e+03 9.560928131241951400e-01
5.414009811116934543e+03 9.580831123722511888e-01
5.414037966776628309e+03 9.595317735131064785e-01
5.414066122582747084e+03 9.667050816404529900e-01
5.414094278535289959e+03 9.611017380126651855e-01
5.414122434634257843e+03 9.635168047035488348e-01
5.414150590879652555e+03 9.603040447790721634e-01
5.414178747271475004e+03 9.593721127845524776e-01
5.414206903809724281e+03 9.636558349542787560e-01
5.414235060494402205e+03 9.610938863680256183e-01
5.414263217325510595e+03 9.656690292992079483e-01
5.414291374303048542e+03 9.669320605131827007e-01
5.414319531427016955e+03 9.660180611867574818e-01
5.414347688697416743e+03 9.683861227190116994e-01
5.414375846114249725e+03 9.651356760446405669e-01
5.414404003677515902e+03 9.685313747951882490e-01
5.414432161387215274e+03 9.676191195231840236e-01
5.414460319243350568e+03 9.663210023732889953e-01
5.414488477245919967e+03 9.665089123800516546e-01
5.414516635394926197e+03 9.644728995565403640e-01
5.414544793690369261e+03 9.647438892298098034e-01
5.414572952132250975e+03 9.647047225389114855e-01
5.414601110720570432e+03 9.701744820055744345e-01
5.414629269455328540e+03 9.707134245580026910e-01
5.414657428336528028e+03 9.765121661721282154e-01
5.414685587364167077e+03 9.753827282056640735e-01
5.414713746538248415e+03 9.732583209808001179e-01
5.414741905858772043e+03 9.721654871520798435e-01
5.414770065325737960e+03 9.560900647870970159e-01
5.414798224939148895e+03 9.412598654653755448e-01
5.414826384699003938e+03 9.544281674966722528e-01
5.414854544605304000e+03 9.673127240908627744e-01
5.414882704658049988e+03 9.757265297219128719e-01
5.414910864857243723e+03 9.800290970639317090e-01
5.414939025202884295e+03 9.805469758308215100e-01
5.414967185694973523e+03 9.825383994411418520e-01
5.414995346333512316e+03 9.826953421169835057e-01
5.415023507118500675e+03 9.818121367869278027e-01
5.415051668049939508e+03 9.848204334426867712e-01
5.415079829127830635e+03 9.863065600406986100e-01
5.415107990352173147e+03 9.875257795753401568e-01
5.415136151722968862e+03 9.869819447329354345e-01
5.415164313240218689e+03 9.876162605786238391e-01
5.415192474903922630e+03 9.848089199268286187e-01
5.415220636714081593e+03 9.871956795312539779e-01
5.415248798670697397e+03 9.878322156107525176e-01
5.415276960773769133e+03 9.916292869903977625e-01
5.415305123023298620e+03 9.936754105920623248e-01
5.415333285419286767e+03 9.910897335733122038e-01
5.415361447961733575e+03 9.841608939934816114e-01
5.415389610650640861e+03 9.843496394583165499e-01
5.415417773486008628e+03 9.910441065231061497e-01
5.415445936467836873e+03 9.880119619188761915e-01
5.415474099596128326e+03 9.891973160064552184e-01
5.415502262870882078e+03 9.910311418533643835e-01
5.415530426292099037e+03 9.864363650664851324e-01
5.415558589859781023e+03 9.912362149195977912e-01
5.415586753573928036e+03 9.859405260994504872e-01
5.415614917434540985e+03 9.851696317525933111e-01
5.415643081441620780e+03 9.937437893871289285e-01
5.415671245595167420e+03 9.915191344663056849e-01
5.415699409895182725e+03 9.925635855525076767e-01
5.415727574341666696e+03 9.945590800994256186e-01
5.415755738934621149e+03 9.933542672234568771e-01
5.415783903674045177e+03 9.970298267003231407e-01
5.415812068559941508e+03 9.983506565240175545e-01
5.415840233592309232e+03 9.965185536530913879e-01
5.415868398771149259e+03 9.946722616068613965e-01
5.415896564096463408e+03 9.908384145239904628e-01
5.415924729568251678e+03 9.887470278700376536e-01
5.415952895186514979e+03 9.898450588806751993e-01
5.415981060951254221e+03 9.911146216587300994e-01
5.416009226862470314e+03 9.909669370342950590e-01
5.416037392920163256e+03 9.917365550746436442e-01
5.416065559124334868e+03 9.906733353689041177e-01
5.416093725474985149e+03 9.912471000696101431e-01
5.416121891972115009e+03 9.957840666070919555e-01
5.416150058615724447e+03 9.999564990387699304e-01
5.416178225405816193e+03 9.991564954937457443e-01
5.416206392342389336e+03 9.925385960952053388e-01
5.416234559425445696e+03 9.984137174254342773e-01
5.416262726654985272e+03 9.908456089380351939e-01
5.416290894031008065e+03 1.000581179226403661e+00
5.416319061553516804e+03 9.933355474498817284e-01
5.416347229222511487e+03 9.923362557398814898e-01
5.416375397037992116e+03 9.940687965413552707e-01
5.416403564999960508e+03 9.930070234549557284e-01
5.416431733108416665e+03 9.938450039467948693e-01
5.416459901363361496e+03 9.947933335326927251e-01
5.416488069764795910e+03 9.971440677812062336e-01
5.416516238312719906e+03 9.939254996055860714e-01
5.416544407007136215e+03 9.902729296458223640e-01
5.416572575848043925e+03 9.923553570004408630e-01
5.416600744835443948e+03 9.924012405403507264e-01
5.416628913969337191e+03 9.922581258104160584e-01
5.416657083249724565e+03 9.941238940236707400e-01
5.416685252676606979e+03 9.919824310247622456e-01
5.416713422249985342e+03 9.942369764872948101e-01
5.416741591969859655e+03 1.000199114697530423e+00
5.416769761836231737e+03 1.000643767995836875e+00
5.416797931849101587e+03 9.930436607544689265e-01
5.416826102008469206e+03 9.996801529236754025e-01
5.416854272314337322e+03 9.908031496979932129e-01
5.416882442766705026e+03 9.944940997583208153e-01
5.416910613365574136e+03 9.980793728478500881e-01
5.416938784110944653e+03 1.001188420323507744e+00
5.416966955002817485e+03 1.000007886906790100e+00
5.416995126041194453e+03 9.932837396588741763e-01
5.417023297226074646e+03 9.925541714682567518e-01
5.417051468557459884e+03 9.958484055910853394e-01
5.417079640035350167e+03 9.963008567602172905e-01
5.417107811659747313e+03 9.941466306559880728e-01
5.417135983430651322e+03 9.933271652135803320e-01
5.417164155348063105e+03 9.964849342984412051e-01
5.417192327411983570e+03 9.953602141535806691e-01
5.417220499622413627e+03 9.941422192779491018e-01
5.417248671979353276e+03 9.980521093570818847e-01
5.417276844482804336e+03 9.960086633270780476e-01
5.417305017132766807e+03 9.933476356404014052e-01
5.417333189929241598e+03 9.915730067689086935e-01
5.417361362872229620e+03 9.932710906759659730e-01
5.417389535961730871e+03 9.908835875805689364e-01
5.417417709197748081e+03 9.998518397231904720e-01
5.417445882580279431e+03 1.000391375193841581e+00
5.417474056109327648e+03 9.994519366235684599e-01
5.417502229784893643e+03 9.978648528205009693e-01
5.417530403606976506e+03 9.975276656660786445e-01
5.417558577575577146e+03 1.000988031759752150e+00
5.417586751690698293e+03 9.995916990231776822e-01
5.417614925952339036e+03 9.956709649981259069e-01
5.417643100360500284e+03 9.947666412156463966e-01
5.417671274915182948e+03 9.937746995967372543e-01
5.417699449616388847e+03 9.915834937498223534e-01
5.417727624464117071e+03 9.949553915248511293e-01
5.417755799458369438e+03 9.983486504308205500e-01
5.417783974599145949e+03 1.001015838495586063e+00
5.417812149886448424e+03 9.994697842818140998e-01
5.417840325320275952e+03 9.985857988670860941e-01
5.417868500900631261e+03 9.995590459246154191e-01
5.417896676627514353e+03 1.001269076501990485e+00
5.417924852500925226e+03 9.994132255856205127e-01
5.417953028520865701e+03 9.979411009373201358e-01
5.417981204687335776e+03 9.988936923108910904e-01
5.418009381000336361e+03 9.960560922243375526e-01
5.418037557459869276e+03 9.962742048146241425e-01
5.418065734065933611e+03 1.000329515590091756e+00
5.418093910818531185e+03 9.994363672237167595e-01
5.418122087717661998e+03 9.938738127790720522e-01
5.418150264763327868e+03 9.994469812237660733e-01
5.418178441955528797e+03 1.004318629470449808e+00
5.418206619294265693e+03 1.002976881639583429e+00
5.418234796779539465e+03 1.000581847377517430e+00
5.418262974411351024e+03 9.987195919218362361e-01
5.418291152189700369e+03 9.978298909457631316e-01
5.418319330114589320e+03 9.956468881599984666e-01
5.418347508186017876e+03 9.932118997899178625e-01
5.418375686403986947e+03 9.889095004447051585e-01
5.418403864768497442e+03 9.972619668286050176e-01
5.418432043279550271e+03 9.952662362772275451e-01
5.418460221937145434e+03 9.954945390918426007e-01
5.418488400741284750e+03 9.966762025543516312e-01
5.418516579691968218e+03 1.002375126515739012e+00
5.418544758789196749e+03 9.980134685193243760e-01
5.418572938032971251e+03 1.002961620167897694e+00
5.418601117423292635e+03 1.002078952895335995e+00
5.418629296960161810e+03 9.994356302834304095e-01
5.418657476643578775e+03 9.961750398067232837e-01
5.418685656473544441e+03 9.927528842007288246e-01
5.418713836450059716e+03 9.853789073941107146e-01
5.418742016573126421e+03 9.808730259860544143e-01
5.418770196842743644e+03 9.885797759926803208e-01
5.418798377258913206e+03 9.966918580952091045e-01
5.418826557821635106e+03 9.993995276074247869e-01
5.418854738530911163e+03 9.929184203327034997e-01
5.418882919386740468e+03 9.950787529618462246e-01
5.418911100389125750e+03 9.989164883598711242e-01
5.418939281538067007e+03 9.965331125274776713e-01
5.418967462833564241e+03 1.001114445243943996e+00
5.418995644275619270e+03 9.966907568503147186e-01
5.419023825864232094e+03 1.002350916584012985e+00
5.419052007599404533e+03 9.982498557910675085e-01
5.419080189481135676e+03 1.000316334567967314e+00
5.419108371509427343e+03 9.979346593089328810e-01
5.419136553684280443e+03 9.933785132110607430e-01
5.419164736005695886e+03 9.968984708916533988e-01
5.419192918473673672e+03 9.976679293861495657e-01
5.419221101088214709e+03 9.977293207265717223e-01
5.419249283849319909e+03 9.966870220215555687e-01
5.419277466756990179e+03 1.000607516103712458e+00
5.419305649811226431e+03 1.000882405488887628e+00
5.419333833012029572e+03 9.998700140172538386e-01
5.419362016359399604e+03 9.955609418742312755e-01
5.419390199853337435e+03 9.987099901286932147e-01
5.419418383493843976e+03 1.000153035545356950e+00
5.419446567280920135e+03 9.965157738469743176e-01
5.419474751214566822e+03 1.001001450204310306e+00
5.419502935294784038e+03 9.983784532646460264e-01
5.419531119521573601e+03 1.001090680117905807e+00
5.419559303894936420e+03 1.001080388952592770e+00
5.419587488414871586e+03 9.934080628376559252e-01
5.419615673081380919e+03 1.001641528261851377e+00
5.419643857894465327e+03 9.998749743249106814e-01
5.419672042854125721e+03 1.003865734018532851e+00
5.419700227960362099e+03 1.000586291435536124e+00
5.419728413213176282e+03 9.951564111267815482e-01
5.419756598612567359e+03 9.921213657372296435e-01
5.419784784158538059e+03 9.873697282674880338e-01
5.419812969851087473e+03 9.794153447026844317e-01
5.419841155690217420e+03 9.781838749520608278e-01
5.419869341675928808e+03 9.867656839853162776e-01
5.419897527808221639e+03 9.885593394055730565e-01
5.419925714087096821e+03 9.989206776240528995e-01
5.419953900512555265e+03 9.971302522116513023e-01
5.419982087084597879e+03 1.003911935349295570e+00
5.420010273803225573e+03 9.983310566347596282e-01
5.420038460668438347e+03 9.985486854057026296e-01
5.420066647680237111e+03 9.994437489252530060e-01
5.420094834838623683e+03 1.002800298443117688e+00
5.420123022143598064e+03 1.003934183064341124e+00
5.420151209595160253e+03 1.004584520453797536e+00
5.420179397193312980e+03 1.001844405174777242e+00
5.420207584938055334e+03 9.987989871185476431e-01
5.420235772829388225e+03 9.992257537987155880e-01
5.420263960867313472e+03 1.002570548499682301e+00
5.420292149051830165e+03 1.000789414724114090e+00
5.420320337382941034e+03 1.002020068203097081e+00
5.420348525860645168e+03 1.001753058469530666e+00
5.420376714484944387e+03 9.986890343555634431e-01
5.420404903255838690e+03 1.001035367129481823e+00
5.420433092173329896e+03 9.970802424122461316e-01
5.420461281237418007e+03 9.980881034879589553e-01
5.420489470448103020e+03 1.004479953031199413e+00
5.420517659805387666e+03 1.008042657234761386e+00
5.420545849309271034e+03 1.006224507597319962e+00
5.420574038959754034e+03 1.002201594954124975e+00
5.420602228756838485e+03 9.973153519972337566e-01
5.420630418700524388e+03 9.977158583753070742e-01
5.420658608790811741e+03 9.987300560674242655e-01
5.420686799027703273e+03 9.956601135734393093e-01
5.420714989411198076e+03 9.944037433341677001e-01
5.420743179941297967e+03 9.937342908478061787e-01
5.420771370618002948e+03 9.854540805889783206e-01
5.420799561441314836e+03 9.850480862343078403e-01
5.420827752411232723e+03 9.953951530584590479e-01
5.420855943527758427e+03 9.946008072891396878e-01
5.420884134790892858e+03 1.000355644238847930e+00
5.420912326200636016e+03 1.000263471617203637e+00
5.420940517756989721e+03 1.003592483441795968e+00
5.420968709459953061e+03 9.975191604594386696e-01
5.420996901309528766e+03 9.934598796209426208e-01
5.421025093305716837e+03 9.950543249350528585e-01
5.421053285448517272e+03 9.832839499820984486e-01
5.421081477737931891e+03 9.743505397452025818e-01
5.421109670173961604e+03 9.820639440880181148e-01
5.421137862756605500e+03 9.924958814708308985e-01
5.421166055485866309e+03 9.967434399075038032e-01
5.421194248361743121e+03 1.002271601019052438e+00
5.421222441384238664e+03 1.000857220722114693e+00
5.421250634553351119e+03 1.001385063676463849e+00
5.421278827869084125e+03 9.978208923906948247e-01
5.421307021331435863e+03 1.000801524982449342e+00
5.421335214940409060e+03 9.983335853094459367e-01
5.421363408696002807e+03 9.994017852081984454e-01
5.421391602598218924e+03 1.000504889328931002e+00
5.421419796647058320e+03 1.004685622005961454e+00
5.421447990842521904e+03 1.004044120945029261e+00
5.421476185184608767e+03 9.998342649089713152e-01
5.421504379673321637e+03 1.004179793723658509e+00
5.421532574308660514e+03 1.001970965696449278e+00
5.421560769090625399e+03 9.967760846108018047e-01
5.421588964019218110e+03 9.957296839146094758e-01
5.421617159094439558e+03 9.900581753959420972e-01
5.421645354316289740e+03 9.865708493951920177e-01
5.421673549684769569e+03 9.969274906983940365e-01
5.421701745199879952e+03 1.000264159752081383e+00
5.421729940861620889e+03 1.002506934013498663e+00
5.421758136669995110e+03 1.001258967269549549e+00
5.421786332625001705e+03 1.002285986413768315e+00
5.421814528726641583e+03 9.958011756937794612e-01
5.421842724974916564e+03 9.980313570824639324e-01
5.421870921369825737e+03 1.002191803332734610e+00
5.421899117911371832e+03 1.003182250509080609e+00
5.421927314599553938e+03 1.004060045356994335e+00
5.421955511434372966e+03 1.000812370000293772e+00
5.421983708415830733e+03 1.002552270561877235e+00
5.422011905543928151e+03 1.001823680962103946e+00
5.422040102818664309e+03 1.000914760762410705e+00
5.422068300240041026e+03 9.995569720634200905e-01
5.422096497808059212e+03 9.997542376044394885e-01
5.422124695522718866e+03 1.001801149975415139e+00
5.422152893384021809e+03 9.999791696169018085e-01
5.422181091391968039e+03 9.987074000239783977e-01
5.422209289546558466e+03 1.006112642794939838e+00
5.422237487847794000e+03 1.004414607317981822e+00
5.422265686295675550e+03 1.000636332508119786e+00
5.422293884890204026e+03 1.002960335934325320e+00
5.422322083631379428e+03 9.993931314633403007e-01
5.422350282519202665e+03 1.000873210322363649e+00
5.422378481553674646e+03 1.005839197783429118e+00
5.422406680734796282e+03 1.001983806389042719e+00
5.422434880062568482e+03 1.000949929739724631e+00
5.422463079536992154e+03 1.001070549488145112e+00
5.422491279158067300e+03 1.001845419093901457e+00
5.422519478925794829e+03 1.001596967002287286e+00
5.422547678840176559e+03 9.999965574140379232e-01
5.422575878901211581e+03 1.001722622970210530e+00
5.422604079108902624e+03 9.992760754407392643e-01
5.422632279463247869e+03 9.946184610182230434e-01
5.422660479964250953e+03 9.991178550413770676e-01
5.422688680611910968e+03 9.977670323617836567e-01
5.422716881406228822e+03 1.002304127167098491e+00
5.422745082347205425e+03 1.004454405972862174e+00
5.422773283434841687e+03 1.002921637768230845e+00
5.422801484669137608e+03 9.977100743085891565e-01
5.422829686050095006e+03 9.993373143389518987e-01
5.422857887577714791e+03 1.002537285166778425e+00
5.422886089251996054e+03 1.003036936795334677e+00
5.422914291072941523e+03 1.002557939564923117e+00
5.422942493040551199e+03 1.002613187552465757e+00
5.422970695154825080e+03 1.000470251578034597e+00
5.422998897415764986e+03 9.997295630173935743e-01
5.423027099823370918e+03 9.951394668439682567e-01
5.423055302377643784e+03 9.976684689897502567e-01
5.423083505078585404e+03 9.962065956449529525e-01
5.423111707926194867e+03 9.978258691121200119e-01
5.423139910920474904e+03 1.000838258853271823e+00
5.423168114061423694e+03 9.975598695246058467e-01
5.423196317349044875e+03 1.001659341137825621e+00
5.423224520783336629e+03 1.003550849290268054e+00
5.423252724364301685e+03 1.003850184017103686e+00
5.423280928091939131e+03 1.003913002461350290e+00
5.423309131966251698e+03 9.905929272283366949e-01
5.423337335987238475e+03 9.872145578633299001e-01
5.423365540154900373e+03 9.788026050408695777e-01
5.423393744469239209e+03 9.723146957185763162e-01
5.423421948930254985e+03 9.805908206605110644e-01
5.423450153537948609e+03 9.909669209412335089e-01
5.423478358292320081e+03 9.986046889108247671e-01
5.423506563193372131e+03 9.992368456868070403e-01
5.423534768241103848e+03 9.931755634833764335e-01
5.423562973435516142e+03 9.932690562091420761e-01
5.423591178776609922e+03 9.973345453726680798e-01
5.423619384264386099e+03 1.001391836347693021e+00
5.423647589898846491e+03 1.002497010022055157e+00
5.423675795679989278e+03 1.003270767022110599e+00
5.423704001607818100e+03 1.000886886861774627e+00
5.423732207682332046e+03 1.001791475749495453e+00
5.423760413903532026e+03 1.003479318784423313e+00
5.423788620271418949e+03 1.001255854844526727e+00
5.423816826785993726e+03 1.007575585504411064e+00
5.423845033447256355e+03 9.929008520825117756e-01
5.423873240255208657e+03 9.986447697574293292e-01
5.423901447209851540e+03 1.000331764500766552e+00
5.423929654311185004e+03 1.003610155089934564e+00
5.423957861559209960e+03 1.005196119029257540e+00
5.423986068953927315e+03 9.996563152288242549e-01
5.424014276495337072e+03 9.983128903742325422e-01
5.424042484183441047e+03 9.997488645780649996e-01
5.424070692018240152e+03 1.005061718625953615e+00
5.424098899999734385e+03 9.980101163139524223e-01
5.424127108127924657e+03 9.960520476740765128e-01
5.424155316402811877e+03 1.002030401944042248e+00
5.424183524824396045e+03 9.950778814014902274e-01
5.424211733392679889e+03 1.004692833399785767e+00
5.424239942107662500e+03 1.004392199676720221e+00
5.424268150969344788e+03 1.003290256278385417e+00
5.424296359977727661e+03 1.000396329831135134e+00
5.424324569132812030e+03 9.953845037461410694e-01
5.424352778434598804e+03 9.974857036265311061e-01
5.424380987883088892e+03 9.966575117373694948e-01
5.424409197478282294e+03 9.928578561686125514e-01
5.424437407220180830e+03 9.940936574436772810e-01
5.424465617108783590e+03 1.000807696871903518e+00
5.424493827144093302e+03 9.961829845364763569e-01
5.424522037326109967e+03 9.959079896237849061e-01
5.424550247654833584e+03 9.962482077261384239e-01
5.424578458130265972e+03 1.003145286013648496e+00
5.424606668752407131e+03 1.002827563717017867e+00
5.424634879521257972e+03 1.003267882389873300e+00
5.424663090436820312e+03 9.996504950117405253e-01
5.424691301499093242e+03 1.001550030600275365e+00
5.424719512708078582e+03 1.004739899910467749e+00
5.424747724063777241e+03 1.005374308521636006e+00
5.424775935566189219e+03 1.002457773924797735e+00
5.424804147215315425e+03 1.002776965524722730e+00
5.424832359011156768e+03 1.004985099387308400e+00
5.424860570953714159e+03 1.000323147717881334e+00
5.424888783042988507e+03 9.980072608224043185e-01
5.424916995278980721e+03 1.000626124448684262e+00
5.424945207661690802e+03 1.000614665572116646e+00
5.424973420191119658e+03 1.002653567915315458e+00
5.425001632867269109e+03 9.999303642245279677e-01
5.425029845690138245e+03 1.001282163831347605e+00
5.425058058659728886e+03 1.003764602728122846e+00
5.425086271776041940e+03 9.978299703446303903e-01
5.425114485039077408e+03 1.000815483745698842e+00
5.425142698448837109e+03 1.001276800565086500e+00
5.425170912005321043e+03 1.000422920470024346e+00
5.425199125708529209e+03 9.978205195887326351e-01
5.425227339558464337e+03 1.000792450421134960e+00
5.425255553555125516e+03 9.980266000053618081e-01
5.425283767698514566e+03 9.981368044585040566e-01
5.425311981988631487e+03 9.957775806564928001e-01
5.425340196425477188e+03 1.000342452852120312e+00
5.425368411009052579e+03 9.977933130565815878e-01
5.425396625739358569e+03 9.978327614156241587e-01
5.425424840616396068e+03 9.991544281373482272e-01
5.425453055640165985e+03 9.991945295417234973e-01
5.425481270810667411e+03 1.001232001582761155e+00
5.425509486127903074e+03 1.000797260880263773e+00
5.425537701591872974e+03 1.003390648634692850e+00
5.425565917202578021e+03 1.002667014467296669e+00
5.425594132960019124e+03 1.005221159664273056e+00
5.425622348864196283e+03 1.000997373346277142e+00
5.425650564915111318e+03 1.003072263097390504e+00
5.425678781112763318e+03 1.001231802002493065e+00
5.425706997457155012e+03 1.004583600333520454e+00
5.425735213948286400e+03 1.004108778147950520e+00
5.425763430586158393e+03 9.980132949237707773e-01
5.425791647370770988e+03 1.000093690353296871e+00
5.425819864302126007e+03 1.002407285150442862e+00
5.425848081380223448e+03 9.970786280449202010e-01
5.425876298605064221e+03 1.000795368393367912e+00
5.425904515976649236e+03 1.001716219262164032e+00
5.425932733494979402e+03 1.008420977608303959e+00
5.425960951160054719e+03 1.009018810319938009e+00
5.425989168971877007e+03 1.003343433597761125e+00
5.426017386930447174e+03 1.000482944454239576e+00
5.426045605035764311e+03 1.004535779864454526e+00
5.426073823287831146e+03 1.006846877699065113e+00
5.426102041686646771e+03 1.002827711367532348e+00
5.426130260232213004e+03 1.002052905140242256e+00
5.426158478924529845e+03 1.001287892126085044e+00
5.426186697763599113e+03 9.975388828026691135e-01
5.426214916749420809e+03 9.965218613116859636e-01
5.426243135881995840e+03 1.001134893478309529e+00
5.426271355161325118e+03 9.963064227321257738e-01
5.426299574587409552e+03 9.929004449774087027e-01
5.426327794160249141e+03 1.002057952628769399e+00
5.426356013879845705e+03 9.946317142992405769e-01
5.426384233746199243e+03 9.991562960267376114e-01
5.426412453759309756e+03 9.984926065997171696e-01
5.426440673919179972e+03 1.000672107075785133e+00
5.426468894225809890e+03 1.006032565203272444e+00
5.426497114679199512e+03 1.006269061829477174e+00
5.426525335279349747e+03 1.004319751872655431e+00
5.426553556026262413e+03 1.000013502166984258e+00
5.426581776919937511e+03 1.002433460569344348e+00
5.426609997960375949e+03 9.981663718558565490e-01
5.426638219147578639e+03 1.003139469523613325e+00
5.426666440481545578e+03 1.002213169363129319e+00
5.426694661962278587e+03 1.001435231582850527e+00
5.426722883589777666e+03 9.982062391466293150e-01
5.426751105364043724e+03 1.002025136176962317e+00
5.426779327285077670e+03 1.007484806545812406e+00
5.426807549352880415e+03 1.007073484237127170e+00
5.426835771567451957e+03 9.994670947713256703e-01
5.426863993928794116e+03 1.000899656460483289e+00
5.426892216436907802e+03 1.005415895510682445e+00
5.426920439091792105e+03 9.999104666488048965e-01
5.426948661893449753e+03 9.968787136606466204e-01
5.426976884841879837e+03 9.916292264643689069e-01
5.427005107937085086e+03 9.987662473429808063e-01
5.427033331179063680e+03 9.960478102135545964e-01
5.427061554567818348e+03 1.003028492017353557e+00
5.427089778103350000e+03 1.000442274259559339e+00
5.427118001785657725e+03 1.005907772820723745e+00
5.427146225614743344e+03 1.006390557460558499e+00
5.427174449590607765e+03 1.004145400610663819e+00
5.427202673713250988e+03 9.981021830490051094e-01
5.427230897982674833e+03 9.981227210516839810e-01
5.427259122398879299e+03 9.913937995147998894e-01
5.427287346961866206e+03 1.000092462370766766e+00
5.427315571671634643e+03 1.002936545296640336e+00
5.427343796528186431e+03 9.968883274650875981e-01
5.427372021531521568e+03 9.932108739309821743e-01
5.427400246681641875e+03 9.991771279312151588e-01
5.427428471978547350e+03 9.980240866216517626e-01
5.427456697422239813e+03 9.950830852391291392e-01
5.427484923012718355e+03 1.000323841766209476e+00
5.427513148749984794e+03 9.991752395039200652e-01
5.427541374634040039e+03 1.002141989589991233e+00
5.427569600664884092e+03 1.002560814671458411e+00
5.427597826842517861e+03 1.002399370173609361e+00
5.427626053166943166e+03 1.006505559049399645e+00
5.427654279638160006e+03 9.977338690188043424e-01
5.427682506256168381e+03 1.000734796960332407e+00
5.427710733020970110e+03 1.003447928240942089e+00
5.427738959932566104e+03 1.005896657735445787e+00
5.427767186990956361e+03 1.001542336974482694e+00
5.427795414196141792e+03 1.002934162076686064e+00
5.427823641548124215e+03 1.006374373173152481e+00
5.427851869046902721e+03 1.002923499847499844e+00
5.427880096692479128e+03 1.000930350978365801e+00
5.427908324484853438e+03 1.004804339186256890e+00
5.427936552424027468e+03 1.002543966424278565e+00
5.427964780510001219e+03 1.002272244162050185e+00
5.427993008742775601e+03 9.997027574629219204e-01
5.428021237122351522e+03 1.000545810956646964e+00
5.428049465648728983e+03 9.957844214053774845e-01
5.428077694321910712e+03 1.000919000375277923e+00
5.428105923141894891e+03 1.004425867718867549e+00
5.428134152108684248e+03 1.005191534265226228e+00
5.428162381222279691e+03 9.989964720427056966e-01
5.428190610482680313e+03 9.965121828466758647e-01
5.428218839889887022e+03 1.003232612113837519e+00
5.428247069443902546e+03 1.000349756827974446e+00
5.428275299144725977e+03 1.001419221845712526e+00
5.428303528992358224e+03 1.003722518481634740e+00
5.428331758986800196e+03 1.002097604551121846e+00
5.428359989128053712e+03 1.004850391404351173e+00
5.428388219416117863e+03 9.980719289066320998e-01
5.428416449850994468e+03 9.971566479463260801e-01
5.428444680432683526e+03 9.991486504564769389e-01
5.428472911161186857e+03 9.972659706714750438e-01
5.428501142036503552e+03 1.003689609840502150e+00
5.428529373058636338e+03 9.999820395187777322e-01
5.428557604227585216e+03 1.002062409926206543e+00
5.428585835543350186e+03 1.002209864294570263e+00
5.428614067005933066e+03 1.000931651844843673e+00
5.428642298615333857e+03 1.004053631185798379e+00
5.428670530371554378e+03 1.003926177460568114e+00
5.428698762274594628e+03 1.004365952586133925e+00
5.428726994324454608e+03 1.003605175543288208e+00
5.428755226521136137e+03 1.000216938364438146e+00
5.428783458864640124e+03 1.003189728373223844e+00
5.428811691354966570e+03 1.005317786843055172e+00
5.428839923992117292e+03 1.001103247265709095e+00
5.428868156776091382e+03 1.001521919099154001e+00
5.428896389706890659e+03 9.970101019317693103e-01
5.428924622784516941e+03 9.996637322594859043e-01
5.428952856008968411e+03 9.960615942431488845e-01
5.428981089380248704e+03 1.002730848994296986e+00
5.429009322898356004e+03 1.001569750108436851e+00
5.429037556563293037e+03 9.883211210343717523e-01
5.429065790375059805e+03 9.881802564448454174e-01
5.429094024333656307e+03 9.924949528467992277e-01
5.429122258439084362e+03 9.893411611681577345e-01
5.429150492691344880e+03 9.942251662392109779e-01
5.429178727090437860e+03 9.960447844122227723e-01
5.429206961636364213e+03 1.001381863949949880e+00
5.429235196329124847e+03 9.993348561292197951e-01
5.429263431168720672e+03 1.001634571988306188e+00
5.429291666155151688e+03 1.008427233373750065e+00
5.429319901288420624e+03 1.007587444870756244e+00
5.429348136568525661e+03 1.005215708900748517e+00
5.429376371995469526e+03 1.004622578391233700e+00
5.429404607569252221e+03 1.004971901338843621e+00
5.429432843289873745e+03 1.002394389334447355e+00
5.429461079157336826e+03 1.001305672143760095e+00
5.429489315171640555e+03 9.982029685356343940e-01
5.429517551332785843e+03 1.005617349562561769e+00
5.429545787640773597e+03 1.000538178092021280e+00
5.429574024095605637e+03 9.983937232418029772e-01
5.429602260697281963e+03 1.000295610190505169e+00
5.429630497445802575e+03 9.973210567567265539e-01
5.429658734341169293e+03 9.947355428996847992e-01
5.429686971383382115e+03 9.929851208461024648e-01
5.429715208572442862e+03 1.001974575623429953e+00
5.429743445908351532e+03 9.998854978719672326e-01
5.429771683391108127e+03 1.003069290750478126e+00
5.429799921020715374e+03 1.000280910831903958e+00
5.429828158797172364e+03 1.002051748174110468e+00
5.429856396720480916e+03 9.989071119209181893e-01
5.429884634790641030e+03 1.001091935952710399e+00
5.429912873007653616e+03 9.985931512237382623e-01
5.429941111371519582e+03 9.963186332044277060e-01
5.429969349882239840e+03 9.954927915998966759e-01
5.429997588539814387e+03 1.004414080375299001e+00
