# star name zetOri, line HEII5411
# instrument: HERMES spectrograph @Mercator
# date of observation (midpoint)2018-10-12T04:43:02.012206
# BJD of observation (midpoint)2458403.6986985
# name of fits file: 00897763_HRF_OBJ_ext_CosmicsRemoved_log_merged_c.fits
# 
# wavelength(Angstrom,air) normalised_flux
5.390018255721892274e+03 9.999582689000413582e-01
5.390046286613051961e+03 9.971676983528648952e-01
5.390074317649987279e+03 1.000275302164610247e+00
5.390102348832698226e+03 1.000123106500719894e+00
5.390130380161185712e+03 9.927267633527968593e-01
5.390158411635450648e+03 1.001336570427671102e+00
5.390186443255493032e+03 9.985952826461171883e-01
5.390214475021315593e+03 9.976987604957159306e-01
5.390242506932917422e+03 1.000789598108057010e+00
5.390270538990299428e+03 1.002669568991933602e+00
5.390298571193463431e+03 1.003272994284475583e+00
5.390326603542408520e+03 9.989093651577355404e-01
5.390354636037137425e+03 1.000370467968670685e+00
5.390382668677649235e+03 1.001990887707766786e+00
5.390410701463944861e+03 9.997899655550713804e-01
5.390438734396026121e+03 9.991286386696522914e-01
5.390466767473893015e+03 9.972562464942466010e-01
5.390494800697546452e+03 1.001446367132589055e+00
5.390522834066987343e+03 1.002065355114005518e+00
5.390550867582215687e+03 9.988503300843917243e-01
5.390578901243233304e+03 1.003189891996256078e+00
5.390606935050041102e+03 9.998452312364939365e-01
5.390634969002638172e+03 9.955490359469868489e-01
5.390663003101027243e+03 9.996790695732594711e-01
5.390691037345207405e+03 9.959658645581186409e-01
5.390719071735180478e+03 9.954932489427422704e-01
5.390747106270947370e+03 9.991138420064028525e-01
5.390775140952508082e+03 9.983652642705640456e-01
5.390803175779863523e+03 9.962481454786668023e-01
5.390831210753014602e+03 9.966727506166136452e-01
5.390859245871962230e+03 1.002464067044137153e+00
5.390887281136707315e+03 9.995738928496554765e-01
5.390915316547249859e+03 9.979120694844226813e-01
5.390943352103590769e+03 1.001637023542136573e+00
5.390971387805731865e+03 9.992471174092846242e-01
5.390999423653673148e+03 9.989726070999020990e-01
5.391027459647414616e+03 1.000480202852433997e+00
5.391055495786958090e+03 1.000337016758994002e+00
5.391083532072304479e+03 1.002954200915942229e+00
5.391111568503453782e+03 1.003062608580390869e+00
5.391139605080406909e+03 1.001492153997047607e+00
5.391167641803164770e+03 9.958435728654673191e-01
5.391195678671729183e+03 9.977362277869580298e-01
5.391223715686098330e+03 9.996427415729672861e-01
5.391251752846275849e+03 9.997539479176750232e-01
5.391279790152259920e+03 9.947958086800928745e-01
5.391307827604053273e+03 9.990529067371993754e-01
5.391335865201655906e+03 9.998103271737984743e-01
5.391363902945067821e+03 1.000106803827055968e+00
5.391391940834291745e+03 9.980083722801447177e-01
5.391419978869326769e+03 1.000271575096576715e+00
5.391448017050173803e+03 1.005060898623365118e+00
5.391476055376833756e+03 1.003531591382305299e+00
5.391504093849308447e+03 9.980668831863710455e-01
5.391532132467596966e+03 9.977090521911741172e-01
5.391560171231701133e+03 9.980086783649828597e-01
5.391588210141620948e+03 9.985093205688200246e-01
5.391616249197358229e+03 1.003068732583265898e+00
5.391644288398912977e+03 1.001071829699716087e+00
5.391672327746286101e+03 9.948650535199674572e-01
5.391700367239478510e+03 9.988987282984016502e-01
5.391728406878491114e+03 1.003344316988103335e+00
5.391756446663323914e+03 1.001335241898459572e+00
5.391784486593977817e+03 1.001505992479492457e+00
5.391812526670454645e+03 9.984236303150881842e-01
5.391840566892753486e+03 9.959384041268322107e-01
5.391868607260877070e+03 9.938214813515464652e-01
5.391896647774824487e+03 9.985880273537873775e-01
5.391924688434597556e+03 9.969063185831934515e-01
5.391952729240196277e+03 9.974469322500857382e-01
5.391980770191621559e+03 1.002996074895001755e+00
5.392008811288875222e+03 9.983670952651432229e-01
5.392036852531956356e+03 9.986835986876971827e-01
5.392064893920866780e+03 1.001818538053952601e+00
5.392092935455606494e+03 9.999184137474564915e-01
5.392120977136177316e+03 9.977061637043520559e-01
5.392149018962579248e+03 9.978718927141573269e-01
5.392177060934813198e+03 1.000727835608281158e+00
5.392205103052879167e+03 1.004715626741634837e+00
5.392233145316779883e+03 9.967537387372863433e-01
5.392261187726514436e+03 1.002260578728543905e+00
5.392289230282083736e+03 9.999574632453210876e-01
5.392317272983489602e+03 1.003192589989651884e+00
5.392345315830732034e+03 1.005111743284522241e+00
5.392373358823811031e+03 9.952798549586758803e-01
5.392401401962728414e+03 9.953564758304039861e-01
5.392429445247485091e+03 1.001639574280527079e+00
5.392457488678081063e+03 1.003441619158726095e+00
5.392485532254518148e+03 9.986946385581190189e-01
5.392513575976795437e+03 9.983842081549212377e-01
5.392541619844914749e+03 1.005484866621392248e+00
5.392569663858876993e+03 1.004073242574669456e+00
5.392597708018683079e+03 9.989048444695901585e-01
5.392625752324332097e+03 1.000596349770539684e+00
5.392653796775826777e+03 1.000488275157621176e+00
5.392681841373168027e+03 9.952284278938331452e-01
5.392709886116354028e+03 9.980719683497849548e-01
5.392737931005388418e+03 1.004945224190830100e+00
5.392765976040270289e+03 1.001131381595399272e+00
5.392794021221001458e+03 9.992740144927086954e-01
5.392822066547581926e+03 9.995954750373210462e-01
5.392850112020012602e+03 9.945360531043222485e-01
5.392878157638293487e+03 9.992375941343768497e-01
5.392906203402427309e+03 1.000368892284140054e+00
5.392934249312413158e+03 9.979127943027739089e-01
5.392962295368251944e+03 1.000433727248156934e+00
5.392990341569945485e+03 1.003146296448788721e+00
5.393018387917492873e+03 9.954072463625426304e-01
5.393046434410896836e+03 9.998061473767035912e-01
5.393074481050156464e+03 9.995439188374962702e-01
5.393102527835273577e+03 1.000085879740924444e+00
5.393130574766248174e+03 1.004461830640918762e+00
5.393158621843081164e+03 1.000519210914779134e+00
5.393186669065773458e+03 1.004125293348205883e+00
5.393214716434326874e+03 1.005250928864670268e+00
5.393242763948740503e+03 1.000560456195175973e+00
5.393270811609015254e+03 9.956271049005098739e-01
5.393298859415152947e+03 9.967686724618741723e-01
5.393326907367153581e+03 9.996344888742831891e-01
5.393354955465018975e+03 9.993568030293450422e-01
5.393383003708748220e+03 9.983172573390257654e-01
5.393411052098343134e+03 9.983380013489810967e-01
5.393439100633803719e+03 9.986339587566920306e-01
5.393467149315131792e+03 1.000504455871785492e+00
5.393495198142327354e+03 1.000992569914586294e+00
5.393523247115391314e+03 9.990662577016304891e-01
5.393551296234324582e+03 9.978660883611837340e-01
5.393579345499128067e+03 9.983645737888768856e-01
5.393607394909801769e+03 9.970774698007910386e-01
5.393635444466346598e+03 9.961153765326220544e-01
5.393663494168764373e+03 9.964979690754791619e-01
5.393691544017055094e+03 9.964444278397561749e-01
5.393719594011219669e+03 1.002127552981547876e+00
5.393747644151259010e+03 1.000551268464404453e+00
5.393775694437173115e+03 9.978971869263807415e-01
5.393803744868962895e+03 9.985302549181060972e-01
5.393831795446630167e+03 1.000001486767610137e+00
5.393859846170174933e+03 1.000655810197083273e+00
5.393887897039598101e+03 1.006034195939800480e+00
5.393915948054899673e+03 1.002097870067232721e+00
5.393943999216081465e+03 9.978651040869622735e-01
5.393972050523144389e+03 9.975186475588357915e-01
5.394000101976087535e+03 1.001158256032746108e+00
5.394028153574913631e+03 9.983587546815880787e-01
5.394056205319622677e+03 1.000079399034129457e+00
5.394084257210214673e+03 9.980625608865508758e-01
5.394112309246691439e+03 9.906183308655147624e-01
5.394140361429053883e+03 9.932471067594094150e-01
5.394168413757301096e+03 9.999371146795614784e-01
5.394196466231435807e+03 1.002708290380202705e+00
5.394224518851458015e+03 1.001025533516985089e+00
5.394252571617367721e+03 1.001692647211823495e+00
5.394280624529166744e+03 1.002017374855014964e+00
5.394308677586855993e+03 1.001195501292610590e+00
5.394336730790434558e+03 1.001381450748657587e+00
5.394364784139905169e+03 9.971286559733832933e-01
5.394392837635267824e+03 9.946026148306386094e-01
5.394420891276522525e+03 9.994812080319713798e-01
5.394448945063671090e+03 1.001568350931224316e+00
5.394476998996713519e+03 1.001962714611458471e+00
5.394505053075651631e+03 1.000363520882120882e+00
5.394533107300485426e+03 1.005025389663279922e+00
5.394561161671214904e+03 1.002314875184295406e+00
5.394589216187842794e+03 9.999324266307461073e-01
5.394617270850368186e+03 1.004066454683259613e+00
5.394645325658791990e+03 1.005377465292632166e+00
5.394673380613116024e+03 1.001274738818139554e+00
5.394701435713340288e+03 9.993273418423466170e-01
5.394729490959465693e+03 1.001242475786199515e+00
5.394757546351492238e+03 9.982341838926922506e-01
5.394785601889421741e+03 9.954643724499160351e-01
5.394813657573255114e+03 9.928289075841479905e-01
5.394841713402992355e+03 9.937206833011682505e-01
5.394869769378633464e+03 9.968544407723566314e-01
5.394897825500181170e+03 1.004044034202040470e+00
5.394925881767635474e+03 1.002101710894113484e+00
5.394953938180996374e+03 1.002974166574172488e+00
5.394981994740265691e+03 1.009462581767137879e+00
5.395010051445443423e+03 1.006196259115551106e+00
5.395038108296530481e+03 9.982590705383743712e-01
5.395066165293527774e+03 1.002749039198381320e+00
5.395094222436435302e+03 1.001027419867778212e+00
5.395122279725255794e+03 9.962252950329996137e-01
5.395150337159987430e+03 9.993236608558506706e-01
5.395178394740633848e+03 9.972502797256554974e-01
5.395206452467193230e+03 9.987914644566978639e-01
5.395234510339667395e+03 1.002794042769115324e+00
5.395262568358057251e+03 1.001897908105680468e+00
5.395290626522362800e+03 1.003165046698780927e+00
5.395318684832585859e+03 1.001199443485679907e+00
5.395346743288726429e+03 1.002977015275796191e+00
5.395374801890786330e+03 1.001679169960946192e+00
5.395402860638764651e+03 9.984068476383085589e-01
5.395430919532663211e+03 9.996923812699262113e-01
5.395458978572482920e+03 9.974010754233474385e-01
5.395487037758223778e+03 1.000231373767972665e+00
5.395515097089887604e+03 1.000387067147240572e+00
5.395543156567473488e+03 1.000286752545815006e+00
5.395571216190984160e+03 1.001695818763434831e+00
5.395599275960418709e+03 1.001279527868460084e+00
5.395627335875778954e+03 9.991787350211924768e-01
5.395655395937065805e+03 1.004923570698519786e+00
5.395683456144278352e+03 9.982887821855660482e-01
5.395711516497419325e+03 9.983833635983179189e-01
5.395739576996488722e+03 9.969106871416569815e-01
5.395767637641487454e+03 9.968258768704314488e-01
5.395795698432415520e+03 9.971595365735455019e-01
5.395823759369274740e+03 9.970816998645785079e-01
5.395851820452065112e+03 9.988933297169870773e-01
5.395879881680787548e+03 9.953079880048104622e-01
5.395907943055442956e+03 9.965132744764988448e-01
5.395936004576032246e+03 1.000374077481215540e+00
5.395964066242556328e+03 1.005012140329056169e+00
5.395992128055015201e+03 1.002649058862061571e+00
5.396020190013409774e+03 9.949670556720787706e-01
5.396048252117741868e+03 9.980835426592232773e-01
5.396076314368010571e+03 9.995619874619181555e-01
5.396104376764217704e+03 9.980053614652197869e-01
5.396132439306364176e+03 1.000167921146969396e+00
5.396160501994450897e+03 9.986482534359710783e-01
5.396188564828477865e+03 9.941801587346797975e-01
5.396216627808445992e+03 1.002623922761495923e+00
5.396244690934356186e+03 1.005170166561509149e+00
5.396272754206208447e+03 1.001340380887950410e+00
5.396300817624005504e+03 9.991148278426164042e-01
5.396328881187745537e+03 9.958328867038011012e-01
5.396356944897432186e+03 1.002964245727592019e+00
5.396385008753063630e+03 1.003908186261638136e+00
5.396413072754641689e+03 1.002624616133474200e+00
5.396441136902168182e+03 1.004622844824094585e+00
5.396469201195641290e+03 1.003385962005326260e+00
5.396497265635064650e+03 1.002080943642335464e+00
5.396525330220436445e+03 1.008788087449194792e+00
5.396553394951759401e+03 1.001877586951785526e+00
5.396581459829033520e+03 9.964955598332644326e-01
5.396609524852259710e+03 9.980750766254253836e-01
5.396637590021437973e+03 1.003014006511020240e+00
5.396665655336570126e+03 9.965236123164098458e-01
5.396693720797656169e+03 1.006011208634684850e+00
5.396721786404697013e+03 9.998357429050764855e-01
5.396749852157694477e+03 9.957898803846120250e-01
5.396777918056647650e+03 9.971200487736426865e-01
5.396805984101558352e+03 1.002670534909201772e+00
5.396834050292426582e+03 1.002471222635324510e+00
5.396862116629254160e+03 1.001949802960950375e+00
5.396890183112041086e+03 9.977301487790516399e-01
5.396918249740788269e+03 1.000316429873954416e+00
5.396946316515496619e+03 1.003689188092043549e+00
5.396974383436166136e+03 1.005840098369118474e+00
5.397002450502798638e+03 1.000332038045444794e+00
5.397030517715394126e+03 1.000494269599760289e+00
5.397058585073954418e+03 1.005033684086994894e+00
5.397086652578478606e+03 9.986256276912299779e-01
5.397114720228969418e+03 9.992293539673188230e-01
5.397142788025425943e+03 1.002130873317703674e+00
5.397170855967849093e+03 1.002811561537831908e+00
5.397198924056240685e+03 1.003124965907622235e+00
5.397226992290601629e+03 1.004331902618651684e+00
5.397255060670931016e+03 1.001450033146647156e+00
5.397283129197230664e+03 1.001740529302487248e+00
5.397311197869501484e+03 1.000868694840113315e+00
5.397339266687743475e+03 1.001178434631109448e+00
5.397367335651958456e+03 1.001650178913231493e+00
5.397395404762146427e+03 9.979695943555296767e-01
5.397423474018307388e+03 1.001406632919154216e+00
5.397451543420444068e+03 1.003714061913390854e+00
5.397479612968556467e+03 1.000834950214711583e+00
5.397507682662644584e+03 1.000232271603896494e+00
5.397535752502709329e+03 1.002793849072508570e+00
5.397563822488752521e+03 1.000680746986116088e+00
5.397591892620773251e+03 9.994951934884785949e-01
5.397619962898774247e+03 1.003871533942416017e+00
5.397648033322754600e+03 1.000709052894351192e+00
5.397676103892716128e+03 9.965900376137831751e-01
5.397704174608658832e+03 9.958249792993949523e-01
5.397732245470584530e+03 9.977120285686090773e-01
5.397760316478492314e+03 1.001372515155082077e+00
5.397788387632384911e+03 1.000760270889181625e+00
5.397816458932261412e+03 1.002536690537808139e+00
5.397844530378122727e+03 1.003078181861454476e+00
5.397872601969970674e+03 1.001946180025632405e+00
5.397900673707806163e+03 9.989747622105673575e-01
5.397928745591628285e+03 9.975605998116973128e-01
5.397956817621438859e+03 9.956677715363830838e-01
5.397984889797238793e+03 9.924534763930099590e-01
5.398012962119028998e+03 9.983427023296193026e-01
5.398041034586809474e+03 1.000891781476862752e+00
5.398069107200581129e+03 1.001962518491651188e+00
5.398097179960344874e+03 1.000568149629427417e+00
5.398125252866101619e+03 1.004796963037460023e+00
5.398153325917852271e+03 1.005163524499754768e+00
5.398181399115597742e+03 1.005896239556842930e+00
5.398209472459338031e+03 1.000323590897843840e+00
5.398237545949074047e+03 9.989089265926546224e-01
5.398265619584806700e+03 1.004706647692173327e+00
5.398293693366536900e+03 1.001263190562144967e+00
5.398321767294265555e+03 9.920189073952887515e-01
5.398349841367992667e+03 9.958695993937153323e-01
5.398377915587720054e+03 9.939912186097805691e-01
5.398405989953447715e+03 9.983384983808927249e-01
5.398434064465177471e+03 1.006021754088930020e+00
5.398462139122908411e+03 9.968776863325907733e-01
5.398490213926642355e+03 1.002090077016380754e+00
5.398518288876379302e+03 1.000445718639838333e+00
5.398546363972121071e+03 1.003142611345571256e+00
5.398574439213867663e+03 1.009521936304975442e+00
5.398602514601620896e+03 1.003158120926976427e+00
5.398630590135379862e+03 9.952604841006505998e-01
5.398658665815146378e+03 9.965280710985271462e-01
5.398686741640921355e+03 9.957399379761968650e-01
5.398714817612704792e+03 9.995804725531398649e-01
5.398742893730497599e+03 9.988486883276108674e-01
5.398770969994300685e+03 9.985224821153602104e-01
5.398799046404115870e+03 9.982274101397453636e-01
5.398827122959942244e+03 9.999997552391860500e-01
5.398855199661781626e+03 9.995946634415660004e-01
5.398883276509634015e+03 9.994592900288823412e-01
5.398911353503500322e+03 1.000190624614875290e+00
5.398939430643382366e+03 1.001644345784713952e+00
5.398967507929280146e+03 9.996929780933083709e-01
5.398995585361193662e+03 9.993794167751443025e-01
5.399023662939124733e+03 1.001239995776585401e+00
5.399051740663073360e+03 9.964125114529540639e-01
5.399079818533041362e+03 9.971704516923788342e-01
5.399107896549028737e+03 9.987698081910572068e-01
5.399135974711036397e+03 1.001304108280346883e+00
5.399164053019064340e+03 1.005000725473214285e+00
5.399192131473115296e+03 1.004176522578220210e+00
5.399220210073187445e+03 9.956673336906627370e-01
5.399248288819283516e+03 1.000847235645292654e+00
5.399276367711403509e+03 9.981672516153121677e-01
5.399304446749549243e+03 9.972468612619239670e-01
5.399332525933718898e+03 1.001557775803059380e+00
5.399360605263916113e+03 9.974049110433048648e-01
5.399388684740139979e+03 1.001750107560678948e+00
5.399416764362391405e+03 1.002605032365566640e+00
5.399444844130672209e+03 9.985654689392052807e-01
5.399472924044981482e+03 1.003299253079762199e+00
5.399501004105321954e+03 1.008412196945520867e+00
5.399529084311692714e+03 1.001278182995105404e+00
5.399557164664094671e+03 9.954407592771745694e-01
5.399585245162529645e+03 1.000479758545915310e+00
5.399613325806997636e+03 1.000813611114502732e+00
5.399641406597499554e+03 9.991259366942394360e-01
5.399669487534035397e+03 9.980467498753096134e-01
5.399697568616607896e+03 9.978246657319925772e-01
5.399725649845216140e+03 9.984070518031821218e-01
5.399753731219861038e+03 1.000992265842063134e+00
5.399781812740543501e+03 1.002272991174402383e+00
5.399809894407265347e+03 1.002315813472574035e+00
5.399837976220025666e+03 1.002020927948731766e+00
5.399866058178826279e+03 1.001627312775831724e+00
5.399894140283667184e+03 9.993296144466432551e-01
5.399922222534550201e+03 1.000505316742487549e+00
5.399950304931475330e+03 9.951652428509621950e-01
5.399978387474443480e+03 9.971914099023144740e-01
5.400006470163455560e+03 1.002535744221737302e+00
5.400034552998511572e+03 9.942519979154574861e-01
5.400062635979613333e+03 9.929822334078638457e-01
5.400090719106761753e+03 1.000436781033515077e+00
5.400118802379955923e+03 1.003100538968600963e+00
5.400146885799198571e+03 1.002479720114657802e+00
5.400174969364488788e+03 1.000846833020148319e+00
5.400203053075828393e+03 9.995206172260920896e-01
5.400231136933218295e+03 1.003391147437230790e+00
5.400259220936658494e+03 1.006141974733933075e+00
5.400287305086149900e+03 9.999929534234379691e-01
5.400315389381693421e+03 9.975368028405551257e-01
5.400343473823289969e+03 1.000847591727126451e+00
5.400371558410940452e+03 1.001283043993042687e+00
5.400399643144645779e+03 1.003801712435203664e+00
5.400427728024405042e+03 1.003923366199720890e+00
5.400455813050220968e+03 9.999682994722079998e-01
5.400483898222093558e+03 9.959816570220729748e-01
5.400511983540023721e+03 9.981451779575749583e-01
5.400540069004012366e+03 9.995301981019071302e-01
5.400568154614059495e+03 1.000716346758904418e+00
5.400596240370166015e+03 1.001201180612063979e+00
5.400624326272333747e+03 1.001867734914555053e+00
5.400652412320562689e+03 1.001749571239403780e+00
5.400680498514852843e+03 1.004697049469463588e+00
5.400708584855206936e+03 1.000258443177624468e+00
5.400736671341624060e+03 1.000340082464618474e+00
5.400764757974105123e+03 9.992713006312752277e-01
5.400792844752651945e+03 1.000259982545232962e+00
5.400820931677263616e+03 9.996366578560098581e-01
5.400849018747942864e+03 1.001023804167961551e+00
5.400877105964688781e+03 1.000239578073566671e+00
5.400905193327503184e+03 9.936277980562489009e-01
5.400933280836386075e+03 9.983374498934125540e-01
5.400961368491339272e+03 1.001439841600388014e+00
5.400989456292362775e+03 1.001565635030870149e+00
5.401017544239456583e+03 9.969287093185598136e-01
5.401045632332622517e+03 9.961305473327456417e-01
5.401073720571861486e+03 9.997824079655652785e-01
5.401101808957173489e+03 9.958253753873715919e-01
5.401129897488560346e+03 1.000247116758319788e+00
5.401157986166021146e+03 1.008387659355179489e+00
5.401186074989558620e+03 1.003510006485064832e+00
5.401214163959171856e+03 9.929027408874732119e-01
5.401242253074862674e+03 1.003190629261971445e+00
5.401270342336631984e+03 1.005928139275463540e+00
5.401298431744478876e+03 9.987429974394625987e-01
5.401326521298406078e+03 9.997351185877660917e-01
5.401354610998412682e+03 9.995371344953297710e-01
5.401382700844501414e+03 9.972547642119989897e-01
5.401410790836671367e+03 1.000155113124922002e+00
5.401438880974923450e+03 1.001467010854582007e+00
5.401466971259259481e+03 1.000192931406763241e+00
5.401495061689679460e+03 9.971004088267334531e-01
5.401523152266184297e+03 1.000547313821282147e+00
5.401551242988773993e+03 9.999878066115299724e-01
5.401579333857450365e+03 9.987502861286878808e-01
5.401607424872214324e+03 1.003422857933315315e+00
5.401635516033065869e+03 9.978822428516060938e-01
5.401663607340005910e+03 1.002396222803279224e+00
5.401691698793035357e+03 1.002255821121241341e+00
5.401719790392155119e+03 1.004015382285839975e+00
5.401747882137365195e+03 1.000593248980267802e+00
5.401775974028667406e+03 1.002616031018781495e+00
5.401804066066061750e+03 1.007595226415634038e+00
5.401832158249550048e+03 1.001467268080388884e+00
5.401860250579131389e+03 9.957266078316927560e-01
5.401888343054807592e+03 9.958096420252807723e-01
5.401916435676579567e+03 1.005746780445949229e+00
5.401944528444447315e+03 1.004105228530042693e+00
5.401972621358412653e+03 9.987941203996998363e-01
5.402000714418474672e+03 9.935850504409162731e-01
5.402028807624636102e+03 9.945557105699913691e-01
5.402056900976896031e+03 9.945677350465977895e-01
5.402084994475257190e+03 1.000092956521529963e+00
5.402113088119717759e+03 9.967743133242850107e-01
5.402141181910280466e+03 9.968358374981282077e-01
5.402169275846945311e+03 9.972902769269916812e-01
5.402197369929714114e+03 9.984613749769732927e-01
5.402225464158585055e+03 9.957811021420264197e-01
5.402253558533561772e+03 9.999707660067106429e-01
5.402281653054643357e+03 9.992271930245602007e-01
5.402309747721831627e+03 1.000688107358181922e+00
5.402337842535125674e+03 9.981598575599854861e-01
5.402365937494528225e+03 1.005273353558253202e+00
5.402394032600039282e+03 9.931213466085587749e-01
5.402422127851658843e+03 1.001836668488506055e+00
5.402450223249387818e+03 9.981726128544907706e-01
5.402478318793228937e+03 9.987308217534029975e-01
5.402506414483180379e+03 9.993915082731628097e-01
5.402534510319243964e+03 9.999022910419470556e-01
5.402562606301420601e+03 1.001344622744506418e+00
5.402590702429711200e+03 1.002150161914406867e+00
5.402618798704115761e+03 9.998563536400011387e-01
5.402646895124636103e+03 9.979151682535689627e-01
5.402674991691272226e+03 9.979828867476958631e-01
5.402703088404025038e+03 9.983125176523511835e-01
5.402731185262895451e+03 1.003383446367732912e+00
5.402759282267883464e+03 9.979215043854685607e-01
5.402787379418990895e+03 1.003356648889986324e+00
5.402815476716218654e+03 9.978309133683922472e-01
5.402843574159565833e+03 9.997941561166755475e-01
5.402871671749035158e+03 1.003649498389938888e+00
5.402899769484626631e+03 9.958591378400097893e-01
5.402927867366340251e+03 9.996050539105306720e-01
5.402955965394177838e+03 1.003918812927200532e+00
5.402984063568139391e+03 9.982911942089137680e-01
5.403012161888226728e+03 9.965901352711088457e-01
5.403040260354438942e+03 1.000517186129039615e+00
5.403068358966778760e+03 9.926491633078706744e-01
5.403096457725245273e+03 1.000737067648773015e+00
5.403124556629840299e+03 1.002000943225678231e+00
5.403152655680563839e+03 1.004291813663837685e+00
5.403180754877416803e+03 9.995496436135430374e-01
5.403208854220400099e+03 1.001575482772026682e+00
5.403236953709515547e+03 9.979793980105421403e-01
5.403265053344762237e+03 9.978624204658255170e-01
5.403293153126141988e+03 1.002200562249569549e+00
5.403321253053654800e+03 9.974785964000789651e-01
5.403349353127301583e+03 9.959444702005794126e-01
5.403377453347084156e+03 9.997079894902178854e-01
5.403405553713001609e+03 9.976251087762636471e-01
5.403433654225055761e+03 9.996996539156772776e-01
5.403461754883247522e+03 9.957482001173252328e-01
5.403489855687576892e+03 9.975053196886185525e-01
5.403517956638044780e+03 9.943692252239786367e-01
5.403546057734653004e+03 9.960586672666627006e-01
5.403574158977400657e+03 9.998570954660495058e-01
5.403602260366290466e+03 1.005070301989800186e+00
5.403630361901321521e+03 1.000851204116890658e+00
5.403658463582494733e+03 9.933205629620763810e-01
5.403686565409811010e+03 9.982380625778580763e-01
5.403714667383272172e+03 9.972102848441818379e-01
5.403742769502878218e+03 9.996152825952812071e-01
5.403770871768629149e+03 9.975347998618160350e-01
5.403798974180526784e+03 9.998215110931899519e-01
5.403827076738572032e+03 1.001357077245767391e+00
5.403855179442764893e+03 9.984568394026446247e-01
5.403883282293106276e+03 9.995666853546553154e-01
5.403911385289596183e+03 1.003715010639117500e+00
5.403939488432237340e+03 9.979253493837388911e-01
5.403967591721029748e+03 1.002531053556201535e+00
5.403995695155972498e+03 1.002011266706510195e+00
5.404023798737068319e+03 1.000369564031418523e+00
5.404051902464318118e+03 1.003119902342161085e+00
5.404080006337720988e+03 1.001478010887003389e+00
5.404108110357278747e+03 9.995268044297900278e-01
5.404136214522992304e+03 1.001765093989178235e+00
5.404164318834861660e+03 1.002350997532258203e+00
5.404192423292887725e+03 9.964496230109705088e-01
5.404220527897072316e+03 9.964067632222922688e-01
5.404248632647415434e+03 9.947470505454633072e-01
5.404276737543917079e+03 9.996349653244468447e-01
5.404304842586579980e+03 1.003450562080332009e+00
5.404332947775402317e+03 9.982704977977144845e-01
5.404361053110386820e+03 9.967037349003926572e-01
5.404389158591533487e+03 1.001180406032030845e+00
5.404417264218844139e+03 1.002298293687515773e+00
5.404445369992317865e+03 1.002423833110463347e+00
5.404473475911955575e+03 1.001379228589022841e+00
5.404501581977759997e+03 1.004979144726647622e+00
5.404529688189729313e+03 1.004276158729435986e+00
5.404557794547866251e+03 1.001838071023737342e+00
5.404585901052170811e+03 1.002757507371549117e+00
5.404614007702642994e+03 1.001443262403697076e+00
5.404642114499285526e+03 1.000660944888110748e+00
5.404670221442097500e+03 9.994636879795145701e-01
5.404698328531079824e+03 1.000249757310355703e+00
5.404726435766233408e+03 9.995575939014552658e-01
5.404754543147560071e+03 9.997039071680452471e-01
5.404782650675058903e+03 1.001591092968039609e+00
5.404810758348731724e+03 9.988827770094270697e-01
5.404838866168579443e+03 1.001802834463640712e+00
5.404866974134602060e+03 9.998708477412645568e-01
5.404895082246800484e+03 9.994725643846118501e-01
5.404923190505175626e+03 1.005089298460593028e+00
5.404951298909729303e+03 1.002293857188985893e+00
5.404979407460459697e+03 9.975421690993392376e-01
5.405007516157370446e+03 9.980214635610165086e-01
5.405035625000460641e+03 9.959332799130945491e-01
5.405063733989731190e+03 9.927374642744055677e-01
5.405091843125183004e+03 9.953811274183150815e-01
5.405119952406816992e+03 9.964720378520236510e-01
5.405148061834634063e+03 9.983996272725323973e-01
5.405176171408634218e+03 1.003971141340654460e+00
5.405204281128819275e+03 1.000110528518157071e+00
5.405232390995189235e+03 9.944839963046608888e-01
5.405260501007745006e+03 1.002268642527031961e+00
5.405288611166487499e+03 1.002738706723397266e+00
5.405316721471417623e+03 9.977597694189245248e-01
5.405344831922535377e+03 9.936463065804708172e-01
5.405372942519842582e+03 9.979380246852413983e-01
5.405401053263339236e+03 1.000484824440518672e+00
5.405429164153026250e+03 9.975639544538308368e-01
5.405457275188904532e+03 9.999605318120106112e-01
5.405485386370974993e+03 1.003501359302435780e+00
5.405513497699238542e+03 1.002580271380003829e+00
5.405541609173695178e+03 9.968164230744209764e-01
5.405569720794345812e+03 9.978887773831149888e-01
5.405597832561191353e+03 9.968534357171761062e-01
5.405625944474233620e+03 9.919260056735604847e-01
5.405654056533471703e+03 9.945785916188766285e-01
5.405682168738906512e+03 9.972713392232197549e-01
5.405710281090539866e+03 9.972901360270232107e-01
5.405738393588372674e+03 9.972202249879740243e-01
5.405766506232404026e+03 9.971116283300093253e-01
5.405794619022636653e+03 9.993125986165830588e-01
5.405822731959069642e+03 1.001178777679505361e+00
5.405850845041704815e+03 9.995985959997506498e-01
5.405878958270543080e+03 1.005333207611904811e+00
5.405907071645583528e+03 1.000332050624036739e+00
5.405935185166828887e+03 1.001857294497735751e+00
5.405963298834279158e+03 1.001029437704294089e+00
5.405991412647935249e+03 9.967919572174949172e-01
5.406019526607797161e+03 9.974280063375280392e-01
5.406047640713866713e+03 9.953355318702180599e-01
5.406075754966143904e+03 1.001606546166964762e+00
5.406103869364630555e+03 9.946627337321012341e-01
5.406131983909325754e+03 9.968820717095419059e-01
5.406160098600231322e+03 1.000818366346116095e+00
5.406188213437348168e+03 9.984154248272626431e-01
5.406216328420676291e+03 1.000656136544652686e+00
5.406244443550217511e+03 9.968578442264550699e-01
5.406272558825971828e+03 1.001340780043519452e+00
5.406300674247940151e+03 1.000465337742614036e+00
5.406328789816122480e+03 9.956581551890413273e-01
5.406356905530521544e+03 9.964310171727975840e-01
5.406385021391136434e+03 9.952173058495198399e-01
5.406413137397968057e+03 9.935256658968159016e-01
5.406441253551017326e+03 1.002074033677934572e+00
5.406469369850286057e+03 9.978766589691000499e-01
5.406497486295773342e+03 9.930994554951870779e-01
5.406525602887481000e+03 1.002562738829456235e+00
5.406553719625409940e+03 1.002054141618117900e+00
5.406581836509560162e+03 9.961226642334722881e-01
5.406609953539932576e+03 9.921765736590890672e-01
5.406638070716529000e+03 1.004290767418907215e+00
5.406666188039348526e+03 9.972541958405790608e-01
5.406694305508392972e+03 9.944248662750380108e-01
5.406722423123662338e+03 9.934615907711091820e-01
5.406750540885158443e+03 9.974790872662514518e-01
5.406778658792881288e+03 9.963685076070413205e-01
5.406806776846831781e+03 9.948142158313123540e-01
5.406834895047010832e+03 9.970068132622031953e-01
5.406863013393419351e+03 9.919064937375577928e-01
5.406891131886057337e+03 9.967849538038374702e-01
5.406919250524926611e+03 9.954261477438596240e-01
5.406947369310027170e+03 9.948715089482953466e-01
5.406975488241359926e+03 9.986449596789889194e-01
5.407003607318925788e+03 1.000653750104424589e+00
5.407031726542724755e+03 9.992379990360628073e-01
5.407059845912759556e+03 1.002987361658930654e+00
5.407087965429029282e+03 9.985103470884102439e-01
5.407116085091534842e+03 9.977543021495446363e-01
5.407144204900277145e+03 9.952664329497987739e-01
5.407172324855257102e+03 9.947009321856005171e-01
5.407200444956474712e+03 9.927814457678277860e-01
5.407228565203932703e+03 9.919848187530349026e-01
5.407256685597630167e+03 9.908701014396744666e-01
5.407284806137568012e+03 9.938308198422918238e-01
5.407312926823747148e+03 9.985569215167940937e-01
5.407341047656168485e+03 9.976338848299619588e-01
5.407369168634832931e+03 9.911744512331865931e-01
5.407397289759741398e+03 9.939304048275623416e-01
5.407425411030893883e+03 9.985911206931028516e-01
5.407453532448291298e+03 9.943084708421520146e-01
5.407481654011935461e+03 9.904848316627227200e-01
5.407509775721825463e+03 9.921332737049660677e-01
5.407537897577964031e+03 9.967115782940676461e-01
5.407566019580350257e+03 9.934957829152549769e-01
5.407594141728985051e+03 9.909066776896320317e-01
5.407622264023870230e+03 9.934131778296390047e-01
5.407650386465004885e+03 9.950640180689878100e-01
5.407678509052391746e+03 9.948524174693210709e-01
5.407706631786030812e+03 9.955198766939573618e-01
5.407734754665922082e+03 1.000351330288653307e+00
5.407762877692067377e+03 9.965020691508459372e-01
5.407791000864466696e+03 9.920111424477323636e-01
5.407819124183121858e+03 9.927450781816011816e-01
5.407847247648031953e+03 9.962239680620338378e-01
5.407875371259198801e+03 9.962709752419678377e-01
5.407903495016623310e+03 9.915342495113677046e-01
5.407931618920305482e+03 9.956645307003160195e-01
5.407959742970247135e+03 9.898627983245524842e-01
5.407987867166448268e+03 9.917505567023782165e-01
5.408015991508909792e+03 9.919514328942865555e-01
5.408044115997632616e+03 9.937868814775536741e-01
5.408072240632616740e+03 9.983975103426465658e-01
5.408100365413863983e+03 9.993462850818879417e-01
5.408128490341374345e+03 9.870628071553386729e-01
5.408156615415149645e+03 9.936900542404389913e-01
5.408184740635189883e+03 9.944555464304102310e-01
5.408212866001495058e+03 9.896528223478133768e-01
5.408240991514066991e+03 9.921899950784202060e-01
5.408269117172906590e+03 9.911851107588396381e-01
5.408297242978013855e+03 9.938814162025098042e-01
5.408325368929390606e+03 9.924036298370021436e-01
5.408353495027035933e+03 9.897047091470390079e-01
5.408381621270951655e+03 9.901315813078577222e-01
5.408409747661138681e+03 9.894484737078671488e-01
5.408437874197597921e+03 9.906171220220270079e-01
5.408466000880329375e+03 9.867351178192267369e-01
5.408494127709333952e+03 9.867591603935557121e-01
5.408522254684612562e+03 9.866783949748706428e-01
5.408550381806167024e+03 9.848036872513938889e-01
5.408578509073996429e+03 9.903221444928250738e-01
5.408606636488101685e+03 9.931988037265752078e-01
5.408634764048484612e+03 9.861598046705182252e-01
5.408662891755146120e+03 9.822037911495832274e-01
5.408691019608085298e+03 9.824194584611740666e-01
5.408719147607303967e+03 9.815555231320571838e-01
5.408747275752803034e+03 9.849832120782220368e-01
5.408775404044583411e+03 9.870572616978856573e-01
5.408803532482645096e+03 9.836209727073327302e-01
5.408831661066989000e+03 9.834415830415880189e-01
5.408859789797616941e+03 9.814383541033088187e-01
5.408887918674528009e+03 9.801662963387226535e-01
5.408916047697724025e+03 9.868184692118927570e-01
5.408944176867205897e+03 9.895443050644764371e-01
5.408972306182974535e+03 9.843880951567823834e-01
5.409000435645029029e+03 9.842722776423359354e-01
5.409028565253372108e+03 9.844391994781105382e-01
5.409056695008003771e+03 9.746672330263597139e-01
5.409084824908924020e+03 9.762888120840742534e-01
5.409112954956134672e+03 9.856844856833936186e-01
5.409141085149636638e+03 9.797255856286340991e-01
5.409169215489429916e+03 9.764437757661632578e-01
5.409197345975515418e+03 9.807402341121140843e-01
5.409225476607894052e+03 9.833547096556335410e-01
5.409253607386566728e+03 9.757409266306203977e-01
5.409281738311533445e+03 9.762628952644555325e-01
5.409309869382796933e+03 9.730254270894614921e-01
5.409338000600355372e+03 9.706268506135614649e-01
5.409366131964211490e+03 9.737334059941654685e-01
5.409394263474364379e+03 9.777501458440948090e-01
5.409422395130815858e+03 9.788945137384155171e-01
5.409450526933567744e+03 9.797669787031254574e-01
5.409478658882618220e+03 9.723915344289177920e-01
5.409506790977970013e+03 9.708897959505501385e-01
5.409534923219623124e+03 9.696169103681612222e-01
5.409563055607579372e+03 9.767151263985640597e-01
5.409591188141837847e+03 9.722052778151211161e-01
5.409619320822399459e+03 9.724268632234918108e-01
5.409647453649266936e+03 9.691863762579587815e-01
5.409675586622438459e+03 9.648428404974374040e-01
5.409703719741916757e+03 9.700845396438283474e-01
5.409731853007701829e+03 9.730605597979089527e-01
5.409759986419794586e+03 9.700611387531020702e-01
5.409788119978195027e+03 9.664264457293197941e-01
5.409816253682904971e+03 9.577659054377660741e-01
5.409844387533925328e+03 9.630276640167768631e-01
5.409872521531255188e+03 9.646917493965680990e-01
5.409900655674897280e+03 9.600279585321210840e-01
5.409928789964851603e+03 9.521681929014761403e-01
5.409956924401118158e+03 9.604498684558420152e-01
5.409985058983698764e+03 9.612217707159662616e-01
5.410013193712594330e+03 9.585356406072953472e-01
5.410041328587803946e+03 9.563022383653957403e-01
5.410069463609330342e+03 9.589549362464503401e-01
5.410097598777173516e+03 9.577224478551698006e-01
5.410125734091333470e+03 9.512612960979082155e-01
5.410153869551812022e+03 9.491909193185102955e-01
5.410182005158609172e+03 9.508449685664276396e-01
5.410210140911726739e+03 9.510601425933210562e-01
5.410238276811164724e+03 9.489854952878614691e-01
5.410266412856924035e+03 9.475424214117973420e-01
5.410294549049004672e+03 9.523694390455437198e-01
5.410322685387408455e+03 9.514438456590960103e-01
5.410350821872136294e+03 9.446223510220507213e-01
5.410378958503188187e+03 9.398644865009458949e-01
5.410407095280565045e+03 9.423483515967626678e-01
5.410435232204267777e+03 9.368363145398777014e-01
5.410463369274296383e+03 9.421870120499160617e-01
5.410491506490653592e+03 9.409745335852844894e-01
5.410519643853338493e+03 9.358077957684209913e-01
5.410547781362351998e+03 9.418899270320320039e-01
5.410575919017695014e+03 9.370636776570316906e-01
5.410604056819368452e+03 9.384533738051944463e-01
5.410632194767373221e+03 9.382184341789339133e-01
5.410660332861710231e+03 9.339573585920573073e-01
5.410688471102379481e+03 9.331894375327408619e-01
5.410716609489382790e+03 9.381686126369230827e-01
5.410744748022720159e+03 9.271024062146554501e-01
5.410772886702391588e+03 9.338148195869789836e-01
5.410801025528399805e+03 9.383576793131337412e-01
5.410829164500743900e+03 9.335168566743125007e-01
5.410857303619425693e+03 9.353637298451301652e-01
5.410885442884445183e+03 9.356830386060764893e-01
5.410913582295804190e+03 9.308933864624014953e-01
5.410941721853501804e+03 9.286535074899142650e-01
5.410969861557539843e+03 9.266728556664314276e-01
5.410998001407919219e+03 9.228546022051440367e-01
5.411026141404639930e+03 9.278546321693841303e-01
5.411054281547703795e+03 9.266216179030953848e-01
5.411082421837110815e+03 9.254607646651807906e-01
5.411110562272861898e+03 9.237153282027474877e-01
5.411138702854957955e+03 9.197403654769780168e-01
5.411166843583399896e+03 9.226638433488834057e-01
5.411194984458187719e+03 9.189496012294874339e-01
5.411223125479323244e+03 9.179069868998138704e-01
5.411251266646805561e+03 9.167599699787466472e-01
5.411279407960637400e+03 9.157583774490561934e-01
5.411307549420818759e+03 9.157382887023080009e-01
5.411335691027350549e+03 9.138084522815527189e-01
5.411363832780232769e+03 9.070536507289775896e-01
5.411391974679466330e+03 9.109399213204961709e-01
5.411420116725053049e+03 9.126509283118653393e-01
5.411448258916992927e+03 9.094805071016118792e-01
5.411476401255286873e+03 9.147629816636372313e-01
5.411504543739934888e+03 9.144952561886986464e-01
5.411532686370938791e+03 9.130173370857361803e-01
5.411560829148299490e+03 9.112142575580080006e-01
5.411588972072016986e+03 9.054826990140660836e-01
5.411617115142091279e+03 9.097416672501867918e-01
5.411645258358525098e+03 9.056890364478960009e-01
5.411673401721318442e+03 9.044418279573447350e-01
5.411701545230471311e+03 9.051781681981158068e-01
5.411729688885985524e+03 9.075158639201057476e-01
5.411757832687861082e+03 9.058249776982753021e-01
5.411785976636098894e+03 8.992430726600947333e-01
5.411814120730699869e+03 9.054027821173037394e-01
5.411842264971664918e+03 9.128127590304855321e-01
5.411870409358994948e+03 9.029947849214293720e-01
5.411898553892689961e+03 9.057931672840111581e-01
5.411926698572750865e+03 9.043523250015913506e-01
5.411954843399178571e+03 9.063916813256576166e-01
5.411982988371974898e+03 9.029451238547420155e-01
5.412011133491138935e+03 9.022136507366823599e-01
5.412039278756672502e+03 8.987153231043767398e-01
5.412067424168576508e+03 8.987556921064078219e-01
5.412095569726850044e+03 9.044432964677764364e-01
5.412123715431495839e+03 9.032553087423619287e-01
5.412151861282513892e+03 9.009888180761221887e-01
5.412180007279905112e+03 8.974347314930640751e-01
5.412208153423670410e+03 8.955823298515881437e-01
5.412236299713809785e+03 9.035082812285821774e-01
5.412264446150324147e+03 9.049425969756471622e-01
5.412292592733215315e+03 9.026205413723289439e-01
5.412320739462482379e+03 8.996388087595945660e-01
5.412348886338128068e+03 8.983427849929433995e-01
5.412377033360151472e+03 9.031813331521636457e-01
5.412405180528553501e+03 9.080575547675344694e-01
5.412433327843336883e+03 9.044339757367417798e-01
5.412461475304499800e+03 9.047142720328957832e-01
5.412489622912044069e+03 9.008535297073593240e-01
5.412517770665970602e+03 9.082559669528091906e-01
5.412545918566280307e+03 9.113691544830876401e-01
5.412574066612974093e+03 9.052461594984539950e-01
5.412602214806051961e+03 9.038825852878143996e-01
5.412630363145514821e+03 9.034844875464298486e-01
5.412658511631363581e+03 9.092104697475557051e-01
5.412686660263599151e+03 9.038882674466444112e-01
5.412714809042222441e+03 9.137554922857965556e-01
5.412742957967234361e+03 9.141727761644419248e-01
5.412771107038634909e+03 9.098934527966530128e-01
5.412799256256424997e+03 9.119949355893681719e-01
5.412827405620605532e+03 9.139577383983824577e-01
5.412855555131177425e+03 9.165423949466265929e-01
5.412883704788141586e+03 9.156283636464561670e-01
5.412911854591498923e+03 9.160143663006334869e-01
5.412940004541249436e+03 9.144409002611786352e-01
5.412968154637394036e+03 9.128028712080545892e-01
5.412996304879933632e+03 9.186086670230477758e-01
5.413024455268870042e+03 9.192996972438617354e-01
5.413052605804202358e+03 9.172369962952543476e-01
5.413080756485932397e+03 9.203115027500353706e-01
5.413108907314060161e+03 9.219004583155649968e-01
5.413137058288586559e+03 9.224965961791976587e-01
5.413165209409513409e+03 9.246829309536399588e-01
5.413193360676840712e+03 9.261420069440331471e-01
5.413221512090568467e+03 9.276513499898494386e-01
5.413249663650698494e+03 9.275635524155544376e-01
5.413277815357231702e+03 9.266523697059493303e-01
5.413305967210168092e+03 9.249488981685691780e-01
5.413334119209508572e+03 9.286926862616605716e-01
5.413362271355254052e+03 9.326685816307186405e-01
5.413390423647405441e+03 9.203775076136937461e-01
5.413418576085963650e+03 9.387675257957198705e-01
5.413446728670928678e+03 9.311696658234354107e-01
5.413474881402302344e+03 9.371517623024205879e-01
5.413503034280083739e+03 9.366829331588527596e-01
5.413531187304275591e+03 9.355014308158952074e-01
5.413559340474877899e+03 9.341073544625352332e-01
5.413587493791890665e+03 9.410229565897990645e-01
5.413615647255315707e+03 9.468602037889666256e-01
5.413643800865153025e+03 9.472460562608289170e-01
5.413671954621403529e+03 9.469591444347075226e-01
5.413700108524069037e+03 9.429611062826195322e-01
5.413728262573148641e+03 9.455048510227095360e-01
5.413756416768644158e+03 9.468739013836423579e-01
5.413784571110556499e+03 9.411037496045766559e-01
5.413812725598885663e+03 9.429111039825535112e-01
5.413840880233632561e+03 9.506548812730968301e-01
5.413869035014798101e+03 9.539081902858478346e-01
5.413897189942383193e+03 9.536414086763292941e-01
5.413925345016388746e+03 9.495847102290867481e-01
5.413953500236815671e+03 9.523160400553367655e-01
5.413981655603663967e+03 9.558860467133833971e-01
5.414009811116934543e+03 9.521374841561425217e-01
5.414037966776628309e+03 9.550378778802938173e-01
5.414066122582747084e+03 9.564578604589054622e-01
5.414094278535289959e+03 9.607062252820079973e-01
5.414122434634257843e+03 9.564410107974300468e-01
5.414150590879652555e+03 9.584533302028976909e-01
5.414178747271475004e+03 9.590181488134169596e-01
5.414206903809724281e+03 9.678118681201529627e-01
5.414235060494402205e+03 9.657923864089870136e-01
5.414263217325510595e+03 9.685739696984356772e-01
5.414291374303048542e+03 9.742918551150953066e-01
5.414319531427016955e+03 9.684553237685897820e-01
5.414347688697416743e+03 9.647630126306545595e-01
5.414375846114249725e+03 9.612183897211931116e-01
5.414404003677515902e+03 9.674020456764078624e-01
5.414432161387215274e+03 9.659557282892597962e-01
5.414460319243350568e+03 9.699873585334922721e-01
5.414488477245919967e+03 9.704784387233483800e-01
5.414516635394926197e+03 9.727379327971455991e-01
5.414544793690369261e+03 9.735655698522363011e-01
5.414572952132250975e+03 9.665238616467615174e-01
5.414601110720570432e+03 9.745681862352123526e-01
5.414629269455328540e+03 9.776589045414875168e-01
5.414657428336528028e+03 9.730595561453360132e-01
5.414685587364167077e+03 9.793257303582064699e-01
5.414713746538248415e+03 9.795069381495996597e-01
5.414741905858772043e+03 9.781534081258894675e-01
5.414770065325737960e+03 9.697507147069314160e-01
5.414798224939148895e+03 9.705677403380402746e-01
5.414826384699003938e+03 9.720324442534382658e-01
5.414854544605304000e+03 9.745797068917229078e-01
5.414882704658049988e+03 9.833919833963860047e-01
5.414910864857243723e+03 9.826734256952406321e-01
5.414939025202884295e+03 9.818907694094421990e-01
5.414967185694973523e+03 9.846288612843475674e-01
5.414995346333512316e+03 9.807027184982654022e-01
5.415023507118500675e+03 9.811636896524161822e-01
5.415051668049939508e+03 9.907165219122038291e-01
5.415079829127830635e+03 9.922208771519370751e-01
5.415107990352173147e+03 9.887816610983843901e-01
5.415136151722968862e+03 9.852144928276781455e-01
5.415164313240218689e+03 9.821267411082205134e-01
5.415192474903922630e+03 9.847687672003989645e-01
5.415220636714081593e+03 9.875668847037706310e-01
5.415248798670697397e+03 9.896441519701435485e-01
5.415276960773769133e+03 9.873522894195926325e-01
5.415305123023298620e+03 9.920151730331252526e-01
5.415333285419286767e+03 9.904585009792074013e-01
5.415361447961733575e+03 9.907270636547175213e-01
5.415389610650640861e+03 9.905773758217701896e-01
5.415417773486008628e+03 9.907929847843610638e-01
5.415445936467836873e+03 9.939308418874952533e-01
5.415474099596128326e+03 9.932316304980083332e-01
5.415502262870882078e+03 9.888738251075386287e-01
5.415530426292099037e+03 9.910196885225838193e-01
5.415558589859781023e+03 9.902479342365713144e-01
5.415586753573928036e+03 9.908947685639124536e-01
5.415614917434540985e+03 9.863081378369783492e-01
5.415643081441620780e+03 9.903819950278331952e-01
5.415671245595167420e+03 9.936699169217434457e-01
5.415699409895182725e+03 9.907245763269367789e-01
5.415727574341666696e+03 9.996053899057859571e-01
5.415755738934621149e+03 9.974819551207803059e-01
5.415783903674045177e+03 9.937438654366080870e-01
5.415812068559941508e+03 9.893459750800687180e-01
5.415840233592309232e+03 9.881518280156089684e-01
5.415868398771149259e+03 9.927744473244681789e-01
5.415896564096463408e+03 9.947677602281003173e-01
5.415924729568251678e+03 9.927782216724490016e-01
5.415952895186514979e+03 9.976775241706354880e-01
5.415981060951254221e+03 9.943488571637930651e-01
5.416009226862470314e+03 9.941977950133226161e-01
5.416037392920163256e+03 9.954270188716848322e-01
5.416065559124334868e+03 9.971648025908578239e-01
5.416093725474985149e+03 9.944426495078910744e-01
5.416121891972115009e+03 9.930615502454850363e-01
5.416150058615724447e+03 9.973267360307894736e-01
5.416178225405816193e+03 9.909210044957822427e-01
5.416206392342389336e+03 9.914374406728700961e-01
5.416234559425445696e+03 9.905620249874582672e-01
5.416262726654985272e+03 9.951329238530954857e-01
5.416290894031008065e+03 1.001761721202070854e+00
5.416319061553516804e+03 9.911037044898856063e-01
5.416347229222511487e+03 9.924874062196775704e-01
5.416375397037992116e+03 9.948013004412812332e-01
5.416403564999960508e+03 9.911695795526854758e-01
5.416431733108416665e+03 9.961905227245556604e-01
5.416459901363361496e+03 9.961565999411972072e-01
5.416488069764795910e+03 9.936587483476261307e-01
5.416516238312719906e+03 9.881541424275405161e-01
5.416544407007136215e+03 9.905067435341724513e-01
5.416572575848043925e+03 9.946967381504550065e-01
5.416600744835443948e+03 9.909777547471755321e-01
5.416628913969337191e+03 9.938624159975988359e-01
5.416657083249724565e+03 9.986283523293980613e-01
5.416685252676606979e+03 1.000699590209405354e+00
5.416713422249985342e+03 9.982966015300194229e-01
5.416741591969859655e+03 9.945659158943329636e-01
5.416769761836231737e+03 9.942980143909402324e-01
5.416797931849101587e+03 9.966348889154839075e-01
5.416826102008469206e+03 9.959225679857401925e-01
5.416854272314337322e+03 9.929373605543174719e-01
5.416882442766705026e+03 9.997662343706524846e-01
5.416910613365574136e+03 9.997629499937543684e-01
5.416938784110944653e+03 1.001071717726099708e+00
5.416966955002817485e+03 9.937148822329394671e-01
5.416995126041194453e+03 9.959488774530288469e-01
5.417023297226074646e+03 9.947550902688682140e-01
5.417051468557459884e+03 9.958071674809897411e-01
5.417079640035350167e+03 9.951972061588318930e-01
5.417107811659747313e+03 9.939794120878585604e-01
5.417135983430651322e+03 9.958854878366588670e-01
5.417164155348063105e+03 1.000601786045886676e+00
5.417192327411983570e+03 9.983209415044201895e-01
5.417220499622413627e+03 9.942109248436233893e-01
5.417248671979353276e+03 9.947909253948075126e-01
5.417276844482804336e+03 9.946855378667697201e-01
5.417305017132766807e+03 9.944618561436927573e-01
5.417333189929241598e+03 9.908209760323509752e-01
5.417361362872229620e+03 9.976476144310522098e-01
5.417389535961730871e+03 9.995715514316260153e-01
5.417417709197748081e+03 9.909438745624982170e-01
5.417445882580279431e+03 9.947711581302385309e-01
5.417474056109327648e+03 9.934699168292761007e-01
5.417502229784893643e+03 9.892304725499377893e-01
5.417530403606976506e+03 9.997429848330082747e-01
5.417558577575577146e+03 9.991597674991733458e-01
5.417586751690698293e+03 1.002825622861772459e+00
5.417614925952339036e+03 9.991118107729416442e-01
5.417643100360500284e+03 9.970834527629366395e-01
5.417671274915182948e+03 9.959556917653624719e-01
5.417699449616388847e+03 9.967058230751276726e-01
5.417727624464117071e+03 9.972690584148128368e-01
5.417755799458369438e+03 9.977877660887151112e-01
5.417783974599145949e+03 9.996882716791631873e-01
5.417812149886448424e+03 9.987959387162714808e-01
5.417840325320275952e+03 9.994018917270345304e-01
5.417868500900631261e+03 1.001133692100760308e+00
5.417896676627514353e+03 1.001260720389050451e+00
5.417924852500925226e+03 9.993546308983070059e-01
5.417953028520865701e+03 1.000180922659883453e+00
5.417981204687335776e+03 9.971175225163741995e-01
5.418009381000336361e+03 9.912500312322573004e-01
5.418037557459869276e+03 9.955991428562817047e-01
5.418065734065933611e+03 1.003254315514122252e+00
5.418093910818531185e+03 9.989354124456072404e-01
5.418122087717661998e+03 1.004987409476019167e+00
5.418150264763327868e+03 9.973728502313827793e-01
5.418178441955528797e+03 9.940639264364107275e-01
5.418206619294265693e+03 9.950801301055073322e-01
5.418234796779539465e+03 1.000241975271775274e+00
5.418262974411351024e+03 9.970269496556189992e-01
5.418291152189700369e+03 9.945668451757747608e-01
5.418319330114589320e+03 9.974176716860746472e-01
5.418347508186017876e+03 9.949565050389038712e-01
5.418375686403986947e+03 9.962786149225093535e-01
5.418403864768497442e+03 9.990512078296938103e-01
5.418432043279550271e+03 9.953482681221182959e-01
5.418460221937145434e+03 9.935905218871923239e-01
5.418488400741284750e+03 9.974691124855474822e-01
5.418516579691968218e+03 9.982372415713722802e-01
5.418544758789196749e+03 9.971989710064983470e-01
5.418572938032971251e+03 9.977484317930724877e-01
5.418601117423292635e+03 9.963829258479873774e-01
5.418629296960161810e+03 9.993171043625000971e-01
5.418657476643578775e+03 9.978804183209569745e-01
5.418685656473544441e+03 9.970454980596594741e-01
5.418713836450059716e+03 9.962628727104877457e-01
5.418742016573126421e+03 1.002117392208435431e+00
5.418770196842743644e+03 1.001397339107805040e+00
5.418798377258913206e+03 9.941043714003667819e-01
5.418826557821635106e+03 9.961976495158888500e-01
5.418854738530911163e+03 9.981682365682089664e-01
5.418882919386740468e+03 9.978097372187100245e-01
5.418911100389125750e+03 1.001462966626013751e+00
5.418939281538067007e+03 9.930532360470615272e-01
5.418967462833564241e+03 1.001173623750215569e+00
5.418995644275619270e+03 1.000670210693806128e+00
5.419023825864232094e+03 9.967867535489992603e-01
5.419052007599404533e+03 9.986997079696601221e-01
5.419080189481135676e+03 1.000512012969713815e+00
5.419108371509427343e+03 9.944888554430284522e-01
5.419136553684280443e+03 1.001711929466489126e+00
5.419164736005695886e+03 1.002302572245114654e+00
5.419192918473673672e+03 9.975254786267424567e-01
5.419221101088214709e+03 9.958145429689360117e-01
5.419249283849319909e+03 1.000982063440769565e+00
5.419277466756990179e+03 1.002770444986194276e+00
5.419305649811226431e+03 9.944198321029407150e-01
5.419333833012029572e+03 9.939717704717281332e-01
5.419362016359399604e+03 9.951453934855751804e-01
5.419390199853337435e+03 9.987880943800183653e-01
5.419418383493843976e+03 1.006612736445301914e+00
5.419446567280920135e+03 1.001126340475892551e+00
5.419474751214566822e+03 1.002733811822174692e+00
5.419502935294784038e+03 1.000940675506934996e+00
5.419531119521573601e+03 9.984551340189066204e-01
5.419559303894936420e+03 9.976444201294193403e-01
5.419587488414871586e+03 9.981467122600976571e-01
5.419615673081380919e+03 9.956897379026146133e-01
5.419643857894465327e+03 1.008059620861785133e+00
5.419672042854125721e+03 9.991319885303766579e-01
5.419700227960362099e+03 9.995547281668778483e-01
5.419728413213176282e+03 9.968594646128866588e-01
5.419756598612567359e+03 9.928637180617401192e-01
5.419784784158538059e+03 9.869528473733136797e-01
5.419812969851087473e+03 9.870468262945927274e-01
5.419841155690217420e+03 9.903298281412942217e-01
5.419869341675928808e+03 9.989574779902894441e-01
5.419897527808221639e+03 9.992753217901187979e-01
5.419925714087096821e+03 1.000743469173593914e+00
5.419953900512555265e+03 1.003847722736678438e+00
5.419982087084597879e+03 9.957696994936617862e-01
5.420010273803225573e+03 1.002401461762289392e+00
5.420038460668438347e+03 1.003846575118524376e+00
5.420066647680237111e+03 9.990789913070974304e-01
5.420094834838623683e+03 9.994882049271648361e-01
5.420123022143598064e+03 9.969818709519957523e-01
5.420151209595160253e+03 9.993007894127637902e-01
5.420179397193312980e+03 9.962173720090125029e-01
5.420207584938055334e+03 9.960351392585976571e-01
5.420235772829388225e+03 9.983156549040755889e-01
5.420263960867313472e+03 9.941680514556874293e-01
5.420292149051830165e+03 9.991981259917824820e-01
5.420320337382941034e+03 1.000017063361804848e+00
5.420348525860645168e+03 9.988760952830786355e-01
5.420376714484944387e+03 9.947714114190425727e-01
5.420404903255838690e+03 1.005234552780134072e+00
5.420433092173329896e+03 1.001105192298095137e+00
5.420461281237418007e+03 9.923718828912257983e-01
5.420489470448103020e+03 1.001728967105424140e+00
5.420517659805387666e+03 9.943359469236683346e-01
5.420545849309271034e+03 1.000906630376172890e+00
5.420574038959754034e+03 9.987681160249908263e-01
5.420602228756838485e+03 1.001653272169636510e+00
5.420630418700524388e+03 1.000432132920334061e+00
5.420658608790811741e+03 9.980792598786092373e-01
5.420686799027703273e+03 1.000990093817298643e+00
5.420714989411198076e+03 9.978785482191887546e-01
5.420743179941297967e+03 9.965274740245675389e-01
5.420771370618002948e+03 9.955654390058849001e-01
5.420799561441314836e+03 9.976998488752304439e-01
5.420827752411232723e+03 1.000352418239354835e+00
5.420855943527758427e+03 1.000832480179262740e+00
5.420884134790892858e+03 9.960645927721906157e-01
5.420912326200636016e+03 9.992981826138040979e-01
5.420940517756989721e+03 9.950047598573995566e-01
5.420968709459953061e+03 9.986465962861431622e-01
5.420996901309528766e+03 1.000626765431136711e+00
5.421025093305716837e+03 9.950797361155157006e-01
5.421053285448517272e+03 9.989197000546271576e-01
5.421081477737931891e+03 9.992519048251345959e-01
5.421109670173961604e+03 9.940021253691844194e-01
5.421137862756605500e+03 9.933771245611159317e-01
5.421166055485866309e+03 9.922036329574266400e-01
5.421194248361743121e+03 9.953323223348981008e-01
5.421222441384238664e+03 9.969494535096452559e-01
5.421250634553351119e+03 9.964118832884213406e-01
5.421278827869084125e+03 9.992584280105522021e-01
5.421307021331435863e+03 1.001033704682060765e+00
5.421335214940409060e+03 1.003276138013473817e+00
5.421363408696002807e+03 1.002349372522663762e+00
5.421391602598218924e+03 1.002241521654601897e+00
5.421419796647058320e+03 9.994826146481389229e-01
5.421447990842521904e+03 1.007794428832995415e+00
5.421476185184608767e+03 9.985116624513450390e-01
5.421504379673321637e+03 1.001916880984797364e+00
5.421532574308660514e+03 1.005248916505301571e+00
5.421560769090625399e+03 1.003996052617689871e+00
5.421588964019218110e+03 1.000350662081927133e+00
5.421617159094439558e+03 1.005263322593401121e+00
5.421645354316289740e+03 1.007418615457282174e+00
5.421673549684769569e+03 9.974837418920291521e-01
5.421701745199879952e+03 9.919632847933100850e-01
5.421729940861620889e+03 9.998222158870876397e-01
5.421758136669995110e+03 1.000163805580227327e+00
5.421786332625001705e+03 1.003117120183470767e+00
5.421814528726641583e+03 9.962926609072512152e-01
5.421842724974916564e+03 9.980160723665422173e-01
5.421870921369825737e+03 1.005936340454426370e+00
5.421899117911371832e+03 1.000978025111177727e+00
5.421927314599553938e+03 9.972402165545605213e-01
5.421955511434372966e+03 9.999517738758922913e-01
5.421983708415830733e+03 1.006599140246400070e+00
5.422011905543928151e+03 9.955661331765398581e-01
5.422040102818664309e+03 9.957959868432949557e-01
5.422068300240041026e+03 1.003526531973609970e+00
5.422096497808059212e+03 9.978815186540463955e-01
5.422124695522718866e+03 9.978970396267111687e-01
5.422152893384021809e+03 9.991244326040067403e-01
5.422181091391968039e+03 1.001492467970195088e+00
5.422209289546558466e+03 1.001108826588011258e+00
5.422237487847794000e+03 1.004687348549287096e+00
5.422265686295675550e+03 9.998606615070054771e-01
5.422293884890204026e+03 1.003380707591605914e+00
5.422322083631379428e+03 1.004848955520868392e+00
5.422350282519202665e+03 9.948774119470256139e-01
5.422378481553674646e+03 9.957817979279141030e-01
5.422406680734796282e+03 1.004044649174576032e+00
5.422434880062568482e+03 1.008306279397300109e+00
5.422463079536992154e+03 1.003665365682516741e+00
5.422491279158067300e+03 9.967376983462016282e-01
5.422519478925794829e+03 1.000859728869227805e+00
5.422547678840176559e+03 1.001286346470747768e+00
5.422575878901211581e+03 1.006924287359705961e+00
5.422604079108902624e+03 1.004601484831527003e+00
5.422632279463247869e+03 1.002636905330911210e+00
5.422660479964250953e+03 9.944267851384498424e-01
5.422688680611910968e+03 9.944423937278292769e-01
5.422716881406228822e+03 1.000585472125705477e+00
5.422745082347205425e+03 1.000868947713022816e+00
5.422773283434841687e+03 1.000868172340866780e+00
5.422801484669137608e+03 1.005725409817332716e+00
5.422829686050095006e+03 1.002128628680556854e+00
5.422857887577714791e+03 9.937021911350257808e-01
5.422886089251996054e+03 9.994624303159304057e-01
5.422914291072941523e+03 1.005522536855598892e+00
5.422942493040551199e+03 1.005881875755924026e+00
5.422970695154825080e+03 1.003780838601590064e+00
5.422998897415764986e+03 1.004564995800218519e+00
5.423027099823370918e+03 1.004231333869159970e+00
5.423055302377643784e+03 1.005662175381919043e+00
5.423083505078585404e+03 9.941127997778402836e-01
5.423111707926194867e+03 9.962471060661185485e-01
5.423139910920474904e+03 1.003832456752481672e+00
5.423168114061423694e+03 1.007109375553677078e+00
5.423196317349044875e+03 1.005129068960024963e+00
5.423224520783336629e+03 9.999143115043617192e-01
5.423252724364301685e+03 1.000206373780220703e+00
5.423280928091939131e+03 9.978201971522470126e-01
5.423309131966251698e+03 9.998423880156814825e-01
5.423337335987238475e+03 1.001469295772528412e+00
5.423365540154900373e+03 9.985570850519264186e-01
5.423393744469239209e+03 9.978203099020556133e-01
5.423421948930254985e+03 9.959177538565039400e-01
5.423450153537948609e+03 9.936880806932897325e-01
5.423478358292320081e+03 9.934093174655366232e-01
5.423506563193372131e+03 9.954836024651534387e-01
5.423534768241103848e+03 9.911791090510828628e-01
5.423562973435516142e+03 9.968580033999512313e-01
5.423591178776609922e+03 9.983249244746529305e-01
5.423619384264386099e+03 9.963264986560391723e-01
5.423647589898846491e+03 9.982429670239062469e-01
5.423675795679989278e+03 9.995586713908332088e-01
5.423704001607818100e+03 1.001214622517091701e+00
5.423732207682332046e+03 1.000622231651640437e+00
5.423760413903532026e+03 1.000497221655252567e+00
5.423788620271418949e+03 9.923433213688951371e-01
5.423816826785993726e+03 9.996333114580918666e-01
5.423845033447256355e+03 9.958131757666469630e-01
5.423873240255208657e+03 1.001292390015753098e+00
5.423901447209851540e+03 1.001716044919114257e+00
5.423929654311185004e+03 9.986322495955571865e-01
5.423957861559209960e+03 1.002573468404853285e+00
5.423986068953927315e+03 1.001237007264152323e+00
5.424014276495337072e+03 9.979834583377676926e-01
5.424042484183441047e+03 9.941448435332993494e-01
5.424070692018240152e+03 9.967642861914953745e-01
5.424098899999734385e+03 1.001635055596667101e+00
5.424127108127924657e+03 9.989352252458475467e-01
5.424155316402811877e+03 9.969956852583056195e-01
5.424183524824396045e+03 9.978413075376569852e-01
5.424211733392679889e+03 9.999376769771153306e-01
5.424239942107662500e+03 1.002989215943439039e+00
5.424268150969344788e+03 1.000883828442470591e+00
5.424296359977727661e+03 1.000655113771675264e+00
5.424324569132812030e+03 1.000186500376545329e+00
5.424352778434598804e+03 9.986376083039750773e-01
5.424380987883088892e+03 9.951895073467791342e-01
5.424409197478282294e+03 9.929148446705438058e-01
5.424437407220180830e+03 9.902158537924328208e-01
5.424465617108783590e+03 9.956369556540228816e-01
5.424493827144093302e+03 9.988069328059536733e-01
5.424522037326109967e+03 9.986363566742245679e-01
5.424550247654833584e+03 1.001103716487840467e+00
5.424578458130265972e+03 1.001996678073872049e+00
5.424606668752407131e+03 1.001502632120874647e+00
5.424634879521257972e+03 1.002754785942870930e+00
5.424663090436820312e+03 9.956100801884344431e-01
5.424691301499093242e+03 9.990599530791334226e-01
5.424719512708078582e+03 9.986543612081825172e-01
5.424747724063777241e+03 1.005048330893463460e+00
5.424775935566189219e+03 9.999448813196394337e-01
5.424804147215315425e+03 1.000152611585118922e+00
5.424832359011156768e+03 1.002993368773264393e+00
5.424860570953714159e+03 9.994082659933934965e-01
5.424888783042988507e+03 9.960903154731605147e-01
5.424916995278980721e+03 9.943633061718499810e-01
5.424945207661690802e+03 9.994989417905765228e-01
5.424973420191119658e+03 1.012296675981569027e+00
5.425001632867269109e+03 9.970470583708073153e-01
5.425029845690138245e+03 9.943168245586505583e-01
5.425058058659728886e+03 1.000296196732769038e+00
5.425086271776041940e+03 1.002893699791214566e+00
5.425114485039077408e+03 9.958990315494601342e-01
5.425142698448837109e+03 9.935253716590283224e-01
5.425170912005321043e+03 1.001202953280889263e+00
5.425199125708529209e+03 1.002324609487281970e+00
5.425227339558464337e+03 1.001000614411443168e+00
5.425255553555125516e+03 1.001182996273478176e+00
5.425283767698514566e+03 9.994817057494248536e-01
5.425311981988631487e+03 9.984923105351413142e-01
5.425340196425477188e+03 9.999267198356378561e-01
5.425368411009052579e+03 9.965562963092366999e-01
5.425396625739358569e+03 9.994920117122715331e-01
5.425424840616396068e+03 1.007247789070530253e+00
5.425453055640165985e+03 1.010126333584077996e+00
5.425481270810667411e+03 1.002186157065686034e+00
5.425509486127903074e+03 9.958966031154335985e-01
5.425537701591872974e+03 9.973529615626655076e-01
5.425565917202578021e+03 9.985047967738315267e-01
5.425594132960019124e+03 9.956199881017054887e-01
5.425622348864196283e+03 1.006328903896363869e+00
5.425650564915111318e+03 9.980411614978255130e-01
5.425678781112763318e+03 9.996911690838452547e-01
5.425706997457155012e+03 1.001218001161148896e+00
5.425735213948286400e+03 1.003384083572581797e+00
5.425763430586158393e+03 9.947711650217678780e-01
5.425791647370770988e+03 9.985770021184928735e-01
5.425819864302126007e+03 1.000277919322906772e+00
5.425848081380223448e+03 9.983660079997862535e-01
5.425876298605064221e+03 9.973216285804565873e-01
5.425904515976649236e+03 1.000209785174913213e+00
5.425932733494979402e+03 9.993313808930659459e-01
5.425960951160054719e+03 1.000932962854433894e+00
5.425989168971877007e+03 9.961538741001653152e-01
5.426017386930447174e+03 9.987917207157407384e-01
5.426045605035764311e+03 9.932530510591399686e-01
5.426073823287831146e+03 1.000257447241618802e+00
5.426102041686646771e+03 1.000200176315542810e+00
5.426130260232213004e+03 9.965126710905989338e-01
5.426158478924529845e+03 9.977850204539843171e-01
5.426186697763599113e+03 1.000588152588024693e+00
5.426214916749420809e+03 9.969507033771125570e-01
5.426243135881995840e+03 9.960515321192964233e-01
5.426271355161325118e+03 1.005324273033388671e+00
5.426299574587409552e+03 1.006186166378324476e+00
5.426327794160249141e+03 1.002731049480150682e+00
5.426356013879845705e+03 9.988268679988427934e-01
5.426384233746199243e+03 1.002022852516419427e+00
5.426412453759309756e+03 1.003295629076027318e+00
5.426440673919179972e+03 1.001644833063500606e+00
5.426468894225809890e+03 9.974709972922444212e-01
5.426497114679199512e+03 1.000097196688848555e+00
5.426525335279349747e+03 1.004892368150886117e+00
5.426553556026262413e+03 1.002721331108715308e+00
5.426581776919937511e+03 1.001577915646071126e+00
5.426609997960375949e+03 1.002602057948830394e+00
5.426638219147578639e+03 1.003188555581920438e+00
5.426666440481545578e+03 1.000294239388341389e+00
5.426694661962278587e+03 9.925880062251555280e-01
5.426722883589777666e+03 9.971372750851272837e-01
5.426751105364043724e+03 1.002961121443489700e+00
5.426779327285077670e+03 1.002370430788836142e+00
5.426807549352880415e+03 1.000229102298586525e+00
5.426835771567451957e+03 1.003062117815749055e+00
5.426863993928794116e+03 1.001220449166670745e+00
5.426892216436907802e+03 1.001016226565079714e+00
5.426920439091792105e+03 1.006166149495844930e+00
5.426948661893449753e+03 1.001111700070472565e+00
5.426976884841879837e+03 9.952345174660257587e-01
5.427005107937085086e+03 9.994402730956645220e-01
5.427033331179063680e+03 1.002517001664040119e+00
5.427061554567818348e+03 9.999154899219770964e-01
5.427089778103350000e+03 9.991195893644870818e-01
5.427118001785657725e+03 9.952652880256440682e-01
5.427146225614743344e+03 1.005275877417888264e+00
5.427174449590607765e+03 1.000769598755976597e+00
5.427202673713250988e+03 9.954390367281867880e-01
5.427230897982674833e+03 9.997819983084814677e-01
5.427259122398879299e+03 9.982237537625325841e-01
5.427287346961866206e+03 9.927351896293858946e-01
5.427315571671634643e+03 1.000672701564149225e+00
5.427343796528186431e+03 1.006042046817883895e+00
5.427372021531521568e+03 1.005486300962667778e+00
5.427400246681641875e+03 9.992926254542049413e-01
5.427428471978547350e+03 9.962852996438155140e-01
5.427456697422239813e+03 9.985694390136060639e-01
5.427484923012718355e+03 1.000443855708601504e+00
5.427513148749984794e+03 1.002488455368730991e+00
5.427541374634040039e+03 9.956616636576990365e-01
5.427569600664884092e+03 9.980757988691488780e-01
5.427597826842517861e+03 1.000874341722492789e+00
5.427626053166943166e+03 1.005671599640541425e+00
5.427654279638160006e+03 1.000665263812289929e+00
5.427682506256168381e+03 9.977065270460010460e-01
5.427710733020970110e+03 1.001848424777500579e+00
5.427738959932566104e+03 1.001056968922083845e+00
5.427767186990956361e+03 1.000993258360242333e+00
5.427795414196141792e+03 1.000211725827403253e+00
5.427823641548124215e+03 1.002534568166089102e+00
5.427851869046902721e+03 1.000315114115140069e+00
5.427880096692479128e+03 1.004022535846387898e+00
5.427908324484853438e+03 9.991180688703223955e-01
5.427936552424027468e+03 1.000463145736671056e+00
5.427964780510001219e+03 1.002345165900996982e+00
5.427993008742775601e+03 9.991409966345140559e-01
5.428021237122351522e+03 1.004506986207775565e+00
5.428049465648728983e+03 9.993186124036769202e-01
5.428077694321910712e+03 1.001782763615044924e+00
5.428105923141894891e+03 1.000512673883971582e+00
5.428134152108684248e+03 1.004181691884548755e+00
5.428162381222279691e+03 1.006173641816315634e+00
5.428190610482680313e+03 1.003335713567898635e+00
5.428218839889887022e+03 1.002259872162731380e+00
5.428247069443902546e+03 1.004757027815956771e+00
5.428275299144725977e+03 1.003625124670620483e+00
5.428303528992358224e+03 9.944554398302449805e-01
5.428331758986800196e+03 9.916241323976889843e-01
5.428359989128053712e+03 9.941013326751779733e-01
5.428388219416117863e+03 1.001819664824171507e+00
5.428416449850994468e+03 1.005766355988306548e+00
5.428444680432683526e+03 9.997219771379654008e-01
5.428472911161186857e+03 1.007654054298492641e+00
5.428501142036503552e+03 1.007624040629599982e+00
5.428529373058636338e+03 1.001402866876377473e+00
5.428557604227585216e+03 9.961570341971290876e-01
5.428585835543350186e+03 1.003200572341975016e+00
5.428614067005933066e+03 1.003318549780568336e+00
5.428642298615333857e+03 1.005743105576771823e+00
5.428670530371554378e+03 9.932666003604130323e-01
5.428698762274594628e+03 9.988546480955678986e-01
5.428726994324454608e+03 9.975487613258073871e-01
5.428755226521136137e+03 1.003041778192315325e+00
5.428783458864640124e+03 1.002077872038533268e+00
5.428811691354966570e+03 9.994028405387277436e-01
5.428839923992117292e+03 1.002733876787767375e+00
5.428868156776091382e+03 9.970470736586974914e-01
5.428896389706890659e+03 9.943099030266637772e-01
5.428924622784516941e+03 9.979976316019463223e-01
5.428952856008968411e+03 9.931005064652241865e-01
5.428981089380248704e+03 9.975996648305101022e-01
5.429009322898356004e+03 1.009851935347592766e+00
5.429037556563293037e+03 1.003999836617288866e+00
5.429065790375059805e+03 9.958577100306957863e-01
5.429094024333656307e+03 9.976627883415990494e-01
5.429122258439084362e+03 9.976892899827567440e-01
5.429150492691344880e+03 1.004263484489071212e+00
5.429178727090437860e+03 1.011745752794829700e+00
5.429206961636364213e+03 9.998585346190744794e-01
5.429235196329124847e+03 9.949975899738194851e-01
5.429263431168720672e+03 9.940101153845846138e-01
5.429291666155151688e+03 9.975339441554119668e-01
5.429319901288420624e+03 1.004346168505430015e+00
5.429348136568525661e+03 1.006586736738694032e+00
5.429376371995469526e+03 1.000391773292914177e+00
5.429404607569252221e+03 1.004351412360019014e+00
5.429432843289873745e+03 1.006851393193089361e+00
5.429461079157336826e+03 9.988946095366461053e-01
5.429489315171640555e+03 9.959143439383733032e-01
5.429517551332785843e+03 1.000994108603542987e+00
5.429545787640773597e+03 1.001948085422929902e+00
5.429574024095605637e+03 9.999575273955159105e-01
5.429602260697281963e+03 1.002079404950683372e+00
5.429630497445802575e+03 1.002044479634734753e+00
5.429658734341169293e+03 1.004860466362501814e+00
5.429686971383382115e+03 1.004064517142178481e+00
5.429715208572442862e+03 9.987316045458456415e-01
5.429743445908351532e+03 1.002448091024840338e+00
5.429771683391108127e+03 1.001490555410529781e+00
5.429799921020715374e+03 9.987047586491454298e-01
5.429828158797172364e+03 9.970157183921545263e-01
5.429856396720480916e+03 9.958633154786643571e-01
5.429884634790641030e+03 1.000560536148549007e+00
5.429912873007653616e+03 9.931640970977557714e-01
5.429941111371519582e+03 9.962034177174541316e-01
5.429969349882239840e+03 9.983727616686762785e-01
5.429997588539814387e+03 9.940311511759024610e-01
