# star name zetOri, line HEII5411
# instrument: HERMES spectrograph @Mercator
# date of observation (midpoint)2018-10-13T03:33:45.835896
# BJD of observation (midpoint)2458404.6506721
# name of fits file: 00897892_HRF_OBJ_ext_CosmicsRemoved_log_merged_c.fits
# 
# wavelength(Angstrom,air) normalised_flux
5.390018255721892274e+03 9.956142927530861053e-01
5.390046286613051961e+03 9.944080328296870386e-01
5.390074317649987279e+03 1.001548315138438339e+00
5.390102348832698226e+03 1.002268154027389446e+00
5.390130380161185712e+03 9.988795749367593846e-01
5.390158411635450648e+03 1.001564566147629787e+00
5.390186443255493032e+03 9.974482613277378951e-01
5.390214475021315593e+03 9.968974059107138519e-01
5.390242506932917422e+03 9.981463489517795606e-01
5.390270538990299428e+03 1.006603675496466233e+00
5.390298571193463431e+03 1.003525786529037234e+00
5.390326603542408520e+03 9.985545574334350194e-01
5.390354636037137425e+03 9.990801152230277538e-01
5.390382668677649235e+03 9.979815783210399527e-01
5.390410701463944861e+03 9.980233077476996506e-01
5.390438734396026121e+03 1.000072008427503656e+00
5.390466767473893015e+03 9.985315724481670374e-01
5.390494800697546452e+03 9.957583459257713931e-01
5.390522834066987343e+03 9.963539751268903899e-01
5.390550867582215687e+03 9.974993407345306151e-01
5.390578901243233304e+03 9.966382493304659640e-01
5.390606935050041102e+03 9.974344076178159879e-01
5.390634969002638172e+03 1.000827292752996867e+00
5.390663003101027243e+03 1.000496325963216027e+00
5.390691037345207405e+03 9.959387614322535720e-01
5.390719071735180478e+03 9.968513064455062356e-01
5.390747106270947370e+03 9.999504524485768320e-01
5.390775140952508082e+03 9.970798504370851356e-01
5.390803175779863523e+03 9.969851121435081565e-01
5.390831210753014602e+03 9.969340658387716436e-01
5.390859245871962230e+03 9.960771565683518292e-01
5.390887281136707315e+03 1.002146913727532729e+00
5.390915316547249859e+03 9.988921045185954473e-01
5.390943352103590769e+03 1.000571750783605829e+00
5.390971387805731865e+03 1.001798725314196004e+00
5.390999423653673148e+03 1.003188977127031700e+00
5.391027459647414616e+03 9.942216296897938843e-01
5.391055495786958090e+03 1.001479283502149986e+00
5.391083532072304479e+03 9.967402340309584607e-01
5.391111568503453782e+03 9.972660658094281150e-01
5.391139605080406909e+03 9.992749838348546909e-01
5.391167641803164770e+03 9.954127050249323982e-01
5.391195678671729183e+03 9.977127682043951395e-01
5.391223715686098330e+03 9.992280694167965382e-01
5.391251752846275849e+03 1.001271150386389808e+00
5.391279790152259920e+03 9.969715604884393789e-01
5.391307827604053273e+03 9.978883994937876034e-01
5.391335865201655906e+03 1.001616290041910773e+00
5.391363902945067821e+03 1.001818282284327566e+00
5.391391940834291745e+03 9.997969699035653690e-01
5.391419978869326769e+03 1.000425676747259018e+00
5.391448017050173803e+03 1.001284190163234333e+00
5.391476055376833756e+03 1.001958173588659351e+00
5.391504093849308447e+03 1.001053077371069078e+00
5.391532132467596966e+03 1.001771767855559103e+00
5.391560171231701133e+03 9.999037808021242757e-01
5.391588210141620948e+03 9.960829260535642993e-01
5.391616249197358229e+03 9.979913068989093583e-01
5.391644288398912977e+03 9.976743205063856035e-01
5.391672327746286101e+03 9.956468102144998555e-01
5.391700367239478510e+03 9.993500615093957595e-01
5.391728406878491114e+03 9.985835799903890475e-01
5.391756446663323914e+03 9.962637523029583830e-01
5.391784486593977817e+03 1.000236321723050326e+00
5.391812526670454645e+03 9.968477009703449188e-01
5.391840566892753486e+03 9.989087342053940555e-01
5.391868607260877070e+03 1.000405312994435914e+00
5.391896647774824487e+03 9.987618956171097073e-01
5.391924688434597556e+03 9.991812334102856408e-01
5.391952729240196277e+03 9.974871883629318203e-01
5.391980770191621559e+03 9.999256963814547872e-01
5.392008811288875222e+03 1.000282829485675595e+00
5.392036852531956356e+03 1.000410259632756205e+00
5.392064893920866780e+03 9.980485096842172110e-01
5.392092935455606494e+03 1.000411161794260817e+00
5.392120977136177316e+03 1.002493576567073053e+00
5.392149018962579248e+03 9.974876100106837562e-01
5.392177060934813198e+03 1.003201471939934475e+00
5.392205103052879167e+03 1.001151829492803902e+00
5.392233145316779883e+03 9.981289788776127603e-01
5.392261187726514436e+03 1.001261508971128089e+00
5.392289230282083736e+03 1.002017907746604708e+00
5.392317272983489602e+03 9.996784428698080038e-01
5.392345315830732034e+03 1.001827428051976998e+00
5.392373358823811031e+03 9.977738684906182209e-01
5.392401401962728414e+03 9.962739084877852980e-01
5.392429445247485091e+03 1.000872785965218670e+00
5.392457488678081063e+03 1.000286273303610640e+00
5.392485532254518148e+03 1.001048880347891634e+00
5.392513575976795437e+03 9.981390473460761692e-01
5.392541619844914749e+03 9.940070573382364660e-01
5.392569663858876993e+03 9.993921042741673588e-01
5.392597708018683079e+03 1.002375608757920977e+00
5.392625752324332097e+03 9.985190287262364350e-01
5.392653796775826777e+03 9.951535919625280613e-01
5.392681841373168027e+03 9.985913050608735686e-01
5.392709886116354028e+03 9.961922630582868976e-01
5.392737931005388418e+03 9.979140262071169998e-01
5.392765976040270289e+03 1.001038854398760058e+00
5.392794021221001458e+03 9.993862027526483338e-01
5.392822066547581926e+03 9.986557397050259688e-01
5.392850112020012602e+03 1.003825905426073861e+00
5.392878157638293487e+03 1.003079863335129440e+00
5.392906203402427309e+03 9.993172192867730841e-01
5.392934249312413158e+03 1.000454628772862176e+00
5.392962295368251944e+03 1.000474549317230233e+00
5.392990341569945485e+03 9.980746592260894001e-01
5.393018387917492873e+03 1.000347829317710824e+00
5.393046434410896836e+03 9.975919821511518570e-01
5.393074481050156464e+03 9.966885234959701467e-01
5.393102527835273577e+03 9.964015359567142127e-01
5.393130574766248174e+03 9.985427628729632854e-01
5.393158621843081164e+03 1.002227972139514200e+00
5.393186669065773458e+03 1.001270409890060886e+00
5.393214716434326874e+03 9.991073839078123964e-01
5.393242763948740503e+03 9.994712386062145626e-01
5.393270811609015254e+03 1.001369778938743904e+00
5.393298859415152947e+03 1.001016235028308721e+00
5.393326907367153581e+03 1.001074562066804230e+00
5.393354955465018975e+03 9.992354167221949579e-01
5.393383003708748220e+03 9.994854471391931838e-01
5.393411052098343134e+03 1.001706959350548543e+00
5.393439100633803719e+03 1.000492620898953744e+00
5.393467149315131792e+03 1.000279719263690081e+00
5.393495198142327354e+03 1.000096869098115571e+00
5.393523247115391314e+03 9.992718349405358413e-01
5.393551296234324582e+03 9.992152093056050344e-01
5.393579345499128067e+03 9.984624398895776132e-01
5.393607394909801769e+03 9.970384173161480623e-01
5.393635444466346598e+03 9.995284984458121524e-01
5.393663494168764373e+03 1.005515891116882665e+00
5.393691544017055094e+03 1.002545650445533898e+00
5.393719594011219669e+03 1.001473234145107805e+00
5.393747644151259010e+03 9.989662826830258968e-01
5.393775694437173115e+03 9.993864198301686264e-01
5.393803744868962895e+03 9.953769648011580040e-01
5.393831795446630167e+03 9.966575479210948441e-01
5.393859846170174933e+03 1.002570934644106515e+00
5.393887897039598101e+03 1.002962889052563922e+00
5.393915948054899673e+03 1.002362034382032308e+00
5.393943999216081465e+03 1.003512110459201301e+00
5.393972050523144389e+03 9.965332228030416850e-01
5.394000101976087535e+03 9.989710878910929015e-01
5.394028153574913631e+03 9.983810603575757892e-01
5.394056205319622677e+03 9.979894089448948513e-01
5.394084257210214673e+03 1.000500055053049620e+00
5.394112309246691439e+03 9.988660164664644459e-01
5.394140361429053883e+03 9.994220335364417673e-01
5.394168413757301096e+03 9.997842249893834632e-01
5.394196466231435807e+03 9.964365265555666928e-01
5.394224518851458015e+03 1.002915324582286827e+00
5.394252571617367721e+03 9.961276706190711483e-01
5.394280624529166744e+03 9.944915495328140453e-01
5.394308677586855993e+03 9.972562739401897858e-01
5.394336730790434558e+03 9.962162758552540742e-01
5.394364784139905169e+03 9.982780720244592843e-01
5.394392837635267824e+03 9.989916741108546550e-01
5.394420891276522525e+03 1.000264757005071781e+00
5.394448945063671090e+03 9.978245937420636702e-01
5.394476998996713519e+03 9.991201969177042619e-01
5.394505053075651631e+03 1.001591740368173111e+00
5.394533107300485426e+03 1.001330413198600944e+00
5.394561161671214904e+03 1.004409791070111968e+00
5.394589216187842794e+03 1.002755533035693869e+00
5.394617270850368186e+03 9.987208730812803248e-01
5.394645325658791990e+03 9.983410741235003716e-01
5.394673380613116024e+03 9.950250224196471871e-01
5.394701435713340288e+03 9.956494363735914899e-01
5.394729490959465693e+03 1.001212152253708076e+00
5.394757546351492238e+03 1.001514975863485368e+00
5.394785601889421741e+03 9.978984704005823270e-01
5.394813657573255114e+03 9.988755515056094714e-01
5.394841713402992355e+03 1.002156703268555660e+00
5.394869769378633464e+03 9.973054983724681799e-01
5.394897825500181170e+03 1.001369466402768360e+00
5.394925881767635474e+03 9.984673405296051740e-01
5.394953938180996374e+03 9.972470641297924709e-01
5.394981994740265691e+03 9.986985378501100907e-01
5.395010051445443423e+03 9.989789848053151067e-01
5.395038108296530481e+03 1.002912222279793264e+00
5.395066165293527774e+03 9.998786391334555379e-01
5.395094222436435302e+03 9.964073007879602484e-01
5.395122279725255794e+03 9.988210692353879372e-01
5.395150337159987430e+03 9.968569158494556826e-01
5.395178394740633848e+03 1.004077385713634252e+00
5.395206452467193230e+03 1.001767382149257202e+00
5.395234510339667395e+03 9.975177237506105410e-01
5.395262568358057251e+03 9.979098042282025238e-01
5.395290626522362800e+03 1.005254956212526807e+00
5.395318684832585859e+03 9.951949064130856115e-01
5.395346743288726429e+03 9.990346067615833991e-01
5.395374801890786330e+03 9.985738128009369330e-01
5.395402860638764651e+03 9.988350084188571953e-01
5.395430919532663211e+03 1.004807458067349168e+00
5.395458978572482920e+03 1.006111433437050673e+00
5.395487037758223778e+03 1.002414153371595340e+00
5.395515097089887604e+03 1.000530958559050054e+00
5.395543156567473488e+03 1.000013985950211737e+00
5.395571216190984160e+03 1.002927043948356189e+00
5.395599275960418709e+03 1.004522429541559791e+00
5.395627335875778954e+03 9.997115055239194081e-01
5.395655395937065805e+03 1.002966493077676491e+00
5.395683456144278352e+03 1.002875859629022370e+00
5.395711516497419325e+03 1.001700930376511200e+00
5.395739576996488722e+03 9.993111594033785572e-01
5.395767637641487454e+03 9.994343650848817040e-01
5.395795698432415520e+03 1.003743997142475974e+00
5.395823759369274740e+03 1.002616657942458245e+00
5.395851820452065112e+03 9.984535051725333954e-01
5.395879881680787548e+03 1.001323338512655869e+00
5.395907943055442956e+03 1.001064898545534598e+00
5.395936004576032246e+03 9.971619778301212822e-01
5.395964066242556328e+03 9.989352576697878572e-01
5.395992128055015201e+03 1.003632693900836426e+00
5.396020190013409774e+03 1.002140500305374937e+00
5.396048252117741868e+03 9.967892288587419936e-01
5.396076314368010571e+03 9.988744772311115572e-01
5.396104376764217704e+03 9.983968992230712880e-01
5.396132439306364176e+03 9.984855932186306182e-01
5.396160501994450897e+03 1.000020046020685172e+00
5.396188564828477865e+03 9.996431326781336502e-01
5.396216627808445992e+03 9.992763243859038580e-01
5.396244690934356186e+03 1.000980792643998640e+00
5.396272754206208447e+03 1.001015631858166000e+00
5.396300817624005504e+03 9.995033703113790358e-01
5.396328881187745537e+03 1.001218677507902610e+00
5.396356944897432186e+03 1.001820402601896642e+00
5.396385008753063630e+03 1.003304002013054808e+00
5.396413072754641689e+03 1.000729495707803007e+00
5.396441136902168182e+03 9.968740843626188175e-01
5.396469201195641290e+03 9.980051020911130388e-01
5.396497265635064650e+03 9.968005865724517411e-01
5.396525330220436445e+03 9.983167849070815336e-01
5.396553394951759401e+03 9.993939232404969175e-01
5.396581459829033520e+03 1.003058459894853538e+00
5.396609524852259710e+03 9.958249886858191458e-01
5.396637590021437973e+03 9.969966743631782924e-01
5.396665655336570126e+03 1.003572471965655355e+00
5.396693720797656169e+03 1.004910937357632816e+00
5.396721786404697013e+03 1.000371787230862397e+00
5.396749852157694477e+03 9.998893988836619062e-01
5.396777918056647650e+03 9.991464403673758765e-01
5.396805984101558352e+03 1.000939430511152528e+00
5.396834050292426582e+03 1.001351948340577058e+00
5.396862116629254160e+03 1.000143174332615459e+00
5.396890183112041086e+03 1.001792537503672254e+00
5.396918249740788269e+03 1.000386499443391752e+00
5.396946316515496619e+03 9.995625297170456225e-01
5.396974383436166136e+03 1.001072090707147089e+00
5.397002450502798638e+03 1.003052189206076195e+00
5.397030517715394126e+03 9.990703684793550421e-01
5.397058585073954418e+03 9.972769946503295957e-01
5.397086652578478606e+03 1.001061537405735224e+00
5.397114720228969418e+03 9.983542753249486923e-01
5.397142788025425943e+03 9.984593375521352288e-01
5.397170855967849093e+03 1.000056124378233768e+00
5.397198924056240685e+03 1.001993528617006080e+00
5.397226992290601629e+03 1.002595684666329978e+00
5.397255060670931016e+03 1.003547296905412223e+00
5.397283129197230664e+03 1.002558907807278965e+00
5.397311197869501484e+03 1.003115224300613839e+00
5.397339266687743475e+03 1.004144609894392692e+00
5.397367335651958456e+03 1.002662855954667309e+00
5.397395404762146427e+03 1.001332585539657760e+00
5.397423474018307388e+03 9.996007045412040881e-01
5.397451543420444068e+03 1.001613032268874104e+00
5.397479612968556467e+03 1.003516506455007340e+00
5.397507682662644584e+03 9.983853041916731508e-01
5.397535752502709329e+03 9.984802861472061863e-01
5.397563822488752521e+03 1.000863763245961824e+00
5.397591892620773251e+03 9.985697792275622930e-01
5.397619962898774247e+03 1.001556408841242529e+00
5.397648033322754600e+03 1.004676993960573528e+00
5.397676103892716128e+03 1.001333038691782029e+00
5.397704174608658832e+03 9.986317636004220510e-01
5.397732245470584530e+03 9.996522304560060412e-01
5.397760316478492314e+03 1.001881791415317746e+00
5.397788387632384911e+03 1.002238204511418429e+00
5.397816458932261412e+03 1.001785349454011875e+00
5.397844530378122727e+03 1.003068734310366805e+00
5.397872601969970674e+03 1.000431726436770363e+00
5.397900673707806163e+03 1.001807986627988756e+00
5.397928745591628285e+03 1.002504190411968255e+00
5.397956817621438859e+03 1.005805552073220976e+00
5.397984889797238793e+03 1.002153710660804942e+00
5.398012962119028998e+03 1.000455407643669359e+00
5.398041034586809474e+03 1.000405908279778933e+00
5.398069107200581129e+03 9.977903359138793338e-01
5.398097179960344874e+03 1.000938986970337563e+00
5.398125252866101619e+03 1.004247167310191813e+00
5.398153325917852271e+03 9.986706186454017420e-01
5.398181399115597742e+03 1.002957632155684564e+00
5.398209472459338031e+03 1.004076237307834019e+00
5.398237545949074047e+03 1.003418699975797024e+00
5.398265619584806700e+03 1.005003161770430031e+00
5.398293693366536900e+03 1.003331091459282565e+00
5.398321767294265555e+03 9.963855331358559830e-01
5.398349841367992667e+03 9.993703747707727292e-01
5.398377915587720054e+03 1.001679957226600193e+00
5.398405989953447715e+03 9.996684925309594627e-01
5.398434064465177471e+03 9.981959998956931868e-01
5.398462139122908411e+03 1.000819162616341851e+00
5.398490213926642355e+03 1.000877695990280092e+00
5.398518288876379302e+03 9.995387356999478889e-01
5.398546363972121071e+03 1.001883816312828301e+00
5.398574439213867663e+03 1.004029566211721125e+00
5.398602514601620896e+03 1.003620712742080423e+00
5.398630590135379862e+03 1.002055329817594931e+00
5.398658665815146378e+03 9.996927630418023236e-01
5.398686741640921355e+03 1.000733883479472563e+00
5.398714817612704792e+03 9.975669441016086214e-01
5.398742893730497599e+03 1.000601909115631960e+00
5.398770969994300685e+03 1.003595932498426935e+00
5.398799046404115870e+03 1.002356758575433604e+00
5.398827122959942244e+03 1.002894422057527102e+00
5.398855199661781626e+03 1.000767075866264344e+00
5.398883276509634015e+03 9.992004757110901636e-01
5.398911353503500322e+03 1.000868240758246097e+00
5.398939430643382366e+03 9.992221389644329044e-01
5.398967507929280146e+03 9.997469779713088478e-01
5.398995585361193662e+03 9.966960383864112982e-01
5.399023662939124733e+03 1.001980947648575926e+00
5.399051740663073360e+03 1.002770022237151393e+00
5.399079818533041362e+03 9.982559565661922596e-01
5.399107896549028737e+03 1.000554928109094410e+00
5.399135974711036397e+03 1.004089445140855075e+00
5.399164053019064340e+03 9.994986601628191858e-01
5.399192131473115296e+03 9.967462702341538527e-01
5.399220210073187445e+03 1.001293566649231526e+00
5.399248288819283516e+03 9.999574949951488545e-01
5.399276367711403509e+03 1.006093882738626766e+00
5.399304446749549243e+03 1.005505923500284338e+00
5.399332525933718898e+03 1.003206533681175072e+00
5.399360605263916113e+03 1.005118030135751184e+00
5.399388684740139979e+03 1.002925478817373373e+00
5.399416764362391405e+03 1.001269552099280924e+00
5.399444844130672209e+03 9.999687999298711993e-01
5.399472924044981482e+03 1.001885064075957787e+00
5.399501004105321954e+03 1.001872905073883935e+00
5.399529084311692714e+03 1.002900638478833484e+00
5.399557164664094671e+03 1.002545448387209159e+00
5.399585245162529645e+03 9.997310832747976495e-01
5.399613325806997636e+03 1.002203013849405799e+00
5.399641406597499554e+03 1.001279365226448892e+00
5.399669487534035397e+03 1.000040057504955060e+00
5.399697568616607896e+03 9.966531776455802571e-01
5.399725649845216140e+03 9.982641810694563578e-01
5.399753731219861038e+03 1.001226270723955425e+00
5.399781812740543501e+03 9.990721197776175622e-01
5.399809894407265347e+03 9.989762708475318220e-01
5.399837976220025666e+03 9.982307158923682255e-01
5.399866058178826279e+03 9.999554598793662930e-01
5.399894140283667184e+03 1.000761474065019252e+00
5.399922222534550201e+03 9.998652869324459180e-01
5.399950304931475330e+03 9.990190830836430669e-01
5.399978387474443480e+03 9.979497258222533862e-01
5.400006470163455560e+03 9.991839943691286363e-01
5.400034552998511572e+03 1.000874411357483673e+00
5.400062635979613333e+03 1.000997485919007612e+00
5.400090719106761753e+03 9.994591432348687299e-01
5.400118802379955923e+03 9.996039815873728474e-01
5.400146885799198571e+03 1.000659543803694707e+00
5.400174969364488788e+03 9.997906708093340367e-01
5.400203053075828393e+03 9.999804674757258871e-01
5.400231136933218295e+03 1.001894211263081313e+00
5.400259220936658494e+03 1.000768565136087140e+00
5.400287305086149900e+03 9.981779317257621909e-01
5.400315389381693421e+03 9.979413622896686764e-01
5.400343473823289969e+03 1.003512946760850566e+00
5.400371558410940452e+03 1.005397761498549425e+00
5.400399643144645779e+03 9.972183044571660826e-01
5.400427728024405042e+03 9.970268544405059830e-01
5.400455813050220968e+03 1.001566252109630017e+00
5.400483898222093558e+03 1.001523192999977940e+00
5.400511983540023721e+03 1.003720641523834445e+00
5.400540069004012366e+03 1.000457670518455577e+00
5.400568154614059495e+03 9.979183588879058098e-01
5.400596240370166015e+03 9.989171113121739776e-01
5.400624326272333747e+03 1.000498133225244501e+00
5.400652412320562689e+03 9.968373109828942980e-01
5.400680498514852843e+03 9.971046426004062102e-01
5.400708584855206936e+03 9.997223684732654547e-01
5.400736671341624060e+03 9.998857093550964636e-01
5.400764757974105123e+03 1.000435615037152060e+00
5.400792844752651945e+03 1.003658203134468074e+00
5.400820931677263616e+03 1.001165758544334761e+00
5.400849018747942864e+03 1.000698032761636158e+00
5.400877105964688781e+03 1.003576061231419070e+00
5.400905193327503184e+03 1.003559249856343705e+00
5.400933280836386075e+03 1.003353777452004270e+00
5.400961368491339272e+03 1.002594676369659377e+00
5.400989456292362775e+03 1.004285910796855363e+00
5.401017544239456583e+03 1.004707917680743634e+00
5.401045632332622517e+03 9.995143782339926952e-01
5.401073720571861486e+03 9.997438361834527498e-01
5.401101808957173489e+03 1.001587284893499019e+00
5.401129897488560346e+03 9.999494038415228658e-01
5.401157986166021146e+03 9.986113683409885144e-01
5.401186074989558620e+03 1.003118335636954184e+00
5.401214163959171856e+03 1.003428723960428925e+00
5.401242253074862674e+03 1.000702532013344914e+00
5.401270342336631984e+03 1.000498107284767180e+00
5.401298431744478876e+03 9.994483912472790221e-01
5.401326521298406078e+03 9.987818814013447177e-01
5.401354610998412682e+03 1.007992534517894834e+00
5.401382700844501414e+03 1.004972865815636940e+00
5.401410790836671367e+03 1.000161066988581871e+00
5.401438880974923450e+03 9.976426797358185494e-01
5.401466971259259481e+03 1.001273774809335437e+00
5.401495061689679460e+03 9.966835566484759656e-01
5.401523152266184297e+03 9.966524408583385952e-01
5.401551242988773993e+03 9.958670260996268508e-01
5.401579333857450365e+03 9.960600055921664531e-01
5.401607424872214324e+03 9.984178506896871363e-01
5.401635516033065869e+03 1.002325704093177006e+00
5.401663607340005910e+03 1.004860451122755238e+00
5.401691698793035357e+03 1.002155414151595592e+00
5.401719790392155119e+03 1.000663066413980840e+00
5.401747882137365195e+03 1.005036073550881204e+00
5.401775974028667406e+03 1.002779678211438874e+00
5.401804066066061750e+03 9.985135583312596541e-01
5.401832158249550048e+03 1.003433662333921284e+00
5.401860250579131389e+03 1.000564334200222172e+00
5.401888343054807592e+03 9.988998245233396966e-01
5.401916435676579567e+03 9.996919152170589129e-01
5.401944528444447315e+03 1.000374001156819403e+00
5.401972621358412653e+03 1.002857944319292649e+00
5.402000714418474672e+03 1.001369331948475550e+00
5.402028807624636102e+03 9.959019120243062240e-01
5.402056900976896031e+03 9.998506042037625940e-01
5.402084994475257190e+03 9.984566493502547990e-01
5.402113088119717759e+03 1.002673580491185046e+00
5.402141181910280466e+03 9.991744286147606902e-01
5.402169275846945311e+03 9.981232626009179931e-01
5.402197369929714114e+03 9.963935398825023437e-01
5.402225464158585055e+03 9.976369083301435126e-01
5.402253558533561772e+03 9.995559777338854923e-01
5.402281653054643357e+03 1.001631841365737241e+00
5.402309747721831627e+03 9.983913587806086953e-01
5.402337842535125674e+03 1.001109662366495456e+00
5.402365937494528225e+03 1.001463009238604096e+00
5.402394032600039282e+03 1.001939085244102801e+00
5.402422127851658843e+03 9.998746589497523596e-01
5.402450223249387818e+03 9.949408878611873952e-01
5.402478318793228937e+03 9.974076475997797342e-01
5.402506414483180379e+03 9.991684120619531706e-01
5.402534510319243964e+03 9.989650459183487818e-01
5.402562606301420601e+03 9.982544276705159758e-01
5.402590702429711200e+03 9.994203654897678701e-01
5.402618798704115761e+03 1.003326355497079492e+00
5.402646895124636103e+03 1.001776245891740746e+00
5.402674991691272226e+03 1.002546581964430583e+00
5.402703088404025038e+03 9.983006660387728770e-01
5.402731185262895451e+03 9.948054834275665836e-01
5.402759282267883464e+03 9.997504793622774555e-01
5.402787379418990895e+03 9.979356978608983075e-01
5.402815476716218654e+03 1.001037251160487696e+00
5.402843574159565833e+03 1.000354734498730469e+00
5.402871671749035158e+03 9.962765799465588268e-01
5.402899769484626631e+03 1.000131115835682039e+00
5.402927867366340251e+03 1.002198644800103899e+00
5.402955965394177838e+03 1.002741655512173535e+00
5.402984063568139391e+03 9.988400877072448614e-01
5.403012161888226728e+03 9.927154536291138420e-01
5.403040260354438942e+03 9.991361064361137245e-01
5.403068358966778760e+03 9.990478659358192903e-01
5.403096457725245273e+03 9.975617391953218727e-01
5.403124556629840299e+03 1.002042303604595341e+00
5.403152655680563839e+03 1.000910703601141538e+00
5.403180754877416803e+03 1.000138967535630696e+00
5.403208854220400099e+03 1.005692900063401174e+00
5.403236953709515547e+03 1.001493867761240830e+00
5.403265053344762237e+03 1.000107041656100870e+00
5.403293153126141988e+03 9.977417248276888584e-01
5.403321253053654800e+03 9.995646285156100097e-01
5.403349353127301583e+03 9.985276876114327349e-01
5.403377453347084156e+03 1.002437882418257598e+00
5.403405553713001609e+03 1.003139689962663672e+00
5.403433654225055761e+03 1.001903703068790286e+00
5.403461754883247522e+03 1.000072445940980215e+00
5.403489855687576892e+03 9.949540746175861150e-01
5.403517956638044780e+03 9.950916688841182633e-01
5.403546057734653004e+03 1.000362960409446167e+00
5.403574158977400657e+03 1.000714794573990707e+00
5.403602260366290466e+03 9.979473750891003636e-01
5.403630361901321521e+03 9.972533681174609033e-01
5.403658463582494733e+03 9.971193935504731876e-01
5.403686565409811010e+03 1.000482409502248204e+00
5.403714667383272172e+03 1.003483042225493005e+00
5.403742769502878218e+03 9.976871197545921222e-01
5.403770871768629149e+03 9.979541761112501463e-01
5.403798974180526784e+03 9.986515765552764767e-01
5.403827076738572032e+03 9.985843526673839898e-01
5.403855179442764893e+03 9.994029798051544677e-01
5.403883282293106276e+03 1.000380221938266700e+00
5.403911385289596183e+03 9.986262480348316872e-01
5.403939488432237340e+03 9.966650502444736048e-01
5.403967591721029748e+03 1.001505093125099943e+00
5.403995695155972498e+03 1.005694952607892212e+00
5.404023798737068319e+03 1.004691802346664664e+00
5.404051902464318118e+03 1.003860828096909907e+00
5.404080006337720988e+03 9.991445168812418398e-01
5.404108110357278747e+03 1.001170898561186906e+00
5.404136214522992304e+03 1.000546466226157394e+00
5.404164318834861660e+03 9.981274695459196877e-01
5.404192423292887725e+03 9.986885295380013572e-01
5.404220527897072316e+03 1.001267138503925569e+00
5.404248632647415434e+03 1.007224923674000072e+00
5.404276737543917079e+03 1.001659119253816232e+00
5.404304842586579980e+03 1.000056092227552096e+00
5.404332947775402317e+03 1.001790016758904667e+00
5.404361053110386820e+03 1.001022396424895655e+00
5.404389158591533487e+03 1.001582457899897305e+00
5.404417264218844139e+03 9.995829302473074884e-01
5.404445369992317865e+03 9.988977103703350346e-01
5.404473475911955575e+03 1.000619539251704992e+00
5.404501581977759997e+03 1.001430949770676815e+00
5.404529688189729313e+03 1.000279800977308176e+00
5.404557794547866251e+03 1.000514008303729607e+00
5.404585901052170811e+03 1.000548378765681035e+00
5.404614007702642994e+03 1.000530773701412190e+00
5.404642114499285526e+03 1.001411516102145072e+00
5.404670221442097500e+03 9.963507118404814067e-01
5.404698328531079824e+03 9.974673288231363788e-01
5.404726435766233408e+03 9.998580813110742316e-01
5.404754543147560071e+03 9.993063841212017628e-01
5.404782650675058903e+03 9.976998570657399368e-01
5.404810758348731724e+03 9.989407896724710190e-01
5.404838866168579443e+03 9.969745714434069539e-01
5.404866974134602060e+03 9.986870070055918758e-01
5.404895082246800484e+03 1.002538314935768726e+00
5.404923190505175626e+03 1.001660015562353845e+00
5.404951298909729303e+03 9.990021720098933855e-01
5.404979407460459697e+03 9.977986333392434570e-01
5.405007516157370446e+03 9.983991242848643255e-01
5.405035625000460641e+03 1.000061895218225416e+00
5.405063733989731190e+03 1.001696946266767307e+00
5.405091843125183004e+03 1.000138906067241651e+00
5.405119952406816992e+03 9.982849931155651779e-01
5.405148061834634063e+03 9.979325568670458502e-01
5.405176171408634218e+03 9.974861689321353753e-01
5.405204281128819275e+03 9.980369495918048894e-01
5.405232390995189235e+03 9.989136032332167625e-01
5.405260501007745006e+03 9.980871599409183448e-01
5.405288611166487499e+03 9.991397946226964200e-01
5.405316721471417623e+03 1.000575041164659229e+00
5.405344831922535377e+03 1.002283370655403960e+00
5.405372942519842582e+03 1.000636764917216093e+00
5.405401053263339236e+03 9.985440066015651706e-01
5.405429164153026250e+03 1.000869781998478647e+00
5.405457275188904532e+03 1.004922144215544044e+00
5.405485386370974993e+03 1.000745136846196370e+00
5.405513497699238542e+03 9.997101963975784100e-01
5.405541609173695178e+03 9.988422921869268833e-01
5.405569720794345812e+03 9.993058110335372168e-01
5.405597832561191353e+03 9.971850118322808099e-01
5.405625944474233620e+03 9.956018244693504160e-01
5.405654056533471703e+03 9.983021150046558212e-01
5.405682168738906512e+03 1.001494255459328464e+00
5.405710281090539866e+03 1.002400270698956541e+00
5.405738393588372674e+03 9.980632353492669973e-01
5.405766506232404026e+03 9.962794175463399737e-01
5.405794619022636653e+03 9.946261945892125311e-01
5.405822731959069642e+03 9.942871125223944340e-01
5.405850845041704815e+03 9.933189305857184070e-01
5.405878958270543080e+03 9.993448288394513046e-01
5.405907071645583528e+03 9.987374028481635913e-01
5.405935185166828887e+03 9.950721921411436188e-01
5.405963298834279158e+03 1.000401741989608739e+00
5.405991412647935249e+03 1.003652107088497392e+00
5.406019526607797161e+03 9.988490187299227108e-01
5.406047640713866713e+03 1.002334577394330850e+00
5.406075754966143904e+03 9.987508475783415385e-01
5.406103869364630555e+03 9.963003765696135661e-01
5.406131983909325754e+03 9.950205387935151524e-01
5.406160098600231322e+03 9.976132821184573451e-01
5.406188213437348168e+03 9.996776867661282262e-01
5.406216328420676291e+03 9.986402017955815502e-01
5.406244443550217511e+03 9.950125689590927358e-01
5.406272558825971828e+03 9.972354201885826885e-01
5.406300674247940151e+03 9.989780610370370129e-01
5.406328789816122480e+03 1.000479622178059191e+00
5.406356905530521544e+03 1.001419260302890635e+00
5.406385021391136434e+03 9.978740134950614404e-01
5.406413137397968057e+03 1.001205903146604959e+00
5.406441253551017326e+03 1.003463066184755670e+00
5.406469369850286057e+03 9.996669629236550891e-01
5.406497486295773342e+03 9.914750656617890012e-01
5.406525602887481000e+03 9.990436766427213122e-01
5.406553719625409940e+03 9.962480883201272341e-01
5.406581836509560162e+03 1.000512459420607847e+00
5.406609953539932576e+03 9.967796131536807991e-01
5.406638070716529000e+03 9.983103471441541199e-01
5.406666188039348526e+03 9.953282177505232697e-01
5.406694305508392972e+03 9.977281686503546299e-01
5.406722423123662338e+03 9.938425957485559348e-01
5.406750540885158443e+03 9.974415924593251770e-01
5.406778658792881288e+03 9.966015120237727842e-01
5.406806776846831781e+03 1.000693890006748132e+00
5.406834895047010832e+03 9.978049709605931739e-01
5.406863013393419351e+03 9.984197267022837385e-01
5.406891131886057337e+03 9.951616023894157559e-01
5.406919250524926611e+03 9.974662645042350340e-01
5.406947369310027170e+03 1.001555877600116773e+00
5.406975488241359926e+03 9.990139715022661182e-01
5.407003607318925788e+03 1.000205443870537003e+00
5.407031726542724755e+03 9.970712087622087827e-01
5.407059845912759556e+03 9.961234667817571165e-01
5.407087965429029282e+03 9.965761038810614370e-01
5.407116085091534842e+03 9.998406685178445885e-01
5.407144204900277145e+03 9.981284616261729692e-01
5.407172324855257102e+03 1.001440974688623253e+00
5.407200444956474712e+03 9.952495105248337914e-01
5.407228565203932703e+03 9.913083872979762123e-01
5.407256685597630167e+03 9.920925649795542256e-01
5.407284806137568012e+03 9.951627587529863206e-01
5.407312926823747148e+03 9.940024828162140613e-01
5.407341047656168485e+03 9.913010758391520572e-01
5.407369168634832931e+03 9.925398402671768983e-01
5.407397289759741398e+03 9.936226089787296711e-01
5.407425411030893883e+03 9.937382294256056348e-01
5.407453532448291298e+03 9.947948012578555765e-01
5.407481654011935461e+03 9.944168958228867261e-01
5.407509775721825463e+03 9.936923480612182003e-01
5.407537897577964031e+03 9.919184102401977787e-01
5.407566019580350257e+03 9.922417979817332867e-01
5.407594141728985051e+03 9.947304160084431413e-01
5.407622264023870230e+03 9.973974707791853911e-01
5.407650386465004885e+03 9.992533606685037872e-01
5.407678509052391746e+03 9.973077705916316704e-01
5.407706631786030812e+03 9.963925337840395802e-01
5.407734754665922082e+03 9.939491865411955729e-01
5.407762877692067377e+03 9.927991843138164185e-01
5.407791000864466696e+03 9.933172245359175312e-01
5.407819124183121858e+03 9.927966853699969896e-01
5.407847247648031953e+03 9.957904417285114995e-01
5.407875371259198801e+03 9.941454016113324688e-01
5.407903495016623310e+03 9.913194577864070656e-01
5.407931618920305482e+03 9.931604472777303405e-01
5.407959742970247135e+03 9.913997566229021396e-01
5.407987867166448268e+03 9.929844406229543230e-01
5.408015991508909792e+03 9.917702652199056335e-01
5.408044115997632616e+03 9.962070448556054059e-01
5.408072240632616740e+03 9.978069894963482733e-01
5.408100365413863983e+03 9.919029324036521267e-01
5.408128490341374345e+03 9.935017967990029675e-01
5.408156615415149645e+03 9.958803737338962625e-01
5.408184740635189883e+03 9.925907187543256960e-01
5.408212866001495058e+03 9.899106278547166182e-01
5.408240991514066991e+03 9.935841710470659782e-01
5.408269117172906590e+03 9.923891936081727927e-01
5.408297242978013855e+03 9.885611407228195313e-01
5.408325368929390606e+03 9.920998154539363290e-01
5.408353495027035933e+03 9.945135187606929383e-01
5.408381621270951655e+03 9.928962839884493130e-01
5.408409747661138681e+03 9.914182930519690462e-01
5.408437874197597921e+03 9.904848725743530258e-01
5.408466000880329375e+03 9.865959598284598231e-01
5.408494127709333952e+03 9.872746020304054015e-01
5.408522254684612562e+03 9.873324378354367825e-01
5.408550381806167024e+03 9.846217810565263129e-01
5.408578509073996429e+03 9.883414590620425155e-01
5.408606636488101685e+03 9.870207386323027743e-01
5.408634764048484612e+03 9.827512211730554670e-01
5.408662891755146120e+03 9.877557349356324012e-01
5.408691019608085298e+03 9.849601220432095960e-01
5.408719147607303967e+03 9.852862400436707135e-01
5.408747275752803034e+03 9.827971184350173806e-01
5.408775404044583411e+03 9.809783981584199175e-01
5.408803532482645096e+03 9.863553586884113988e-01
5.408831661066989000e+03 9.840373149908648864e-01
5.408859789797616941e+03 9.794387938722880493e-01
5.408887918674528009e+03 9.822778597786818722e-01
5.408916047697724025e+03 9.809408150602331178e-01
5.408944176867205897e+03 9.822731825098593994e-01
5.408972306182974535e+03 9.822877632095019518e-01
5.409000435645029029e+03 9.838551709251934785e-01
5.409028565253372108e+03 9.843764227417615142e-01
5.409056695008003771e+03 9.836581215498849673e-01
5.409084824908924020e+03 9.841708225322698400e-01
5.409112954956134672e+03 9.820569159019819638e-01
5.409141085149636638e+03 9.819282820181297611e-01
5.409169215489429916e+03 9.795089487194073019e-01
5.409197345975515418e+03 9.773385112861189272e-01
5.409225476607894052e+03 9.748960677708835565e-01
5.409253607386566728e+03 9.748242302134225712e-01
5.409281738311533445e+03 9.756157061473347269e-01
5.409309869382796933e+03 9.763508207407681772e-01
5.409338000600355372e+03 9.765305543487339257e-01
5.409366131964211490e+03 9.726142672187424454e-01
5.409394263474364379e+03 9.712046905919181627e-01
5.409422395130815858e+03 9.721422650977600277e-01
5.409450526933567744e+03 9.731251361008248502e-01
5.409478658882618220e+03 9.700796607751978051e-01
5.409506790977970013e+03 9.690916805199575323e-01
5.409534923219623124e+03 9.664070441920565857e-01
5.409563055607579372e+03 9.676524319302847177e-01
5.409591188141837847e+03 9.690716465895120590e-01
5.409619320822399459e+03 9.684448476235104630e-01
5.409647453649266936e+03 9.696281406140058179e-01
5.409675586622438459e+03 9.669553979405097754e-01
5.409703719741916757e+03 9.676655862213745518e-01
5.409731853007701829e+03 9.632846045844327687e-01
5.409759986419794586e+03 9.634889330417754083e-01
5.409788119978195027e+03 9.660998915248092400e-01
5.409816253682904971e+03 9.642505721862831836e-01
5.409844387533925328e+03 9.603896200259763871e-01
5.409872521531255188e+03 9.560280390059581190e-01
5.409900655674897280e+03 9.557523056517880367e-01
5.409928789964851603e+03 9.520225975126884732e-01
5.409956924401118158e+03 9.546684550907493794e-01
5.409985058983698764e+03 9.572673418064074902e-01
5.410013193712594330e+03 9.531637616417376613e-01
5.410041328587803946e+03 9.520507681724308391e-01
5.410069463609330342e+03 9.531772143306488365e-01
5.410097598777173516e+03 9.534427753111527348e-01
5.410125734091333470e+03 9.521333007747235788e-01
5.410153869551812022e+03 9.475468938983535594e-01
5.410182005158609172e+03 9.444943019889672220e-01
5.410210140911726739e+03 9.449624635178922594e-01
5.410238276811164724e+03 9.452228687860027012e-01
5.410266412856924035e+03 9.465376449387223889e-01
5.410294549049004672e+03 9.460804276620862208e-01
5.410322685387408455e+03 9.444607964454827531e-01
5.410350821872136294e+03 9.422003684780547728e-01
5.410378958503188187e+03 9.410881655895259046e-01
5.410407095280565045e+03 9.403641387603145496e-01
5.410435232204267777e+03 9.388336883137725630e-01
5.410463369274296383e+03 9.396786763025278821e-01
5.410491506490653592e+03 9.416595566420812302e-01
5.410519643853338493e+03 9.450361117838977920e-01
5.410547781362351998e+03 9.430034521048095142e-01
5.410575919017695014e+03 9.387528746743232233e-01
5.410604056819368452e+03 9.320373784221510638e-01
5.410632194767373221e+03 9.315340546335914018e-01
5.410660332861710231e+03 9.293887235892024368e-01
5.410688471102379481e+03 9.324369515206492043e-01
5.410716609489382790e+03 9.325601053101730820e-01
5.410744748022720159e+03 9.321544848445164622e-01
5.410772886702391588e+03 9.255058164421506861e-01
5.410801025528399805e+03 9.277372644067811702e-01
5.410829164500743900e+03 9.274266711361099924e-01
5.410857303619425693e+03 9.299265849711956244e-01
5.410885442884445183e+03 9.300327910099893680e-01
5.410913582295804190e+03 9.251209335800393285e-01
5.410941721853501804e+03 9.215423685589485547e-01
5.410969861557539843e+03 9.182953811709122505e-01
5.410998001407919219e+03 9.227160110809813354e-01
5.411026141404639930e+03 9.213689639132910392e-01
5.411054281547703795e+03 9.233918231124841336e-01
5.411082421837110815e+03 9.184880653532985217e-01
5.411110562272861898e+03 9.153016779117693069e-01
5.411138702854957955e+03 9.167541709358961732e-01
5.411166843583399896e+03 9.177561201121620105e-01
5.411194984458187719e+03 9.145714796869155450e-01
5.411223125479323244e+03 9.140978922705694787e-01
5.411251266646805561e+03 9.140153032460112126e-01
5.411279407960637400e+03 9.099884523071204434e-01
5.411307549420818759e+03 9.111369616621256551e-01
5.411335691027350549e+03 9.136978936688470165e-01
5.411363832780232769e+03 9.113210924012997705e-01
5.411391974679466330e+03 9.131231527706171747e-01
5.411420116725053049e+03 9.126784536740608633e-01
5.411448258916992927e+03 9.081369420963438799e-01
5.411476401255286873e+03 9.050010615585817320e-01
5.411504543739934888e+03 9.083097480097128695e-01
5.411532686370938791e+03 9.092547298327493532e-01
5.411560829148299490e+03 9.059990401696502715e-01
5.411588972072016986e+03 9.051992953831045075e-01
5.411617115142091279e+03 9.103397004434721218e-01
5.411645258358525098e+03 9.024127392323915142e-01
5.411673401721318442e+03 9.026339734877402154e-01
5.411701545230471311e+03 9.010635557290574971e-01
5.411729688885985524e+03 9.048310663771952367e-01
5.411757832687861082e+03 9.057174813014422510e-01
5.411785976636098894e+03 8.993246542824023804e-01
5.411814120730699869e+03 9.034701362430077598e-01
5.411842264971664918e+03 9.001662950824418363e-01
5.411870409358994948e+03 9.003092702667419012e-01
5.411898553892689961e+03 8.979284710464441321e-01
5.411926698572750865e+03 8.994004914676717588e-01
5.411954843399178571e+03 9.035530183665748671e-01
5.411982988371974898e+03 9.009926937771867150e-01
5.412011133491138935e+03 9.003838690875758388e-01
5.412039278756672502e+03 8.982943517845426440e-01
5.412067424168576508e+03 8.989015016328953944e-01
5.412095569726850044e+03 9.022734609117228910e-01
5.412123715431495839e+03 8.991886650370498613e-01
5.412151861282513892e+03 9.010231200545254504e-01
5.412180007279905112e+03 9.002744330206265966e-01
5.412208153423670410e+03 8.986285034692415019e-01
5.412236299713809785e+03 9.005805803965201140e-01
5.412264446150324147e+03 9.047815128362840520e-01
5.412292592733215315e+03 9.054241503828879267e-01
5.412320739462482379e+03 9.054837859848553494e-01
5.412348886338128068e+03 9.054011178818304195e-01
5.412377033360151472e+03 9.050224719349784230e-01
5.412405180528553501e+03 9.032160564863994656e-01
5.412433327843336883e+03 9.055429623876064538e-01
5.412461475304499800e+03 9.069079546258890234e-01
5.412489622912044069e+03 9.074719685437941941e-01
5.412517770665970602e+03 9.077297837400335467e-01
5.412545918566280307e+03 9.074861336921398181e-01
5.412574066612974093e+03 9.073603961296659026e-01
5.412602214806051961e+03 9.081264183879869112e-01
5.412630363145514821e+03 9.079651213147044153e-01
5.412658511631363581e+03 9.071246865749812427e-01
5.412686660263599151e+03 9.144761869823694322e-01
5.412714809042222441e+03 9.135138212694290383e-01
5.412742957967234361e+03 9.083509407343762776e-01
5.412771107038634909e+03 9.130174753423631051e-01
5.412799256256424997e+03 9.120943574627931039e-01
5.412827405620605532e+03 9.143473646146768052e-01
5.412855555131177425e+03 9.153954091772493751e-01
5.412883704788141586e+03 9.219227361257975595e-01
5.412911854591498923e+03 9.183972086575571403e-01
5.412940004541249436e+03 9.199351700146289890e-01
5.412968154637394036e+03 9.231865721345207110e-01
5.412996304879933632e+03 9.206582126710448621e-01
5.413024455268870042e+03 9.188850824070465828e-01
5.413052605804202358e+03 9.260206056315934964e-01
5.413080756485932397e+03 9.236894363602713431e-01
5.413108907314060161e+03 9.229227709886377307e-01
5.413137058288586559e+03 9.255232299706878107e-01
5.413165209409513409e+03 9.247021790870542102e-01
5.413193360676840712e+03 9.250706866134275064e-01
5.413221512090568467e+03 9.294343428070165336e-01
5.413249663650698494e+03 9.344444711834839490e-01
5.413277815357231702e+03 9.307132585468883557e-01
5.413305967210168092e+03 9.336488722364767456e-01
5.413334119209508572e+03 9.337896482663298192e-01
5.413362271355254052e+03 9.339388441949576514e-01
5.413390423647405441e+03 9.334441876807806349e-01
5.413418576085963650e+03 9.353511878003568647e-01
5.413446728670928678e+03 9.377099738871920165e-01
5.413474881402302344e+03 9.403682267906858794e-01
5.413503034280083739e+03 9.392448467733238715e-01
5.413531187304275591e+03 9.399524053183549999e-01
5.413559340474877899e+03 9.370503481160596948e-01
5.413587493791890665e+03 9.394569622774970874e-01
5.413615647255315707e+03 9.424171533037758453e-01
5.413643800865153025e+03 9.507970374422956006e-01
5.413671954621403529e+03 9.507105476954869072e-01
5.413700108524069037e+03 9.493426894834797736e-01
5.413728262573148641e+03 9.512157000594603229e-01
5.413756416768644158e+03 9.513885753102550025e-01
5.413784571110556499e+03 9.528575598435478078e-01
5.413812725598885663e+03 9.544543956643297689e-01
5.413840880233632561e+03 9.552256714200433318e-01
5.413869035014798101e+03 9.569217772809139877e-01
5.413897189942383193e+03 9.547296986515207973e-01
5.413925345016388746e+03 9.530260931143366143e-01
5.413953500236815671e+03 9.564619846256418034e-01
5.413981655603663967e+03 9.577511208083562266e-01
5.414009811116934543e+03 9.583246519942023589e-01
5.414037966776628309e+03 9.606330875540376457e-01
5.414066122582747084e+03 9.609463701358399446e-01
5.414094278535289959e+03 9.648504861708013802e-01
5.414122434634257843e+03 9.636960124329071453e-01
5.414150590879652555e+03 9.625274067043753101e-01
5.414178747271475004e+03 9.667566948848187458e-01
5.414206903809724281e+03 9.658772544390650250e-01
5.414235060494402205e+03 9.672260380872753638e-01
5.414263217325510595e+03 9.665928494621139899e-01
5.414291374303048542e+03 9.691518045219137401e-01
5.414319531427016955e+03 9.686244348609981403e-01
5.414347688697416743e+03 9.715046932602575680e-01
5.414375846114249725e+03 9.735949679051382200e-01
5.414404003677515902e+03 9.717939480317365764e-01
5.414432161387215274e+03 9.698071876854178486e-01
5.414460319243350568e+03 9.683296347396110892e-01
5.414488477245919967e+03 9.752890560647005103e-01
5.414516635394926197e+03 9.778745683693067514e-01
5.414544793690369261e+03 9.702142005821411397e-01
5.414572952132250975e+03 9.678831146481371439e-01
5.414601110720570432e+03 9.727803455538591715e-01
5.414629269455328540e+03 9.726696788544444416e-01
5.414657428336528028e+03 9.772070911858720121e-01
5.414685587364167077e+03 9.804469418084611476e-01
5.414713746538248415e+03 9.776901969325560993e-01
5.414741905858772043e+03 9.764123226406503653e-01
5.414770065325737960e+03 9.706523532276536415e-01
5.414798224939148895e+03 9.679012807059564905e-01
5.414826384699003938e+03 9.685716631720200365e-01
5.414854544605304000e+03 9.739350793590600963e-01
5.414882704658049988e+03 9.777539631670719711e-01
5.414910864857243723e+03 9.825300688200883092e-01
5.414939025202884295e+03 9.784504777446154655e-01
5.414967185694973523e+03 9.850226543410441904e-01
5.414995346333512316e+03 9.891863998537633318e-01
5.415023507118500675e+03 9.869252903444281078e-01
5.415051668049939508e+03 9.843001197242650102e-01
5.415079829127830635e+03 9.892120847428019781e-01
5.415107990352173147e+03 9.844075818940012379e-01
5.415136151722968862e+03 9.868893051209471912e-01
5.415164313240218689e+03 9.902603820457471784e-01
5.415192474903922630e+03 9.865918859213104186e-01
5.415220636714081593e+03 9.897036575178613793e-01
5.415248798670697397e+03 9.873254709094165804e-01
5.415276960773769133e+03 9.857317088231032365e-01
5.415305123023298620e+03 9.900873982763258585e-01
5.415333285419286767e+03 9.939458359177097968e-01
5.415361447961733575e+03 9.908092279596563134e-01
5.415389610650640861e+03 9.841094277479206509e-01
5.415417773486008628e+03 9.861128768619877860e-01
5.415445936467836873e+03 9.885505136416296024e-01
5.415474099596128326e+03 9.921469680984534856e-01
5.415502262870882078e+03 9.860166976305265729e-01
5.415530426292099037e+03 9.933864592971469731e-01
5.415558589859781023e+03 9.953800450037604275e-01
5.415586753573928036e+03 9.921133854019698051e-01
5.415614917434540985e+03 9.897978510818755682e-01
5.415643081441620780e+03 9.880518710234947877e-01
5.415671245595167420e+03 9.942524201118977389e-01
5.415699409895182725e+03 9.956689818106581047e-01
5.415727574341666696e+03 9.927856677642873384e-01
5.415755738934621149e+03 9.915958061048411043e-01
5.415783903674045177e+03 9.893150901433522826e-01
5.415812068559941508e+03 9.900234101095458650e-01
5.415840233592309232e+03 9.873721985294345860e-01
5.415868398771149259e+03 9.899993483898280600e-01
5.415896564096463408e+03 9.926027835517808873e-01
5.415924729568251678e+03 9.946805397854043829e-01
5.415952895186514979e+03 9.923907807199023878e-01
5.415981060951254221e+03 9.922400558335978671e-01
5.416009226862470314e+03 9.934219465768562296e-01
5.416037392920163256e+03 9.966287234048955002e-01
5.416065559124334868e+03 9.940627681921995196e-01
5.416093725474985149e+03 9.949060300073766516e-01
5.416121891972115009e+03 9.919979572585738703e-01
5.416150058615724447e+03 9.938146869440677156e-01
5.416178225405816193e+03 9.960162648789656625e-01
5.416206392342389336e+03 9.958278828927183968e-01
5.416234559425445696e+03 9.888919664963186085e-01
5.416262726654985272e+03 9.948832985563301756e-01
5.416290894031008065e+03 9.985182617175588637e-01
5.416319061553516804e+03 9.967094489473102836e-01
5.416347229222511487e+03 9.947077456107855653e-01
5.416375397037992116e+03 9.964543820086985138e-01
5.416403564999960508e+03 9.987489100010850107e-01
5.416431733108416665e+03 9.955869183727988903e-01
5.416459901363361496e+03 9.900084347744292357e-01
5.416488069764795910e+03 9.915792543124615221e-01
5.416516238312719906e+03 9.990446459443047544e-01
5.416544407007136215e+03 9.971368115828758150e-01
5.416572575848043925e+03 9.933421902892086708e-01
5.416600744835443948e+03 9.926588720346151140e-01
5.416628913969337191e+03 9.955462874463069101e-01
5.416657083249724565e+03 9.944343383287113092e-01
5.416685252676606979e+03 9.958310402601756595e-01
5.416713422249985342e+03 9.977822342569344638e-01
5.416741591969859655e+03 9.967626943783393090e-01
5.416769761836231737e+03 9.974114511336038547e-01
5.416797931849101587e+03 9.981082136890825351e-01
5.416826102008469206e+03 9.968575470814869943e-01
5.416854272314337322e+03 9.975433829230823113e-01
5.416882442766705026e+03 9.979268501207001485e-01
5.416910613365574136e+03 9.969224318475187196e-01
5.416938784110944653e+03 9.961886982025176529e-01
5.416966955002817485e+03 9.947108803709295843e-01
5.416995126041194453e+03 9.931794007202817687e-01
5.417023297226074646e+03 9.958636123652078176e-01
5.417051468557459884e+03 9.953394984392257561e-01
5.417079640035350167e+03 9.955905704851040205e-01
5.417107811659747313e+03 9.984670197252971668e-01
5.417135983430651322e+03 9.958070041571870368e-01
5.417164155348063105e+03 9.917019485160594172e-01
5.417192327411983570e+03 9.971179415195846607e-01
5.417220499622413627e+03 9.976348387476265955e-01
5.417248671979353276e+03 9.974011050461543126e-01
5.417276844482804336e+03 9.983289653518463425e-01
5.417305017132766807e+03 9.982977830198986879e-01
5.417333189929241598e+03 9.935548804515991206e-01
5.417361362872229620e+03 9.956467900597201215e-01
5.417389535961730871e+03 9.956623176115494411e-01
5.417417709197748081e+03 9.925397408819488509e-01
5.417445882580279431e+03 9.986940019937337043e-01
5.417474056109327648e+03 9.955433609306751919e-01
5.417502229784893643e+03 9.956120608435752306e-01
5.417530403606976506e+03 1.000247539078548131e+00
5.417558577575577146e+03 9.975829173682436712e-01
5.417586751690698293e+03 9.991472242002783499e-01
5.417614925952339036e+03 9.996217932152666741e-01
5.417643100360500284e+03 9.966217863129144261e-01
5.417671274915182948e+03 9.941204696262356810e-01
5.417699449616388847e+03 9.976481841026300090e-01
5.417727624464117071e+03 9.984978053031658973e-01
5.417755799458369438e+03 9.988203421892108969e-01
5.417783974599145949e+03 9.999561426375609408e-01
5.417812149886448424e+03 9.976593661675213776e-01
5.417840325320275952e+03 9.991849738837965678e-01
5.417868500900631261e+03 1.003513404265936160e+00
5.417896676627514353e+03 1.001434350978404719e+00
5.417924852500925226e+03 1.000875156106428188e+00
5.417953028520865701e+03 9.996260921212649642e-01
5.417981204687335776e+03 9.964745686572501482e-01
5.418009381000336361e+03 1.002716311865815557e+00
5.418037557459869276e+03 9.961198546509707485e-01
5.418065734065933611e+03 1.001216578333123053e+00
5.418093910818531185e+03 9.957668741237749588e-01
5.418122087717661998e+03 9.934899231357805505e-01
5.418150264763327868e+03 9.949426699646144456e-01
5.418178441955528797e+03 9.983427611921212863e-01
5.418206619294265693e+03 1.000519705261004866e+00
5.418234796779539465e+03 9.985757845554721346e-01
5.418262974411351024e+03 9.961844588118976551e-01
5.418291152189700369e+03 9.962745729206546885e-01
5.418319330114589320e+03 9.974364137600557623e-01
5.418347508186017876e+03 9.949790898104792225e-01
5.418375686403986947e+03 9.924338392092080241e-01
5.418403864768497442e+03 9.958262358392159230e-01
5.418432043279550271e+03 9.985890820734457662e-01
5.418460221937145434e+03 1.004393998610884298e+00
5.418488400741284750e+03 9.997023248383437588e-01
5.418516579691968218e+03 9.971073984582314864e-01
5.418544758789196749e+03 9.986727594355662152e-01
5.418572938032971251e+03 9.985172038626459745e-01
5.418601117423292635e+03 1.001629218018170508e+00
5.418629296960161810e+03 9.989435682891201207e-01
5.418657476643578775e+03 9.980719369268736818e-01
5.418685656473544441e+03 1.000027270314356898e+00
5.418713836450059716e+03 9.956672536149243635e-01
5.418742016573126421e+03 9.940436251248874200e-01
5.418770196842743644e+03 9.956772481770570504e-01
5.418798377258913206e+03 9.982650518132973883e-01
5.418826557821635106e+03 9.976659680279857945e-01
5.418854738530911163e+03 1.000671193348125820e+00
5.418882919386740468e+03 1.000376922382965716e+00
5.418911100389125750e+03 9.980268620244806543e-01
5.418939281538067007e+03 1.000446843549029685e+00
5.418967462833564241e+03 9.944974904242899205e-01
5.418995644275619270e+03 9.988858079896122399e-01
5.419023825864232094e+03 1.004174297377419256e+00
5.419052007599404533e+03 9.976539467893156266e-01
5.419080189481135676e+03 9.985622907303238760e-01
5.419108371509427343e+03 1.003354526614242292e+00
5.419136553684280443e+03 9.971084367401537030e-01
5.419164736005695886e+03 9.982355485183362909e-01
5.419192918473673672e+03 9.947352584989390678e-01
5.419221101088214709e+03 1.000204526892063184e+00
5.419249283849319909e+03 9.954400844654243130e-01
5.419277466756990179e+03 9.991206132715790833e-01
5.419305649811226431e+03 1.002831619265926566e+00
5.419333833012029572e+03 9.988645165665308578e-01
5.419362016359399604e+03 9.993685626929865728e-01
5.419390199853337435e+03 1.001029400102239730e+00
5.419418383493843976e+03 9.974918690268990140e-01
5.419446567280920135e+03 9.945737315389173716e-01
5.419474751214566822e+03 9.994004557273360456e-01
5.419502935294784038e+03 1.001575225177703921e+00
5.419531119521573601e+03 9.963661659530860248e-01
5.419559303894936420e+03 9.999970919378561307e-01
5.419587488414871586e+03 9.911378967736065304e-01
5.419615673081380919e+03 1.001168972629106868e+00
5.419643857894465327e+03 9.990152474448443787e-01
5.419672042854125721e+03 9.955114474125394963e-01
5.419700227960362099e+03 1.000728172021561502e+00
5.419728413213176282e+03 1.000659117286469835e+00
5.419756598612567359e+03 9.981609598793975691e-01
5.419784784158538059e+03 9.958262298061782980e-01
5.419812969851087473e+03 9.931024087962464497e-01
5.419841155690217420e+03 9.922794018550158412e-01
5.419869341675928808e+03 9.954962494122326921e-01
5.419897527808221639e+03 9.942980806228260970e-01
5.419925714087096821e+03 1.000759773923179274e+00
5.419953900512555265e+03 1.004237513888976085e+00
5.419982087084597879e+03 9.970380864528246567e-01
5.420010273803225573e+03 9.977151910576791405e-01
5.420038460668438347e+03 9.951567113980165358e-01
5.420066647680237111e+03 9.962132907034122464e-01
5.420094834838623683e+03 1.004174000366700792e+00
5.420123022143598064e+03 1.001598299504192102e+00
5.420151209595160253e+03 9.998208135600197277e-01
5.420179397193312980e+03 9.995872544610832078e-01
5.420207584938055334e+03 9.995391450745826356e-01
5.420235772829388225e+03 1.002721399862047003e+00
5.420263960867313472e+03 1.001096307461775359e+00
5.420292149051830165e+03 1.001530843104272206e+00
5.420320337382941034e+03 9.967315541988983618e-01
5.420348525860645168e+03 9.969109121452490729e-01
5.420376714484944387e+03 1.002162430129635462e+00
5.420404903255838690e+03 1.001035095682552445e+00
5.420433092173329896e+03 1.000587246168671784e+00
5.420461281237418007e+03 9.964978422571433292e-01
5.420489470448103020e+03 9.988037165936272110e-01
5.420517659805387666e+03 9.950211294940005669e-01
5.420545849309271034e+03 9.982400343032197254e-01
5.420574038959754034e+03 1.000233146442726317e+00
5.420602228756838485e+03 9.992820759298675082e-01
5.420630418700524388e+03 9.992826890634313175e-01
5.420658608790811741e+03 9.990169190210782535e-01
5.420686799027703273e+03 9.986713015227092205e-01
5.420714989411198076e+03 9.975552901790643023e-01
5.420743179941297967e+03 9.944818905219254823e-01
5.420771370618002948e+03 9.913759897046418024e-01
5.420799561441314836e+03 9.929674821918752503e-01
5.420827752411232723e+03 9.985325983838136965e-01
5.420855943527758427e+03 9.978065212783989724e-01
5.420884134790892858e+03 9.987468911089255608e-01
5.420912326200636016e+03 1.001373767068228560e+00
5.420940517756989721e+03 9.997483524502077668e-01
5.420968709459953061e+03 9.977131377782936239e-01
5.420996901309528766e+03 9.949015628291404401e-01
5.421025093305716837e+03 9.971067088409193424e-01
5.421053285448517272e+03 9.944859715023566249e-01
5.421081477737931891e+03 9.900595762676592804e-01
5.421109670173961604e+03 9.964544449668608639e-01
5.421137862756605500e+03 9.952572761976899995e-01
5.421166055485866309e+03 9.969023612095657683e-01
5.421194248361743121e+03 9.980508992292900228e-01
5.421222441384238664e+03 9.950740728821376724e-01
5.421250634553351119e+03 1.000169769823090693e+00
5.421278827869084125e+03 1.003187653876797203e+00
5.421307021331435863e+03 1.002833310580258486e+00
5.421335214940409060e+03 9.983671014885856509e-01
5.421363408696002807e+03 1.001546515549373018e+00
5.421391602598218924e+03 1.001746973572128052e+00
5.421419796647058320e+03 9.972462160215851412e-01
5.421447990842521904e+03 9.989347775284973530e-01
5.421476185184608767e+03 9.957818053609835962e-01
5.421504379673321637e+03 9.998698827110169551e-01
5.421532574308660514e+03 9.988620627459756651e-01
5.421560769090625399e+03 9.976287813840237773e-01
5.421588964019218110e+03 9.962420978130976934e-01
5.421617159094439558e+03 9.944754848995064345e-01
5.421645354316289740e+03 9.941761316393247228e-01
5.421673549684769569e+03 9.970632312932035113e-01
5.421701745199879952e+03 1.000752534963395890e+00
5.421729940861620889e+03 9.997946760688062318e-01
5.421758136669995110e+03 1.003015315310755939e+00
5.421786332625001705e+03 9.979750472226652791e-01
5.421814528726641583e+03 9.995395407826501710e-01
5.421842724974916564e+03 9.988053397967022740e-01
5.421870921369825737e+03 1.002547739913275615e+00
5.421899117911371832e+03 9.996950785395635197e-01
5.421927314599553938e+03 1.004518872899388571e+00
5.421955511434372966e+03 1.002460958092773913e+00
5.421983708415830733e+03 9.943869895509960255e-01
5.422011905543928151e+03 9.955098590508083545e-01
5.422040102818664309e+03 9.944714676902324246e-01
5.422068300240041026e+03 9.972785737373751624e-01
5.422096497808059212e+03 9.987502384070078287e-01
5.422124695522718866e+03 9.991237199585887296e-01
5.422152893384021809e+03 1.002891900181625662e+00
5.422181091391968039e+03 1.003978137465500797e+00
5.422209289546558466e+03 1.003758720184099618e+00
5.422237487847794000e+03 1.003849427638777936e+00
5.422265686295675550e+03 9.988168295210381187e-01
5.422293884890204026e+03 1.007821745817836012e+00
5.422322083631379428e+03 9.993941733932654170e-01
5.422350282519202665e+03 9.977414651459648454e-01
5.422378481553674646e+03 9.992038627473588397e-01
5.422406680734796282e+03 1.002214168597935329e+00
5.422434880062568482e+03 1.001281658965307519e+00
5.422463079536992154e+03 1.001432773638429641e+00
5.422491279158067300e+03 9.954818267766218920e-01
5.422519478925794829e+03 9.975201856731221728e-01
5.422547678840176559e+03 1.001546499076956698e+00
5.422575878901211581e+03 1.002350718892356829e+00
5.422604079108902624e+03 1.002995213028032850e+00
5.422632279463247869e+03 1.001361850681344867e+00
5.422660479964250953e+03 1.000228232329360978e+00
5.422688680611910968e+03 9.957337147529049526e-01
5.422716881406228822e+03 9.986951599481345143e-01
5.422745082347205425e+03 1.007444804687313455e+00
5.422773283434841687e+03 9.979442523978224733e-01
5.422801484669137608e+03 9.985499321411196449e-01
5.422829686050095006e+03 1.002049894140427000e+00
5.422857887577714791e+03 1.004849781406482290e+00
5.422886089251996054e+03 1.002238778450360579e+00
5.422914291072941523e+03 9.966583817246998933e-01
5.422942493040551199e+03 9.976530019762621659e-01
5.422970695154825080e+03 9.971620265956052664e-01
5.422998897415764986e+03 9.981843387914576260e-01
5.423027099823370918e+03 9.982609848920364071e-01
5.423055302377643784e+03 1.000498387321119509e+00
5.423083505078585404e+03 9.966726502187871484e-01
5.423111707926194867e+03 9.988034081701516742e-01
5.423139910920474904e+03 9.928686238152611976e-01
5.423168114061423694e+03 1.000220702171843667e+00
5.423196317349044875e+03 9.954179829852907169e-01
5.423224520783336629e+03 1.002055965476022825e+00
5.423252724364301685e+03 1.004756330684476229e+00
5.423280928091939131e+03 9.985759344518038150e-01
5.423309131966251698e+03 9.984923279892734538e-01
5.423337335987238475e+03 9.974221137004285476e-01
5.423365540154900373e+03 9.923249879549239649e-01
5.423393744469239209e+03 9.842727323097265613e-01
5.423421948930254985e+03 9.888914867259741559e-01
5.423450153537948609e+03 9.996858000060804272e-01
5.423478358292320081e+03 9.977843599999268731e-01
5.423506563193372131e+03 1.004527486433353989e+00
5.423534768241103848e+03 1.001340266589256567e+00
5.423562973435516142e+03 9.988017035734411131e-01
5.423591178776609922e+03 9.993838874168878839e-01
5.423619384264386099e+03 9.959924440450759198e-01
5.423647589898846491e+03 9.963439533925692038e-01
5.423675795679989278e+03 1.003279961617457028e+00
5.423704001607818100e+03 1.000448276690608873e+00
5.423732207682332046e+03 9.977017422227263399e-01
5.423760413903532026e+03 1.001515293575141019e+00
5.423788620271418949e+03 9.980037047815168982e-01
5.423816826785993726e+03 9.977561363925341320e-01
5.423845033447256355e+03 9.970433228627308964e-01
5.423873240255208657e+03 1.005437997641585479e+00
5.423901447209851540e+03 9.982411549896851310e-01
5.423929654311185004e+03 9.987867352478397853e-01
5.423957861559209960e+03 9.952353240391639266e-01
5.423986068953927315e+03 9.979344473455245002e-01
5.424014276495337072e+03 9.977881661039467165e-01
5.424042484183441047e+03 9.940855777123467352e-01
5.424070692018240152e+03 9.985975004908077546e-01
5.424098899999734385e+03 1.004812983863412335e+00
5.424127108127924657e+03 1.001077627950657467e+00
5.424155316402811877e+03 9.960659447082633733e-01
5.424183524824396045e+03 9.980541612983377942e-01
5.424211733392679889e+03 9.989553318332190512e-01
5.424239942107662500e+03 1.000059356090038376e+00
5.424268150969344788e+03 9.997745578049610504e-01
5.424296359977727661e+03 1.004664843376818162e+00
5.424324569132812030e+03 1.002472824587278932e+00
5.424352778434598804e+03 9.971850279926036675e-01
5.424380987883088892e+03 9.964018898773040478e-01
5.424409197478282294e+03 9.993667727324480055e-01
5.424437407220180830e+03 9.959774325393467853e-01
5.424465617108783590e+03 9.951317320873517280e-01
5.424493827144093302e+03 9.990684117071327863e-01
5.424522037326109967e+03 9.971917074889610211e-01
5.424550247654833584e+03 9.958193409120182915e-01
5.424578458130265972e+03 1.000203385921258015e+00
5.424606668752407131e+03 1.004625313539695419e+00
5.424634879521257972e+03 1.001411439900802058e+00
5.424663090436820312e+03 9.967368949560290181e-01
5.424691301499093242e+03 1.000087634527333735e+00
5.424719512708078582e+03 1.001898489822434790e+00
5.424747724063777241e+03 9.966073754842098564e-01
5.424775935566189219e+03 9.988514710131067842e-01
5.424804147215315425e+03 1.000652716531515996e+00
5.424832359011156768e+03 1.005691093585521445e+00
5.424860570953714159e+03 1.006063690200691196e+00
5.424888783042988507e+03 1.004457913707395456e+00
5.424916995278980721e+03 1.000404893907723247e+00
5.424945207661690802e+03 9.984293133896563477e-01
5.424973420191119658e+03 1.002174101506923209e+00
5.425001632867269109e+03 1.002184185414395134e+00
5.425029845690138245e+03 1.006153324366050095e+00
5.425058058659728886e+03 9.989749893212260812e-01
5.425086271776041940e+03 1.002584589714098806e+00
5.425114485039077408e+03 1.004434265714780006e+00
5.425142698448837109e+03 1.002361854669108432e+00
5.425170912005321043e+03 9.948033942251652828e-01
5.425199125708529209e+03 9.992201373769973305e-01
5.425227339558464337e+03 1.002376367271673674e+00
5.425255553555125516e+03 1.001052966189781346e+00
5.425283767698514566e+03 9.994516018746396613e-01
5.425311981988631487e+03 9.994330141635668907e-01
5.425340196425477188e+03 9.997238967510678753e-01
5.425368411009052579e+03 9.987927260343051339e-01
5.425396625739358569e+03 9.967076554447531489e-01
5.425424840616396068e+03 1.005020770727336421e+00
5.425453055640165985e+03 1.002852340738264569e+00
5.425481270810667411e+03 9.978949569702046940e-01
5.425509486127903074e+03 9.982908692438909881e-01
5.425537701591872974e+03 9.993202398437313061e-01
5.425565917202578021e+03 1.000614751639478550e+00
5.425594132960019124e+03 1.000362289371562241e+00
5.425622348864196283e+03 1.004330303160187343e+00
5.425650564915111318e+03 1.007125846604123076e+00
5.425678781112763318e+03 1.000922888421464707e+00
5.425706997457155012e+03 1.002620797207460779e+00
5.425735213948286400e+03 1.004071571319084422e+00
5.425763430586158393e+03 9.975601779811277270e-01
5.425791647370770988e+03 9.964126632838458120e-01
5.425819864302126007e+03 1.000367636056993748e+00
5.425848081380223448e+03 1.000582326073718997e+00
5.425876298605064221e+03 1.002317048102425501e+00
5.425904515976649236e+03 1.000189480916380713e+00
5.425932733494979402e+03 9.984987286564561693e-01
5.425960951160054719e+03 1.002788499203376427e+00
5.425989168971877007e+03 1.001614904367401415e+00
5.426017386930447174e+03 1.001979585221328684e+00
5.426045605035764311e+03 9.949869903991768183e-01
5.426073823287831146e+03 1.001530629496802272e+00
5.426102041686646771e+03 9.993720451385894599e-01
5.426130260232213004e+03 1.004782230072160276e+00
5.426158478924529845e+03 1.007571092739707019e+00
5.426186697763599113e+03 1.003031045801534793e+00
5.426214916749420809e+03 1.001275695199497662e+00
5.426243135881995840e+03 9.990162271635317781e-01
5.426271355161325118e+03 1.000756049483482180e+00
5.426299574587409552e+03 1.000214320302983184e+00
5.426327794160249141e+03 1.002814173431574973e+00
5.426356013879845705e+03 1.002368403274922493e+00
5.426384233746199243e+03 1.001861145843800927e+00
5.426412453759309756e+03 1.003340140765323740e+00
5.426440673919179972e+03 9.969857530498990039e-01
5.426468894225809890e+03 1.000144336174079385e+00
5.426497114679199512e+03 1.001875334257587014e+00
5.426525335279349747e+03 1.002893860389919345e+00
5.426553556026262413e+03 1.002044730636151071e+00
5.426581776919937511e+03 1.000663285507081834e+00
5.426609997960375949e+03 1.002658723975193400e+00
5.426638219147578639e+03 1.002116096496922903e+00
5.426666440481545578e+03 9.989297567377894982e-01
5.426694661962278587e+03 9.998741334875802522e-01
5.426722883589777666e+03 9.979285340039657504e-01
5.426751105364043724e+03 1.002617915255932468e+00
5.426779327285077670e+03 1.001970863714660709e+00
5.426807549352880415e+03 1.001319962260764918e+00
5.426835771567451957e+03 1.000716475201836264e+00
5.426863993928794116e+03 1.001405175602492648e+00
5.426892216436907802e+03 9.997240455442226725e-01
5.426920439091792105e+03 9.969681316928873382e-01
5.426948661893449753e+03 9.990681409182627926e-01
5.426976884841879837e+03 9.977523584340245444e-01
5.427005107937085086e+03 1.002975321991944391e+00
5.427033331179063680e+03 1.001501879468117195e+00
5.427061554567818348e+03 1.007206819918158081e+00
5.427089778103350000e+03 9.991012030528741983e-01
5.427118001785657725e+03 9.971290620152688522e-01
5.427146225614743344e+03 9.989324256223993670e-01
5.427174449590607765e+03 9.972775525153683152e-01
5.427202673713250988e+03 9.984952725165365806e-01
5.427230897982674833e+03 9.972796602022946377e-01
5.427259122398879299e+03 9.986005813939474729e-01
5.427287346961866206e+03 1.004651698012740013e+00
5.427315571671634643e+03 9.996134101548667106e-01
5.427343796528186431e+03 1.002187025460389735e+00
5.427372021531521568e+03 9.978820236845507008e-01
5.427400246681641875e+03 1.000413171087572328e+00
5.427428471978547350e+03 9.975524087271200324e-01
5.427456697422239813e+03 9.999261736887784524e-01
5.427484923012718355e+03 9.981833781634742442e-01
5.427513148749984794e+03 9.994038731326572167e-01
5.427541374634040039e+03 1.000504373026631422e+00
5.427569600664884092e+03 1.001792735170387694e+00
5.427597826842517861e+03 1.000405443603089806e+00
5.427626053166943166e+03 1.000835637560641533e+00
5.427654279638160006e+03 1.003441634036762675e+00
5.427682506256168381e+03 1.003857140081664268e+00
5.427710733020970110e+03 1.005453924237868613e+00
5.427738959932566104e+03 1.002534285170467721e+00
5.427767186990956361e+03 1.004869733718748215e+00
5.427795414196141792e+03 1.003037648579900853e+00
5.427823641548124215e+03 1.002056889398774020e+00
5.427851869046902721e+03 1.001217768744088854e+00
5.427880096692479128e+03 1.001747226102467581e+00
5.427908324484853438e+03 9.998767769075719292e-01
5.427936552424027468e+03 1.002440435538417107e+00
5.427964780510001219e+03 9.997785671915774275e-01
5.427993008742775601e+03 9.990319889025769395e-01
5.428021237122351522e+03 1.003019264333712579e+00
5.428049465648728983e+03 9.923712212136125421e-01
5.428077694321910712e+03 9.995244589121414780e-01
5.428105923141894891e+03 9.997512936396206751e-01
5.428134152108684248e+03 1.000426189785736053e+00
5.428162381222279691e+03 9.980307891011408472e-01
5.428190610482680313e+03 9.958520750543611300e-01
5.428218839889887022e+03 1.001097657158042553e+00
5.428247069443902546e+03 1.002000805219333435e+00
5.428275299144725977e+03 1.002670726485188624e+00
5.428303528992358224e+03 9.998309240026924671e-01
5.428331758986800196e+03 1.000030050069970589e+00
5.428359989128053712e+03 1.000292794342129588e+00
5.428388219416117863e+03 9.957648257464447594e-01
5.428416449850994468e+03 9.959338425565017472e-01
5.428444680432683526e+03 9.979194903529868821e-01
5.428472911161186857e+03 9.995772550597514794e-01
5.428501142036503552e+03 1.002348712734661751e+00
5.428529373058636338e+03 1.003020631686804665e+00
5.428557604227585216e+03 1.004272784848187161e+00
5.428585835543350186e+03 1.002462138021265492e+00
5.428614067005933066e+03 1.000138761534611120e+00
5.428642298615333857e+03 1.004618488773895368e+00
5.428670530371554378e+03 1.003541799204428875e+00
5.428698762274594628e+03 9.997279205255397150e-01
5.428726994324454608e+03 1.000984634846258992e+00
5.428755226521136137e+03 1.002346737823686995e+00
5.428783458864640124e+03 1.002231623559608709e+00
5.428811691354966570e+03 9.997141762507779639e-01
5.428839923992117292e+03 1.002251599638727564e+00
5.428868156776091382e+03 1.003311807809183609e+00
5.428896389706890659e+03 9.975812927324774204e-01
5.428924622784516941e+03 9.986748017684901058e-01
5.428952856008968411e+03 1.000295411788215239e+00
5.428981089380248704e+03 9.982425375174339699e-01
5.429009322898356004e+03 1.001589242146591285e+00
5.429037556563293037e+03 9.934430174786041956e-01
5.429065790375059805e+03 9.968140807298989658e-01
5.429094024333656307e+03 9.972784864262124183e-01
5.429122258439084362e+03 9.967284751335027115e-01
5.429150492691344880e+03 9.985654906119314500e-01
5.429178727090437860e+03 9.983392646702118345e-01
5.429206961636364213e+03 1.004652500055815745e+00
5.429235196329124847e+03 1.003173367990394915e+00
5.429263431168720672e+03 1.002520703083018327e+00
5.429291666155151688e+03 9.968517258396728531e-01
5.429319901288420624e+03 1.001218613134341906e+00
5.429348136568525661e+03 1.000187461445245285e+00
5.429376371995469526e+03 1.000590979507343548e+00
5.429404607569252221e+03 9.991685007352725245e-01
5.429432843289873745e+03 1.001862776272922195e+00
5.429461079157336826e+03 1.000039343691252691e+00
5.429489315171640555e+03 9.994311159800338684e-01
5.429517551332785843e+03 1.000878321253051650e+00
5.429545787640773597e+03 1.002863669608389241e+00
5.429574024095605637e+03 9.985992840281212590e-01
5.429602260697281963e+03 1.000610730383437286e+00
5.429630497445802575e+03 1.003877219969177226e+00
5.429658734341169293e+03 1.000567818458137248e+00
5.429686971383382115e+03 1.001197991785056640e+00
5.429715208572442862e+03 1.002906511533422140e+00
5.429743445908351532e+03 1.004685875637165937e+00
5.429771683391108127e+03 9.956989404255264242e-01
5.429799921020715374e+03 1.002476747350129926e+00
5.429828158797172364e+03 1.001873605181053950e+00
5.429856396720480916e+03 9.958982716006850033e-01
5.429884634790641030e+03 1.001030835335666946e+00
5.429912873007653616e+03 1.004130796847381601e+00
5.429941111371519582e+03 1.002202362275438352e+00
5.429969349882239840e+03 9.982865398064093565e-01
5.429997588539814387e+03 9.983246077629515103e-01
