# Corrected for radial velocity of 20.55 km/s
# 
# star name zetOri, line HALPHA
# instrument: HERMES spectrograph @Mercator
# date of observation (midpoint)2018-10-15T04:32:02.622712
# BJD of observation (midpoint)2458406.6913082
# name of fits file: 00898167_HRF_OBJ_ext_CosmicsRemoved_log_merged_c.fits
# 
# wavelength(Angstrom,air) normalised_flux
6.537563753249107322e+03 9.992780425663877475e-01
6.537597751972178230e+03 9.956246972615926394e-01
6.537631750872058547e+03 1.002335049620121543e+00
6.537665749948750999e+03 9.954723479150782151e-01
6.537699749202255589e+03 1.003193319950227425e+00
6.537733748632575043e+03 1.002089982639889243e+00
6.537767748239709363e+03 9.985113397900535759e-01
6.537801748023658547e+03 9.963957512159006269e-01
6.537835747984424415e+03 9.998268219676723634e-01
6.537869748122007877e+03 1.002531450063520069e+00
6.537903748436409842e+03 9.898165849409074069e-01
6.537937748927631219e+03 9.996971553278574119e-01
6.537971749595672918e+03 9.964186081098295178e-01
6.538005750440534939e+03 1.001257843588449603e+00
6.538039751462219101e+03 1.001654804461231230e+00
6.538073752660725404e+03 9.988509189641319175e-01
6.538107754036057486e+03 9.981771045975831314e-01
6.538141755588213528e+03 1.003029782535425740e+00
6.538175757317194439e+03 9.960364048119408897e-01
6.538209759223003857e+03 9.960171305555192145e-01
6.538243761305639055e+03 9.938077446307129748e-01
6.538277763565102759e+03 9.987794994769372270e-01
6.538311766001397700e+03 9.982838657703735352e-01
6.538345768614521148e+03 1.000945944151646172e+00
6.538379771404475832e+03 1.004965980140560600e+00
6.538413774371264481e+03 1.008926010375875482e+00
6.538447777514884365e+03 9.935004061124858010e-01
6.538481780835338213e+03 9.953961043518487761e-01
6.538515784332627845e+03 1.003983378445286512e+00
6.538549788006753261e+03 1.000429501171907098e+00
6.538583791857715369e+03 1.003461255505798011e+00
6.538617795885515079e+03 1.008877352127299121e+00
6.538651800090153301e+03 1.001384306682026937e+00
6.538685804471630945e+03 9.986079894793302714e-01
6.538719809029948919e+03 1.002845992746640880e+00
6.538753813765108134e+03 9.922316156604251702e-01
6.538787818677110408e+03 1.005061477956831872e+00
6.538821823765954832e+03 1.008569654772485391e+00
6.538855829031643225e+03 1.000639479982305291e+00
6.538889834474178315e+03 1.002386162669398395e+00
6.538923840093558283e+03 1.001327034834093466e+00
6.538957845889784949e+03 9.938178348291913933e-01
6.538991851862859221e+03 9.956889167944835695e-01
6.539025858012782919e+03 1.002172857724124899e+00
6.539059864339556043e+03 1.007138347697111858e+00
6.539093870843179502e+03 1.003414575255651586e+00
6.539127877523654206e+03 1.007910499964005613e+00
6.539161884380981064e+03 1.009859156682231696e+00
6.539195891415161896e+03 9.991743714113801023e-01
6.539229898626196700e+03 9.957031370041444784e-01
6.539263906014087297e+03 1.007441223562711263e+00
6.539297913578832777e+03 1.005870026751209956e+00
6.539331921320435868e+03 9.986015163281661833e-01
6.539365929238897479e+03 9.934722282943115879e-01
6.539399937334216702e+03 9.975604583776898071e-01
6.539433945606396264e+03 9.975751372798388195e-01
6.539467954055436167e+03 9.982125911495969284e-01
6.539501962681338227e+03 9.940107169032906809e-01
6.539535971484102447e+03 9.907363682462427823e-01
6.539569980463729735e+03 9.914471744060894265e-01
6.539603989620221910e+03 9.915904805678119605e-01
6.539637998953578972e+03 9.991994987178273169e-01
6.539672008463802740e+03 9.990774557258742528e-01
6.539706018150893215e+03 9.982381174454256767e-01
6.539740028014852214e+03 9.962638338421822004e-01
6.539774038055679739e+03 9.931394798636939969e-01
6.539808048273376698e+03 9.961285324438651223e-01
6.539842058667944002e+03 1.007905029279855702e+00
6.539876069239384378e+03 1.000357995449186577e+00
6.539910079987696918e+03 1.002219864744556599e+00
6.539944090912883439e+03 1.004726411262376162e+00
6.539978102014943033e+03 1.001587169447577308e+00
6.540012113293879338e+03 9.963393443876144007e-01
6.540046124749690534e+03 9.980304670831584568e-01
6.540080136382380260e+03 1.000147533387259591e+00
6.540114148191947606e+03 9.967576346213221639e-01
6.540148160178394392e+03 9.993877921151351762e-01
6.540182172341720616e+03 1.002932255646425741e+00
6.540216184681928098e+03 1.002034006610668770e+00
6.540250197199016839e+03 1.005846088739125177e+00
6.540284209892988656e+03 1.005529312203561787e+00
6.540318222763844460e+03 1.001826643484351465e+00
6.540352235811584251e+03 1.000161256174952218e+00
6.540386249036209847e+03 1.004276200757615145e+00
6.540420262437722158e+03 1.004115058033889563e+00
6.540454276016121185e+03 9.876322371853387683e-01
6.540488289771408745e+03 9.976564071851171667e-01
6.540522303703585749e+03 9.954337420953153215e-01
6.540556317812653106e+03 9.885696107075673256e-01
6.540590332098610816e+03 9.914802178564382507e-01
6.540624346561460698e+03 1.001859631518746241e+00
6.540658361201202752e+03 1.007147907678938026e+00
6.540692376017838797e+03 1.006290869109186525e+00
6.540726391011369742e+03 1.006296626730854626e+00
6.540760406181797407e+03 9.917639170832579509e-01
6.540794421529120882e+03 1.002689632613715576e+00
6.540828437053341077e+03 1.000718663146407561e+00
6.540862452754459810e+03 9.987211740378896252e-01
6.540896468632478900e+03 9.981493277390914853e-01
6.540930484687396529e+03 9.966705257768271320e-01
6.540964500919217244e+03 9.965109574883200816e-01
6.540998517327938316e+03 9.988174920183632288e-01
6.541032533913563384e+03 1.003941959926073491e+00
6.541066550676091538e+03 1.000372083841397419e+00
6.541100567615526415e+03 1.002236459812129832e+00
6.541134584731865289e+03 9.989220326571787156e-01
6.541168602025110886e+03 9.926657280191413246e-01
6.541202619495264116e+03 9.947146476387338510e-01
6.541236637142325890e+03 9.989964858789553981e-01
6.541270654966298025e+03 9.962478168749632212e-01
6.541304672967179613e+03 9.983048296292227342e-01
6.541338691144972472e+03 1.007454597656664452e+00
6.541372709499676603e+03 1.002301056960517966e+00
6.541406728031294733e+03 1.002512475471519560e+00
6.541440746739827773e+03 1.007371651833057324e+00
6.541474765625274813e+03 1.009077220974538669e+00
6.541508784687637672e+03 1.006445626578489794e+00
6.541542803926917259e+03 1.005673403858642123e+00
6.541576823343114484e+03 1.005387712373305931e+00
6.541610842936230256e+03 9.963150300816481231e-01
6.541644862706266395e+03 9.969618079750384165e-01
6.541678882653222900e+03 9.928347188716912797e-01
6.541712902777099771e+03 9.972050700269876611e-01
6.541746923077899737e+03 1.004491589031649923e+00
6.541780943555622798e+03 1.004420679754357781e+00
6.541814964210268954e+03 1.003560526389832841e+00
6.541848985041841843e+03 1.003617431924953785e+00
6.541883006050340555e+03 9.949749137604337879e-01
6.541917027235765090e+03 9.959362403128173558e-01
6.541951048598117268e+03 1.005091575809428317e+00
6.541985070137398907e+03 9.986536347259367119e-01
6.542019091853610007e+03 1.000015691444307020e+00
6.542053113746752388e+03 9.987649161066076697e-01
6.542087135816825139e+03 9.960721950427564586e-01
6.542121158063830080e+03 9.969897956729977251e-01
6.542155180487769940e+03 9.965832699668069061e-01
6.542189203088642898e+03 9.967610605205614593e-01
6.542223225866451685e+03 9.966544245719146655e-01
6.542257248821196299e+03 9.942127856525898588e-01
6.542291271952877651e+03 9.874910703396942990e-01
6.542325295261496649e+03 9.749489570324422205e-01
6.542359318747055113e+03 9.575628718821849183e-01
6.542393342409553043e+03 9.499245492496376508e-01
6.542427366248992257e+03 9.609543448712302149e-01
6.542461390265372756e+03 9.794325695581279634e-01
6.542495414458695450e+03 9.919922994670746785e-01
6.542529438828962157e+03 9.927088122695247874e-01
6.542563463376172876e+03 1.005203264556140619e+00
6.542597488100328519e+03 1.004669749352598673e+00
6.542631513001430903e+03 9.981087491451988702e-01
6.542665538079480939e+03 9.976156092328225533e-01
6.542699563334477716e+03 9.967478012157168221e-01
6.542733588766423964e+03 9.978772870679033513e-01
6.542767614375320591e+03 1.009025842410250506e+00
6.542801640161167597e+03 1.001382129317342606e+00
6.542835666123966803e+03 9.948303672061604708e-01
6.542869692263718207e+03 9.972829194395014252e-01
6.542903718580423629e+03 9.918551105007529234e-01
6.542937745074083978e+03 9.891962390577102582e-01
6.542971771744698344e+03 9.975203288497644927e-01
6.543005798592270366e+03 1.005601508446887227e+00
6.543039825616799135e+03 1.000899418381459238e+00
6.543073852818284649e+03 9.917987928672971076e-01
6.543107880196731458e+03 9.976733729836952946e-01
6.543141907752137740e+03 9.967680790097778187e-01
6.543175935484503498e+03 9.979671415248850819e-01
6.543209963393833277e+03 1.004906917696563262e+00
6.543243991480124350e+03 1.006413495192292062e+00
6.543278019743379446e+03 1.010571902202652028e+00
6.543312048183599472e+03 1.010973132950248710e+00
6.543346076800785340e+03 9.967568177754657643e-01
6.543380105594936140e+03 9.915896472776254411e-01
6.543414134566056418e+03 9.974141419715127910e-01
6.543448163714144357e+03 1.003381908684881196e+00
6.543482193039199956e+03 1.006159542601650747e+00
6.543516222541227762e+03 1.001932478079253563e+00
6.543550252220225957e+03 9.994941885673732651e-01
6.543584282076195450e+03 1.000328852691786397e+00
6.543618312109138060e+03 9.991029150130669167e-01
6.543652342319054696e+03 9.990970964332955839e-01
6.543686372705946269e+03 1.004136662221796650e+00
6.543720403269813687e+03 9.953569299404949611e-01
6.543754434010656951e+03 9.911672232944525041e-01
6.543788464928478788e+03 9.949919317074756853e-01
6.543822496023278291e+03 9.896090739177093587e-01
6.543856527295057276e+03 9.845999445065409805e-01
6.543890558743815745e+03 9.680672429187535677e-01
6.543924590369557336e+03 9.221189560643607841e-01
6.543958622172280229e+03 8.662050637153226873e-01
6.543992654151985334e+03 8.432731926383600918e-01
6.544026686308674471e+03 8.988903460533002043e-01
6.544060718642349457e+03 9.461602996778094576e-01
6.544094751153009383e+03 9.787212687447989223e-01
6.544128783840656070e+03 9.874070532184652249e-01
6.544162816705291334e+03 9.878720508980761705e-01
6.544196849746913358e+03 9.883145127773803607e-01
6.544230882965525780e+03 9.919219643898141703e-01
6.544264916361129508e+03 9.986370817442081771e-01
6.544298949933723634e+03 9.913530918186861385e-01
6.544332983683310886e+03 9.888287136541549227e-01
6.544367017609890354e+03 1.004278759635236495e+00
6.544401051713463858e+03 9.998296781452421511e-01
6.544435085994032306e+03 1.002077616761034129e+00
6.544469120451597519e+03 1.004084999839556680e+00
6.544503155086158586e+03 9.981373893430390831e-01
6.544537189897717326e+03 1.000032966762561593e+00
6.544571224886275559e+03 1.007614440838243697e+00
6.544605260051833284e+03 9.989550368783152168e-01
6.544639295394391411e+03 1.014377322389911740e+00
6.544673330913949940e+03 1.007091040606873378e+00
6.544707366610512508e+03 9.971724002412315491e-01
6.544741402484078208e+03 9.934763869727200047e-01
6.544775438534646128e+03 1.002919386512501898e+00
6.544809474762221726e+03 1.001627654785413934e+00
6.544843511166802273e+03 9.887397038571765773e-01
6.544877547748389588e+03 9.924303109149154034e-01
6.544911584506984582e+03 9.958953437695353683e-01
6.544945621442589072e+03 1.002897221439636999e+00
6.544979658555203059e+03 9.909345696051004015e-01
6.545013695844827453e+03 9.943175145867618747e-01
6.545047733311463162e+03 9.964187479923035662e-01
6.545081770955111097e+03 9.966042092562238386e-01
6.545115808775773985e+03 9.948624550373124098e-01
6.545149846773450008e+03 9.913272002145669948e-01
6.545183884948140985e+03 9.929063966452748025e-01
6.545217923299849645e+03 9.950872969806768831e-01
6.545251961828573258e+03 9.968764110012114932e-01
6.545286000534316372e+03 1.003348794341970773e+00
6.545320039417078078e+03 9.883801820746626055e-01
6.545354078476859286e+03 9.895481204470575332e-01
6.545388117713661813e+03 9.991742169833699450e-01
6.545422157127485661e+03 9.999092591251208528e-01
6.545456196718332649e+03 9.997507848678335307e-01
6.545490236486202775e+03 1.004580549761684205e+00
6.545524276431096951e+03 1.003520445306469666e+00
6.545558316553016994e+03 9.999208319919806742e-01
6.545592356851963814e+03 1.013906133484776317e+00
6.545626397327937411e+03 1.008773573563799264e+00
6.545660437980938696e+03 1.008424396142794555e+00
6.545694478810969485e+03 1.002699443069039242e+00
6.545728519818029781e+03 9.962795565606252790e-01
6.545762561002121402e+03 9.974469714240097318e-01
6.545796602363244347e+03 9.899163023304905495e-01
6.545830643901400435e+03 9.741816317266671632e-01
6.545864685616590577e+03 9.839581917831602409e-01
6.545898727508815682e+03 9.935921232794427960e-01
6.545932769578074840e+03 9.929200087559197918e-01
6.545966811824370780e+03 9.986879993986506054e-01
6.546000854247704410e+03 1.002229524647629821e+00
6.546034896848076642e+03 1.001937112879861314e+00
6.546068939625487474e+03 9.989036534891946317e-01
6.546102982579938725e+03 9.929546746566471072e-01
6.546137025711431306e+03 9.944895920447680560e-01
6.546171069019964307e+03 1.000023452314120265e+00
6.546205112505542274e+03 9.946906603948710845e-01
6.546239156168163390e+03 1.006941601996037994e+00
6.546273200007827654e+03 1.006002450290531813e+00
6.546307244024539614e+03 9.970143879209483195e-01
6.546341288218296540e+03 9.988563111522970051e-01
6.546375332589102072e+03 1.004322119162820881e+00
6.546409377136955300e+03 1.001917682761204409e+00
6.546443421861858042e+03 1.000526660991773342e+00
6.546477466763811208e+03 9.997089106793418667e-01
6.546511511842815707e+03 1.008278198126568936e+00
6.546545557098872450e+03 1.006039927286513258e+00
6.546579602531980527e+03 1.007057153288712703e+00
6.546613648142143575e+03 1.011788332747429742e+00
6.546647693929362504e+03 1.014817903665623300e+00
6.546681739893636404e+03 1.006002166289995170e+00
6.546715786034966186e+03 1.000259314912113506e+00
6.546749832353354577e+03 1.009245329638517541e+00
6.546783878848800668e+03 9.937616183290143290e-01
6.546817925521307188e+03 1.000072167905319720e+00
6.546851972370873227e+03 1.010834176193186273e+00
6.546886019397500604e+03 1.011487301415148199e+00
6.546920066601190229e+03 1.000318048136467519e+00
6.546954113981943919e+03 1.003140584418137360e+00
6.546988161539760767e+03 1.006297186302616886e+00
6.547022209274642591e+03 9.983110393242361491e-01
6.547056257186590301e+03 9.976349886749714679e-01
6.547090305275604806e+03 9.991193784203256101e-01
6.547124353541687015e+03 1.010975719192764855e+00
6.547158401984838747e+03 1.008663801321823650e+00
6.547192450605059094e+03 1.007830406318418914e+00
6.547226499402349873e+03 1.003394760424386689e+00
6.547260548376712904e+03 1.005648946532863297e+00
6.547294597528148188e+03 1.000075308954509135e+00
6.547328646856655723e+03 9.953688352872148704e-01
6.547362696362237330e+03 1.008625800620231105e+00
6.547396746044895735e+03 1.011565611514529950e+00
6.547430795904628212e+03 1.000366781104166991e+00
6.547464845941439307e+03 9.989702469873886770e-01
6.547498896155327202e+03 9.983923914008679956e-01
6.547532946546294625e+03 1.002854545899447336e+00
6.547566997114340666e+03 1.004440990559458680e+00
6.547601047859467144e+03 1.007712733148973916e+00
6.547635098781676788e+03 9.986668064493180452e-01
6.547669149880968689e+03 9.784320512756583543e-01
6.547703201157342846e+03 9.659932448939911875e-01
6.547737252610801079e+03 9.378025502681270886e-01
6.547771304241346115e+03 9.285273735225483271e-01
6.547805356048976137e+03 9.501813962245857503e-01
6.547839408033693871e+03 9.759043023457650845e-01
6.547873460195498410e+03 9.970303119850232321e-01
6.547907512534393391e+03 1.000630472815502658e+00
6.547941565050377903e+03 9.995177359743249168e-01
6.547975617743451949e+03 1.007557052246234486e+00
6.548009670613618255e+03 1.009693801724075080e+00
6.548043723660876822e+03 9.996838622326575940e-01
6.548077776885230378e+03 1.008144035133434979e+00
6.548111830286677105e+03 9.951784561761585213e-01
6.548145883865219730e+03 9.908573821197826925e-01
6.548179937620858254e+03 9.919857902929289928e-01
6.548213991553593587e+03 9.995329858256387645e-01
6.548248045663428456e+03 1.001467995837945102e+00
6.548282099950361044e+03 1.001253453375740898e+00
6.548316154414394077e+03 1.006747764462667227e+00
6.548350209055527557e+03 1.007047832646160268e+00
6.548384263873763302e+03 1.002774762020090416e+00
6.548418318869102222e+03 9.994309906905585184e-01
6.548452374041543408e+03 1.011465212870092722e+00
6.548486429391089587e+03 1.009644019210025778e+00
6.548520484917742579e+03 9.963117020150754621e-01
6.548554540621500564e+03 9.947997207399089659e-01
6.548588596502367182e+03 9.933260290085644817e-01
6.548622652560340612e+03 9.681142564651887827e-01
6.548656708795423583e+03 9.200956565430103984e-01
6.548690765207617005e+03 8.758737403980281222e-01
6.548724821796921788e+03 8.938681362287207444e-01
6.548758878563337930e+03 9.448742792396084278e-01
6.548792935506866343e+03 9.810743432469415382e-01
6.548826992627509753e+03 9.912683289927401997e-01
6.548861049925267253e+03 9.952907727191070419e-01
6.548895107400140660e+03 9.994396189001212294e-01
6.548929165052129974e+03 1.004499179641018980e+00
6.548963222881237925e+03 1.003785910905424350e+00
6.548997280887462693e+03 9.945193012512101305e-01
6.549031339070807917e+03 1.002485973476519243e+00
6.549065397431272686e+03 1.009513230480613366e+00
6.549099455968859729e+03 1.003196095117817821e+00
6.549133514683567228e+03 9.963631716514718129e-01
6.549167573575398819e+03 9.891838985825526231e-01
6.549201632644353595e+03 9.891126240637074796e-01
6.549235691890433372e+03 9.931869902635223069e-01
6.549269751313639063e+03 9.947001876675263254e-01
6.549303810913972484e+03 9.931228393736857285e-01
6.549337870691431817e+03 9.935626351612193430e-01
6.549371930646020701e+03 1.006328043564789887e+00
6.549405990777739135e+03 9.987107639152886795e-01
6.549440051086587118e+03 1.013245244750461405e+00
6.549474111572566471e+03 1.004983824481074706e+00
6.549508172235679012e+03 1.004367061456885590e+00
6.549542233075923832e+03 1.009115676107121606e+00
6.549576294093302749e+03 1.007428750627696656e+00
6.549610355287815764e+03 1.004704178369524081e+00
6.549644416659465605e+03 1.004859811340113263e+00
6.549678478208252272e+03 1.005397269508052416e+00
6.549712539934177585e+03 9.986821896885011984e-01
6.549746601837239723e+03 9.967968456793991905e-01
6.549780663917443235e+03 1.006739196100820299e+00
6.549814726174785392e+03 1.002796114458490040e+00
6.549848788609269832e+03 1.002923231474281973e+00
6.549882851220897464e+03 1.007990437066853762e+00
6.549916914009666471e+03 1.008842582633256990e+00
6.549950976975580488e+03 1.007802043850797080e+00
6.549985040118640427e+03 1.006481082974705954e+00
6.550019103438845377e+03 1.003826668916225850e+00
6.550053166936198068e+03 1.005841923036576047e+00
6.550087230610697588e+03 1.012152063729742313e+00
6.550121294462346668e+03 1.011463092959916654e+00
6.550155358491145307e+03 1.002678407993267351e+00
6.550189422697094415e+03 9.949396395032372720e-01
6.550223487080194900e+03 9.960272683293280860e-01
6.550257551640448582e+03 1.002316732093168961e+00
6.550291616377854552e+03 1.002710135262185442e+00
6.550325681292416448e+03 9.977360364297337414e-01
6.550359746384131540e+03 1.002235503437687081e+00
6.550393811653004377e+03 1.000409980569827662e+00
6.550427877099034049e+03 9.928556779130167653e-01
6.550461942722221465e+03 9.966661189494288031e-01
6.550496008522567536e+03 1.002395220054230984e+00
6.550530074500073169e+03 1.008314243609824912e+00
6.550564140654740186e+03 1.006187338741853621e+00
6.550598206986568584e+03 1.001355633787778920e+00
6.550632273495560185e+03 1.002094983493592384e+00
6.550666340181714077e+03 9.998251719962178985e-01
6.550700407045033899e+03 1.006225474674919074e+00
6.550734474085517832e+03 1.002513917388220266e+00
6.550768541303168604e+03 1.010903165048113728e+00
6.550802608697986216e+03 1.011457180385075594e+00
6.550836676269972486e+03 1.003752142847643247e+00
6.550870744019127415e+03 1.005061141551064408e+00
6.550904811945451911e+03 1.004456177966623454e+00
6.550938880048948704e+03 9.988354216223039872e-01
6.550972948329616884e+03 9.995407908211707548e-01
6.551007016787457360e+03 9.993700001158046797e-01
6.551041085422471042e+03 1.010770448733716576e+00
6.551075154234659749e+03 1.000472271704015315e+00
6.551109223224024390e+03 9.970581122494075466e-01
6.551143292390564056e+03 1.005259737013183274e+00
6.551177361734283295e+03 1.001493397541669106e+00
6.551211431255178468e+03 1.001563768184774883e+00
6.551245500953254123e+03 1.003455530028458442e+00
6.551279570828509350e+03 1.004836063471617580e+00
6.551313640880945968e+03 1.011114575535488447e+00
6.551347711110564887e+03 1.003515264210414593e+00
6.551381781517366107e+03 1.001308421778594582e+00
6.551415852101350538e+03 1.007706847193599042e+00
6.551449922862520907e+03 1.009092824873838889e+00
6.551483993800877215e+03 1.014530291507416804e+00
6.551518064916419462e+03 1.007140121947300182e+00
6.551552136209148557e+03 1.003083793602892682e+00
6.551586207679066320e+03 1.005562441902231985e+00
6.551620279326173659e+03 1.005596561071473216e+00
6.551654351150471484e+03 1.007213319599344459e+00
6.551688423151959796e+03 1.008510970296727649e+00
6.551722495330641323e+03 1.004675353327252774e+00
6.551756567686514245e+03 9.970571326202787299e-01
6.551790640219582201e+03 1.000643706691628276e+00
6.551824712929844281e+03 1.005485807978995227e+00
6.551858785817302305e+03 1.006375300590127031e+00
6.551892858881957181e+03 1.006135754927330206e+00
6.551926932123810730e+03 1.009546653070942490e+00
6.551961005542862040e+03 1.011282918230120620e+00
6.551995079139112022e+03 1.008961623040243616e+00
6.552029152912563404e+03 1.008620979973429366e+00
6.552063226863215277e+03 9.982412477732343081e-01
6.552097300991070369e+03 9.960734187152260333e-01
6.552131375296127771e+03 9.945032836309463109e-01
6.552165449778389302e+03 1.002067734644100705e+00
6.552199524437855871e+03 1.007897956923404337e+00
6.552233599274528387e+03 1.005570415966575260e+00
6.552267674288408671e+03 1.001829463355053074e+00
6.552301749479494902e+03 1.002462850429432617e+00
6.552335824847790718e+03 1.002735708083654975e+00
6.552369900393296120e+03 9.997067523497350505e-01
6.552403976116012927e+03 1.001425975133616086e+00
6.552438052015940229e+03 1.001512561090462494e+00
6.552472128093078936e+03 1.007831369973785085e+00
6.552506204347432686e+03 1.004650516763984758e+00
6.552540280778999659e+03 1.003026468302105068e+00
6.552574357387781674e+03 9.987467904957139098e-01
6.552608434173780552e+03 9.848403677234478515e-01
6.552642511136995381e+03 9.497725553686401367e-01
6.552676588277428891e+03 8.947556708346975363e-01
6.552710665595081082e+03 8.680299299562026505e-01
6.552744743089951953e+03 9.135571488898895920e-01
6.552778820762045143e+03 9.505763681650183372e-01
6.552812898611358833e+03 9.770555720044148407e-01
6.552846976637895750e+03 9.892063894370151100e-01
6.552881054841654986e+03 9.981806227824829847e-01
6.552915133222640179e+03 1.002587293792637224e+00
6.552949211780848600e+03 1.002096294174203095e+00
6.552983290516284796e+03 9.992669457568327251e-01
6.553017369428947859e+03 1.000065736219745149e+00
6.553051448518837788e+03 1.007638266201305921e+00
6.553085527785958220e+03 1.010681659617457484e+00
6.553119607230308247e+03 1.006902010329501662e+00
6.553153686851887869e+03 1.009003907346796014e+00
6.553187766650699814e+03 1.007286302559208258e+00
6.553221846626744991e+03 9.991224551820332422e-01
6.553255926780023401e+03 1.004830933697017814e+00
6.553290007110536862e+03 1.012817606552957717e+00
6.553324087618284466e+03 1.006750559049074845e+00
6.553358168303268940e+03 1.004248855627093429e+00
6.553392249165490284e+03 1.012051013932718346e+00
6.553426330204951228e+03 1.006424013758642211e+00
6.553460411421649951e+03 1.009985768426108876e+00
6.553494492815588274e+03 1.004688004705634574e+00
6.553528574386768923e+03 1.003540939105195706e+00
6.553562656135190082e+03 1.003749758295411576e+00
6.553596738060855387e+03 1.004878002859829200e+00
6.553630820163763929e+03 1.002797635324304215e+00
6.553664902443916617e+03 9.993351921663332638e-01
6.553698984901315271e+03 9.993322915761218006e-01
6.553733067535958980e+03 1.000771549641337188e+00
6.553767150347851384e+03 9.966367833709404156e-01
6.553801233336992482e+03 9.830623931225221934e-01
6.553835316503382273e+03 9.649824421308996758e-01
6.553869399847022578e+03 9.530992921067030776e-01
6.553903483367913395e+03 9.670987682754655923e-01
6.553937567066056545e+03 9.894314761037635853e-01
6.553971650941452936e+03 1.007441464215574900e+00
6.554005734994101658e+03 1.003333392401818402e+00
6.554039819224006351e+03 9.967880296060830370e-01
6.554073903631166104e+03 1.003859272182036744e+00
6.554107988215583646e+03 1.003825137445089499e+00
6.554142072977258067e+03 1.001901991680810067e+00
6.554176157916190277e+03 9.987050045527876563e-01
6.554210243032382095e+03 1.001939597064174681e+00
6.554244328325834431e+03 9.987121051729145327e-01
6.554278413796548193e+03 9.983507912067287604e-01
6.554312499444524292e+03 9.958287215436554263e-01
6.554346585269762727e+03 1.002541842626396340e+00
6.554380671272266227e+03 1.008014885193907695e+00
6.554414757452032973e+03 1.004987755131339089e+00
6.554448843809066602e+03 1.006689750996171195e+00
6.554482930343367116e+03 1.008403475905538249e+00
6.554517017054935422e+03 1.003315781811722207e+00
6.554551103943771523e+03 1.007067446794054577e+00
6.554585191009877235e+03 1.004999654839062728e+00
6.554619278253253469e+03 1.001353078253107265e+00
6.554653365673901135e+03 1.004047034213691125e+00
6.554687453271821141e+03 1.000094608215724268e+00
6.554721541047014398e+03 1.002457074221625000e+00
6.554755628999481814e+03 1.004842638598364202e+00
6.554789717129224300e+03 1.000225596007905615e+00
6.554823805436242765e+03 1.001696007071915862e+00
6.554857893920538118e+03 9.966926244797065237e-01
6.554891982582111268e+03 1.002765584064346349e+00
6.554926071420963126e+03 9.924842222406371484e-01
6.554960160437093691e+03 1.001894310221195461e+00
6.554994249630505692e+03 9.995791346355038520e-01
6.555028339001199129e+03 1.000369945322454601e+00
6.555062428549175820e+03 9.986343704557777423e-01
6.555096518274434857e+03 9.936803759135590663e-01
6.555130608176977148e+03 9.923796325885434477e-01
6.555164698256806332e+03 9.943517454549846146e-01
6.555198788513921500e+03 9.987779387607491621e-01
6.555232878948322650e+03 1.001136421473212579e+00
6.555266969560012512e+03 1.003135048508901672e+00
6.555301060348991086e+03 1.009655061012646238e+00
6.555335151315259282e+03 1.007775788390062210e+00
6.555369242458818917e+03 1.002162101155519291e+00
6.555403333779669083e+03 1.000036171663314821e+00
6.555437425277812508e+03 9.954973850300882221e-01
6.555471516953249193e+03 9.911724301745769017e-01
6.555505608805980046e+03 9.971335977431931008e-01
6.555539700836006887e+03 1.006923535615498411e+00
6.555573793043329715e+03 1.007034140626778207e+00
6.555607885427949441e+03 1.003219031282048368e+00
6.555641977989866973e+03 9.972270439214570015e-01
6.555676070729084131e+03 9.957559394325784519e-01
6.555710163645600915e+03 9.998475908965047676e-01
6.555744256739418233e+03 9.984295649861022470e-01
6.555778350010537906e+03 9.960171132183681664e-01
6.555812443458960843e+03 9.972239063774042123e-01
6.555846537084686133e+03 9.945207376523165221e-01
6.555880630887716507e+03 9.933463015195617141e-01
6.555914724868052872e+03 1.000781032337309862e+00
6.555948819025695229e+03 1.000133212791502801e+00
6.555982913360643579e+03 1.000270651999838778e+00
6.556017007872901559e+03 1.002296099104148963e+00
6.556051102562468259e+03 1.003376866320705441e+00
6.556085197429345499e+03 1.002598546427925674e+00
6.556119292473533278e+03 1.001296740952367648e+00
6.556153387695033416e+03 9.943025602156974063e-01
6.556187483093845913e+03 9.935381885915807176e-01
6.556221578669972587e+03 1.002457971893650823e+00
6.556255674423414348e+03 1.002147907322576526e+00
6.556289770354170287e+03 9.948094157510990465e-01
6.556323866462244041e+03 1.002066526005371605e+00
6.556357962747633792e+03 9.957138981954745116e-01
6.556392059210344087e+03 9.971255935819457461e-01
6.556426155850371288e+03 9.926961405643617287e-01
6.556460252667720852e+03 9.993772272542749135e-01
6.556494349662390050e+03 9.930155448287388831e-01
6.556528446834382521e+03 9.958815296769769621e-01
6.556562544183696446e+03 1.002442817496655314e+00
6.556596641710335462e+03 9.995117983902500614e-01
6.556630739414299569e+03 9.987076376180902271e-01
6.556664837295587859e+03 1.000788510045304669e+00
6.556698935354203968e+03 9.996927543522822202e-01
6.556733033590147897e+03 9.991860659055030736e-01
6.556767132003420556e+03 9.932271142414957898e-01
6.556801230594021945e+03 9.955332174033700854e-01
6.556835329361952972e+03 9.871951288786643408e-01
6.556869428307216367e+03 9.964270698971263718e-01
6.556903527429812129e+03 1.001579651191791376e+00
6.556937626729740259e+03 9.953188201210286801e-01
6.556971726207002575e+03 9.915206748654677993e-01
6.557005825861600897e+03 9.968049009913561020e-01
6.557039925693533405e+03 1.000638254908518654e+00
6.557074025702803738e+03 9.841184383463833507e-01
6.557108125889412804e+03 9.879269387936607805e-01
6.557142226253358785e+03 9.801845291225881329e-01
6.557176326794644410e+03 9.719014594142116881e-01
6.557210427513271497e+03 9.360990429872411145e-01
6.557244528409240047e+03 9.175047644186465901e-01
6.557278629482550059e+03 9.304945943656817153e-01
6.557312730733204262e+03 9.602992296204099221e-01
6.557346832161201746e+03 9.795434651870210674e-01
6.557380933766544331e+03 9.866099642179924079e-01
6.557415035549233835e+03 9.971253866482868711e-01
6.557449137509270258e+03 9.950103053955877686e-01
6.557483239646653601e+03 9.934339557116820263e-01
6.557517341961386592e+03 1.000991526588718816e+00
6.557551444453469230e+03 9.988179208687026911e-01
6.557585547122902426e+03 1.002944567628237360e+00
6.557619649969687089e+03 1.003094463812073123e+00
6.557653752993824128e+03 9.948150760303356988e-01
6.557687856195314453e+03 9.909097637336876652e-01
6.557721959574159882e+03 9.944497556993053822e-01
6.557756063130360417e+03 9.900066702111129935e-01
6.557790166863916056e+03 9.842269356958482929e-01
6.557824270774830438e+03 9.970614171717732122e-01
6.557858374863101744e+03 9.937238054407222521e-01
6.557892479128731793e+03 1.000010107779085944e+00
6.557926583571722404e+03 9.918665398733457206e-01
6.557960688192073576e+03 9.944838448665999087e-01
6.557994792989786220e+03 9.907886067220874615e-01
6.558028897964862153e+03 9.896744573699646219e-01
6.558063003117300468e+03 9.910030720227143153e-01
6.558097108447104802e+03 9.902654975496427703e-01
6.558131213954273335e+03 9.858775587058489220e-01
6.558165319638807887e+03 9.753013557064945660e-01
6.558199425500711186e+03 9.637408070364539281e-01
6.558233531539982323e+03 9.602391176511663184e-01
6.558267637756622207e+03 9.767189318588972435e-01
6.558301744150631748e+03 9.793208085076536840e-01
6.558335850722012765e+03 9.807608905059607141e-01
6.558369957470764348e+03 9.824113450782073764e-01
6.558404064396891044e+03 9.852540442162694978e-01
6.558438171500389217e+03 9.847712151030741934e-01
6.558472278781263412e+03 9.911250088607461706e-01
6.558506386239512722e+03 9.982160540100172286e-01
6.558540493875138054e+03 9.921130672339459888e-01
6.558574601688142138e+03 9.851933285072436153e-01
6.558608709678523155e+03 9.832808090860708505e-01
6.558642817846283833e+03 9.871358880047491624e-01
6.558676926191425082e+03 9.759878096514753576e-01
6.558711034713946901e+03 9.754986041718344270e-01
6.558745143413851110e+03 9.817841213877033235e-01
6.558779252291138619e+03 9.837047611478869635e-01
6.558813361345809426e+03 9.861026293444443702e-01
6.558847470577864442e+03 9.957337966872387147e-01
6.558881579987306395e+03 1.005196163402710896e+00
6.558915689574134376e+03 1.002355446647834603e+00
6.558949799338349294e+03 9.935186648298492962e-01
6.558983909279953878e+03 9.937986623724249791e-01
6.559018019398946308e+03 9.939179579106740547e-01
6.559052129695330223e+03 1.006294223053626702e+00
6.559086240169105622e+03 1.002008176601025369e+00
6.559120350820272506e+03 1.004256201627076850e+00
6.559154461648832694e+03 1.000968466246640265e+00
6.559188572654787095e+03 9.991807540289419087e-01
6.559222683838135708e+03 1.006044343891941528e+00
6.559256795198880354e+03 1.007097114970480600e+00
6.559290906737022851e+03 1.001258440121190585e+00
6.559325018452562290e+03 1.003606310337147312e+00
6.559359130345500489e+03 1.009448390153975694e+00
6.559393242415838358e+03 1.008980241033456293e+00
6.559427354663575898e+03 1.006987178085624102e+00
6.559461467088714926e+03 1.006204752224280519e+00
6.559495579691257262e+03 1.016078535577683351e+00
6.559529692471201997e+03 1.014989747871601677e+00
6.559563805428550950e+03 1.017956483865658512e+00
6.559597918563305029e+03 1.018827168981751186e+00
6.559632031875465145e+03 1.016383637103556614e+00
6.559666145365032207e+03 1.019574746976666946e+00
6.559700259032007125e+03 1.020242574929542734e+00
6.559734372876390808e+03 1.020152759966105327e+00
6.559768486898184165e+03 1.037142624335865682e+00
6.559802601097388106e+03 1.038304815250071567e+00
6.559836715474003540e+03 1.018293835631242095e+00
6.559870830028032287e+03 1.025906972182474508e+00
6.559904944759473437e+03 1.028701166360360242e+00
6.559939059668328809e+03 1.022968479497330829e+00
6.559973174754599313e+03 1.029460819673915672e+00
6.560007290018285858e+03 1.032579676064371288e+00
6.560041405459390262e+03 1.028262043952114624e+00
6.560075521077913436e+03 1.034025939047817477e+00
6.560109636873854470e+03 1.040479998769137548e+00
6.560143752847214273e+03 1.035609062816284842e+00
6.560177868997996484e+03 1.040900766330455918e+00
6.560211985326199283e+03 1.043015441934786791e+00
6.560246101831826309e+03 1.032025168570136930e+00
6.560280218514874832e+03 1.036464224361751674e+00
6.560314335375349401e+03 1.036810776798853029e+00
6.560348452413248197e+03 1.038343767358609115e+00
6.560382569628573947e+03 1.035153671925352903e+00
6.560416687021326652e+03 1.035634107907060564e+00
6.560450804591507222e+03 1.036402136058928170e+00
6.560484922339117475e+03 1.022233480105912973e+00
6.560519040264157411e+03 1.002755686808314062e+00
6.560553158366627940e+03 9.975754214866723313e-01
6.560587276646530881e+03 1.000987531953654086e+00
6.560621395103867144e+03 1.012834596818371624e+00
6.560655513738635818e+03 1.027601776596558159e+00
6.560689632550838724e+03 1.027064562456893482e+00
6.560723751540477679e+03 1.025446040801914371e+00
6.560757870707553593e+03 1.025339967649680384e+00
6.560791990052067376e+03 1.027296268848772343e+00
6.560826109574019029e+03 1.027856498304100752e+00
6.560860229273409459e+03 1.024630720192341915e+00
6.560894349150239577e+03 1.021485650531364531e+00
6.560928469204511202e+03 1.019880818531532896e+00
6.560962589436226153e+03 1.019417059770935996e+00
6.560996709845381702e+03 1.022016330569988307e+00
6.561030830431982395e+03 1.011190720967834578e+00
6.561064951196028233e+03 1.015126093632935156e+00
6.561099072137519215e+03 1.008981032903962571e+00
6.561133193256456252e+03 1.006376935464934785e+00
6.561167314552842072e+03 9.883973339367456701e-01
6.561201436026674855e+03 9.780872553654152979e-01
6.561235557677958241e+03 9.835622130398177232e-01
6.561269679506691318e+03 9.918925696243389156e-01
6.561303801512875907e+03 9.951274723517632426e-01
6.561337923696512007e+03 9.929211035973913857e-01
6.561372046057601437e+03 9.918587788969928098e-01
6.561406168596145108e+03 9.956745833002719204e-01
6.561440291312143927e+03 9.883598618656412871e-01
6.561474414205597895e+03 9.925749840637470012e-01
6.561508537276507923e+03 9.919461702426741745e-01
6.561542660524876737e+03 9.765662050030561314e-01
6.561576783950704339e+03 9.757104630997220918e-01
6.561610907553991638e+03 9.738710849055641772e-01
6.561645031334738633e+03 9.736745568895854852e-01
6.561679155292947144e+03 9.788030876223128285e-01
6.561713279428618080e+03 9.768781615800948837e-01
6.561747403741751441e+03 9.704045628753112940e-01
6.561781528232349956e+03 9.680423924538360536e-01
6.561815652900413625e+03 9.610317171127963354e-01
6.561849777745942447e+03 9.550899902817040488e-01
6.561883902768938242e+03 9.603171676237541865e-01
6.561918027969402829e+03 9.594401915098184075e-01
6.561952153347335297e+03 9.579932413401085478e-01
6.561986278902738377e+03 9.527167655007056091e-01
6.562020404635611158e+03 9.506494490592349855e-01
6.562054530545955458e+03 9.540846011370388569e-01
6.562088656633772189e+03 9.530267074004685757e-01
6.562122782899062258e+03 9.426054933669626434e-01
6.562156909341827486e+03 9.351892283678864271e-01
6.562191035962066962e+03 9.365528828238244285e-01
6.562225162759782506e+03 9.337975039049225545e-01
6.562259289734975937e+03 9.303455495311719892e-01
6.562293416887646345e+03 9.273523383796594688e-01
6.562327544217796458e+03 9.267191437171292678e-01
6.562361671725426277e+03 9.194339379145132218e-01
6.562395799410536711e+03 9.225061065527920823e-01
6.562429927273128669e+03 9.241400083244472041e-01
6.562464055313203062e+03 9.144872904963976534e-01
6.562498183530760798e+03 9.073341509029239083e-01
6.562532311925804606e+03 9.061895128229584540e-01
6.562566440498331758e+03 9.086057952489566825e-01
6.562600569248345892e+03 9.152311017154530770e-01
6.562634698175847006e+03 9.143206314888816522e-01
6.562668827280836922e+03 9.096826410685828757e-01
6.562702956563316548e+03 9.130930590779160472e-01
6.562737086023284974e+03 9.159710708904034160e-01
6.562771215660744019e+03 9.085888914264679261e-01
6.562805345475695503e+03 9.094089484777687638e-01
6.562839475468139426e+03 9.130639691546048597e-01
6.562873605638076697e+03 9.124307234120613286e-01
6.562907735985509134e+03 9.113231098283398612e-01
6.562941866510436739e+03 9.102084999361249595e-01
6.562975997212862239e+03 9.067820384903013675e-01
6.563010128092783816e+03 9.040218598576112985e-01
6.563044259150202379e+03 9.070229163189446053e-01
6.563078390385122475e+03 9.128403238459202873e-01
6.563112521797540467e+03 9.056777414547017013e-01
6.563146653387461811e+03 9.065875207254732171e-01
6.563180785154883779e+03 9.064718167826868456e-01
6.563214917099809099e+03 8.984225190573073005e-01
6.563249049222237772e+03 9.079935287151063017e-01
6.563283181522171617e+03 9.025735695753824839e-01
6.563317313999611542e+03 8.985947790451531692e-01
6.563351446654556639e+03 8.982780566847873294e-01
6.563385579487010546e+03 8.995761464690010811e-01
6.563419712496973261e+03 9.028823808174222254e-01
6.563453845684443877e+03 9.010099429599650600e-01
6.563487979049426031e+03 9.022065131250832648e-01
6.563522112591917903e+03 8.969105476075123207e-01
6.563556246311923132e+03 8.904071706212416393e-01
6.563590380209440809e+03 8.779761865746825711e-01
6.563624514284473662e+03 8.958176362345323662e-01
6.563658648537019872e+03 9.051275585564795279e-01
6.563692782967082167e+03 9.090208360775818841e-01
6.563726917574661456e+03 9.199016682882933393e-01
6.563761052359759560e+03 9.223034382575739931e-01
6.563795187322374659e+03 9.175788701593862173e-01
6.563829322462509481e+03 9.209552701925898255e-01
6.563863457780165845e+03 9.265477656023645148e-01
6.563897593275342842e+03 9.250246188415448545e-01
6.563931728948042291e+03 9.257053506786127040e-01
6.563965864798264192e+03 9.338676984208758025e-01
6.564000000826010364e+03 9.369063850397676418e-01
6.564034137031282626e+03 9.315361855684110015e-01
6.564068273414080068e+03 9.228651772942465525e-01
6.564102409974404509e+03 9.163850678262912552e-01
6.564136546712256859e+03 9.153129066185079488e-01
6.564170683627637118e+03 9.269322853266920292e-01
6.564204820720548923e+03 9.192254032055627855e-01
6.564238957990990457e+03 8.881384285837751191e-01
6.564273095438963537e+03 8.672743220763458050e-01
6.564307233064468164e+03 8.838467562316675297e-01
6.564341370867506157e+03 9.256209882441361891e-01
6.564375508848079335e+03 9.468353992407837483e-01
6.564409647006188607e+03 9.563609859492359089e-01
6.564443785341832154e+03 9.545526251343240398e-01
6.564477923855014524e+03 9.762565909708335044e-01
6.564512062545732988e+03 9.757756437793730919e-01
6.564546201413991184e+03 9.796961499799565765e-01
6.564580340459789113e+03 9.813709336517500992e-01
6.564614479683127684e+03 9.796955172468913009e-01
6.564648619084008715e+03 9.831580125986008056e-01
6.564682758662432207e+03 9.858882637287755824e-01
6.564716898418398159e+03 9.854597504513222805e-01
6.564751038351909301e+03 9.931986573793206707e-01
6.564785178462965632e+03 1.002737783119711290e+00
6.564819318751568971e+03 9.994415085266360466e-01
6.564853459217718409e+03 1.001424919544162018e+00
6.564887599861416675e+03 1.002741699411966669e+00
6.564921740682663767e+03 1.009521858036447339e+00
6.564955881681460596e+03 1.006742084422059591e+00
6.564990022857808071e+03 1.015614313385893253e+00
6.565024164211708921e+03 1.014206505403720815e+00
6.565058305743161327e+03 1.010010628968518676e+00
6.565092447452167107e+03 1.010861687117036167e+00
6.565126589338728081e+03 1.014094347992735123e+00
6.565160731402844249e+03 1.017215449563487084e+00
6.565194873644517429e+03 1.018435626711204689e+00
6.565229016063746712e+03 1.022897993332362088e+00
6.565263158660535737e+03 1.030734867678975819e+00
6.565297301434883593e+03 1.023489619247413662e+00
6.565331444386791190e+03 1.029164544277674675e+00
6.565365587516260348e+03 1.036454388164741003e+00
6.565399730823291065e+03 1.038452735876512545e+00
6.565433874307885162e+03 1.039334137317008189e+00
6.565468017970041728e+03 1.046914382546356714e+00
6.565502161809765312e+03 1.050231113159117324e+00
6.565536305827053184e+03 1.044854688982825408e+00
6.565570450021907163e+03 1.047375274092971154e+00
6.565604594394329979e+03 1.056260670003570823e+00
6.565638738944320721e+03 1.053551972230024614e+00
6.565672883671880300e+03 1.048983221598552396e+00
6.565707028577010533e+03 1.055464097679929658e+00
6.565741173659711421e+03 1.054859575053299858e+00
6.565775318919986603e+03 1.062656196154967203e+00
6.565809464357832439e+03 1.052933809744037275e+00
6.565843609973253479e+03 1.061450368563641833e+00
6.565877755766248811e+03 1.057540913798403981e+00
6.565911901736820255e+03 1.057420584882124759e+00
6.565946047884968721e+03 1.058548816441484908e+00
6.565980194210694208e+03 1.063062753167658414e+00
6.566014340713999445e+03 1.070124855712361933e+00
6.566048487394883523e+03 1.070932008890881804e+00
6.566082634253348260e+03 1.068182218956393204e+00
6.566116781289393657e+03 1.071015744757384702e+00
6.566150928503021532e+03 1.070657858193011958e+00
6.566185075894232796e+03 1.060579667699532269e+00
6.566219223463029266e+03 1.065445230759206607e+00
6.566253371209409124e+03 1.071511640627792250e+00
6.566287519133376009e+03 1.074693406238491411e+00
6.566321667234929919e+03 1.072325733016535887e+00
6.566355815514070855e+03 1.066421107741408747e+00
6.566389963970800636e+03 1.065356756535232208e+00
6.566424112605121081e+03 1.072093826784875858e+00
6.566458261417031281e+03 1.079676601652964640e+00
6.566492410406533963e+03 1.075575126323026209e+00
6.566526559573627310e+03 1.072141822081047469e+00
6.566560708918315868e+03 1.075247080991193149e+00
6.566594858440598728e+03 1.073554846144398001e+00
6.566629008140474980e+03 1.069754857980033780e+00
6.566663158017948263e+03 1.056816745751579134e+00
6.566697308073019485e+03 1.075944723664533864e+00
6.566731458305687738e+03 1.077282554442043905e+00
6.566765608715955750e+03 1.071837640900106026e+00
6.566799759303823521e+03 1.069593099027475569e+00
6.566833910069291051e+03 1.077133531853349036e+00
6.566868061012361068e+03 1.073411657844933531e+00
6.566902212133033572e+03 1.073766066600688296e+00
6.566936363431309474e+03 1.073409680414066036e+00
6.566970514907190591e+03 1.071683169877517106e+00
6.567004666560676014e+03 1.075635216471509947e+00
6.567038818391768473e+03 1.079589215166299132e+00
6.567072970400467966e+03 1.078037835991482174e+00
6.567107122586775404e+03 1.069307536769609657e+00
6.567141274950692605e+03 1.071145402734350771e+00
6.567175427492219569e+03 1.080278049242263005e+00
6.567209580211357206e+03 1.071606827056363676e+00
6.567243733108105516e+03 1.067987045479363406e+00
6.567277886182469047e+03 1.070311382422812541e+00
6.567312039434444159e+03 1.074667413109139158e+00
6.567346192864035402e+03 1.080252883305712563e+00
6.567380346471241864e+03 1.073966269987201017e+00
6.567414500256063548e+03 1.066936824652365390e+00
6.567448654218504089e+03 1.069234537673940277e+00
6.567482808358561670e+03 1.073624875783134591e+00
6.567516962676239928e+03 1.076683600536253671e+00
6.567551117171537953e+03 1.076276777704285870e+00
6.567585271844456656e+03 1.070370332438875360e+00
6.567619426694997856e+03 1.066840322393123541e+00
6.567653581723161551e+03 1.065040471936209654e+00
6.567687736928948652e+03 1.069924047247513110e+00
6.567721892312360978e+03 1.067384671939573870e+00
6.567756047873399439e+03 1.069116841194946543e+00
6.567790203612064943e+03 1.067993574352874786e+00
6.567824359528356581e+03 1.060272061461090765e+00
6.567858515622277991e+03 1.059612063868186294e+00
6.567892671893828265e+03 1.063575441053962400e+00
6.567926828343009220e+03 1.062335923621458900e+00
6.567960984969820856e+03 1.064473808937312249e+00
6.567995141774264084e+03 1.064779947024143691e+00
6.568029298756341632e+03 1.054410687476675657e+00
6.568063455916052590e+03 1.056569945629053153e+00
6.568097613253399686e+03 1.060254087685901903e+00
6.568131770768382012e+03 1.063589903437278883e+00
6.568165928461000476e+03 1.059501016092973646e+00
6.568200086331256898e+03 1.062735748417369175e+00
6.568234244379152187e+03 1.060384064804062776e+00
6.568268402604687253e+03 1.064002986765691050e+00
6.568302561007862096e+03 1.064373358634498778e+00
6.568336719588678534e+03 1.050680546938315585e+00
6.568370878347137477e+03 1.050966011082786089e+00
6.568405037283239835e+03 1.055571498341978165e+00
6.568439196396986517e+03 1.046844351699680153e+00
6.568473355688378433e+03 1.043572713381328398e+00
6.568507515157415583e+03 1.048615906856925184e+00
6.568541674804100694e+03 1.051613229265060845e+00
6.568575834628432858e+03 1.055369277985631626e+00
6.568609994630413894e+03 1.051844205952169320e+00
6.568644154810044711e+03 1.047806221203659405e+00
6.568678315167326218e+03 1.042212553133921027e+00
6.568712475702260235e+03 1.044793975676681530e+00
6.568746636414844943e+03 1.043467720102322582e+00
6.568780797305083979e+03 1.032326671070509017e+00
6.568814958372978253e+03 1.032053483419818063e+00
6.568849119618526856e+03 1.035803534193835862e+00
6.568883281041731607e+03 1.033470226050637653e+00
6.568917442642594324e+03 1.026985393038733818e+00
6.568951604421114098e+03 1.028771478566906650e+00
6.568985766377293658e+03 1.037002376015808691e+00
6.569019928511133003e+03 1.036960252567134422e+00
6.569054090822632133e+03 1.041150271313514342e+00
6.569088253311793778e+03 1.035910163428379382e+00
6.569122415978617937e+03 1.028206395856283484e+00
6.569156578823105519e+03 1.031217745551047837e+00
6.569190741845258344e+03 1.036296210786561645e+00
6.569224905045076412e+03 1.043468384786843783e+00
6.569259068422559722e+03 1.038848108158311412e+00
6.569293231977711002e+03 1.041647112122938923e+00
6.569327395710531164e+03 1.041429822515601789e+00
6.569361559621020206e+03 1.039486128121707598e+00
6.569395723709179038e+03 1.039352435671072605e+00
6.569429887975008569e+03 1.033789492713415470e+00
6.569464052418510619e+03 1.025772733864410480e+00
6.569498217039685187e+03 1.021835830321335958e+00
6.569532381838534093e+03 1.023487543964101132e+00
6.569566546815056427e+03 1.030732095091387412e+00
6.569600711969254917e+03 1.029299212478827608e+00
6.569634877301130473e+03 1.030486520834757780e+00
6.569669042810683095e+03 1.024817357015047392e+00
6.569703208497913693e+03 1.032932287952847306e+00
6.569737374362824085e+03 1.039374467526388957e+00
6.569771540405414271e+03 1.039265104349123892e+00
6.569805706625686071e+03 1.033158391477045246e+00
6.569839873023639484e+03 1.027342515702882597e+00
6.569874039599276330e+03 1.021269553457196722e+00
6.569908206352597517e+03 1.024967929848878523e+00
6.569942373283602137e+03 1.030961866884832379e+00
6.569976540392293828e+03 1.029312200842486202e+00
6.570010707678671679e+03 1.033252326221384410e+00
6.570044875142736601e+03 1.037699306718542269e+00
6.570079042784491321e+03 1.036950510170601136e+00
6.570113210603934021e+03 1.027652420908236719e+00
6.570147378601068340e+03 1.021080180129352311e+00
6.570181546775894276e+03 1.028224982589573511e+00
6.570215715128410920e+03 1.032996358892505739e+00
6.570249883658621002e+03 1.029662791670376887e+00
6.570284052366526339e+03 1.028018217805903411e+00
6.570318221252126023e+03 1.034368504095322105e+00
6.570352390315421871e+03 1.031959742387381640e+00
6.570386559556413886e+03 1.022619179426362823e+00
6.570420728975104794e+03 1.020651326999641118e+00
6.570454898571492777e+03 1.029502738140312346e+00
6.570489068345582382e+03 1.032391724748969120e+00
6.570523238297370881e+03 1.025986069232883935e+00
6.570557408426861912e+03 1.027990437971048499e+00
6.570591578734054565e+03 1.023523148124464210e+00
6.570625749218951569e+03 1.029728569669510874e+00
6.570659919881552014e+03 1.027521391879816504e+00
6.570694090721856810e+03 1.012668703067810982e+00
6.570728261739869595e+03 1.010942538865365226e+00
6.570762432935587640e+03 1.022057272964610908e+00
6.570796604309014583e+03 1.026601300873680511e+00
6.570830775860151334e+03 1.021767313210911743e+00
6.570864947588996074e+03 1.010421802681073844e+00
6.570899119495552441e+03 1.015009534753210207e+00
6.570933291579820434e+03 1.024690392477417333e+00
6.570967463841800964e+03 1.025213889725965055e+00
6.571001636281494029e+03 1.022463852705222775e+00
6.571035808898902360e+03 1.020272437635175722e+00
6.571069981694026865e+03 1.023614224503651249e+00
6.571104154666865725e+03 1.023667537000666483e+00
6.571138327817423487e+03 1.022597091082385834e+00
6.571172501145699243e+03 1.026053352215688719e+00
6.571206674651692992e+03 1.034687901222457906e+00
6.571240848335407463e+03 1.030408785743238242e+00
6.571275022196841746e+03 1.029931978934913284e+00
6.571309196235999480e+03 1.026925358432789981e+00
6.571343370452878844e+03 1.020692700432747291e+00
6.571377544847482568e+03 1.015659935960782967e+00
6.571411719419810652e+03 1.023724535684998660e+00
6.571445894169863095e+03 1.030628344386023354e+00
6.571480069097643536e+03 1.031270817497985659e+00
6.571514244203151065e+03 1.026217592279903057e+00
6.571548419486385683e+03 1.017571215662340656e+00
6.571582594947351026e+03 1.018931434795840696e+00
6.571616770586045277e+03 1.020465020765970898e+00
6.571650946402471163e+03 1.017156031946409467e+00
6.571685122396629595e+03 1.017804484986671865e+00
6.571719298568519662e+03 1.021843486568858372e+00
6.571753474918144093e+03 1.016901389399036848e+00
6.571787651445502888e+03 1.023160796435735209e+00
6.571821828150597867e+03 1.028882080403643373e+00
6.571856005033429938e+03 1.029269376773816802e+00
6.571890182093999101e+03 1.027164429275279511e+00
6.571924359332306267e+03 1.018385730201363915e+00
6.571958536748353254e+03 1.017766659721836664e+00
6.571992714342140061e+03 1.021852756021729869e+00
6.572026892113668509e+03 1.023933185641350940e+00
6.572061070062939507e+03 1.013857609795399295e+00
6.572095248189953054e+03 9.818320362286447889e-01
6.572129426494710970e+03 9.492526902979827597e-01
6.572163604977213254e+03 9.384465313154065624e-01
6.572197783637460816e+03 9.551752816318269668e-01
6.572231962475456385e+03 9.794302630312123892e-01
6.572266141491199051e+03 1.006639305037172472e+00
6.572300320684690632e+03 1.015599752199041639e+00
6.572334500055932040e+03 1.024327850777677851e+00
6.572368679604923273e+03 1.018631811981198787e+00
6.572402859331666150e+03 1.017525151646042403e+00
6.572437039236160672e+03 1.020354721536548270e+00
6.572471219318408657e+03 1.020497222216372846e+00
6.572505399578411016e+03 1.015613858657594681e+00
6.572539580016169566e+03 1.013138670291109378e+00
6.572573760631682489e+03 1.017611402470502302e+00
6.572607941424953424e+03 1.023532295115611834e+00
6.572642122395982369e+03 1.026100925800437658e+00
6.572676303544769326e+03 1.021864260301930560e+00
6.572710484871316112e+03 1.016054852557778165e+00
6.572744666375623638e+03 1.022545118433848765e+00
6.572778848057692812e+03 1.019589440094989641e+00
6.572813029917523636e+03 1.020902634741081449e+00
6.572847211955118837e+03 1.029175055213965351e+00
6.572881394170478416e+03 1.019368463077763520e+00
6.572915576563602372e+03 1.026702070897792751e+00
6.572949759134493434e+03 1.023925666429444492e+00
6.572983941883151601e+03 1.029880922990477954e+00
6.573018124809576875e+03 1.029671476943881281e+00
6.573052307913771983e+03 1.018664471951330919e+00
6.573086491195736926e+03 1.017656496746199846e+00
6.573120674655471703e+03 1.024373383519244562e+00
6.573154858292979043e+03 1.023054295866767882e+00
6.573189042108258946e+03 1.017765475462556246e+00
6.573223226101312321e+03 1.021378470675478489e+00
6.573257410272140078e+03 1.027212581324733032e+00
6.573291594620743126e+03 1.022564342887540167e+00
6.573325779147123285e+03 1.027590867782964157e+00
6.573359963851280554e+03 1.021876438067607307e+00
6.573394148733215843e+03 1.021160564192653331e+00
6.573428333792929152e+03 1.022192505371895210e+00
6.573462519030424119e+03 1.019374863786646213e+00
6.573496704445698924e+03 1.017721443162814765e+00
6.573530890038755388e+03 1.018246674760542980e+00
6.573565075809596237e+03 1.013514013920672419e+00
6.573599261758219654e+03 1.015732112894041084e+00
6.573633447884628367e+03 1.019974497472484254e+00
6.573667634188822376e+03 1.020429406006348572e+00
6.573701820670802590e+03 1.018458987545884042e+00
6.573736007330570828e+03 1.015231738907405035e+00
6.573770194168127091e+03 1.014110909749835532e+00
6.573804381183473197e+03 1.015593522755112055e+00
6.573838568376608237e+03 1.019056487804258948e+00
6.573872755747534939e+03 1.023180109386739201e+00
6.573906943296254212e+03 1.023765718749829690e+00
6.573941131022766058e+03 1.021914011311424897e+00
6.573975318927072294e+03 1.018109458075024731e+00
6.574009507009172921e+03 1.020531103824153352e+00
6.574043695269069758e+03 1.022052292345109192e+00
6.574077883706762805e+03 1.026619475910938384e+00
6.574112072322253880e+03 1.023035984342504756e+00
6.574146261115542984e+03 1.023263851843986050e+00
6.574180450086631936e+03 1.025900467057680565e+00
6.574214639235520735e+03 1.022948378423455207e+00
6.574248828562211202e+03 1.017328199949511847e+00
6.574283018066704244e+03 1.019567355290216693e+00
6.574317207748999863e+03 1.022702485492706925e+00
6.574351397609100786e+03 1.020347653062320115e+00
6.574385587647005195e+03 1.021702715354839697e+00
6.574419777862716728e+03 1.022724268829079630e+00
6.574453968256234475e+03 1.027354689984158576e+00
6.574488158827560255e+03 1.033904159248206778e+00
6.574522349576694069e+03 1.020088968674241148e+00
6.574556540503637734e+03 1.024328425328196346e+00
6.574590731608392161e+03 1.019494650698151261e+00
6.574624922890958260e+03 1.020556376679903066e+00
6.574659114351336939e+03 1.018771309730190699e+00
6.574693305989529108e+03 1.025570434524292862e+00
6.574727497805534767e+03 1.016076677457195654e+00
6.574761689799354826e+03 1.011868015892510853e+00
6.574795881970992923e+03 1.012453762014918324e+00
6.574830074320446329e+03 1.001412859714987169e+00
6.574864266847719591e+03 9.668924009678929732e-01
6.574898459552809982e+03 9.080774164519307412e-01
6.574932652435722048e+03 8.796236653046393128e-01
6.574966845496453061e+03 9.153851714910413717e-01
6.575001038735006659e+03 9.604649409491694545e-01
6.575035232151381933e+03 9.900443590989340681e-01
6.575069425745581611e+03 1.005399439960579233e+00
6.575103619517605694e+03 1.012593383243709066e+00
6.575137813467454180e+03 1.017327439284186230e+00
6.575172007595129799e+03 1.019216272891600328e+00
6.575206201900632550e+03 1.015569242317320153e+00
6.575240396383963343e+03 1.013813152356894065e+00
6.575274591045123088e+03 1.017839407835757104e+00
6.575308785884112694e+03 1.022317883916806558e+00
6.575342980900933981e+03 1.022186491727628210e+00
6.575377176095586037e+03 1.025132313911653936e+00
6.575411371468071593e+03 1.033396714344984701e+00
6.575445567018390648e+03 1.029340769948243972e+00
6.575479762746544111e+03 1.017649928096720169e+00
6.575513958652532892e+03 1.018654481704615256e+00
6.575548154736358811e+03 1.021988101668617865e+00
6.575582350998021866e+03 1.020480444735454073e+00
6.575616547437522968e+03 1.024289421750050444e+00
6.575650744054863026e+03 1.018789002724111770e+00
6.575684940850043859e+03 1.017362827660784896e+00
6.575719137823065466e+03 1.026606400018444054e+00
6.575753334973929668e+03 1.016072002069744018e+00
6.575787532302635555e+03 1.019570300231944504e+00
6.575821729809186763e+03 1.022281569274407609e+00
6.575855927493581476e+03 1.011659284569804695e+00
6.575890125355822420e+03 1.022161999038110780e+00
6.575924323395910505e+03 1.029397369062209355e+00
6.575958521613844823e+03 1.024482405267690410e+00
6.575992720009628101e+03 1.026674297304030148e+00
6.576026918583261249e+03 1.022956518121146852e+00
6.576061117334744267e+03 1.021621367132019342e+00
6.576095316264078974e+03 1.023131600718760525e+00
6.576129515371266280e+03 1.017956849289467058e+00
6.576163714656306183e+03 1.019015111151815978e+00
6.576197914119199595e+03 1.023920333393481430e+00
6.576232113759949243e+03 1.021511035861966343e+00
6.576266313578553309e+03 1.015602108624139799e+00
6.576300513575014520e+03 1.019181702653054522e+00
6.576334713749333787e+03 1.017164680329830651e+00
6.576368914101512019e+03 1.022551924512226762e+00
6.576403114631549215e+03 1.017766943424305515e+00
6.576437315339447196e+03 1.020748649207917191e+00
6.576471516225205960e+03 1.019946014104926357e+00
6.576505717288828237e+03 1.025902551304006094e+00
6.576539918530313116e+03 1.018564611274977105e+00
6.576574119949662418e+03 1.018804889087500554e+00
6.576608321546876141e+03 1.018878687125066129e+00
6.576642523321956105e+03 1.014794610084151172e+00
6.576676725274904129e+03 1.015933573475007012e+00
6.576710927405719303e+03 1.024555870635042387e+00
6.576745129714403447e+03 1.025431768775424191e+00
6.576779332200957469e+03 1.024752516665979662e+00
6.576813534865381371e+03 1.028721895647890960e+00
6.576847737707676970e+03 1.022954849427982760e+00
6.576881940727846086e+03 1.025094322068039521e+00
6.576916143925887809e+03 1.025410423102556479e+00
6.576950347301804868e+03 1.022514883064683522e+00
6.576984550855596353e+03 1.016737927500894978e+00
6.577018754587264084e+03 1.019992475983367619e+00
6.577052958496809879e+03 1.020886675084671236e+00
6.577087162584232829e+03 1.014790946805199434e+00
6.577121366849533842e+03 1.020025090116228217e+00
6.577155571292716559e+03 1.022040866652111468e+00
6.577189775913780068e+03 1.020916224591978283e+00
6.577223980712724369e+03 1.006985684338163267e+00
6.577258185689551283e+03 1.011855443325856863e+00
6.577292390844262627e+03 1.020963113190805016e+00
6.577326596176858402e+03 1.022982899835986448e+00
6.577360801687339517e+03 1.014638749619757530e+00
6.577395007375705973e+03 1.010704139784168731e+00
6.577429213241961406e+03 1.020456168580723633e+00
6.577463419286103999e+03 1.019435364779384789e+00
6.577497625508136480e+03 1.011339934804280194e+00
6.577531831908058848e+03 1.012203458072860940e+00
6.577566038485872923e+03 1.020329990135605103e+00
6.577600245241577795e+03 1.016750329659161345e+00
6.577634452175175284e+03 1.012309142738184731e+00
6.577668659286667207e+03 1.017808894441681655e+00
6.577702866576054475e+03 1.015751181140543524e+00
6.577737074043336179e+03 1.015305972706063820e+00
6.577771281688515046e+03 1.015643060072646930e+00
6.577805489511591986e+03 1.014366443783287774e+00
6.577839697512566090e+03 1.018094988748834417e+00
6.577873905691440996e+03 1.018251927596650841e+00
6.577908114048214884e+03 1.013042536388523374e+00
6.577942322582890483e+03 1.010484571862674708e+00
6.577976531295468703e+03 1.008171606188727365e+00
6.578010740185949544e+03 1.013507257727185307e+00
6.578044949254333915e+03 1.015077942695953528e+00
6.578079158500624544e+03 1.008037357428143377e+00
6.578113367924818704e+03 1.013533118422232926e+00
6.578147577526921850e+03 1.018638526832088109e+00
6.578181787306932165e+03 1.010841691520003804e+00
6.578215997264850557e+03 1.013865250776236460e+00
6.578250207400678846e+03 1.022944712804894296e+00
6.578284417714417032e+03 1.020607307933962149e+00
6.578318628206066933e+03 1.010540644889605044e+00
6.578352838875629459e+03 1.011852314508264961e+00
6.578387049723104610e+03 1.018074403824952290e+00
6.578421260748494205e+03 1.022816271973936431e+00
6.578455471951799154e+03 1.024486518929408563e+00
6.578489683333019457e+03 1.022404161441947901e+00
6.578523894892156932e+03 1.022740019959332392e+00
6.578558106629212489e+03 1.013956839314511749e+00
6.578592318544186128e+03 1.017534688151936484e+00
6.578626530637080577e+03 1.014363227169769788e+00
6.578660742907895838e+03 1.015760992532339202e+00
6.578694955356630999e+03 1.019381786867559647e+00
6.578729167983290608e+03 1.018848238272780593e+00
6.578763380787871938e+03 1.020181292678409513e+00
6.578797593770378626e+03 1.018518109379720205e+00
6.578831806930810671e+03 1.021379810522391907e+00
6.578866020269168075e+03 1.022755619334585031e+00
6.578900233785452656e+03 1.021925336488712421e+00
6.578934447479666233e+03 1.025716490198687714e+00
6.578968661351807896e+03 1.013724002665631341e+00
6.579002875401879464e+03 1.012909116568434742e+00
6.579037089629882757e+03 1.011600606455404616e+00
6.579071304035816866e+03 1.019156727913131499e+00
6.579105518619683608e+03 1.011995930006687860e+00
6.579139733381484803e+03 1.015414232255144711e+00
6.579173948321219541e+03 1.020614146309705594e+00
6.579208163438889642e+03 1.009487678707275737e+00
6.579242378734496924e+03 1.011701475449122700e+00
6.579276594208041388e+03 1.010631899731726291e+00
6.579310809859523033e+03 1.026009184218326542e+00
6.579345025688944588e+03 1.026563547163502399e+00
6.579379241696306963e+03 1.014399989412798186e+00
6.579413457881609247e+03 1.014312568934725212e+00
6.579447674244854170e+03 1.021249445855162863e+00
6.579481890786040822e+03 1.027304514309944850e+00
6.579516107505171931e+03 1.023555474842433366e+00
6.579550324402248407e+03 1.019207778724892322e+00
6.579584541477269340e+03 1.021722597296610857e+00
6.579618758730237460e+03 1.020398729734029120e+00
6.579652976161152765e+03 1.021274106655110980e+00
6.579687193770016165e+03 1.015517640498521557e+00
6.579721411556830390e+03 1.024063540783154425e+00
6.579755629521593619e+03 1.016790206326297241e+00
6.579789847664308581e+03 1.019870834790233216e+00
6.579824065984974368e+03 1.026531789857417776e+00
6.579858284483594616e+03 1.019719253941145265e+00
6.579892503160167507e+03 1.017417134718638261e+00
6.579926722014695770e+03 1.013522109605593080e+00
6.579960941047180313e+03 1.014115957310623317e+00
6.579995160257621137e+03 1.021236816164855510e+00
6.580029379646020061e+03 1.027168365347617796e+00
6.580063599212377994e+03 1.022184632583351682e+00
6.580097818956694937e+03 1.014536414701153300e+00
6.580132038878970889e+03 1.012680838652866733e+00
6.580166258979209488e+03 1.017214200504069632e+00
6.580200479257410734e+03 1.017353921366281444e+00
6.580234699713573718e+03 1.011971287166542277e+00
6.580268920347702078e+03 1.009811931714924338e+00
6.580303141159795814e+03 1.008392409543351409e+00
6.580337362149854926e+03 1.018452778318098773e+00
6.580371583317881232e+03 1.021420088915341529e+00
6.580405804663874733e+03 1.016424569103666853e+00
6.580440026187837248e+03 1.014215232300336611e+00
6.580474247889769686e+03 1.020322015259686133e+00
6.580508469769672047e+03 1.014649961825901503e+00
6.580542691827547060e+03 1.015463945614537344e+00
6.580576914063393815e+03 1.013381092342554357e+00
6.580611136477214131e+03 1.012407573194189725e+00
6.580645359069008009e+03 1.020641811098181861e+00
6.580679581838778176e+03 1.010323728341541827e+00
6.580713804786524634e+03 1.010859623871522839e+00
6.580748027912247380e+03 1.010597990457335227e+00
6.580782251215948236e+03 1.003646173742912984e+00
6.580816474697628109e+03 9.877675277827021594e-01
6.580850698357287911e+03 9.767462737337412326e-01
6.580884922194928549e+03 9.776302379934496134e-01
6.580919146210550934e+03 9.906885466771985227e-01
6.580953370404155976e+03 1.010543874781849816e+00
6.580987594775744583e+03 1.014440170035728395e+00
6.581021819325317665e+03 1.006880303184342296e+00
6.581056044052875222e+03 1.004714766597630371e+00
6.581090268958419983e+03 1.004860527925929503e+00
6.581124494041952858e+03 1.014301418707064695e+00
6.581158719303472935e+03 1.014623820821741740e+00
6.581192944742982036e+03 1.015882454428505666e+00
6.581227170360481068e+03 1.011071590823098942e+00
6.581261396155971852e+03 1.010475204863161558e+00
6.581295622129453477e+03 1.014429982419514431e+00
6.581329848280928672e+03 1.013155925886979780e+00
6.581364074610397438e+03 1.015301893434369163e+00
6.581398301117860683e+03 1.012154261135056910e+00
6.581432527803320227e+03 1.014726470230584265e+00
6.581466754666776069e+03 1.011821955229114112e+00
6.581500981708229119e+03 1.013015800221267249e+00
6.581535208927680287e+03 1.019328064052414051e+00
6.581569436325130482e+03 1.023302366557425680e+00
6.581603663900581523e+03 1.024220358614279958e+00
6.581637891654033410e+03 1.024416418766624037e+00
6.581672119585487962e+03 1.019508662575726143e+00
6.581706347694945180e+03 1.016303151167720298e+00
6.581740575982405971e+03 1.015521812014424485e+00
6.581774804447871247e+03 1.012213038199374582e+00
6.581809033091343736e+03 1.013344954896600258e+00
6.581843261912821617e+03 1.012456282259702300e+00
6.581877490912308531e+03 1.010385124859078942e+00
6.581911720089802657e+03 1.006778288028065349e+00
6.581945949445306724e+03 1.007524300087903280e+00
6.581980178978821641e+03 1.017109939066406232e+00
6.582014408690346499e+03 1.021429907841645113e+00
6.582048638579884937e+03 1.015164954356987392e+00
6.582082868647436953e+03 1.011095049204383978e+00
6.582117098893001639e+03 1.002081454016469753e+00
6.582151329316581723e+03 1.005229448597684927e+00
6.582185559918178114e+03 1.007323331990285675e+00
6.582219790697791723e+03 1.011466584253080780e+00
6.582254021655422548e+03 9.989501571062578966e-01
6.582288252791072409e+03 1.007964867074813142e+00
6.582322484104741307e+03 1.008832126841544774e+00
6.582356715596431968e+03 1.008179887855805701e+00
6.582390947266143485e+03 1.006161746743547747e+00
6.582425179113876766e+03 9.975362201858039013e-01
6.582459411139634540e+03 1.001896417543104878e+00
6.582493643343416807e+03 1.012876312866981765e+00
6.582527875725222657e+03 1.016998608820631089e+00
6.582562108285055729e+03 1.011101845863325410e+00
6.582596341022916022e+03 1.003341710031373069e+00
6.582630573938804446e+03 1.008258411633342844e+00
6.582664807032721001e+03 1.009285686918368175e+00
6.582699040304667506e+03 1.007727636167618623e+00
6.582733273754645779e+03 1.007927011888787083e+00
6.582767507382654912e+03 1.013389804064563249e+00
6.582801741188696724e+03 1.011298786116890502e+00
6.582835975172772123e+03 1.003248507388204924e+00
6.582870209334882929e+03 1.008626256694000745e+00
6.582904443675028233e+03 1.007410772610738636e+00
6.582938678193209853e+03 1.007030301143812645e+00
6.582972912889428699e+03 1.004522041497472928e+00
6.583007147763685680e+03 1.002728617171271930e+00
6.583041382815981706e+03 1.006184706019964237e+00
6.583075618046318596e+03 1.008263359764520528e+00
6.583109853454695440e+03 1.007191476183870726e+00
6.583144089041114967e+03 1.000733296936177075e+00
6.583178324805576267e+03 1.005385593800359523e+00
6.583212560748081160e+03 1.006453297225404997e+00
6.583246796868632373e+03 1.009321331916725351e+00
6.583281033167228088e+03 1.008822501646845060e+00
6.583315269643870124e+03 9.979735791045569737e-01
6.583349506298560300e+03 9.951459064852467007e-01
6.583383743131298615e+03 9.949076908761285143e-01
6.583417980142085980e+03 9.974280123583939561e-01
6.583452217330924213e+03 1.005981145742771421e+00
6.583486454697813315e+03 1.005478383927865371e+00
6.583520692242753285e+03 1.007158812300875228e+00
6.583554929965747760e+03 1.001932841610988723e+00
6.583589167866794924e+03 9.992018205835692113e-01
6.583623405945897503e+03 9.923806950229815405e-01
6.583657644203056407e+03 1.002396441497362511e+00
6.583691882638271636e+03 1.011074141242891411e+00
6.583726121251545010e+03 1.007862908742380270e+00
6.583760360042875618e+03 9.993477415336061709e-01
6.583794599012266190e+03 1.000800948612490027e+00
6.583828838159718543e+03 1.004847912390148812e+00
6.583863077485230860e+03 1.010934455231732532e+00
6.583897316988805869e+03 1.015799320710534692e+00
6.583931556670443570e+03 1.007802156137845184e+00
6.583965796530145781e+03 1.011823766841287497e+00
6.584000036567912503e+03 1.011129416767761802e+00
6.584034276783745554e+03 1.007415063718372084e+00
6.584068517177645845e+03 1.006624939953484565e+00
6.584102757749614284e+03 1.012477760724205478e+00
6.584136998499649962e+03 1.011931370437705091e+00
6.584171239427756518e+03 1.011593165826404794e+00
6.584205480533933951e+03 1.017275949997481277e+00
6.584239721818181351e+03 1.014042174267514751e+00
6.584273963280502358e+03 1.007881764692222237e+00
6.584308204920896969e+03 1.009734129716981954e+00
6.584342446739365187e+03 1.010983875778467933e+00
6.584376688735908829e+03 1.009465015002688038e+00
6.584410930910527895e+03 1.012289810600971451e+00
6.584445173263225115e+03 1.011987421750763838e+00
6.584479415793999578e+03 1.003324285985676800e+00
6.584513658502853104e+03 1.009112581393804886e+00
6.584547901389787512e+03 1.007843873681709246e+00
6.584582144454801892e+03 1.015514675519014309e+00
6.584616387697898062e+03 1.007613232882285548e+00
6.584650631119076934e+03 1.005150034465446263e+00
6.584684874718338506e+03 1.005436642087180310e+00
6.584719118495685507e+03 9.995976455575167341e-01
6.584753362451117937e+03 1.002571155881212928e+00
6.584787606584636706e+03 1.003100735852518355e+00
6.584821850896241813e+03 1.002443660174481721e+00
6.584856095385935987e+03 1.011185874404302076e+00
6.584890340053719228e+03 1.008165551060542064e+00
6.584924584899591537e+03 1.003451765204483426e+00
6.584958829923556550e+03 9.995722480100127649e-01
6.584993075125612449e+03 1.005156701768156191e+00
6.585027320505761054e+03 1.008439650386084852e+00
6.585061566064003273e+03 1.007135120471377654e+00
6.585095811800340925e+03 1.003092881177809925e+00
6.585130057714773102e+03 1.000990149170112753e+00
6.585164303807302531e+03 1.006447712161326669e+00
6.585198550077929212e+03 1.008603746660797995e+00
6.585232796526654965e+03 1.005558992775903215e+00
6.585267043153478880e+03 1.004091266681817585e+00
6.585301289958403686e+03 1.004256152027581894e+00
6.585335536941429382e+03 1.009952076184333691e+00
6.585369784102557787e+03 1.012153040552370875e+00
6.585404031441788902e+03 1.006643683438528170e+00
6.585438278959122727e+03 1.008879391571168460e+00
6.585472526654562898e+03 1.004316355467531841e+00
6.585506774528107599e+03 1.004021696772197769e+00
6.585541022579760465e+03 1.005649733729454764e+00
6.585575270809520589e+03 1.007580559411396015e+00
6.585609519217388879e+03 1.010474943124045399e+00
6.585643767803366245e+03 1.006020493578783981e+00
6.585678016567454506e+03 1.002925455926172660e+00
6.585712265509654571e+03 1.004246113699511112e+00
6.585746514629966441e+03 9.913382830855257399e-01
6.585780763928391025e+03 9.915752858526259983e-01
6.585815013404930141e+03 9.927554413548745904e-01
6.585849263059584700e+03 9.958734995029774328e-01
6.585883512892354702e+03 9.955860162479226450e-01
6.585917762903241965e+03 1.003696161327499947e+00
6.585952013092247398e+03 1.004599776535037403e+00
6.585986263459371003e+03 1.003941157041623233e+00
6.586020514004613688e+03 9.992171716386770708e-01
6.586054764727978181e+03 9.949329292292639071e-01
6.586089015629463574e+03 9.953844651137423449e-01
6.586123266709071686e+03 9.965154123948517517e-01
6.586157517966803425e+03 9.973119987651005713e-01
6.586191769402658792e+03 9.948214453020611803e-01
6.586226021016639606e+03 9.955058260412714688e-01
6.586260272808745867e+03 1.000700786736552272e+00
6.586294524778980303e+03 1.001969845429638850e+00
6.586328776927342915e+03 1.002581093765454456e+00
6.586363029253833702e+03 1.003050086865855839e+00
6.586397281758454483e+03 1.004564786662877740e+00
6.586431534441206168e+03 1.005988291246332711e+00
6.586465787302089666e+03 1.004924734777323359e+00
6.586500040341105887e+03 9.974605226813897385e-01
6.586534293558254831e+03 9.777089154290607986e-01
6.586568546953540135e+03 9.516051751039145135e-01
6.586602800526959072e+03 9.591835409718209027e-01
6.586637054278515279e+03 9.780097143240499280e-01
6.586671308208208757e+03 9.907373699238065656e-01
6.586705562316039504e+03 9.841027022112431855e-01
6.586739816602010251e+03 9.814537098607513110e-01
6.586774071066121905e+03 9.870903349929366355e-01
6.586808325708372649e+03 9.927424284507773145e-01
6.586842580528766121e+03 9.975076265565132605e-01
6.586876835527302319e+03 1.003007907932955467e+00
6.586911090703982154e+03 1.005074574443816759e+00
6.586945346058807445e+03 9.981582277978654494e-01
6.586979601591778192e+03 9.937408265330379686e-01
6.587013857302895303e+03 9.972515135863893043e-01
6.587048113192158780e+03 9.984162928022364270e-01
6.587082369259572260e+03 1.003135653858195919e+00
6.587116625505133925e+03 1.005232500574907872e+00
6.587150881928847411e+03 1.001215160401565996e+00
6.587185138530710901e+03 1.004769448144295918e+00
6.587219395310726213e+03 1.003890573755350513e+00
6.587253652268894257e+03 1.001970472175263582e+00
6.587287909405217761e+03 1.003524350643709706e+00
6.587322166719694906e+03 1.005770780641010997e+00
6.587356424212328420e+03 1.007194237785141055e+00
6.587390681883118305e+03 9.945624888073572034e-01
6.587424939732066377e+03 1.000344753992084446e+00
6.587459197759171730e+03 1.001754697480575773e+00
6.587493455964437999e+03 9.999130008664145475e-01
6.587527714347864276e+03 1.001632569896841130e+00
6.587561972909452379e+03 9.977971081846049861e-01
6.587596231649202309e+03 1.005426413470643876e+00
6.587630490567114975e+03 1.005423090233895644e+00
6.587664749663192197e+03 9.975591478363817766e-01
6.587699008937435792e+03 9.987659724255447680e-01
6.587733268389843943e+03 1.006005430118724453e+00
6.587767528020418467e+03 1.005324861846109474e+00
6.587801787829162095e+03 1.012128119754951427e+00
6.587836047816073915e+03 1.003666650660972826e+00
6.587870307981155747e+03 1.003169682322002654e+00
6.587904568324408501e+03 1.002515117949344337e+00
6.587938828845831267e+03 1.001821142467298920e+00
6.587973089545427683e+03 1.000202893242414071e+00
6.588007350423197749e+03 9.937006086324821075e-01
6.588041611479141466e+03 9.955081820216454824e-01
6.588075872713261560e+03 9.983604689936977916e-01
6.588110134125556215e+03 9.986022833020883338e-01
6.588144395716029067e+03 9.986752190845080701e-01
6.588178657484680116e+03 1.002716392319097150e+00
6.588212919431509363e+03 1.002291697635701029e+00
6.588247181556519536e+03 1.003553160340056261e+00
6.588281443859709725e+03 1.010999147864569014e+00
6.588315706341081750e+03 1.009778520670175039e+00
6.588349969000636520e+03 1.003984314387518229e+00
6.588384231838374944e+03 1.004113026180732504e+00
6.588418494854297023e+03 9.978051302264989708e-01
6.588452758048405485e+03 9.952885248484178993e-01
6.588487021420701240e+03 1.002472909064651363e+00
6.588521284971182467e+03 1.003757734896462805e+00
6.588555548699853716e+03 1.004172042710777424e+00
6.588589812606712258e+03 9.959526048748387206e-01
6.588624076691762639e+03 9.931148022523826890e-01
6.588658340955003041e+03 9.917384300255355223e-01
6.588692605396435283e+03 9.985370070211093685e-01
6.588726870016061184e+03 9.965650053708495770e-01
6.588761134813879835e+03 1.000110597720726080e+00
6.588795399789893963e+03 9.993887136461757636e-01
6.588829664944103570e+03 1.006902276958519638e+00
6.588863930276509564e+03 1.003033898452216244e+00
6.588898195787112854e+03 9.971497046358718253e-01
6.588932461475915261e+03 1.000072084512938719e+00
6.588966727342917693e+03 1.000455189902449193e+00
6.589000993388119241e+03 9.989406510398914918e-01
6.589035259611521724e+03 1.007112317821874381e+00
6.589069526013126961e+03 1.009628347858543052e+00
6.589103792592934951e+03 1.008234251524636971e+00
6.589138059350947515e+03 1.002510418604279474e+00
6.589172326287164651e+03 1.005783365818580855e+00
6.589206593401587270e+03 1.006207520406080302e+00
6.589240860694217190e+03 1.006220563140276969e+00
6.589275128165055321e+03 1.005374215374722935e+00
6.589309395814100753e+03 9.985005207702630781e-01
6.589343663641356216e+03 1.000017007581884387e+00
6.589377931646822617e+03 1.004014514480281006e+00
6.589412199830499958e+03 9.986886382248901795e-01
6.589446468192389148e+03 9.959262816163801935e-01
6.589480736732492005e+03 9.960165064034337545e-01
6.589515005450809440e+03 9.997812286669975901e-01
6.589549274347341452e+03 9.989239106357842291e-01
6.589583543422090770e+03 9.945575276810517673e-01
6.589617812675055575e+03 9.967497919413847995e-01
6.589652082106238595e+03 9.961003802817696151e-01
6.589686351715641649e+03 1.003556806916531707e+00
6.589720621503262919e+03 1.011166275948540472e+00
6.589754891469105132e+03 1.002836986420052146e+00
6.589789161613170108e+03 9.998830899363283509e-01
6.589823431935456028e+03 9.985072693860047588e-01
6.589857702435966530e+03 9.984471998289273786e-01
6.589891973114700704e+03 9.984398875375285476e-01
6.589926243971660369e+03 1.000706334893814553e+00
6.589960515006846435e+03 1.001023212726308564e+00
6.589994786220259812e+03 1.009376298973874819e+00
6.590029057611901408e+03 1.009052036379721518e+00
6.590063329181771223e+03 1.005302163911308000e+00
6.590097600929871987e+03 1.007273302812538907e+00
6.590131872856201880e+03 1.010867434440596568e+00
6.590166144960765450e+03 1.000900801455895994e+00
6.590200417243560878e+03 1.001801897781353645e+00
6.590234689704589982e+03 1.001255478421239076e+00
6.590268962343853673e+03 1.003516573305813342e+00
6.590303235161352859e+03 9.958990477639458883e-01
6.590337508157088450e+03 9.975622974759229544e-01
6.590371781331062266e+03 1.003139329237937361e+00
6.590406054683274306e+03 9.984133670099960556e-01
6.590440328213723660e+03 9.967280640792883784e-01
6.590474601922414877e+03 1.000600413988983473e+00
6.590508875809347046e+03 9.918351280693307181e-01
6.590543149874521077e+03 9.949160237132937956e-01
6.590577424117937881e+03 1.000068766148052735e+00
6.590611698539598365e+03 1.001303275236546719e+00
6.590645973139503440e+03 9.956285832898336130e-01
6.590680247917654924e+03 9.995025735754993201e-01
6.590714522874051909e+03 1.002572943136869510e+00
6.590748798008697122e+03 9.951504400766147951e-01
6.590783073321591473e+03 9.954135961892638385e-01
6.590817348812734053e+03 1.003072492595081577e+00
6.590851624482127590e+03 1.005913432989192335e+00
6.590885900329772085e+03 1.009593197849147472e+00
6.590920176355669355e+03 9.987058588777987245e-01
6.590954452559819401e+03 1.001533454055408168e+00
6.590988728942223133e+03 1.007014633960736205e+00
6.591023005502882370e+03 9.993816847844071427e-01
6.591057282241797111e+03 9.974088073681260935e-01
6.591091559158968266e+03 9.946831293405125063e-01
6.591125836254398564e+03 9.949390769891299779e-01
6.591160113528086185e+03 9.997475521261858233e-01
6.591194390980034768e+03 1.001240705637894912e+00
6.591228668610243403e+03 9.942464790074517778e-01
6.591262946418712090e+03 9.954740450051192679e-01
6.591297224405444467e+03 1.000187975099935400e+00
6.591331502570440534e+03 9.951939709192645367e-01
6.591365780913700291e+03 9.981368571547534208e-01
6.591400059435225558e+03 9.995452629407415301e-01
6.591434338135016333e+03 9.983058647100893079e-01
6.591468617013074436e+03 1.000325121828726793e+00
6.591502896069399867e+03 1.003354424128524602e+00
6.591537175303994445e+03 9.973126617439096453e-01
6.591571454716859989e+03 1.001354316105308673e+00
6.591605734307994680e+03 1.005096233844472664e+00
6.591640014077402157e+03 1.001770734100105420e+00
6.591674294025081508e+03 1.000210840770620058e+00
6.591708574151034554e+03 9.956848541107414796e-01
6.591742854455262204e+03 1.000597832526614495e+00
6.591777134937765368e+03 9.980357073994389205e-01
6.591811415598544045e+03 1.002142141397136088e+00
6.591845696437600964e+03 1.001310655568641073e+00
6.591879977454935215e+03 1.007911290702441232e+00
6.591914258650548618e+03 9.989704905903279419e-01
6.591948540024442991e+03 9.964323248306983238e-01
6.591982821576617425e+03 1.000915916425386243e+00
6.592017103307073739e+03 9.991490690628318516e-01
6.592051385215813752e+03 9.934506112555134827e-01
6.592085667302836555e+03 9.971985232004406674e-01
6.592119949568143056e+03 9.999187930871943353e-01
6.592154232011736894e+03 1.003722621543045923e+00
6.592188514633616251e+03 1.003433618349016898e+00
6.592222797433782944e+03 1.007300900631184826e+00
6.592257080412238793e+03 1.005254704648513631e+00
6.592291363568982888e+03 9.980399313084094004e-01
6.592325646904017958e+03 9.963639326201441104e-01
6.592359930417344913e+03 9.943426910101982319e-01
6.592394214108962842e+03 9.944207073402911989e-01
6.592428497978873565e+03 9.983904738832884984e-01
6.592462782027078902e+03 9.975457483012288851e-01
6.592497066253577941e+03 9.979176833186249596e-01
6.592531350658374322e+03 9.950593571751780164e-01
6.592565635241465316e+03 9.970877133363017508e-01
6.592599920002856379e+03 9.978105019952860921e-01
6.592634204942544784e+03 9.981104306092037914e-01
6.592668490060532349e+03 1.001689214465580680e+00
6.592702775356819984e+03 9.972875311798844455e-01
6.592737060831410417e+03 9.986290844639230668e-01
6.592771346484301830e+03 9.982538668247202818e-01
6.592805632315496950e+03 9.928991988919387834e-01
6.592839918324995779e+03 9.990780684129928479e-01
6.592874204512800134e+03 1.003526347816881215e+00
6.592908490878910925e+03 1.001201578762681788e+00
6.592942777423328153e+03 1.002304048415299409e+00
6.592977064146051816e+03 1.003179415456081580e+00
6.593011351047085554e+03 9.919268615458887162e-01
6.593045638126429367e+03 9.876205310349898125e-01
6.593079925384083253e+03 9.894677667646536445e-01
6.593114212820048124e+03 9.922787641381435320e-01
6.593148500434326706e+03 9.941098840270361503e-01
6.593182788226918092e+03 9.997834615567069427e-01
6.593217076197823189e+03 9.987384307104482106e-01
6.593251364347043818e+03 9.925002284103889849e-01
6.593285652674581797e+03 9.985010859552357898e-01
6.593319941180435308e+03 1.002667685414410537e+00
6.593354229864607987e+03 1.002902976232506349e+00
6.593388518727098017e+03 9.976925430087155711e-01
6.593422807767909035e+03 9.941115967665032915e-01
6.593457096987041041e+03 9.903786622797853267e-01
6.593491386384494035e+03 9.984334868510255090e-01
6.593525675960270746e+03 9.881176158522257946e-01
