# Corrected for radial velocity of 20.55 km/s
# 
# star name zetOri, line HALPHA
# instrument: HERMES spectrograph @Mercator
# date of observation (midpoint)2018-10-14T06:19:29.305748
# BJD of observation (midpoint)2458405.7658485
# name of fits file: 00898036_HRF_OBJ_ext_CosmicsRemoved_log_merged_c.fits
# 
# wavelength(Angstrom,air) normalised_flux
6.537563753249107322e+03 1.001149450993358725e+00
6.537597751972178230e+03 1.003183448579810788e+00
6.537631750872058547e+03 1.004581243761803355e+00
6.537665749948750999e+03 1.001736451929041483e+00
6.537699749202255589e+03 1.002594529609982743e+00
6.537733748632575043e+03 1.003700139293201010e+00
6.537767748239709363e+03 9.963811689497018564e-01
6.537801748023658547e+03 9.969688114108796739e-01
6.537835747984424415e+03 1.003642684811226760e+00
6.537869748122007877e+03 9.939677985101320612e-01
6.537903748436409842e+03 1.002526859465259435e+00
6.537937748927631219e+03 1.000233134429252546e+00
6.537971749595672918e+03 9.974553696183632301e-01
6.538005750440534939e+03 1.001804077960170014e+00
6.538039751462219101e+03 1.005815063412599741e+00
6.538073752660725404e+03 1.001344892693998290e+00
6.538107754036057486e+03 1.001267722382333636e+00
6.538141755588213528e+03 9.987503802794210905e-01
6.538175757317194439e+03 9.900658704852199898e-01
6.538209759223003857e+03 9.966477960893090904e-01
6.538243761305639055e+03 1.002537763274429228e+00
6.538277763565102759e+03 1.000449012123070469e+00
6.538311766001397700e+03 9.958471851252586049e-01
6.538345768614521148e+03 9.978534814383410723e-01
6.538379771404475832e+03 1.001150866535248429e+00
6.538413774371264481e+03 1.001064713579220999e+00
6.538447777514884365e+03 1.004431675307118521e+00
6.538481780835338213e+03 1.010471017772581526e+00
6.538515784332627845e+03 1.005069955772552204e+00
6.538549788006753261e+03 9.935473270450171368e-01
6.538583791857715369e+03 9.894037948359637458e-01
6.538617795885515079e+03 9.945547584528088292e-01
6.538651800090153301e+03 9.974871012850157204e-01
6.538685804471630945e+03 1.001759165683717034e+00
6.538719809029948919e+03 9.986134341781788271e-01
6.538753813765108134e+03 9.998477504354107426e-01
6.538787818677110408e+03 1.000032752306738493e+00
6.538821823765954832e+03 9.976844115781101641e-01
6.538855829031643225e+03 9.986342528013518738e-01
6.538889834474178315e+03 9.995947743483271086e-01
6.538923840093558283e+03 9.989728710810105161e-01
6.538957845889784949e+03 1.000365722587329698e+00
6.538991851862859221e+03 9.953509491052034974e-01
6.539025858012782919e+03 1.000377319922725938e+00
6.539059864339556043e+03 9.938705389732966911e-01
6.539093870843179502e+03 1.000546505213357973e+00
6.539127877523654206e+03 1.004241906206153168e+00
6.539161884380981064e+03 1.008119760371562590e+00
6.539195891415161896e+03 1.007858049939115652e+00
6.539229898626196700e+03 1.002029443827941346e+00
6.539263906014087297e+03 1.001105279084964383e+00
6.539297913578832777e+03 1.007452107555285803e+00
6.539331921320435868e+03 1.002222937286014748e+00
6.539365929238897479e+03 9.984248684840346666e-01
6.539399937334216702e+03 1.005555298608522774e+00
6.539433945606396264e+03 1.002350124237666229e+00
6.539467954055436167e+03 9.978583273222797478e-01
6.539501962681338227e+03 9.998299758587532171e-01
6.539535971484102447e+03 9.952081539135203547e-01
6.539569980463729735e+03 9.964496497850480194e-01
6.539603989620221910e+03 9.980674172196715155e-01
6.539637998953578972e+03 1.010039002788171159e+00
6.539672008463802740e+03 1.010600239523857580e+00
6.539706018150893215e+03 1.002478848888345375e+00
6.539740028014852214e+03 9.972412649729998080e-01
6.539774038055679739e+03 1.001599201052517873e+00
6.539808048273376698e+03 1.004335420153726011e+00
6.539842058667944002e+03 1.000567760628130465e+00
6.539876069239384378e+03 1.000460199772224001e+00
6.539910079987696918e+03 1.003050618883897016e+00
6.539944090912883439e+03 1.005273664548512524e+00
6.539978102014943033e+03 1.006382982477021182e+00
6.540012113293879338e+03 1.006095477499981516e+00
6.540046124749690534e+03 1.004606304735952138e+00
6.540080136382380260e+03 1.002693866877296225e+00
6.540114148191947606e+03 1.000304763277048314e+00
6.540148160178394392e+03 9.990662311020429565e-01
6.540182172341720616e+03 9.977573503017743706e-01
6.540216184681928098e+03 9.893631081053700926e-01
6.540250197199016839e+03 9.907195873891289084e-01
6.540284209892988656e+03 9.953203395483746219e-01
6.540318222763844460e+03 9.956263438309090885e-01
6.540352235811584251e+03 9.974265435784760436e-01
6.540386249036209847e+03 1.000661886344244467e+00
6.540420262437722158e+03 9.938632728503812297e-01
6.540454276016121185e+03 9.954448181157294906e-01
6.540488289771408745e+03 9.956199312577787008e-01
6.540522303703585749e+03 9.893859455496216704e-01
6.540556317812653106e+03 9.934497776007643610e-01
6.540590332098610816e+03 9.977829805844621314e-01
6.540624346561460698e+03 9.984288357967138205e-01
6.540658361201202752e+03 1.001904893238810823e+00
6.540692376017838797e+03 1.001590714322092790e+00
6.540726391011369742e+03 9.983370083183416011e-01
6.540760406181797407e+03 9.957367904371678957e-01
6.540794421529120882e+03 9.939889604340071960e-01
6.540828437053341077e+03 9.948045654659356529e-01
6.540862452754459810e+03 9.989436925007085799e-01
6.540896468632478900e+03 9.963760773986454211e-01
6.540930484687396529e+03 9.954724863272346180e-01
6.540964500919217244e+03 1.001178476686019447e+00
6.540998517327938316e+03 9.964307257289237718e-01
6.541032533913563384e+03 9.991559285984995542e-01
6.541066550676091538e+03 1.000312986416639793e+00
6.541100567615526415e+03 9.968918112043522184e-01
6.541134584731865289e+03 9.985478540457972674e-01
6.541168602025110886e+03 1.007569303970373475e+00
6.541202619495264116e+03 1.009709691504861784e+00
6.541236637142325890e+03 1.002921449215150362e+00
6.541270654966298025e+03 1.000535292125917186e+00
6.541304672967179613e+03 1.001890369354828003e+00
6.541338691144972472e+03 1.011788556471219458e+00
6.541372709499676603e+03 1.006636489237169085e+00
6.541406728031294733e+03 9.978989829414415258e-01
6.541440746739827773e+03 9.961952361112802468e-01
6.541474765625274813e+03 9.988480010411129317e-01
6.541508784687637672e+03 9.963747435339906922e-01
6.541542803926917259e+03 9.962398657776925237e-01
6.541576823343114484e+03 1.007545607036108848e+00
6.541610842936230256e+03 1.003207354657965622e+00
6.541644862706266395e+03 1.001241645604217911e+00
6.541678882653222900e+03 9.991503333544441423e-01
6.541712902777099771e+03 1.004885763019744527e+00
6.541746923077899737e+03 1.003778140170642708e+00
6.541780943555622798e+03 1.001148171901841355e+00
6.541814964210268954e+03 9.995943925117636297e-01
6.541848985041841843e+03 9.973848623329595320e-01
6.541883006050340555e+03 1.009059092399050561e+00
6.541917027235765090e+03 1.011404201817603266e+00
6.541951048598117268e+03 1.011695049236602806e+00
6.541985070137398907e+03 1.004193059190527038e+00
6.542019091853610007e+03 9.988741876552411636e-01
6.542053113746752388e+03 1.001656249128105580e+00
6.542087135816825139e+03 1.002742068706323986e+00
6.542121158063830080e+03 9.933647288398598230e-01
6.542155180487769940e+03 9.864021128253277482e-01
6.542189203088642898e+03 9.992170446821340146e-01
6.542223225866451685e+03 1.003843979075625947e+00
6.542257248821196299e+03 9.980404425187204831e-01
6.542291271952877651e+03 9.958721962777647985e-01
6.542325295261496649e+03 9.644443915804866707e-01
6.542359318747055113e+03 9.277630725343025686e-01
6.542393342409553043e+03 9.199694666765219075e-01
6.542427366248992257e+03 9.391693155149019034e-01
6.542461390265372756e+03 9.693336920023132297e-01
6.542495414458695450e+03 9.891565261380740326e-01
6.542529438828962157e+03 9.925178119272535238e-01
6.542563463376172876e+03 1.005090492255403367e+00
6.542597488100328519e+03 1.001383292510039213e+00
6.542631513001430903e+03 1.001714609547421864e+00
6.542665538079480939e+03 1.002637611922686744e+00
6.542699563334477716e+03 1.001043202345167193e+00
6.542733588766423964e+03 1.004810089108702620e+00
6.542767614375320591e+03 1.002196961639782113e+00
6.542801640161167597e+03 1.000520329981491097e+00
6.542835666123966803e+03 1.003357385317521278e+00
6.542869692263718207e+03 1.000662190760436498e+00
6.542903718580423629e+03 9.982920393213143839e-01
6.542937745074083978e+03 1.001896952071867242e+00
6.542971771744698344e+03 1.000580416000822481e+00
6.543005798592270366e+03 9.915764042543835366e-01
6.543039825616799135e+03 9.875798725841574699e-01
6.543073852818284649e+03 9.905965144216611895e-01
6.543107880196731458e+03 9.983064396149891051e-01
6.543141907752137740e+03 1.000713485515619450e+00
6.543175935484503498e+03 9.970134867718015714e-01
6.543209963393833277e+03 9.975881612213066685e-01
6.543243991480124350e+03 9.971806405010548158e-01
6.543278019743379446e+03 9.975046830434989298e-01
6.543312048183599472e+03 1.002263068035433635e+00
6.543346076800785340e+03 1.004828909779742485e+00
6.543380105594936140e+03 1.003334349535550896e+00
6.543414134566056418e+03 9.953594235867926354e-01
6.543448163714144357e+03 9.969579693620844729e-01
6.543482193039199956e+03 9.990650357515898916e-01
6.543516222541227762e+03 1.006814431115423458e+00
6.543550252220225957e+03 1.005634634653530091e+00
6.543584282076195450e+03 9.934325617086930960e-01
6.543618312109138060e+03 9.914870904140838936e-01
6.543652342319054696e+03 1.003434342499464282e+00
6.543686372705946269e+03 1.003186579010913348e+00
6.543720403269813687e+03 1.001381953930636337e+00
6.543754434010656951e+03 9.909482048832142231e-01
6.543788464928478788e+03 9.926223615253747523e-01
6.543822496023278291e+03 9.857029545031196216e-01
6.543856527295057276e+03 9.722654432616958387e-01
6.543890558743815745e+03 9.401342194867647883e-01
6.543924590369557336e+03 8.725925100064885198e-01
6.543958622172280229e+03 7.953323746225272606e-01
6.543992654151985334e+03 7.539149949398074035e-01
6.544026686308674471e+03 8.311846999494080235e-01
6.544060718642349457e+03 9.179877463738987942e-01
6.544094751153009383e+03 9.642487509064183726e-01
6.544128783840656070e+03 9.805426505456037445e-01
6.544162816705291334e+03 9.852923601388707819e-01
6.544196849746913358e+03 9.902408397320158207e-01
6.544230882965525780e+03 9.963383509716280395e-01
6.544264916361129508e+03 9.949716676346503919e-01
6.544298949933723634e+03 9.928371807144246164e-01
6.544332983683310886e+03 9.981932234406113436e-01
6.544367017609890354e+03 9.862476546515371867e-01
6.544401051713463858e+03 1.000591643473021985e+00
6.544435085994032306e+03 1.009543490406143995e+00
6.544469120451597519e+03 1.005260798147209256e+00
6.544503155086158586e+03 1.002860443424353987e+00
6.544537189897717326e+03 1.000895075923776911e+00
6.544571224886275559e+03 9.964826049166742861e-01
6.544605260051833284e+03 1.001219038303940323e+00
6.544639295394391411e+03 1.012755415506373824e+00
6.544673330913949940e+03 1.001962204970334502e+00
6.544707366610512508e+03 1.004888513724804699e+00
6.544741402484078208e+03 1.003929111194219903e+00
6.544775438534646128e+03 1.003549120591353594e+00
6.544809474762221726e+03 1.009917974380720063e+00
6.544843511166802273e+03 1.004988477554727755e+00
6.544877547748389588e+03 9.916597802473964274e-01
6.544911584506984582e+03 1.004268839802445967e+00
6.544945621442589072e+03 1.004860434794940804e+00
6.544979658555203059e+03 1.000336593550107400e+00
6.545013695844827453e+03 9.957617526115027928e-01
6.545047733311463162e+03 9.934807675021163353e-01
6.545081770955111097e+03 9.960774235512167563e-01
6.545115808775773985e+03 9.996719147553358997e-01
6.545149846773450008e+03 9.992310410092239970e-01
6.545183884948140985e+03 9.973225643968950394e-01
6.545217923299849645e+03 9.966474022119463649e-01
6.545251961828573258e+03 1.001261889533059835e+00
6.545286000534316372e+03 1.005309616399479467e+00
6.545320039417078078e+03 1.005962138212729728e+00
6.545354078476859286e+03 1.001239126518529199e+00
6.545388117713661813e+03 9.948198239039910407e-01
6.545422157127485661e+03 9.943640775705397949e-01
6.545456196718332649e+03 9.980725308906113202e-01
6.545490236486202775e+03 9.993875753796218619e-01
6.545524276431096951e+03 1.004936838078361205e+00
6.545558316553016994e+03 1.000800523103168471e+00
6.545592356851963814e+03 1.012185455243156396e+00
6.545626397327937411e+03 1.012945303737031066e+00
6.545660437980938696e+03 1.004669994600843275e+00
6.545694478810969485e+03 1.004179209561198549e+00
6.545728519818029781e+03 1.003766757819508637e+00
6.545762561002121402e+03 9.968757983203164752e-01
6.545796602363244347e+03 9.910284937740422295e-01
6.545830643901400435e+03 9.729608653666429463e-01
6.545864685616590577e+03 9.762552545291492967e-01
6.545898727508815682e+03 9.872756874475531186e-01
6.545932769578074840e+03 9.886564313494780043e-01
6.545966811824370780e+03 9.935656355497323178e-01
6.546000854247704410e+03 9.969881069637476223e-01
6.546034896848076642e+03 9.959942349499559811e-01
6.546068939625487474e+03 9.988026230312233578e-01
6.546102982579938725e+03 1.004150410405856730e+00
6.546137025711431306e+03 1.003366846934436785e+00
6.546171069019964307e+03 1.001854953566230444e+00
6.546205112505542274e+03 9.974721817199950769e-01
6.546239156168163390e+03 9.994063466908806870e-01
6.546273200007827654e+03 1.006980786586326948e+00
6.546307244024539614e+03 1.009533836649260330e+00
6.546341288218296540e+03 1.007354297654665443e+00
6.546375332589102072e+03 1.007267058455913578e+00
6.546409377136955300e+03 1.008833731609423801e+00
6.546443421861858042e+03 1.008032563150903060e+00
6.546477466763811208e+03 1.002533734308515667e+00
6.546511511842815707e+03 1.001289373703876384e+00
6.546545557098872450e+03 1.005610696456267217e+00
6.546579602531980527e+03 1.003949691858946336e+00
6.546613648142143575e+03 1.001404966530961449e+00
6.546647693929362504e+03 1.003060712970069490e+00
6.546681739893636404e+03 1.007080645390237006e+00
6.546715786034966186e+03 1.008316368332932367e+00
6.546749832353354577e+03 1.005608413111814370e+00
6.546783878848800668e+03 1.010403480515001284e+00
6.546817925521307188e+03 1.013598422824035117e+00
6.546851972370873227e+03 1.009115233781920029e+00
6.546886019397500604e+03 1.000500259046080975e+00
6.546920066601190229e+03 1.002175256848426788e+00
6.546954113981943919e+03 1.001547941428477806e+00
6.546988161539760767e+03 1.001285946294329987e+00
6.547022209274642591e+03 1.007289595153027850e+00
6.547056257186590301e+03 1.005944064027052720e+00
6.547090305275604806e+03 1.010487813033106974e+00
6.547124353541687015e+03 1.011554903689484863e+00
6.547158401984838747e+03 1.009086673569423498e+00
6.547192450605059094e+03 1.006266861209077490e+00
6.547226499402349873e+03 1.010568777138387331e+00
6.547260548376712904e+03 1.009209723967256833e+00
6.547294597528148188e+03 1.006544517010509399e+00
6.547328646856655723e+03 1.013088607083955317e+00
6.547362696362237330e+03 1.016777297587447171e+00
6.547396746044895735e+03 1.009310420580550760e+00
6.547430795904628212e+03 1.008821548891815523e+00
6.547464845941439307e+03 1.014383119249702814e+00
6.547498896155327202e+03 1.011771323365741493e+00
6.547532946546294625e+03 1.003872799825274997e+00
6.547566997114340666e+03 1.001651287993676531e+00
6.547601047859467144e+03 1.005965977930231459e+00
6.547635098781676788e+03 1.005770047267862566e+00
6.547669149880968689e+03 9.968973948909187754e-01
6.547703201157342846e+03 9.781665890007327224e-01
6.547737252610801079e+03 9.321979190502631685e-01
6.547771304241346115e+03 9.038074980167343231e-01
6.547805356048976137e+03 9.295684636731184058e-01
6.547839408033693871e+03 9.635258932537493770e-01
6.547873460195498410e+03 9.895502888475131709e-01
6.547907512534393391e+03 9.998633871836557496e-01
6.547941565050377903e+03 1.000363218781022967e+00
6.547975617743451949e+03 1.004087744571594776e+00
6.548009670613618255e+03 1.009567860889225788e+00
6.548043723660876822e+03 1.009408773690331884e+00
6.548077776885230378e+03 1.012236514039256852e+00
6.548111830286677105e+03 1.011367169571268931e+00
6.548145883865219730e+03 1.016149571247189964e+00
6.548179937620858254e+03 1.011719879975278680e+00
6.548213991553593587e+03 1.011158221125568080e+00
6.548248045663428456e+03 1.014200110145486056e+00
6.548282099950361044e+03 1.012672098101504936e+00
6.548316154414394077e+03 1.007830104642471358e+00
6.548350209055527557e+03 1.002025876244600378e+00
6.548384263873763302e+03 1.009872585716831805e+00
6.548418318869102222e+03 1.007693476085915751e+00
6.548452374041543408e+03 1.002634445045640588e+00
6.548486429391089587e+03 9.947014699106488944e-01
6.548520484917742579e+03 1.003721357593662544e+00
6.548554540621500564e+03 1.002744862417529248e+00
6.548588596502367182e+03 9.835152717707638104e-01
6.548622652560340612e+03 9.549068461283114484e-01
6.548656708795423583e+03 8.954837457374771326e-01
6.548690765207617005e+03 8.217718822729841444e-01
6.548724821796921788e+03 8.461955478827419830e-01
6.548758878563337930e+03 9.166789085892230737e-01
6.548792935506866343e+03 9.686443494950197630e-01
6.548826992627509753e+03 9.897729050071962797e-01
6.548861049925267253e+03 1.007048826858107926e+00
6.548895107400140660e+03 1.008939322321039000e+00
6.548929165052129974e+03 1.001377191857078630e+00
6.548963222881237925e+03 1.008216596722893543e+00
6.548997280887462693e+03 1.008817812570891093e+00
6.549031339070807917e+03 1.004766604083600745e+00
6.549065397431272686e+03 1.011489472870292117e+00
6.549099455968859729e+03 9.986569066789674487e-01
6.549133514683567228e+03 9.982518383663280259e-01
6.549167573575398819e+03 9.944592446644177075e-01
6.549201632644353595e+03 9.957279824249837263e-01
6.549235691890433372e+03 9.966102966119536610e-01
6.549269751313639063e+03 9.919795082594808910e-01
6.549303810913972484e+03 1.000334258905670515e+00
6.549337870691431817e+03 1.013957640707938479e+00
6.549371930646020701e+03 1.010759605599825806e+00
6.549405990777739135e+03 1.018121997334532347e+00
6.549440051086587118e+03 1.009175440412986680e+00
6.549474111572566471e+03 1.010978263014677303e+00
6.549508172235679012e+03 1.011745414258448994e+00
6.549542233075923832e+03 1.012613113288831412e+00
6.549576294093302749e+03 1.013572956401811664e+00
6.549610355287815764e+03 1.009339242771211564e+00
6.549644416659465605e+03 1.008633821243632545e+00
6.549678478208252272e+03 1.010971060055827708e+00
6.549712539934177585e+03 1.017169542162424056e+00
6.549746601837239723e+03 1.025751708585548760e+00
6.549780663917443235e+03 1.020850685620920073e+00
6.549814726174785392e+03 1.025244774221917732e+00
6.549848788609269832e+03 1.016844165351233009e+00
6.549882851220897464e+03 1.014207659554840824e+00
6.549916914009666471e+03 1.019702058033889580e+00
6.549950976975580488e+03 1.014631251861513928e+00
6.549985040118640427e+03 1.017245730919446922e+00
6.550019103438845377e+03 1.002815206367241752e+00
6.550053166936198068e+03 1.012828781059624816e+00
6.550087230610697588e+03 1.013315911297136163e+00
6.550121294462346668e+03 1.012382606428180010e+00
6.550155358491145307e+03 1.013872956644487733e+00
6.550189422697094415e+03 1.012620618458887733e+00
6.550223487080194900e+03 1.005286393837886427e+00
6.550257551640448582e+03 1.002061021280260977e+00
6.550291616377854552e+03 1.009081924095974081e+00
6.550325681292416448e+03 1.013840357852950902e+00
6.550359746384131540e+03 1.014748993658963760e+00
6.550393811653004377e+03 1.020278917987517131e+00
6.550427877099034049e+03 1.022723292166128006e+00
6.550461942722221465e+03 1.018100750476133909e+00
6.550496008522567536e+03 1.014821792823492164e+00
6.550530074500073169e+03 1.017880960384422329e+00
6.550564140654740186e+03 1.022150965746161155e+00
6.550598206986568584e+03 1.019332238279595515e+00
6.550632273495560185e+03 1.012753013225923926e+00
6.550666340181714077e+03 1.015774830464281742e+00
6.550700407045033899e+03 1.022732027233608232e+00
6.550734474085517832e+03 1.014389190962585285e+00
6.550768541303168604e+03 1.015649913381596381e+00
6.550802608697986216e+03 1.017334233888960382e+00
6.550836676269972486e+03 1.012564716506783480e+00
6.550870744019127415e+03 1.015240060076072703e+00
6.550904811945451911e+03 1.020198329961741868e+00
6.550938880048948704e+03 1.016723773113101137e+00
6.550972948329616884e+03 1.013502238175203241e+00
6.551007016787457360e+03 1.013504746314685567e+00
6.551041085422471042e+03 1.028045101789792470e+00
6.551075154234659749e+03 1.027913431472133210e+00
6.551109223224024390e+03 1.025395572744644879e+00
6.551143292390564056e+03 1.015135254594204506e+00
6.551177361734283295e+03 1.011969872667809689e+00
6.551211431255178468e+03 1.015345900855836758e+00
6.551245500953254123e+03 1.020965365495974053e+00
6.551279570828509350e+03 1.023608609944824055e+00
6.551313640880945968e+03 1.018319666954149216e+00
6.551347711110564887e+03 1.018693146607481337e+00
6.551381781517366107e+03 1.018657158103650318e+00
6.551415852101350538e+03 1.026496767862338677e+00
6.551449922862520907e+03 1.024504740815420645e+00
6.551483993800877215e+03 1.024766949219345857e+00
6.551518064916419462e+03 1.022808625600698962e+00
6.551552136209148557e+03 1.020960036007661831e+00
6.551586207679066320e+03 1.018505194568686933e+00
6.551620279326173659e+03 1.019583671045452888e+00
6.551654351150471484e+03 1.025312385099304668e+00
6.551688423151959796e+03 1.014631018677999430e+00
6.551722495330641323e+03 1.022255150383570843e+00
6.551756567686514245e+03 1.028339304223484962e+00
6.551790640219582201e+03 1.024253976541486200e+00
6.551824712929844281e+03 1.021294456790366567e+00
6.551858785817302305e+03 1.015598107352884361e+00
6.551892858881957181e+03 1.015788400458136120e+00
6.551926932123810730e+03 1.021586075008221073e+00
6.551961005542862040e+03 1.020833630112853552e+00
6.551995079139112022e+03 1.014671366516643802e+00
6.552029152912563404e+03 1.011298374563513125e+00
6.552063226863215277e+03 1.011179722605252795e+00
6.552097300991070369e+03 9.934243976824083111e-01
6.552131375296127771e+03 9.955912563618158906e-01
6.552165449778389302e+03 1.008916030450281776e+00
6.552199524437855871e+03 1.017827768487901352e+00
6.552233599274528387e+03 1.024037219335781179e+00
6.552267674288408671e+03 1.024233977394271244e+00
6.552301749479494902e+03 1.014287799777431998e+00
6.552335824847790718e+03 1.009813065991942649e+00
6.552369900393296120e+03 1.020755211564160492e+00
6.552403976116012927e+03 1.022846645696153134e+00
6.552438052015940229e+03 1.026418178617344301e+00
6.552472128093078936e+03 1.017830445641815462e+00
6.552506204347432686e+03 1.008091564527422213e+00
6.552540280778999659e+03 1.011846879281611100e+00
6.552574357387781674e+03 9.989590008373588903e-01
6.552608434173780552e+03 9.737359433401883146e-01
6.552642511136995381e+03 9.271829836999407881e-01
6.552676588277428891e+03 8.426218759207756426e-01
6.552710665595081082e+03 7.989560707678332596e-01
6.552744743089951953e+03 8.499933705919575644e-01
6.552778820762045143e+03 9.479429358744297929e-01
6.552812898611358833e+03 9.663662531179381121e-01
6.552846976637895750e+03 9.731091671635420104e-01
6.552881054841654986e+03 9.955977133836686477e-01
6.552915133222640179e+03 1.012210115361644291e+00
6.552949211780848600e+03 1.014697225108641243e+00
6.552983290516284796e+03 1.019037049268977091e+00
6.553017369428947859e+03 1.028362282617279799e+00
6.553051448518837788e+03 1.029054539505665167e+00
6.553085527785958220e+03 1.020173660978886065e+00
6.553119607230308247e+03 1.014067992964738485e+00
6.553153686851887869e+03 1.007291146969705897e+00
6.553187766650699814e+03 1.024401721035061108e+00
6.553221846626744991e+03 1.021234926646672037e+00
6.553255926780023401e+03 1.012229556083053872e+00
6.553290007110536862e+03 1.017610138685924870e+00
6.553324087618284466e+03 1.020987962293855578e+00
6.553358168303268940e+03 1.017507690425418554e+00
6.553392249165490284e+03 1.021176268032231160e+00
6.553426330204951228e+03 1.018557420448796602e+00
6.553460411421649951e+03 1.017718774796729564e+00
6.553494492815588274e+03 1.022684838807223828e+00
6.553528574386768923e+03 1.018251040037022381e+00
6.553562656135190082e+03 1.022033992408141634e+00
6.553596738060855387e+03 1.014868605471741514e+00
6.553630820163763929e+03 1.018955019533229756e+00
6.553664902443916617e+03 1.020522825516490206e+00
6.553698984901315271e+03 1.010430627774703272e+00
6.553733067535958980e+03 1.012632622543140126e+00
6.553767150347851384e+03 9.974224383227051627e-01
6.553801233336992482e+03 9.759383318852089539e-01
6.553835316503382273e+03 9.447734230350048890e-01
6.553869399847022578e+03 9.405722084582929243e-01
6.553903483367913395e+03 9.615180560925736808e-01
6.553937567066056545e+03 9.916907401813859213e-01
6.553971650941452936e+03 1.013964668956088611e+00
6.554005734994101658e+03 1.015814470909280898e+00
6.554039819224006351e+03 1.012127729811697074e+00
6.554073903631166104e+03 1.018834250687214560e+00
6.554107988215583646e+03 1.020970130015733890e+00
6.554142072977258067e+03 1.015105826064227834e+00
6.554176157916190277e+03 1.008851507169528761e+00
6.554210243032382095e+03 1.014523575896306040e+00
6.554244328325834431e+03 1.009412477035946498e+00
6.554278413796548193e+03 1.007818116962176047e+00
6.554312499444524292e+03 1.008298874962094027e+00
6.554346585269762727e+03 1.008764596441077854e+00
6.554380671272266227e+03 1.008558550179882607e+00
6.554414757452032973e+03 1.013499778156317088e+00
6.554448843809066602e+03 1.020738596569018553e+00
6.554482930343367116e+03 1.010898554300407426e+00
6.554517017054935422e+03 1.011050318069477649e+00
6.554551103943771523e+03 1.018803455160415927e+00
6.554585191009877235e+03 1.013676502376662070e+00
6.554619278253253469e+03 1.016488370349414527e+00
6.554653365673901135e+03 1.015476717391044392e+00
6.554687453271821141e+03 1.007612661423336275e+00
6.554721541047014398e+03 1.005681355434689728e+00
6.554755628999481814e+03 1.007074234498232412e+00
6.554789717129224300e+03 1.006568960166670301e+00
6.554823805436242765e+03 1.009995732268762270e+00
6.554857893920538118e+03 1.007043378841943504e+00
6.554891982582111268e+03 1.020338667176809544e+00
6.554926071420963126e+03 1.013044465886215884e+00
6.554960160437093691e+03 1.011313879941201144e+00
6.554994249630505692e+03 1.014669233568481266e+00
6.555028339001199129e+03 1.025719423432915001e+00
6.555062428549175820e+03 1.019994185593310121e+00
6.555096518274434857e+03 1.006367421393538519e+00
6.555130608176977148e+03 1.002446982132892739e+00
6.555164698256806332e+03 9.990143364446858465e-01
6.555198788513921500e+03 1.002247602824408945e+00
6.555232878948322650e+03 1.007717956568017881e+00
6.555266969560012512e+03 1.007367170756114483e+00
6.555301060348991086e+03 1.003938168119575813e+00
6.555335151315259282e+03 1.007000528333115152e+00
6.555369242458818917e+03 1.008527927278549452e+00
6.555403333779669083e+03 1.009656171045612671e+00
6.555437425277812508e+03 1.003644574756005436e+00
6.555471516953249193e+03 9.994301204468400979e-01
6.555505608805980046e+03 1.005235133689944549e+00
6.555539700836006887e+03 1.008917188614053551e+00
6.555573793043329715e+03 1.011788485758257083e+00
6.555607885427949441e+03 1.007244080302721834e+00
6.555641977989866973e+03 1.011520413248826911e+00
6.555676070729084131e+03 1.007152308875014723e+00
6.555710163645600915e+03 1.005435998779790507e+00
6.555744256739418233e+03 1.008056367834560652e+00
6.555778350010537906e+03 1.017238687017546050e+00
6.555812443458960843e+03 1.012905487465382004e+00
6.555846537084686133e+03 1.004716052085903533e+00
6.555880630887716507e+03 1.010903067093650742e+00
6.555914724868052872e+03 1.007844737016325709e+00
6.555948819025695229e+03 9.975656470723849312e-01
6.555982913360643579e+03 9.952577782146510010e-01
6.556017007872901559e+03 1.001297372068860270e+00
6.556051102562468259e+03 1.002719460132003748e+00
6.556085197429345499e+03 9.992836159728687440e-01
6.556119292473533278e+03 9.996704634235977771e-01
6.556153387695033416e+03 1.000946645139958902e+00
6.556187483093845913e+03 1.002520216788753027e+00
6.556221578669972587e+03 1.003836042946790075e+00
6.556255674423414348e+03 1.001570628842912924e+00
6.556289770354170287e+03 1.000245382912563263e+00
6.556323866462244041e+03 1.001973779845481749e+00
6.556357962747633792e+03 9.993091759884884517e-01
6.556392059210344087e+03 9.963301563749635825e-01
6.556426155850371288e+03 9.979684512143648378e-01
6.556460252667720852e+03 1.006108525895408778e+00
6.556494349662390050e+03 1.010550601932901360e+00
6.556528446834382521e+03 1.002093322364164596e+00
6.556562544183696446e+03 9.987521636330934927e-01
6.556596641710335462e+03 1.000771134727850509e+00
6.556630739414299569e+03 9.976149263065029471e-01
6.556664837295587859e+03 1.002240535037435265e+00
6.556698935354203968e+03 9.981077686169428365e-01
6.556733033590147897e+03 1.003755025005902413e+00
6.556767132003420556e+03 9.850291522555602031e-01
6.556801230594021945e+03 9.976177881312956464e-01
6.556835329361952972e+03 9.960811533255555794e-01
6.556869428307216367e+03 9.975315923101260029e-01
6.556903527429812129e+03 9.983428218330294701e-01
6.556937626729740259e+03 9.947775595365028201e-01
6.556971726207002575e+03 9.949356712881709530e-01
6.557005825861600897e+03 9.913783177780945977e-01
6.557039925693533405e+03 9.845928096921210404e-01
6.557074025702803738e+03 9.897144382296566567e-01
6.557108125889412804e+03 9.800758430600361448e-01
6.557142226253358785e+03 9.800845045314154902e-01
6.557176326794644410e+03 9.566815277336646606e-01
6.557210427513271497e+03 9.149097745795643499e-01
6.557244528409240047e+03 8.715313770965883444e-01
6.557278629482550059e+03 8.828645158139836191e-01
6.557312730733204262e+03 9.293784005036307416e-01
6.557346832161201746e+03 9.603451937411745520e-01
6.557380933766544331e+03 9.765970932475076527e-01
6.557415035549233835e+03 9.821110711136108451e-01
6.557449137509270258e+03 9.793425453511044321e-01
6.557483239646653601e+03 9.867683844076672317e-01
6.557517341961386592e+03 9.849722823534808880e-01
6.557551444453469230e+03 9.879576889878146639e-01
6.557585547122902426e+03 9.807073232170668842e-01
6.557619649969687089e+03 9.849756061886200120e-01
6.557653752993824128e+03 9.875273973877702893e-01
6.557687856195314453e+03 9.835338271425055900e-01
6.557721959574159882e+03 9.806441151392797373e-01
6.557756063130360417e+03 9.790870659088056760e-01
6.557790166863916056e+03 9.807660647746507809e-01
6.557824270774830438e+03 9.807326366582189703e-01
6.557858374863101744e+03 9.869990528631139570e-01
6.557892479128731793e+03 9.777383533046327679e-01
6.557926583571722404e+03 9.734125701687255106e-01
6.557960688192073576e+03 9.804301887104818203e-01
6.557994792989786220e+03 9.706155598038489485e-01
6.558028897964862153e+03 9.735413614924521841e-01
6.558063003117300468e+03 9.805296765068803877e-01
6.558097108447104802e+03 9.724407205463101445e-01
6.558131213954273335e+03 9.595347382622704258e-01
6.558165319638807887e+03 9.460549180014850013e-01
6.558199425500711186e+03 9.366269902295978333e-01
6.558233531539982323e+03 9.262397628519669635e-01
6.558267637756622207e+03 9.439755895865991064e-01
6.558301744150631748e+03 9.524799295356084494e-01
6.558335850722012765e+03 9.681771928078181100e-01
6.558369957470764348e+03 9.640231356126305329e-01
6.558404064396891044e+03 9.615234981752697196e-01
6.558438171500389217e+03 9.674520054992370444e-01
6.558472278781263412e+03 9.707132667468698628e-01
6.558506386239512722e+03 9.722652610816792107e-01
6.558540493875138054e+03 9.728861636035736060e-01
6.558574601688142138e+03 9.686939695009848528e-01
6.558608709678523155e+03 9.661623298400977555e-01
6.558642817846283833e+03 9.671647128729239373e-01
6.558676926191425082e+03 9.531294953577382767e-01
6.558711034713946901e+03 9.487477505397056143e-01
6.558745143413851110e+03 9.568088279046692568e-01
6.558779252291138619e+03 9.640482876647605837e-01
6.558813361345809426e+03 9.621083142193883608e-01
6.558847470577864442e+03 9.637035000298583842e-01
6.558881579987306395e+03 9.696160370946996787e-01
6.558915689574134376e+03 9.680951166333113811e-01
6.558949799338349294e+03 9.632871200707449066e-01
6.558983909279953878e+03 9.589814503842168936e-01
6.559018019398946308e+03 9.597041210165613290e-01
6.559052129695330223e+03 9.696486824387779979e-01
6.559086240169105622e+03 9.674047773534852901e-01
6.559120350820272506e+03 9.656153521332112577e-01
6.559154461648832694e+03 9.642230653217280789e-01
6.559188572654787095e+03 9.629851932900442835e-01
6.559222683838135708e+03 9.623116802163180772e-01
6.559256795198880354e+03 9.598733991037124991e-01
6.559290906737022851e+03 9.623181620358868260e-01
6.559325018452562290e+03 9.663108123452944787e-01
6.559359130345500489e+03 9.575998040006237222e-01
6.559393242415838358e+03 9.652197332317771217e-01
6.559427354663575898e+03 9.683581607973597016e-01
6.559461467088714926e+03 9.640215349083233187e-01
6.559495579691257262e+03 9.642890187655043244e-01
6.559529692471201997e+03 9.676942900285516735e-01
6.559563805428550950e+03 9.680296366396827779e-01
6.559597918563305029e+03 9.693925879558661363e-01
6.559632031875465145e+03 9.662059974383838679e-01
6.559666145365032207e+03 9.630616735775037185e-01
6.559700259032007125e+03 9.655756410660718547e-01
6.559734372876390808e+03 9.640134630305882135e-01
6.559768486898184165e+03 9.648505913613800722e-01
6.559802601097388106e+03 9.623719571599238520e-01
6.559836715474003540e+03 9.635210922417084545e-01
6.559870830028032287e+03 9.652182194287822758e-01
6.559904944759473437e+03 9.659441861141953023e-01
6.559939059668328809e+03 9.650729176988135372e-01
6.559973174754599313e+03 9.683521083730001200e-01
6.560007290018285858e+03 9.677120731766044592e-01
6.560041405459390262e+03 9.631195610185392386e-01
6.560075521077913436e+03 9.647307345037554605e-01
6.560109636873854470e+03 9.679227391204734410e-01
6.560143752847214273e+03 9.643422870086436616e-01
6.560177868997996484e+03 9.644181352033011079e-01
6.560211985326199283e+03 9.694280724917623271e-01
6.560246101831826309e+03 9.664152873037772373e-01
6.560280218514874832e+03 9.634313632460903554e-01
6.560314335375349401e+03 9.653341670740607228e-01
6.560348452413248197e+03 9.701886059906820181e-01
6.560382569628573947e+03 9.663121017435322146e-01
6.560416687021326652e+03 9.636056035558401289e-01
6.560450804591507222e+03 9.652400256646106458e-01
6.560484922339117475e+03 9.593144470821236558e-01
6.560519040264157411e+03 9.425518896390638890e-01
6.560553158366627940e+03 9.214495596329114191e-01
6.560587276646530881e+03 9.148924781165103104e-01
6.560621395103867144e+03 9.393562526843162175e-01
6.560655513738635818e+03 9.620749686828661273e-01
6.560689632550838724e+03 9.731952289473566609e-01
6.560723751540477679e+03 9.742460269836431541e-01
6.560757870707553593e+03 9.743829877457481636e-01
6.560791990052067376e+03 9.708806956194033777e-01
6.560826109574019029e+03 9.729845061762800729e-01
6.560860229273409459e+03 9.767457690605978460e-01
6.560894349150239577e+03 9.751443300993801744e-01
6.560928469204511202e+03 9.743545201629997266e-01
6.560962589436226153e+03 9.703281966911700973e-01
6.560996709845381702e+03 9.716987837156655372e-01
6.561030830431982395e+03 9.785384381503825502e-01
6.561064951196028233e+03 9.692102037110870150e-01
6.561099072137519215e+03 9.718518589198756885e-01
6.561133193256456252e+03 9.596003611367022179e-01
6.561167314552842072e+03 9.449794224921880259e-01
6.561201436026674855e+03 9.432932747121177686e-01
6.561235557677958241e+03 9.556480246594970529e-01
6.561269679506691318e+03 9.698330373073161814e-01
6.561303801512875907e+03 9.758870675940904960e-01
6.561337923696512007e+03 9.767466427139654961e-01
6.561372046057601437e+03 9.756804894897088687e-01
6.561406168596145108e+03 9.730637014179031041e-01
6.561440291312143927e+03 9.778460961256487671e-01
6.561474414205597895e+03 9.711700302330048551e-01
6.561508537276507923e+03 9.675369371648494532e-01
6.561542660524876737e+03 9.771878802529218033e-01
6.561576783950704339e+03 9.768683989070833240e-01
6.561610907553991638e+03 9.750342529601044861e-01
6.561645031334738633e+03 9.795052793132084101e-01
6.561679155292947144e+03 9.827506854816079329e-01
6.561713279428618080e+03 9.789706331688219354e-01
6.561747403741751441e+03 9.740487234191059773e-01
6.561781528232349956e+03 9.759711172796334822e-01
6.561815652900413625e+03 9.752267534607168553e-01
6.561849777745942447e+03 9.748896349638161984e-01
6.561883902768938242e+03 9.650289612768752079e-01
6.561918027969402829e+03 9.712002895989908513e-01
6.561952153347335297e+03 9.651483335027831734e-01
6.561986278902738377e+03 9.633392100381336087e-01
6.562020404635611158e+03 9.612473624204620481e-01
6.562054530545955458e+03 9.601648986236388517e-01
6.562088656633772189e+03 9.649032696438410994e-01
6.562122782899062258e+03 9.647281676029777486e-01
6.562156909341827486e+03 9.622149889346217622e-01
6.562191035962066962e+03 9.665813460146757130e-01
6.562225162759782506e+03 9.588570157096284463e-01
6.562259289734975937e+03 9.620126904494111786e-01
6.562293416887646345e+03 9.549661271041800514e-01
6.562327544217796458e+03 9.479324301830610588e-01
6.562361671725426277e+03 9.571950440839752661e-01
6.562395799410536711e+03 9.502053564886449033e-01
6.562429927273128669e+03 9.442624106418138208e-01
6.562464055313203062e+03 9.400824984071364243e-01
6.562498183530760798e+03 9.355794495166813718e-01
6.562532311925804606e+03 9.282020567416219281e-01
6.562566440498331758e+03 9.240620208496151955e-01
6.562600569248345892e+03 9.352614754680588227e-01
6.562634698175847006e+03 9.390959016704512052e-01
6.562668827280836922e+03 9.393433912507377359e-01
6.562702956563316548e+03 9.380591268272125971e-01
6.562737086023284974e+03 9.385698622211060549e-01
6.562771215660744019e+03 9.425465881698490422e-01
6.562805345475695503e+03 9.333556776125979670e-01
6.562839475468139426e+03 9.318371808670034007e-01
6.562873605638076697e+03 9.289624684984764125e-01
6.562907735985509134e+03 9.296297718630363027e-01
6.562941866510436739e+03 9.319169367518037594e-01
6.562975997212862239e+03 9.299537083208159194e-01
6.563010128092783816e+03 9.299438084430045048e-01
6.563044259150202379e+03 9.262641963697858527e-01
6.563078390385122475e+03 9.294492510071657998e-01
6.563112521797540467e+03 9.306708776013939977e-01
6.563146653387461811e+03 9.275608067130554080e-01
6.563180785154883779e+03 9.235572335369283126e-01
6.563214917099809099e+03 9.228361775740010486e-01
6.563249049222237772e+03 9.229398794979402076e-01
6.563283181522171617e+03 9.202251554279501367e-01
6.563317313999611542e+03 9.177205796248698588e-01
6.563351446654556639e+03 9.152559435887188677e-01
6.563385579487010546e+03 9.171671983701766839e-01
6.563419712496973261e+03 9.204333192626372728e-01
6.563453845684443877e+03 9.152585495515201952e-01
6.563487979049426031e+03 9.107202316268481201e-01
6.563522112591917903e+03 8.995666787874264658e-01
6.563556246311923132e+03 8.801740854517779988e-01
6.563590380209440809e+03 8.767405460204820145e-01
6.563624514284473662e+03 8.820150241686018910e-01
6.563658648537019872e+03 8.953480649542934211e-01
6.563692782967082167e+03 9.100339080591427487e-01
6.563726917574661456e+03 9.152124679310000843e-01
6.563761052359759560e+03 9.195830482660289906e-01
6.563795187322374659e+03 9.174125906580190559e-01
6.563829322462509481e+03 9.134234653714060626e-01
6.563863457780165845e+03 9.191198080075719812e-01
6.563897593275342842e+03 9.203613448277515596e-01
6.563931728948042291e+03 9.252559376977937955e-01
6.563965864798264192e+03 9.265834791825098282e-01
6.564000000826010364e+03 9.213549335900065307e-01
6.564034137031282626e+03 9.172634488891390214e-01
6.564068273414080068e+03 9.025275201186903073e-01
6.564102409974404509e+03 8.890778244196114732e-01
6.564136546712256859e+03 8.803818469210976660e-01
6.564170683627637118e+03 8.891393281674003779e-01
6.564204820720548923e+03 8.816039747519277547e-01
6.564238957990990457e+03 8.340154385765767842e-01
6.564273095438963537e+03 7.992841104523663587e-01
6.564307233064468164e+03 8.237764798328112148e-01
6.564341370867506157e+03 8.752468100697062825e-01
6.564375508848079335e+03 9.115083024368070275e-01
6.564409647006188607e+03 9.220029044965222242e-01
6.564443785341832154e+03 9.350080891017978901e-01
6.564477923855014524e+03 9.454425524962127847e-01
6.564512062545732988e+03 9.396518540580580670e-01
6.564546201413991184e+03 9.415919034069465399e-01
6.564580340459789113e+03 9.413733874380011413e-01
6.564614479683127684e+03 9.416792764324816156e-01
6.564648619084008715e+03 9.452014564603695712e-01
6.564682758662432207e+03 9.514414333833772774e-01
6.564716898418398159e+03 9.560505789804522037e-01
6.564751038351909301e+03 9.530851196483711707e-01
6.564785178462965632e+03 9.519206023215061041e-01
6.564819318751568971e+03 9.587225891677880751e-01
6.564853459217718409e+03 9.626342442567977775e-01
6.564887599861416675e+03 9.550206535781372574e-01
6.564921740682663767e+03 9.634671248061074111e-01
6.564955881681460596e+03 9.690609641318367329e-01
6.564990022857808071e+03 9.708305280593125808e-01
6.565024164211708921e+03 9.736931508021724468e-01
6.565058305743161327e+03 9.794764107782862883e-01
6.565092447452167107e+03 9.789106232605794267e-01
6.565126589338728081e+03 9.785840266077416860e-01
6.565160731402844249e+03 9.861883549544409044e-01
6.565194873644517429e+03 9.879967733590312440e-01
6.565229016063746712e+03 9.827862014551078662e-01
6.565263158660535737e+03 9.868405275461865633e-01
6.565297301434883593e+03 9.912777624010817856e-01
6.565331444386791190e+03 9.925486722292894415e-01
6.565365587516260348e+03 9.939292323224343528e-01
6.565399730823291065e+03 9.931206256524839349e-01
6.565433874307885162e+03 9.926854559605806649e-01
6.565468017970041728e+03 9.950613724151800010e-01
6.565502161809765312e+03 1.003455754996584126e+00
6.565536305827053184e+03 1.011401491893936244e+00
6.565570450021907163e+03 1.012076326242736579e+00
6.565604594394329979e+03 1.010823628436974042e+00
6.565638738944320721e+03 1.013119870146546697e+00
6.565672883671880300e+03 1.015896236782605211e+00
6.565707028577010533e+03 1.019492135036086378e+00
6.565741173659711421e+03 1.024378071620801078e+00
6.565775318919986603e+03 1.022248377878753223e+00
6.565809464357832439e+03 1.023457334018273102e+00
6.565843609973253479e+03 1.023984659262519470e+00
6.565877755766248811e+03 1.036334596864751489e+00
6.565911901736820255e+03 1.034760512361479812e+00
6.565946047884968721e+03 1.035231940590660926e+00
6.565980194210694208e+03 1.036994439546895519e+00
6.566014340713999445e+03 1.037228829521154694e+00
6.566048487394883523e+03 1.038043656095086753e+00
6.566082634253348260e+03 1.042645710874333442e+00
6.566116781289393657e+03 1.049576993323154905e+00
6.566150928503021532e+03 1.048042522779618402e+00
6.566185075894232796e+03 1.052452468174407407e+00
6.566219223463029266e+03 1.044799160925334203e+00
6.566253371209409124e+03 1.056686291193308147e+00
6.566287519133376009e+03 1.054375615791954379e+00
6.566321667234929919e+03 1.060966198995718424e+00
6.566355815514070855e+03 1.064623371629063620e+00
6.566389963970800636e+03 1.054894266936662994e+00
6.566424112605121081e+03 1.048980801977933641e+00
6.566458261417031281e+03 1.051937008525105410e+00
6.566492410406533963e+03 1.057237943548059667e+00
6.566526559573627310e+03 1.060115575386443298e+00
6.566560708918315868e+03 1.060145222772491236e+00
6.566594858440598728e+03 1.058716566199458198e+00
6.566629008140474980e+03 1.054847530402612144e+00
6.566663158017948263e+03 1.062556311601185577e+00
6.566697308073019485e+03 1.066797968663578233e+00
6.566731458305687738e+03 1.068564400305839213e+00
6.566765608715955750e+03 1.065293319492571555e+00
6.566799759303823521e+03 1.068948270842292381e+00
6.566833910069291051e+03 1.072455794400740681e+00
6.566868061012361068e+03 1.076197273004826593e+00
6.566902212133033572e+03 1.072521962803989259e+00
6.566936363431309474e+03 1.074259872218122691e+00
6.566970514907190591e+03 1.076654369525725352e+00
6.567004666560676014e+03 1.076986386611166413e+00
6.567038818391768473e+03 1.084504525411880360e+00
6.567072970400467966e+03 1.085107380860136139e+00
6.567107122586775404e+03 1.089087404155593131e+00
6.567141274950692605e+03 1.085491080535117447e+00
6.567175427492219569e+03 1.082240103578703705e+00
6.567209580211357206e+03 1.078930004284072819e+00
6.567243733108105516e+03 1.075498425450544193e+00
6.567277886182469047e+03 1.086327951927060109e+00
6.567312039434444159e+03 1.092578272679318285e+00
6.567346192864035402e+03 1.090903386359018068e+00
6.567380346471241864e+03 1.084508915070604207e+00
6.567414500256063548e+03 1.084568103680074058e+00
6.567448654218504089e+03 1.086844156604921396e+00
6.567482808358561670e+03 1.082485205577899956e+00
6.567516962676239928e+03 1.083695067157542491e+00
6.567551117171537953e+03 1.091040881727261436e+00
6.567585271844456656e+03 1.088684563638330216e+00
6.567619426694997856e+03 1.084592520582873698e+00
6.567653581723161551e+03 1.076881117616812045e+00
6.567687736928948652e+03 1.080292794850513882e+00
6.567721892312360978e+03 1.082541064509722650e+00
6.567756047873399439e+03 1.085815646563865755e+00
6.567790203612064943e+03 1.081455183635349870e+00
6.567824359528356581e+03 1.074725348720091844e+00
6.567858515622277991e+03 1.082860354120270374e+00
6.567892671893828265e+03 1.087900216907332407e+00
6.567926828343009220e+03 1.083466566782646856e+00
6.567960984969820856e+03 1.085054328915812327e+00
6.567995141774264084e+03 1.086688343994582917e+00
6.568029298756341632e+03 1.085114862256319146e+00
6.568063455916052590e+03 1.087083876639438396e+00
6.568097613253399686e+03 1.082282497562941481e+00
6.568131770768382012e+03 1.078036112991483053e+00
6.568165928461000476e+03 1.075922737283957265e+00
6.568200086331256898e+03 1.078032949134339669e+00
6.568234244379152187e+03 1.087836858712613486e+00
6.568268402604687253e+03 1.080843616214410385e+00
6.568302561007862096e+03 1.070479922200767708e+00
6.568336719588678534e+03 1.074824262779511486e+00
6.568370878347137477e+03 1.076279152807735784e+00
6.568405037283239835e+03 1.075005013615275118e+00
6.568439196396986517e+03 1.076132761207152067e+00
6.568473355688378433e+03 1.070322167157216731e+00
6.568507515157415583e+03 1.067225850532650400e+00
6.568541674804100694e+03 1.067903688888879099e+00
6.568575834628432858e+03 1.066344304392981890e+00
6.568609994630413894e+03 1.057888647244714209e+00
6.568644154810044711e+03 1.061281698436703724e+00
6.568678315167326218e+03 1.059090825092778410e+00
6.568712475702260235e+03 1.062339136371251103e+00
6.568746636414844943e+03 1.051966831595921636e+00
6.568780797305083979e+03 1.041201219020680080e+00
6.568814958372978253e+03 1.033634272853030778e+00
6.568849119618526856e+03 1.033840150542485237e+00
6.568883281041731607e+03 1.027515696423251690e+00
6.568917442642594324e+03 1.017193147422436494e+00
6.568951604421114098e+03 1.020419958140257322e+00
6.568985766377293658e+03 1.034823650473621015e+00
6.569019928511133003e+03 1.053143135040762290e+00
6.569054090822632133e+03 1.048872795850537054e+00
6.569088253311793778e+03 1.045347611331322479e+00
6.569122415978617937e+03 1.049704446767755872e+00
6.569156578823105519e+03 1.043471885940252308e+00
6.569190741845258344e+03 1.045982131729400688e+00
6.569224905045076412e+03 1.044788810715923555e+00
6.569259068422559722e+03 1.043904370255663627e+00
6.569293231977711002e+03 1.043456319833814261e+00
6.569327395710531164e+03 1.048805434477466880e+00
6.569361559621020206e+03 1.049906566919275086e+00
6.569395723709179038e+03 1.042933853444524717e+00
6.569429887975008569e+03 1.038459476088134714e+00
6.569464052418510619e+03 1.035600528658194852e+00
6.569498217039685187e+03 1.029782426608356616e+00
6.569532381838534093e+03 1.026491495582922520e+00
6.569566546815056427e+03 1.029956879414007043e+00
6.569600711969254917e+03 1.043554414954132037e+00
6.569634877301130473e+03 1.044241703892495376e+00
6.569669042810683095e+03 1.038687091022987730e+00
6.569703208497913693e+03 1.034650175656480986e+00
6.569737374362824085e+03 1.041614164092728112e+00
6.569771540405414271e+03 1.042783211355062134e+00
6.569805706625686071e+03 1.032365580667528038e+00
6.569839873023639484e+03 1.028875013209650691e+00
6.569874039599276330e+03 1.034590960534086612e+00
6.569908206352597517e+03 1.037069030601929009e+00
6.569942373283602137e+03 1.038007111902655488e+00
6.569976540392293828e+03 1.039549380875348872e+00
6.570010707678671679e+03 1.035441221045582338e+00
6.570044875142736601e+03 1.032421145710739729e+00
6.570079042784491321e+03 1.032797270685117175e+00
6.570113210603934021e+03 1.028615336483672316e+00
6.570147378601068340e+03 1.029435501338867187e+00
6.570181546775894276e+03 1.028103185628890248e+00
6.570215715128410920e+03 1.040743157462989954e+00
6.570249883658621002e+03 1.041681614774664810e+00
6.570284052366526339e+03 1.035962794978112944e+00
6.570318221252126023e+03 1.031774797572611480e+00
6.570352390315421871e+03 1.029489751023686672e+00
6.570386559556413886e+03 1.030095936590241568e+00
6.570420728975104794e+03 1.027173478387085170e+00
6.570454898571492777e+03 1.031320416877417934e+00
6.570489068345582382e+03 1.039643637335866622e+00
6.570523238297370881e+03 1.033851190446567703e+00
6.570557408426861912e+03 1.038127643120128951e+00
6.570591578734054565e+03 1.029820517553241777e+00
6.570625749218951569e+03 1.033266375082243504e+00
6.570659919881552014e+03 1.014203264183657360e+00
6.570694090721856810e+03 1.007659283115662108e+00
6.570728261739869595e+03 1.013271082048994964e+00
6.570762432935587640e+03 1.019123068249099484e+00
6.570796604309014583e+03 1.021202330767558841e+00
6.570830775860151334e+03 1.027868925404914036e+00
6.570864947588996074e+03 1.025568305170922567e+00
6.570899119495552441e+03 1.025115098746631759e+00
6.570933291579820434e+03 1.026325302748249291e+00
6.570967463841800964e+03 1.023400399742192102e+00
6.571001636281494029e+03 1.021328749584103912e+00
6.571035808898902360e+03 1.019125376078735989e+00
6.571069981694026865e+03 1.025809509775596373e+00
6.571104154666865725e+03 1.027860741814564438e+00
6.571138327817423487e+03 1.030527770049069369e+00
6.571172501145699243e+03 1.033836262702534148e+00
6.571206674651692992e+03 1.030041912057989340e+00
6.571240848335407463e+03 1.026418144073416361e+00
6.571275022196841746e+03 1.026126736708401932e+00
6.571309196235999480e+03 1.024931346870062931e+00
6.571343370452878844e+03 1.024657292614506998e+00
6.571377544847482568e+03 1.026072328171274251e+00
6.571411719419810652e+03 1.029675414943938216e+00
6.571445894169863095e+03 1.031144650361207837e+00
6.571480069097643536e+03 1.027269151076876330e+00
6.571514244203151065e+03 1.024091958699064886e+00
6.571548419486385683e+03 1.023365540385217987e+00
6.571582594947351026e+03 1.021018427854908595e+00
6.571616770586045277e+03 1.022301947245465525e+00
6.571650946402471163e+03 1.025663834245937434e+00
6.571685122396629595e+03 1.027227566747085374e+00
6.571719298568519662e+03 1.028829422442562258e+00
6.571753474918144093e+03 1.021682872069553438e+00
6.571787651445502888e+03 1.023836883301361578e+00
6.571821828150597867e+03 1.026730915379003406e+00
6.571856005033429938e+03 1.021108200966319490e+00
6.571890182093999101e+03 1.019662964652900294e+00
6.571924359332306267e+03 1.022214903769410599e+00
6.571958536748353254e+03 1.023273189938745054e+00
6.571992714342140061e+03 1.017073279635980265e+00
6.572026892113668509e+03 1.009657927197159299e+00
6.572061070062939507e+03 1.002185153661795836e+00
6.572095248189953054e+03 9.688684275765380161e-01
6.572129426494710970e+03 9.133345782243692534e-01
6.572163604977213254e+03 8.908501524211256406e-01
6.572197783637460816e+03 9.153984985704810562e-01
6.572231962475456385e+03 9.558830951427401690e-01
6.572266141491199051e+03 9.945943492777796768e-01
6.572300320684690632e+03 1.016525883443922362e+00
6.572334500055932040e+03 1.021099064745699891e+00
6.572368679604923273e+03 1.027041698689933558e+00
6.572402859331666150e+03 1.023333795806572022e+00
6.572437039236160672e+03 1.028293319846706133e+00
6.572471219318408657e+03 1.032809880787399104e+00
6.572505399578411016e+03 1.033170151570186324e+00
6.572539580016169566e+03 1.028907267380925417e+00
6.572573760631682489e+03 1.022916715724524028e+00
6.572607941424953424e+03 1.018134253570191827e+00
6.572642122395982369e+03 1.014978519395932643e+00
6.572676303544769326e+03 1.022448489742912692e+00
6.572710484871316112e+03 1.029134923502232457e+00
6.572744666375623638e+03 1.031472003485014000e+00
6.572778848057692812e+03 1.027865679744194072e+00
6.572813029917523636e+03 1.021286136341554629e+00
6.572847211955118837e+03 1.026354393193884329e+00
6.572881394170478416e+03 1.031699899510811758e+00
6.572915576563602372e+03 1.025968736797752356e+00
6.572949759134493434e+03 1.024782253886540317e+00
6.572983941883151601e+03 1.026027496691064078e+00
6.573018124809576875e+03 1.026277397309423911e+00
6.573052307913771983e+03 1.021378252381330620e+00
6.573086491195736926e+03 1.022583604511570377e+00
6.573120674655471703e+03 1.027160266323242421e+00
6.573154858292979043e+03 1.028012676071464959e+00
6.573189042108258946e+03 1.027562404573286070e+00
6.573223226101312321e+03 1.023231154638331697e+00
6.573257410272140078e+03 1.027231698449688979e+00
6.573291594620743126e+03 1.033234082779244112e+00
6.573325779147123285e+03 1.030675489282553370e+00
6.573359963851280554e+03 1.029515645453991546e+00
6.573394148733215843e+03 1.030767120057990205e+00
6.573428333792929152e+03 1.025723754108613273e+00
6.573462519030424119e+03 1.024003328121596557e+00
6.573496704445698924e+03 1.021336765740512798e+00
6.573530890038755388e+03 1.017922487451992763e+00
6.573565075809596237e+03 1.020863417683238517e+00
6.573599261758219654e+03 1.018999405810749659e+00
6.573633447884628367e+03 1.015410683148018745e+00
6.573667634188822376e+03 1.021291653107195829e+00
6.573701820670802590e+03 1.022013258465436225e+00
6.573736007330570828e+03 1.019759916604979333e+00
6.573770194168127091e+03 1.028601177470777728e+00
6.573804381183473197e+03 1.031550283707096005e+00
6.573838568376608237e+03 1.029174220760995073e+00
6.573872755747534939e+03 1.024383287027189171e+00
6.573906943296254212e+03 1.029556099661418589e+00
6.573941131022766058e+03 1.020157722835255854e+00
6.573975318927072294e+03 1.026114693857067550e+00
6.574009507009172921e+03 1.021900901895759661e+00
6.574043695269069758e+03 1.027179569568168915e+00
6.574077883706762805e+03 1.025850655405787348e+00
6.574112072322253880e+03 1.025695574244095853e+00
6.574146261115542984e+03 1.028182695778994349e+00
6.574180450086631936e+03 1.023625470329291964e+00
6.574214639235520735e+03 1.025088635300685613e+00
6.574248828562211202e+03 1.027131410080152962e+00
6.574283018066704244e+03 1.027540625645621652e+00
6.574317207748999863e+03 1.030465693287524465e+00
6.574351397609100786e+03 1.029274322442125689e+00
6.574385587647005195e+03 1.029570491687823219e+00
6.574419777862716728e+03 1.024113813198071377e+00
6.574453968256234475e+03 1.027964273311463339e+00
6.574488158827560255e+03 1.026647952518909834e+00
6.574522349576694069e+03 1.022648269005601795e+00
6.574556540503637734e+03 1.028294025647717325e+00
6.574590731608392161e+03 1.015321706455424522e+00
6.574624922890958260e+03 1.011730301625693107e+00
6.574659114351336939e+03 1.018474508817563962e+00
6.574693305989529108e+03 1.020715875260835404e+00
6.574727497805534767e+03 1.016762587436735421e+00
6.574761689799354826e+03 1.014129203901300569e+00
6.574795881970992923e+03 1.005296139705504244e+00
6.574830074320446329e+03 9.813186872128394356e-01
6.574864266847719591e+03 9.339917227107950026e-01
6.574898459552809982e+03 8.550433553403349318e-01
6.574932652435722048e+03 8.043142689671886059e-01
6.574966845496453061e+03 8.443152382013143775e-01
6.575001038735006659e+03 9.118217423190551063e-01
6.575035232151381933e+03 9.659278653003056103e-01
6.575069425745581611e+03 1.003327016165958430e+00
6.575103619517605694e+03 1.010726968693373751e+00
6.575137813467454180e+03 1.010163582872608989e+00
6.575172007595129799e+03 1.014264210796150811e+00
6.575206201900632550e+03 1.024222792813516802e+00
6.575240396383963343e+03 1.021798956175026252e+00
6.575274591045123088e+03 1.028085432566928858e+00
6.575308785884112694e+03 1.032159473647769055e+00
6.575342980900933981e+03 1.032886191267664566e+00
6.575377176095586037e+03 1.029611766355297942e+00
6.575411371468071593e+03 1.029076024188255500e+00
6.575445567018390648e+03 1.023482748747708282e+00
6.575479762746544111e+03 1.019066003341551063e+00
6.575513958652532892e+03 1.026964247457515356e+00
6.575548154736358811e+03 1.029064791823006919e+00
6.575582350998021866e+03 1.027880838614190884e+00
6.575616547437522968e+03 1.030836302400679250e+00
6.575650744054863026e+03 1.023933003845014955e+00
6.575684940850043859e+03 1.024380548574582050e+00
6.575719137823065466e+03 1.020146532104521553e+00
6.575753334973929668e+03 1.032367068825036371e+00
6.575787532302635555e+03 1.034368157956568002e+00
6.575821729809186763e+03 1.029288290814572404e+00
6.575855927493581476e+03 1.027362286031986205e+00
6.575890125355822420e+03 1.025563916310311408e+00
6.575924323395910505e+03 1.025743749797686899e+00
6.575958521613844823e+03 1.027489299342212226e+00
6.575992720009628101e+03 1.031703228494024849e+00
6.576026918583261249e+03 1.034857572178291774e+00
6.576061117334744267e+03 1.035175935125998148e+00
6.576095316264078974e+03 1.028752240366761939e+00
6.576129515371266280e+03 1.028737593267337047e+00
6.576163714656306183e+03 1.034835158257492838e+00
6.576197914119199595e+03 1.027897771632720225e+00
6.576232113759949243e+03 1.028873637449435385e+00
6.576266313578553309e+03 1.023656874944254724e+00
6.576300513575014520e+03 1.029895849894540749e+00
6.576334713749333787e+03 1.027771921390249199e+00
6.576368914101512019e+03 1.028666993249147676e+00
6.576403114631549215e+03 1.023388596020526897e+00
6.576437315339447196e+03 1.026844728526720374e+00
6.576471516225205960e+03 1.017060529339802288e+00
6.576505717288828237e+03 1.020938234193508931e+00
6.576539918530313116e+03 1.026585550043506379e+00
6.576574119949662418e+03 1.022023335284871326e+00
6.576608321546876141e+03 1.023562912345315157e+00
6.576642523321956105e+03 1.022197828777960726e+00
6.576676725274904129e+03 1.023918165466394914e+00
6.576710927405719303e+03 1.030248833535575503e+00
6.576745129714403447e+03 1.030089917302093427e+00
6.576779332200957469e+03 1.031793332296559118e+00
6.576813534865381371e+03 1.029262156759510383e+00
6.576847737707676970e+03 1.019540852146749943e+00
6.576881940727846086e+03 1.026224042259919145e+00
6.576916143925887809e+03 1.034011553966181385e+00
6.576950347301804868e+03 1.025934736564187544e+00
6.576984550855596353e+03 1.028908958841173726e+00
6.577018754587264084e+03 1.027473819052884707e+00
6.577052958496809879e+03 1.027251842205748167e+00
6.577087162584232829e+03 1.027037952939774623e+00
6.577121366849533842e+03 1.026840195648248466e+00
6.577155571292716559e+03 1.027236134832854697e+00
6.577189775913780068e+03 1.026039502840799589e+00
6.577223980712724369e+03 1.025285128517207101e+00
6.577258185689551283e+03 1.023569201298288878e+00
6.577292390844262627e+03 1.022433764957199509e+00
6.577326596176858402e+03 1.027728471616757178e+00
6.577360801687339517e+03 1.026745193573617154e+00
6.577395007375705973e+03 1.021158997690798875e+00
6.577429213241961406e+03 1.021723937601735743e+00
6.577463419286103999e+03 1.020369077796262403e+00
6.577497625508136480e+03 1.019462076039739040e+00
6.577531831908058848e+03 1.014860396984800017e+00
6.577566038485872923e+03 1.018852156371122142e+00
6.577600245241577795e+03 1.021968201367227991e+00
6.577634452175175284e+03 1.016380563193941544e+00
6.577668659286667207e+03 1.018945028894604476e+00
6.577702866576054475e+03 1.020959204953514110e+00
6.577737074043336179e+03 1.018584391479258722e+00
6.577771281688515046e+03 1.019228043457331090e+00
6.577805489511591986e+03 1.011870133149142426e+00
6.577839697512566090e+03 1.019378571106367648e+00
6.577873905691440996e+03 1.021637529093871510e+00
6.577908114048214884e+03 1.024809688715116129e+00
6.577942322582890483e+03 1.015481215353240874e+00
6.577976531295468703e+03 1.009839320686815478e+00
6.578010740185949544e+03 1.015652893893726372e+00
6.578044949254333915e+03 1.016362008577935905e+00
6.578079158500624544e+03 1.017871688340269865e+00
6.578113367924818704e+03 1.017785147912573018e+00
6.578147577526921850e+03 1.011838971775406826e+00
6.578181787306932165e+03 1.011030498917429243e+00
6.578215997264850557e+03 1.016888174357372776e+00
6.578250207400678846e+03 1.022713376416017894e+00
6.578284417714417032e+03 1.009148779322989409e+00
6.578318628206066933e+03 1.011660333176208626e+00
6.578352838875629459e+03 1.008699366988965451e+00
6.578387049723104610e+03 1.013804159247007064e+00
6.578421260748494205e+03 1.007833267613455375e+00
6.578455471951799154e+03 1.004606187331916756e+00
6.578489683333019457e+03 1.013113944817892964e+00
6.578523894892156932e+03 1.009528119579912619e+00
6.578558106629212489e+03 1.015443581260875971e+00
6.578592318544186128e+03 1.020564452807355416e+00
6.578626530637080577e+03 1.014350654973123600e+00
6.578660742907895838e+03 1.012901539905237014e+00
6.578694955356630999e+03 1.013692719575971068e+00
6.578729167983290608e+03 1.008370800852832927e+00
6.578763380787871938e+03 1.006922467980987612e+00
6.578797593770378626e+03 1.014057579322164893e+00
6.578831806930810671e+03 1.017135483442127120e+00
6.578866020269168075e+03 1.008866549087112041e+00
6.578900233785452656e+03 1.005335690332504806e+00
6.578934447479666233e+03 1.008497570754277373e+00
6.578968661351807896e+03 1.010014792548074025e+00
6.579002875401879464e+03 1.007042792761051686e+00
6.579037089629882757e+03 1.013431521741665176e+00
6.579071304035816866e+03 1.006203960129559372e+00
6.579105518619683608e+03 1.006483192506160362e+00
6.579139733381484803e+03 1.004287742710257225e+00
6.579173948321219541e+03 1.001950708371587284e+00
6.579208163438889642e+03 9.935426458933178662e-01
6.579242378734496924e+03 9.931629738195750789e-01
6.579276594208041388e+03 1.003663910656578562e+00
6.579310809859523033e+03 1.005525373652820464e+00
6.579345025688944588e+03 1.008125768518391974e+00
6.579379241696306963e+03 1.007885704922189651e+00
6.579413457881609247e+03 1.012744835374139507e+00
6.579447674244854170e+03 1.018030800248381995e+00
6.579481890786040822e+03 1.016250648393676848e+00
6.579516107505171931e+03 1.023145242364424723e+00
6.579550324402248407e+03 1.019022796069830594e+00
6.579584541477269340e+03 1.018120942197075829e+00
6.579618758730237460e+03 1.011728876820970902e+00
6.579652976161152765e+03 1.013664907836739237e+00
6.579687193770016165e+03 1.013180004931942157e+00
6.579721411556830390e+03 1.013028124379737660e+00
6.579755629521593619e+03 1.015845868317323486e+00
6.579789847664308581e+03 1.012938678088566302e+00
6.579824065984974368e+03 1.018866164629744775e+00
6.579858284483594616e+03 1.016337060637918288e+00
6.579892503160167507e+03 1.017514522863375515e+00
6.579926722014695770e+03 1.010928846086838417e+00
6.579960941047180313e+03 1.016332131431789243e+00
6.579995160257621137e+03 1.015489064887003634e+00
6.580029379646020061e+03 1.011240484966293929e+00
6.580063599212377994e+03 1.019949662683027114e+00
6.580097818956694937e+03 1.020828662340153681e+00
6.580132038878970889e+03 1.016591234675749744e+00
6.580166258979209488e+03 1.019664090557677261e+00
6.580200479257410734e+03 1.019363818342172490e+00
6.580234699713573718e+03 1.018432016540270046e+00
6.580268920347702078e+03 1.016429610875078993e+00
6.580303141159795814e+03 1.010631737159593868e+00
6.580337362149854926e+03 1.009437476819833091e+00
6.580371583317881232e+03 1.015538006070279220e+00
6.580405804663874733e+03 1.018666444187086073e+00
6.580440026187837248e+03 1.019854702540840874e+00
6.580474247889769686e+03 1.009442793928925663e+00
6.580508469769672047e+03 1.017633878462409713e+00
6.580542691827547060e+03 1.012632982162622097e+00
6.580576914063393815e+03 1.015911036299884440e+00
6.580611136477214131e+03 1.019049626347396709e+00
6.580645359069008009e+03 1.013888563364687467e+00
6.580679581838778176e+03 1.011443908145223780e+00
6.580713804786524634e+03 1.016869405334257737e+00
6.580748027912247380e+03 1.007732314572893806e+00
6.580782251215948236e+03 9.999556772012139216e-01
6.580816474697628109e+03 9.792134302195569795e-01
6.580850698357287911e+03 9.536592528565779325e-01
6.580884922194928549e+03 9.596252740139600279e-01
6.580919146210550934e+03 9.880128710942172043e-01
6.580953370404155976e+03 1.008598924715646383e+00
6.580987594775744583e+03 1.009494507711305333e+00
6.581021819325317665e+03 1.003969260592466384e+00
6.581056044052875222e+03 1.003255732873916006e+00
6.581090268958419983e+03 1.006362002846747039e+00
6.581124494041952858e+03 1.013743801901036967e+00
6.581158719303472935e+03 1.015695950595068009e+00
6.581192944742982036e+03 1.022559918904997645e+00
6.581227170360481068e+03 1.018016326783336867e+00
6.581261396155971852e+03 1.021656301066597772e+00
6.581295622129453477e+03 1.020150058984954144e+00
6.581329848280928672e+03 1.014728563959692798e+00
6.581364074610397438e+03 1.014456221325723106e+00
6.581398301117860683e+03 1.015777404333869649e+00
6.581432527803320227e+03 1.017727567629201024e+00
6.581466754666776069e+03 1.014158740126288372e+00
6.581500981708229119e+03 1.018298085086363436e+00
6.581535208927680287e+03 1.019358545940989069e+00
6.581569436325130482e+03 1.020000182660909305e+00
6.581603663900581523e+03 1.022818408226974229e+00
6.581637891654033410e+03 1.026150543497526657e+00
6.581672119585487962e+03 1.022374159774485314e+00
6.581706347694945180e+03 1.014006939137152674e+00
6.581740575982405971e+03 1.012554076880259446e+00
6.581774804447871247e+03 1.014679309652984251e+00
6.581809033091343736e+03 1.019716038158411608e+00
6.581843261912821617e+03 1.017376356000952997e+00
6.581877490912308531e+03 1.010958114933011798e+00
6.581911720089802657e+03 1.007611735564045929e+00
6.581945949445306724e+03 1.013097928787958235e+00
6.581980178978821641e+03 1.011558927988202017e+00
6.582014408690346499e+03 1.011605177618684737e+00
6.582048638579884937e+03 1.007047789869966570e+00
6.582082868647436953e+03 1.011951166196334517e+00
6.582117098893001639e+03 1.016524597173944278e+00
6.582151329316581723e+03 1.014222367549413528e+00
6.582185559918178114e+03 1.013038965687003357e+00
6.582219790697791723e+03 1.010511030504016583e+00
6.582254021655422548e+03 1.006642337765016215e+00
6.582288252791072409e+03 1.004467083566089602e+00
6.582322484104741307e+03 1.011178546235910414e+00
6.582356715596431968e+03 1.010037744863710563e+00
6.582390947266143485e+03 1.006659198066929495e+00
6.582425179113876766e+03 1.000026652689904205e+00
6.582459411139634540e+03 9.949065932128843270e-01
6.582493643343416807e+03 1.004358563315759012e+00
6.582527875725222657e+03 1.009118965966232961e+00
6.582562108285055729e+03 1.004092921311283249e+00
6.582596341022916022e+03 1.006281744987916005e+00
6.582630573938804446e+03 1.008845921963863468e+00
6.582664807032721001e+03 1.008245244667729912e+00
6.582699040304667506e+03 1.011520353551018214e+00
6.582733273754645779e+03 1.009045119649475852e+00
6.582767507382654912e+03 1.003746468409605574e+00
6.582801741188696724e+03 1.003472321802024503e+00
6.582835975172772123e+03 1.008305922845008640e+00
6.582870209334882929e+03 1.000585381425173059e+00
6.582904443675028233e+03 1.005778365811443642e+00
6.582938678193209853e+03 1.000475770476625392e+00
6.582972912889428699e+03 1.007403539969818018e+00
6.583007147763685680e+03 1.001420631233421288e+00
6.583041382815981706e+03 1.005652617288398609e+00
6.583075618046318596e+03 1.009138087656674010e+00
6.583109853454695440e+03 1.000184473312078159e+00
6.583144089041114967e+03 1.001541790657092701e+00
6.583178324805576267e+03 9.995331863756987678e-01
6.583212560748081160e+03 9.978715948034283523e-01
6.583246796868632373e+03 1.001448024340008125e+00
6.583281033167228088e+03 1.002932449259530401e+00
6.583315269643870124e+03 9.946202398239599729e-01
6.583349506298560300e+03 9.788065167308970249e-01
6.583383743131298615e+03 9.792687215263372602e-01
6.583417980142085980e+03 9.914457563755928460e-01
6.583452217330924213e+03 9.918352796805264271e-01
6.583486454697813315e+03 9.920914060428354109e-01
6.583520692242753285e+03 9.914259581028199708e-01
6.583554929965747760e+03 9.791952867796747118e-01
6.583589167866794924e+03 9.721366163371573110e-01
6.583623405945897503e+03 9.773416951696902721e-01
6.583657644203056407e+03 9.865812995512340811e-01
6.583691882638271636e+03 1.002503453791441235e+00
6.583726121251545010e+03 9.998611688290912625e-01
6.583760360042875618e+03 9.988129869466561006e-01
6.583794599012266190e+03 1.005977628092764586e+00
6.583828838159718543e+03 1.004718737837723364e+00
6.583863077485230860e+03 1.013221140821867872e+00
6.583897316988805869e+03 1.014930721685387560e+00
6.583931556670443570e+03 1.011993723865224126e+00
6.583965796530145781e+03 1.002974784824249177e+00
6.584000036567912503e+03 1.008441895579339498e+00
6.584034276783745554e+03 1.010152706024463054e+00
6.584068517177645845e+03 1.004933422880148974e+00
6.584102757749614284e+03 1.010895867057679753e+00
6.584136998499649962e+03 1.009094534468501836e+00
6.584171239427756518e+03 9.995491469061233980e-01
6.584205480533933951e+03 1.006198190054032882e+00
6.584239721818181351e+03 1.013052033253418083e+00
6.584273963280502358e+03 1.009966676084866233e+00
6.584308204920896969e+03 1.004258057440970298e+00
6.584342446739365187e+03 9.984205089006854550e-01
6.584376688735908829e+03 1.004821442146172306e+00
6.584410930910527895e+03 1.002820991722689348e+00
6.584445173263225115e+03 1.002553415553702143e+00
6.584479415793999578e+03 1.008002416959782765e+00
6.584513658502853104e+03 1.004843172890768077e+00
6.584547901389787512e+03 1.000520194745323499e+00
6.584582144454801892e+03 1.000806824922869653e+00
6.584616387697898062e+03 1.005637426585273886e+00
6.584650631119076934e+03 1.007603365446885668e+00
6.584684874718338506e+03 1.006533405984764595e+00
6.584719118495685507e+03 1.001734858139068818e+00
6.584753362451117937e+03 1.002860258243259972e+00
6.584787606584636706e+03 1.009359366604666075e+00
6.584821850896241813e+03 1.002594285648564787e+00
6.584856095385935987e+03 1.007107290339493311e+00
6.584890340053719228e+03 1.013567950401983664e+00
6.584924584899591537e+03 1.009145886155533356e+00
6.584958829923556550e+03 1.005628199675842049e+00
6.584993075125612449e+03 1.004250527712791996e+00
6.585027320505761054e+03 1.007112737104581601e+00
6.585061566064003273e+03 1.007565944077496445e+00
6.585095811800340925e+03 1.001507351144137470e+00
6.585130057714773102e+03 1.003381655099843339e+00
6.585164303807302531e+03 1.007851238700829155e+00
6.585198550077929212e+03 1.005296354929460900e+00
6.585232796526654965e+03 1.001815240698510356e+00
6.585267043153478880e+03 9.963834648481637579e-01
6.585301289958403686e+03 9.940934256443216821e-01
6.585335536941429382e+03 9.971609725293785198e-01
6.585369784102557787e+03 1.001098225277185172e+00
6.585404031441788902e+03 1.000645223890331392e+00
6.585438278959122727e+03 1.002966836603811807e+00
6.585472526654562898e+03 1.006560909262101067e+00
6.585506774528107599e+03 1.003587673887393006e+00
6.585541022579760465e+03 1.007378932648257841e+00
6.585575270809520589e+03 9.979053546591245549e-01
6.585609519217388879e+03 1.010855473646616653e+00
6.585643767803366245e+03 1.002729099919513089e+00
6.585678016567454506e+03 9.976533123682821413e-01
6.585712265509654571e+03 9.977544782749960817e-01
6.585746514629966441e+03 9.925429303214520216e-01
6.585780763928391025e+03 9.966278534497111652e-01
6.585815013404930141e+03 9.874734912057694380e-01
6.585849263059584700e+03 9.859773586436311188e-01
6.585883512892354702e+03 9.884459361542776712e-01
6.585917762903241965e+03 9.993904620613767165e-01
6.585952013092247398e+03 1.007547856287995813e+00
6.585986263459371003e+03 1.007352576924267495e+00
6.586020514004613688e+03 1.003427460521040038e+00
6.586054764727978181e+03 1.003604630005019205e+00
6.586089015629463574e+03 1.008115146374068738e+00
6.586123266709071686e+03 1.003101844982708934e+00
6.586157517966803425e+03 1.001325144297336545e+00
6.586191769402658792e+03 1.007186891377990445e+00
6.586226021016639606e+03 1.000913075318493384e+00
6.586260272808745867e+03 9.975151680045469815e-01
6.586294524778980303e+03 1.002033019466881392e+00
6.586328776927342915e+03 1.002380352780948947e+00
6.586363029253833702e+03 1.004204947063314979e+00
6.586397281758454483e+03 1.004169173502237111e+00
6.586431534441206168e+03 1.002518237082395514e+00
6.586465787302089666e+03 9.987279797463353148e-01
6.586500040341105887e+03 9.912070645987762774e-01
6.586534293558254831e+03 9.683903282709029892e-01
6.586568546953540135e+03 9.369332462843873444e-01
6.586602800526959072e+03 9.263961651965878508e-01
6.586637054278515279e+03 9.538530719051803164e-01
6.586671308208208757e+03 9.730724507847481330e-01
6.586705562316039504e+03 9.806050537926307431e-01
6.586739816602010251e+03 9.711799453699911933e-01
6.586774071066121905e+03 9.691779380902799668e-01
6.586808325708372649e+03 9.790771039869008430e-01
6.586842580528766121e+03 1.002071284737442669e+00
6.586876835527302319e+03 9.998233770346434124e-01
6.586911090703982154e+03 9.959273696310368962e-01
6.586945346058807445e+03 9.963863671450723380e-01
6.586979601591778192e+03 9.996362202856429180e-01
6.587013857302895303e+03 1.004608922572424401e+00
6.587048113192158780e+03 1.003499354595876580e+00
6.587082369259572260e+03 9.990545462717630443e-01
6.587116625505133925e+03 1.002297996637619315e+00
6.587150881928847411e+03 9.994267381702054420e-01
6.587185138530710901e+03 9.980847734753384159e-01
6.587219395310726213e+03 1.002336430798639544e+00
6.587253652268894257e+03 1.001376335528004979e+00
6.587287909405217761e+03 1.003428745529825639e+00
6.587322166719694906e+03 1.000982479075157583e+00
6.587356424212328420e+03 1.002068448963439273e+00
6.587390681883118305e+03 1.005308819389560959e+00
6.587424939732066377e+03 1.003035758424047907e+00
6.587459197759171730e+03 1.001887879774504997e+00
6.587493455964437999e+03 1.002040960781220180e+00
6.587527714347864276e+03 1.005475087414243518e+00
6.587561972909452379e+03 1.004179939862070547e+00
6.587596231649202309e+03 1.001508962393113267e+00
6.587630490567114975e+03 1.006096088548021683e+00
6.587664749663192197e+03 9.993399605640338468e-01
6.587699008937435792e+03 1.008132172171247731e+00
6.587733268389843943e+03 1.003318391660547704e+00
6.587767528020418467e+03 1.002867215171480364e+00
6.587801787829162095e+03 1.006933845200276512e+00
6.587836047816073915e+03 1.006019072160858840e+00
6.587870307981155747e+03 9.986246826980544888e-01
6.587904568324408501e+03 1.004408997043029883e+00
6.587938828845831267e+03 1.000970660644661558e+00
6.587973089545427683e+03 1.001893133133392899e+00
6.588007350423197749e+03 9.970890698041005029e-01
6.588041611479141466e+03 9.973026897345120823e-01
6.588075872713261560e+03 9.936805217433858362e-01
6.588110134125556215e+03 1.002396509776466660e+00
6.588144395716029067e+03 1.004689880265308588e+00
6.588178657484680116e+03 1.002767344082853507e+00
6.588212919431509363e+03 1.003885350950375566e+00
6.588247181556519536e+03 1.005582080067828787e+00
6.588281443859709725e+03 1.004877968688641543e+00
6.588315706341081750e+03 9.991772616748495484e-01
6.588349969000636520e+03 9.961514533985239561e-01
6.588384231838374944e+03 1.003038809384467545e+00
6.588418494854297023e+03 1.005742814377047267e+00
6.588452758048405485e+03 1.000969285262088837e+00
6.588487021420701240e+03 1.005759092378235575e+00
6.588521284971182467e+03 1.003793567307311063e+00
6.588555548699853716e+03 9.988136665896583111e-01
6.588589812606712258e+03 9.929997797898242329e-01
6.588624076691762639e+03 9.817562744470377245e-01
6.588658340955003041e+03 9.889678012499170112e-01
6.588692605396435283e+03 9.954738066658505025e-01
6.588726870016061184e+03 9.956676456194538671e-01
6.588761134813879835e+03 1.003375129327942039e+00
6.588795399789893963e+03 9.980181745091734058e-01
6.588829664944103570e+03 1.000175744311213810e+00
6.588863930276509564e+03 9.999588020797358645e-01
6.588898195787112854e+03 9.944062463015878039e-01
6.588932461475915261e+03 9.972886994171049624e-01
6.588966727342917693e+03 1.004985373535505877e+00
6.589000993388119241e+03 9.963636391546738524e-01
6.589035259611521724e+03 1.001313170844571054e+00
6.589069526013126961e+03 1.004575002794245275e+00
6.589103792592934951e+03 1.003461978353492601e+00
6.589138059350947515e+03 1.005220877504309884e+00
6.589172326287164651e+03 1.000503108753602266e+00
6.589206593401587270e+03 1.002653924067015145e+00
6.589240860694217190e+03 1.003722602846024881e+00
6.589275128165055321e+03 9.963439476476808609e-01
6.589309395814100753e+03 1.000524383344354229e+00
6.589343663641356216e+03 9.980023674589310057e-01
6.589377931646822617e+03 9.937682296617772471e-01
6.589412199830499958e+03 9.988349581400054467e-01
6.589446468192389148e+03 9.994669588898196233e-01
6.589480736732492005e+03 1.002588252245342648e+00
6.589515005450809440e+03 1.006927106927246740e+00
6.589549274347341452e+03 1.002586125274266493e+00
6.589583543422090770e+03 1.000144970754862195e+00
6.589617812675055575e+03 1.000012406841204182e+00
6.589652082106238595e+03 1.000457644068035279e+00
6.589686351715641649e+03 1.002289031777461759e+00
6.589720621503262919e+03 1.003685361220794547e+00
6.589754891469105132e+03 1.003814094173586913e+00
6.589789161613170108e+03 1.000745910451169118e+00
6.589823431935456028e+03 1.005449801035215529e+00
6.589857702435966530e+03 1.003983856749632197e+00
6.589891973114700704e+03 1.006290157605811642e+00
6.589926243971660369e+03 1.003432669900132135e+00
6.589960515006846435e+03 9.994746780904141259e-01
6.589994786220259812e+03 1.004562719694984674e+00
6.590029057611901408e+03 1.002733454027068261e+00
6.590063329181771223e+03 9.987767883404022884e-01
6.590097600929871987e+03 9.967210710749848657e-01
6.590131872856201880e+03 1.005239707480346301e+00
6.590166144960765450e+03 1.000358831725007391e+00
6.590200417243560878e+03 1.000186562203045249e+00
6.590234689704589982e+03 9.999698967098490376e-01
6.590268962343853673e+03 1.006230686358062343e+00
6.590303235161352859e+03 1.006094587723801004e+00
6.590337508157088450e+03 9.989932724563054256e-01
6.590371781331062266e+03 9.990152152888090997e-01
6.590406054683274306e+03 1.005525151195856504e+00
6.590440328213723660e+03 9.999762530007285655e-01
6.590474601922414877e+03 1.006608786685881274e+00
6.590508875809347046e+03 1.004497992420637420e+00
6.590543149874521077e+03 1.004357022989462944e+00
6.590577424117937881e+03 1.008377359107933913e+00
6.590611698539598365e+03 1.001373461178770130e+00
6.590645973139503440e+03 9.992566922300277765e-01
6.590680247917654924e+03 1.000721013081453448e+00
6.590714522874051909e+03 9.973808433071685853e-01
6.590748798008697122e+03 1.003671398480638466e+00
6.590783073321591473e+03 1.001283242525357720e+00
6.590817348812734053e+03 9.966260157585439261e-01
6.590851624482127590e+03 9.980145316770413499e-01
6.590885900329772085e+03 9.995438693853344603e-01
6.590920176355669355e+03 1.003657878995724895e+00
6.590954452559819401e+03 1.001099832127348987e+00
6.590988728942223133e+03 9.986336652499054889e-01
6.591023005502882370e+03 9.972803391458145983e-01
6.591057282241797111e+03 9.932747884966607321e-01
6.591091559158968266e+03 9.924742545060284415e-01
6.591125836254398564e+03 9.947121654551576153e-01
6.591160113528086185e+03 1.000390561781332233e+00
6.591194390980034768e+03 9.952812027692859997e-01
6.591228668610243403e+03 9.932410778469926704e-01
6.591262946418712090e+03 1.000140368422642423e+00
6.591297224405444467e+03 9.995453685764956742e-01
6.591331502570440534e+03 9.988974653498472467e-01
6.591365780913700291e+03 1.001686707420009537e+00
6.591400059435225558e+03 9.948363057820205357e-01
6.591434338135016333e+03 9.946403359376760900e-01
6.591468617013074436e+03 1.002670447445367152e+00
6.591502896069399867e+03 1.003794758493207873e+00
6.591537175303994445e+03 1.000535319785684329e+00
6.591571454716859989e+03 1.004773499784401114e+00
6.591605734307994680e+03 1.003836443006955292e+00
6.591640014077402157e+03 1.000290770684514330e+00
6.591674294025081508e+03 1.000241260743161442e+00
6.591708574151034554e+03 9.977446986882458901e-01
6.591742854455262204e+03 9.927216451555616050e-01
6.591777134937765368e+03 1.002926689962616580e+00
6.591811415598544045e+03 9.983781919516327985e-01
6.591845696437600964e+03 1.000520689463989310e+00
6.591879977454935215e+03 1.000622331400180309e+00
6.591914258650548618e+03 1.000141527456688495e+00
6.591948540024442991e+03 9.986616450497589614e-01
6.591982821576617425e+03 1.001574444958157395e+00
6.592017103307073739e+03 1.000453480158836506e+00
6.592051385215813752e+03 9.986495832769428649e-01
6.592085667302836555e+03 1.005046190096380743e+00
6.592119949568143056e+03 1.000780841484270267e+00
6.592154232011736894e+03 9.974425896041175799e-01
6.592188514633616251e+03 1.004810006885772378e+00
6.592222797433782944e+03 9.999643453133267856e-01
6.592257080412238793e+03 1.000351305094233201e+00
6.592291363568982888e+03 1.002006405228522468e+00
6.592325646904017958e+03 9.934052484766094926e-01
6.592359930417344913e+03 9.952909434162287017e-01
6.592394214108962842e+03 1.003915174126859711e+00
6.592428497978873565e+03 9.998947143445082730e-01
6.592462782027078902e+03 9.999823031823243946e-01
6.592497066253577941e+03 1.003235689364439409e+00
6.592531350658374322e+03 1.002333945795546466e+00
6.592565635241465316e+03 1.000243083312196246e+00
6.592599920002856379e+03 9.978228563554377706e-01
6.592634204942544784e+03 9.990317001352204684e-01
6.592668490060532349e+03 1.001808069639434029e+00
6.592702775356819984e+03 9.979173995615642223e-01
6.592737060831410417e+03 9.946719734865688833e-01
6.592771346484301830e+03 9.955546699339460348e-01
6.592805632315496950e+03 9.992272767751109175e-01
6.592839918324995779e+03 1.005194805585280404e+00
6.592874204512800134e+03 1.000010318594422909e+00
6.592908490878910925e+03 9.988739381307086829e-01
6.592942777423328153e+03 1.001053584426946808e+00
6.592977064146051816e+03 1.001317101313284885e+00
6.593011351047085554e+03 9.938695980848837319e-01
6.593045638126429367e+03 9.833555672246513391e-01
6.593079925384083253e+03 9.818769346403224407e-01
6.593114212820048124e+03 9.883778812622729948e-01
6.593148500434326706e+03 9.981859934508034993e-01
6.593182788226918092e+03 9.984944327591573909e-01
6.593217076197823189e+03 9.924728240371912813e-01
6.593251364347043818e+03 1.002183377164989730e+00
6.593285652674581797e+03 1.001178026514373931e+00
6.593319941180435308e+03 9.972553963016439482e-01
6.593354229864607987e+03 9.980582781928551972e-01
6.593388518727098017e+03 1.000639750831688213e+00
6.593422807767909035e+03 1.001727269572235679e+00
6.593457096987041041e+03 9.994495733926597181e-01
6.593491386384494035e+03 9.914402544222546965e-01
6.593525675960270746e+03 9.940553127020632651e-01
