# Corrected for radial velocity of 20.55 km/s
# 
# star name zetOri, line HALPHA
# instrument: HERMES spectrograph @Mercator
# date of observation (midpoint)2018-10-13T06:35:36.061776
# BJD of observation (midpoint)2458404.7769581
# name of fits file: 00897909_HRF_OBJ_ext_CosmicsRemoved_log_merged_c.fits
# 
# wavelength(Angstrom,air) normalised_flux
6.537563753249107322e+03 9.995493485849109572e-01
6.537597751972178230e+03 9.984149534871887832e-01
6.537631750872058547e+03 1.002135987338503842e+00
6.537665749948750999e+03 1.001611604227153229e+00
6.537699749202255589e+03 1.004465829924485964e+00
6.537733748632575043e+03 9.991513942730881892e-01
6.537767748239709363e+03 9.929428955476424790e-01
6.537801748023658547e+03 9.978414857185303743e-01
6.537835747984424415e+03 9.970052487307001776e-01
6.537869748122007877e+03 1.000322566200925190e+00
6.537903748436409842e+03 1.003541775687627702e+00
6.537937748927631219e+03 1.001017806796934861e+00
6.537971749595672918e+03 1.002128914047851316e+00
6.538005750440534939e+03 1.002386772179944208e+00
6.538039751462219101e+03 1.002158022241466773e+00
6.538073752660725404e+03 1.008483865930475121e+00
6.538107754036057486e+03 1.001416983946962214e+00
6.538141755588213528e+03 1.001640728301802064e+00
6.538175757317194439e+03 1.000911631873075081e+00
6.538209759223003857e+03 9.970642631853636750e-01
6.538243761305639055e+03 9.939078085394105200e-01
6.538277763565102759e+03 9.928712422223248124e-01
6.538311766001397700e+03 9.948341926885975184e-01
6.538345768614521148e+03 9.982325435208615483e-01
6.538379771404475832e+03 1.002766259533953042e+00
6.538413774371264481e+03 1.001301392727365958e+00
6.538447777514884365e+03 1.002054335867527790e+00
6.538481780835338213e+03 9.987344626246789092e-01
6.538515784332627845e+03 1.000852105883808907e+00
6.538549788006753261e+03 1.003295459640957121e+00
6.538583791857715369e+03 9.969638195649030976e-01
6.538617795885515079e+03 9.964165368873435513e-01
6.538651800090153301e+03 1.002548232410672480e+00
6.538685804471630945e+03 9.974236369840496774e-01
6.538719809029948919e+03 9.999597607209931294e-01
6.538753813765108134e+03 1.000268412275404639e+00
6.538787818677110408e+03 9.957111203728614690e-01
6.538821823765954832e+03 9.963673943165145541e-01
6.538855829031643225e+03 9.997536545670709929e-01
6.538889834474178315e+03 1.003396056263088365e+00
6.538923840093558283e+03 1.004037263909365096e+00
6.538957845889784949e+03 9.984166249073278543e-01
6.538991851862859221e+03 9.952356275084505155e-01
6.539025858012782919e+03 9.995294929929733341e-01
6.539059864339556043e+03 1.000724265398463597e+00
6.539093870843179502e+03 9.996083233330332884e-01
6.539127877523654206e+03 9.988122385607445253e-01
6.539161884380981064e+03 9.994692241001700284e-01
6.539195891415161896e+03 1.000767356795289720e+00
6.539229898626196700e+03 9.994771943328986108e-01
6.539263906014087297e+03 9.987527083922144167e-01
6.539297913578832777e+03 1.003162922927549383e+00
6.539331921320435868e+03 1.003979918030989849e+00
6.539365929238897479e+03 9.987081632666477971e-01
6.539399937334216702e+03 1.000223268175649549e+00
6.539433945606396264e+03 1.000981977109019816e+00
6.539467954055436167e+03 9.983811377713582846e-01
6.539501962681338227e+03 9.982520545230679776e-01
6.539535971484102447e+03 9.910190196227923742e-01
6.539569980463729735e+03 1.001117437160194745e+00
6.539603989620221910e+03 9.984590533108071986e-01
6.539637998953578972e+03 9.970139215248947639e-01
6.539672008463802740e+03 9.994012632939581753e-01
6.539706018150893215e+03 1.000580787217324907e+00
6.539740028014852214e+03 9.987639117447396631e-01
6.539774038055679739e+03 9.978880878329348114e-01
6.539808048273376698e+03 9.930784333380751061e-01
6.539842058667944002e+03 9.983861326206798781e-01
6.539876069239384378e+03 9.984351880474300334e-01
6.539910079987696918e+03 9.989126475160982066e-01
6.539944090912883439e+03 9.969447962504859317e-01
6.539978102014943033e+03 9.972852131363768580e-01
6.540012113293879338e+03 1.000937299929322233e+00
6.540046124749690534e+03 1.003883092870332616e+00
6.540080136382380260e+03 1.001199244899446006e+00
6.540114148191947606e+03 1.002600753951250034e+00
6.540148160178394392e+03 1.002929498737128444e+00
6.540182172341720616e+03 1.004166363103763171e+00
6.540216184681928098e+03 1.006870735492051194e+00
6.540250197199016839e+03 1.002930958312179044e+00
6.540284209892988656e+03 1.000065721289336018e+00
6.540318222763844460e+03 1.002418623848340795e+00
6.540352235811584251e+03 1.001807439168987957e+00
6.540386249036209847e+03 1.000654760759340789e+00
6.540420262437722158e+03 1.002491793246228280e+00
6.540454276016121185e+03 9.978067009623591277e-01
6.540488289771408745e+03 9.950617724599305491e-01
6.540522303703585749e+03 9.992961463723224469e-01
6.540556317812653106e+03 9.974902594676092749e-01
6.540590332098610816e+03 9.932164223081518806e-01
6.540624346561460698e+03 9.958261215659769405e-01
6.540658361201202752e+03 9.954295598787588073e-01
6.540692376017838797e+03 9.985919831205507524e-01
6.540726391011369742e+03 1.004551143068048047e+00
6.540760406181797407e+03 1.005298451183570529e+00
6.540794421529120882e+03 1.007503159058130482e+00
6.540828437053341077e+03 1.001102016729938038e+00
6.540862452754459810e+03 9.983079448626035468e-01
6.540896468632478900e+03 1.004963238357281519e+00
6.540930484687396529e+03 1.004843611266807768e+00
6.540964500919217244e+03 1.006315072400379762e+00
6.540998517327938316e+03 1.004104718887567804e+00
6.541032533913563384e+03 1.003474849073306974e+00
6.541066550676091538e+03 1.007244289449663599e+00
6.541100567615526415e+03 1.003134499852085471e+00
6.541134584731865289e+03 9.977970359698222769e-01
6.541168602025110886e+03 9.969447208829865792e-01
6.541202619495264116e+03 9.966820685049527784e-01
6.541236637142325890e+03 9.974541037394999421e-01
6.541270654966298025e+03 9.954391050104149929e-01
6.541304672967179613e+03 9.958662577000497729e-01
6.541338691144972472e+03 9.976739581360362097e-01
6.541372709499676603e+03 9.983165888311468228e-01
6.541406728031294733e+03 9.996605491948565847e-01
6.541440746739827773e+03 9.970565733895019322e-01
6.541474765625274813e+03 9.963280152771504250e-01
6.541508784687637672e+03 1.005114793536600493e+00
6.541542803926917259e+03 1.007012802579256405e+00
6.541576823343114484e+03 9.989902785028899057e-01
6.541610842936230256e+03 9.992640793901647056e-01
6.541644862706266395e+03 1.010441578366955806e+00
6.541678882653222900e+03 1.006945960190452460e+00
6.541712902777099771e+03 9.982191744893390561e-01
6.541746923077899737e+03 1.001389973330476302e+00
6.541780943555622798e+03 1.008745152729272343e+00
6.541814964210268954e+03 1.007886135117266768e+00
6.541848985041841843e+03 1.005382131705728765e+00
6.541883006050340555e+03 1.002479108838534749e+00
6.541917027235765090e+03 1.003489049832434254e+00
6.541951048598117268e+03 1.003634920182553625e+00
6.541985070137398907e+03 1.004633108601675096e+00
6.542019091853610007e+03 1.002693838291888850e+00
6.542053113746752388e+03 1.000482620982757753e+00
6.542087135816825139e+03 9.992926763128820999e-01
6.542121158063830080e+03 9.944841370468380237e-01
6.542155180487769940e+03 1.008107714688304180e+00
6.542189203088642898e+03 9.993049740910947554e-01
6.542223225866451685e+03 9.995008104278462202e-01
6.542257248821196299e+03 9.941974542747118448e-01
6.542291271952877651e+03 9.836793137097907813e-01
6.542325295261496649e+03 9.709424895387908094e-01
6.542359318747055113e+03 9.540862264849536700e-01
6.542393342409553043e+03 9.435631700677680200e-01
6.542427366248992257e+03 9.580196308699914232e-01
6.542461390265372756e+03 9.816419834465388572e-01
6.542495414458695450e+03 9.953618486645193775e-01
6.542529438828962157e+03 9.957099363516703772e-01
6.542563463376172876e+03 9.950400122056494157e-01
6.542597488100328519e+03 9.981214218539551375e-01
6.542631513001430903e+03 1.001976197530227486e+00
6.542665538079480939e+03 1.001367434354050623e+00
6.542699563334477716e+03 9.986906363350539495e-01
6.542733588766423964e+03 1.006366986683559395e+00
6.542767614375320591e+03 1.005931410874979282e+00
6.542801640161167597e+03 1.000457202679682078e+00
6.542835666123966803e+03 9.987726185575899196e-01
6.542869692263718207e+03 9.981210746200130934e-01
6.542903718580423629e+03 9.956187327466811121e-01
6.542937745074083978e+03 9.966557744846951117e-01
6.542971771744698344e+03 9.999376907644866863e-01
6.543005798592270366e+03 9.952036471331138223e-01
6.543039825616799135e+03 9.899038857015867166e-01
6.543073852818284649e+03 9.994388110280200133e-01
6.543107880196731458e+03 9.994066206717170386e-01
6.543141907752137740e+03 9.988691968947176480e-01
6.543175935484503498e+03 9.998465135850640451e-01
6.543209963393833277e+03 1.003254178402019248e+00
6.543243991480124350e+03 1.005928132520380380e+00
6.543278019743379446e+03 1.004401431831401625e+00
6.543312048183599472e+03 1.003337793257648158e+00
6.543346076800785340e+03 1.005307076531061217e+00
6.543380105594936140e+03 1.002928676316413359e+00
6.543414134566056418e+03 1.001423479282111062e+00
6.543448163714144357e+03 1.001836164952294439e+00
6.543482193039199956e+03 1.009244666615234820e+00
6.543516222541227762e+03 1.006347720755772279e+00
6.543550252220225957e+03 9.964361763391930138e-01
6.543584282076195450e+03 9.974033807633989612e-01
6.543618312109138060e+03 9.965085046080635056e-01
6.543652342319054696e+03 1.005829020745642177e+00
6.543686372705946269e+03 1.000229969894575355e+00
6.543720403269813687e+03 9.965859707244365540e-01
6.543754434010656951e+03 9.979282782620028103e-01
6.543788464928478788e+03 9.953489675127165093e-01
6.543822496023278291e+03 9.915481967761626825e-01
6.543856527295057276e+03 9.853989896512912461e-01
6.543890558743815745e+03 9.652559727213162466e-01
6.543924590369557336e+03 9.272096850173815463e-01
6.543958622172280229e+03 8.577585142510294469e-01
6.543992654151985334e+03 8.256331055532089014e-01
6.544026686308674471e+03 8.735268653607815015e-01
6.544060718642349457e+03 9.386434850622970005e-01
6.544094751153009383e+03 9.710942036412111289e-01
6.544128783840656070e+03 9.858862091829632135e-01
6.544162816705291334e+03 9.974691315176141826e-01
6.544196849746913358e+03 9.958108255966031663e-01
6.544230882965525780e+03 9.971189271890150696e-01
6.544264916361129508e+03 1.006307183799581173e+00
6.544298949933723634e+03 1.003602665334521804e+00
6.544332983683310886e+03 1.005829908271730133e+00
6.544367017609890354e+03 1.003537422452136507e+00
6.544401051713463858e+03 9.970743603975845692e-01
6.544435085994032306e+03 9.987062468057383846e-01
6.544469120451597519e+03 1.000513612783411110e+00
6.544503155086158586e+03 9.938415351273065523e-01
6.544537189897717326e+03 1.001735524201226912e+00
6.544571224886275559e+03 9.984189210174411189e-01
6.544605260051833284e+03 1.002396632572510660e+00
6.544639295394391411e+03 1.001295727239756461e+00
6.544673330913949940e+03 9.968620060058339671e-01
6.544707366610512508e+03 9.991746437242956524e-01
6.544741402484078208e+03 1.002120725739038098e+00
6.544775438534646128e+03 9.998265219363247081e-01
6.544809474762221726e+03 9.995628976366544016e-01
6.544843511166802273e+03 9.998377120366306325e-01
6.544877547748389588e+03 9.982239623890287739e-01
6.544911584506984582e+03 9.986702355185157476e-01
6.544945621442589072e+03 1.000049844869519866e+00
6.544979658555203059e+03 9.953049822396360380e-01
6.545013695844827453e+03 9.958083308814841272e-01
6.545047733311463162e+03 1.000998853028044921e+00
6.545081770955111097e+03 1.001985278086816367e+00
6.545115808775773985e+03 1.000390851314429952e+00
6.545149846773450008e+03 9.990522627515550091e-01
6.545183884948140985e+03 1.005623559889386121e+00
6.545217923299849645e+03 1.003901277900431488e+00
6.545251961828573258e+03 1.002147663706282055e+00
6.545286000534316372e+03 1.000964070221033841e+00
6.545320039417078078e+03 1.003760923596325183e+00
6.545354078476859286e+03 1.006462643128639645e+00
6.545388117713661813e+03 1.006813245026162651e+00
6.545422157127485661e+03 1.008431190887851603e+00
6.545456196718332649e+03 1.006745050634321625e+00
6.545490236486202775e+03 9.981244844486873991e-01
6.545524276431096951e+03 1.002857124464402672e+00
6.545558316553016994e+03 1.005974398474289044e+00
6.545592356851963814e+03 1.004225508520910193e+00
6.545626397327937411e+03 1.004425637015376571e+00
6.545660437980938696e+03 1.005064799206443649e+00
6.545694478810969485e+03 1.002060584367683527e+00
6.545728519818029781e+03 9.993573850948163084e-01
6.545762561002121402e+03 1.000190855552880231e+00
6.545796602363244347e+03 1.000256047542535498e+00
6.545830643901400435e+03 9.861892862279715288e-01
6.545864685616590577e+03 9.809392567027770404e-01
6.545898727508815682e+03 9.901169990074777383e-01
6.545932769578074840e+03 9.979070242673777624e-01
6.545966811824370780e+03 1.000107065592185762e+00
6.546000854247704410e+03 9.988313602775334976e-01
6.546034896848076642e+03 9.991832246668425066e-01
6.546068939625487474e+03 1.008616250597887953e+00
6.546102982579938725e+03 1.005287019881638821e+00
6.546137025711431306e+03 1.001984737391041103e+00
6.546171069019964307e+03 9.968542558666347864e-01
6.546205112505542274e+03 1.000240986442966884e+00
6.546239156168163390e+03 1.001430974505147065e+00
6.546273200007827654e+03 1.004903119737402095e+00
6.546307244024539614e+03 1.007512273020213955e+00
6.546341288218296540e+03 1.005203315055522628e+00
6.546375332589102072e+03 1.009289904755019007e+00
6.546409377136955300e+03 1.004472137793626763e+00
6.546443421861858042e+03 1.003656128281144033e+00
6.546477466763811208e+03 1.006237746117513154e+00
6.546511511842815707e+03 1.012599212849160546e+00
6.546545557098872450e+03 1.009526788728762670e+00
6.546579602531980527e+03 1.004753548100523197e+00
6.546613648142143575e+03 1.006486422665517022e+00
6.546647693929362504e+03 1.008807809116046617e+00
6.546681739893636404e+03 1.007718720715304883e+00
6.546715786034966186e+03 1.006517457006435690e+00
6.546749832353354577e+03 1.009570033022259894e+00
6.546783878848800668e+03 1.008685897247070251e+00
6.546817925521307188e+03 1.011986677288360115e+00
6.546851972370873227e+03 1.007481001691247435e+00
6.546886019397500604e+03 1.004343248476793127e+00
6.546920066601190229e+03 1.001533795563009033e+00
6.546954113981943919e+03 9.999097862131708370e-01
6.546988161539760767e+03 1.005110565153047197e+00
6.547022209274642591e+03 1.001783355614848325e+00
6.547056257186590301e+03 1.007239610738447588e+00
6.547090305275604806e+03 1.009854717707308946e+00
6.547124353541687015e+03 1.004670996473872480e+00
6.547158401984838747e+03 1.001551821799626873e+00
6.547192450605059094e+03 1.008251067845193250e+00
6.547226499402349873e+03 1.011003593732557215e+00
6.547260548376712904e+03 1.007936394894770160e+00
6.547294597528148188e+03 1.006244132698728588e+00
6.547328646856655723e+03 1.000552251601656728e+00
6.547362696362237330e+03 1.008169317392615838e+00
6.547396746044895735e+03 1.009360062002413239e+00
6.547430795904628212e+03 1.004769031699707327e+00
6.547464845941439307e+03 1.005100293322166438e+00
6.547498896155327202e+03 1.004449663077254140e+00
6.547532946546294625e+03 1.006425402372537414e+00
6.547566997114340666e+03 1.007177508387785192e+00
6.547601047859467144e+03 1.003980042591055000e+00
6.547635098781676788e+03 1.006259895338597055e+00
6.547669149880968689e+03 1.004739060663058181e+00
6.547703201157342846e+03 9.855891795538019862e-01
6.547737252610801079e+03 9.568932998244197297e-01
6.547771304241346115e+03 9.340416001449071137e-01
6.547805356048976137e+03 9.428387214437055075e-01
6.547839408033693871e+03 9.764335408911695158e-01
6.547873460195498410e+03 9.990042843114536053e-01
6.547907512534393391e+03 9.987115092385093762e-01
6.547941565050377903e+03 9.991221545338272447e-01
6.547975617743451949e+03 1.009594031713576312e+00
6.548009670613618255e+03 1.008954661051876478e+00
6.548043723660876822e+03 1.015663465243644703e+00
6.548077776885230378e+03 1.009335355416548508e+00
6.548111830286677105e+03 1.002028688145053525e+00
6.548145883865219730e+03 1.000986400778728580e+00
6.548179937620858254e+03 1.002430051113904819e+00
6.548213991553593587e+03 1.005604566478204065e+00
6.548248045663428456e+03 1.008588743628752615e+00
6.548282099950361044e+03 1.006260144183844130e+00
6.548316154414394077e+03 1.006622188468716317e+00
6.548350209055527557e+03 1.004851621619605950e+00
6.548384263873763302e+03 1.002951472693415225e+00
6.548418318869102222e+03 1.007832580575642956e+00
6.548452374041543408e+03 1.006914599357555451e+00
6.548486429391089587e+03 1.003459423223825198e+00
6.548520484917742579e+03 1.002864593776980895e+00
6.548554540621500564e+03 1.000247344711576725e+00
6.548588596502367182e+03 9.918993918673361110e-01
6.548622652560340612e+03 9.740343754977445201e-01
6.548656708795423583e+03 9.278682373356429425e-01
6.548690765207617005e+03 8.842166671492845964e-01
6.548724821796921788e+03 8.949340349274120809e-01
6.548758878563337930e+03 9.419055696007682110e-01
6.548792935506866343e+03 9.784900371405264030e-01
6.548826992627509753e+03 9.908972473203327969e-01
6.548861049925267253e+03 9.949474928564746579e-01
6.548895107400140660e+03 1.001206623650117811e+00
6.548929165052129974e+03 1.008543063896367498e+00
6.548963222881237925e+03 1.014570081215995012e+00
6.548997280887462693e+03 1.008744798831673783e+00
6.549031339070807917e+03 1.006168252071254710e+00
6.549065397431272686e+03 1.009418569349058936e+00
6.549099455968859729e+03 1.008444732218773066e+00
6.549133514683567228e+03 1.006342534052761417e+00
6.549167573575398819e+03 1.000643618349577046e+00
6.549201632644353595e+03 9.990372656175648958e-01
6.549235691890433372e+03 1.005415438132484907e+00
6.549269751313639063e+03 1.003046054413593513e+00
6.549303810913972484e+03 1.009496787340923518e+00
6.549337870691431817e+03 1.003866410506481621e+00
6.549371930646020701e+03 1.004716419454066534e+00
6.549405990777739135e+03 1.008558042698328716e+00
6.549440051086587118e+03 1.008241320409629660e+00
6.549474111572566471e+03 1.008636787441382410e+00
6.549508172235679012e+03 1.011098513786013564e+00
6.549542233075923832e+03 1.012004425516296102e+00
6.549576294093302749e+03 1.012572690381761120e+00
6.549610355287815764e+03 1.013522262441524324e+00
6.549644416659465605e+03 1.013698231142137196e+00
6.549678478208252272e+03 1.013588682840669719e+00
6.549712539934177585e+03 1.013262732964805402e+00
6.549746601837239723e+03 1.014995772335361979e+00
6.549780663917443235e+03 1.012083257620212118e+00
6.549814726174785392e+03 1.010099951386310257e+00
6.549848788609269832e+03 1.012594362838016071e+00
6.549882851220897464e+03 1.016885463802533085e+00
6.549916914009666471e+03 1.018925599905255774e+00
6.549950976975580488e+03 1.008294362746294137e+00
6.549985040118640427e+03 1.008446492648118475e+00
6.550019103438845377e+03 1.014107496420693089e+00
6.550053166936198068e+03 1.020852175719221933e+00
6.550087230610697588e+03 1.014794836104041753e+00
6.550121294462346668e+03 1.011181542756193430e+00
6.550155358491145307e+03 1.010607076702236817e+00
6.550189422697094415e+03 1.007863597869914196e+00
6.550223487080194900e+03 1.006992828891953407e+00
6.550257551640448582e+03 1.006607998558683326e+00
6.550291616377854552e+03 1.009741282225208536e+00
6.550325681292416448e+03 1.011458086703820092e+00
6.550359746384131540e+03 1.018890233668297229e+00
6.550393811653004377e+03 1.008913058984627575e+00
6.550427877099034049e+03 1.009715368235925892e+00
6.550461942722221465e+03 1.016902264644653719e+00
6.550496008522567536e+03 1.020339624698218817e+00
6.550530074500073169e+03 1.019363028424394857e+00
6.550564140654740186e+03 1.013642988865429473e+00
6.550598206986568584e+03 1.010225310947174160e+00
6.550632273495560185e+03 1.011590419778567895e+00
6.550666340181714077e+03 1.007592303109658083e+00
6.550700407045033899e+03 1.010797862120092150e+00
6.550734474085517832e+03 1.014972272310822987e+00
6.550768541303168604e+03 1.013780532603350881e+00
6.550802608697986216e+03 1.012618125826685755e+00
6.550836676269972486e+03 1.013477266192612136e+00
6.550870744019127415e+03 1.013625568566801194e+00
6.550904811945451911e+03 1.013362095385450523e+00
6.550938880048948704e+03 1.013360199017340424e+00
6.550972948329616884e+03 1.015578124775827540e+00
6.551007016787457360e+03 1.017070638805784633e+00
6.551041085422471042e+03 1.019780799253206860e+00
6.551075154234659749e+03 1.016629628339181801e+00
6.551109223224024390e+03 1.017493462496521062e+00
6.551143292390564056e+03 1.018582041603084853e+00
6.551177361734283295e+03 1.011807084185960770e+00
6.551211431255178468e+03 1.009403055421488338e+00
6.551245500953254123e+03 1.017754144853720843e+00
6.551279570828509350e+03 1.017253020027095056e+00
6.551313640880945968e+03 1.018413911136738070e+00
6.551347711110564887e+03 1.019531317449095864e+00
6.551381781517366107e+03 1.017006909555921768e+00
6.551415852101350538e+03 1.011850201761388623e+00
6.551449922862520907e+03 1.012155319518349028e+00
6.551483993800877215e+03 1.013716918508781095e+00
6.551518064916419462e+03 1.011799903346853213e+00
6.551552136209148557e+03 1.011135202139113121e+00
6.551586207679066320e+03 1.015180998192748207e+00
6.551620279326173659e+03 1.018402260948040761e+00
6.551654351150471484e+03 1.014895572005381830e+00
6.551688423151959796e+03 1.017486582928694316e+00
6.551722495330641323e+03 1.019540423226943160e+00
6.551756567686514245e+03 1.014731346528902733e+00
6.551790640219582201e+03 1.011781785242006571e+00
6.551824712929844281e+03 1.009596239427239084e+00
6.551858785817302305e+03 1.012888125942793316e+00
6.551892858881957181e+03 1.016720461857631319e+00
6.551926932123810730e+03 1.014861428759080031e+00
6.551961005542862040e+03 1.022515616944719152e+00
6.551995079139112022e+03 1.016352534479868508e+00
6.552029152912563404e+03 1.015014316738970912e+00
6.552063226863215277e+03 1.009299591167004184e+00
6.552097300991070369e+03 1.006488973241778995e+00
6.552131375296127771e+03 1.004315757051083002e+00
6.552165449778389302e+03 1.009426418716478757e+00
6.552199524437855871e+03 1.017465881380600790e+00
6.552233599274528387e+03 1.019608089755112523e+00
6.552267674288408671e+03 1.018352814419358765e+00
6.552301749479494902e+03 1.016647695928013295e+00
6.552335824847790718e+03 1.016990288946780341e+00
6.552369900393296120e+03 1.020161906210336866e+00
6.552403976116012927e+03 1.016837162569659503e+00
6.552438052015940229e+03 1.012514842778078350e+00
6.552472128093078936e+03 1.012147569528288438e+00
6.552506204347432686e+03 1.008042583016462768e+00
6.552540280778999659e+03 1.006435231453024715e+00
6.552574357387781674e+03 1.009252118206275917e+00
6.552608434173780552e+03 9.940768476800622144e-01
6.552642511136995381e+03 9.507412938442614259e-01
6.552676588277428891e+03 9.055305403667062158e-01
6.552710665595081082e+03 8.712823104177063183e-01
6.552744743089951953e+03 9.036337887817896819e-01
6.552778820762045143e+03 9.535018557847693144e-01
6.552812898611358833e+03 9.902854337706034071e-01
6.552846976637895750e+03 1.004235159746582173e+00
6.552881054841654986e+03 1.004087202328600270e+00
6.552915133222640179e+03 1.006930299088644176e+00
6.552949211780848600e+03 1.014639249851897462e+00
6.552983290516284796e+03 1.016919200631754894e+00
6.553017369428947859e+03 1.019571556675408441e+00
6.553051448518837788e+03 1.017213245187302828e+00
6.553085527785958220e+03 1.018452688290592434e+00
6.553119607230308247e+03 1.019742611475390026e+00
6.553153686851887869e+03 1.017685017519792900e+00
6.553187766650699814e+03 1.014928415413796525e+00
6.553221846626744991e+03 1.011604803487094806e+00
6.553255926780023401e+03 1.012226622580594704e+00
6.553290007110536862e+03 1.017087239939297394e+00
6.553324087618284466e+03 1.017650259517011602e+00
6.553358168303268940e+03 1.016043185408309624e+00
6.553392249165490284e+03 1.016931268736483984e+00
6.553426330204951228e+03 1.015627347552258586e+00
6.553460411421649951e+03 1.019995878247777155e+00
6.553494492815588274e+03 1.019390692560300016e+00
6.553528574386768923e+03 1.017361576093358977e+00
6.553562656135190082e+03 1.016676891129481897e+00
6.553596738060855387e+03 1.019166305380974080e+00
6.553630820163763929e+03 1.021747667534485648e+00
6.553664902443916617e+03 1.018484703895338628e+00
6.553698984901315271e+03 1.015517875487965460e+00
6.553733067535958980e+03 1.020947285083203093e+00
6.553767150347851384e+03 1.009594032865391844e+00
6.553801233336992482e+03 9.916985704606073870e-01
6.553835316503382273e+03 9.702372896292360549e-01
6.553869399847022578e+03 9.598201756030774190e-01
6.553903483367913395e+03 9.775978755641764328e-01
6.553937567066056545e+03 1.001253845349815874e+00
6.553971650941452936e+03 1.010167884101103697e+00
6.554005734994101658e+03 1.012349006545983698e+00
6.554039819224006351e+03 1.013427285268946543e+00
6.554073903631166104e+03 1.014882378350930869e+00
6.554107988215583646e+03 1.015387016147397459e+00
6.554142072977258067e+03 1.011120362545196549e+00
6.554176157916190277e+03 1.013683701012615845e+00
6.554210243032382095e+03 1.018703238938862610e+00
6.554244328325834431e+03 1.017063418823981547e+00
6.554278413796548193e+03 1.012258626123848204e+00
6.554312499444524292e+03 1.012014653784961915e+00
6.554346585269762727e+03 1.008875560870698740e+00
6.554380671272266227e+03 1.003384875512441932e+00
6.554414757452032973e+03 1.013164700437812149e+00
6.554448843809066602e+03 1.014314734754972802e+00
6.554482930343367116e+03 1.018817498652385245e+00
6.554517017054935422e+03 1.016826944744824823e+00
6.554551103943771523e+03 1.017388740778357059e+00
6.554585191009877235e+03 1.014907376753047430e+00
6.554619278253253469e+03 1.013260185701707616e+00
6.554653365673901135e+03 1.015432765592654496e+00
6.554687453271821141e+03 1.018130337219802062e+00
6.554721541047014398e+03 1.018356439830750526e+00
6.554755628999481814e+03 1.015892163209176857e+00
6.554789717129224300e+03 1.013815711479042703e+00
6.554823805436242765e+03 1.015974457539319475e+00
6.554857893920538118e+03 1.015604550052383592e+00
6.554891982582111268e+03 1.018551733700279849e+00
6.554926071420963126e+03 1.021866630894392669e+00
6.554960160437093691e+03 1.024656418636497257e+00
6.554994249630505692e+03 1.024714708307225441e+00
6.555028339001199129e+03 1.021330832317513870e+00
6.555062428549175820e+03 1.019898136523899046e+00
6.555096518274434857e+03 1.020205914425436511e+00
6.555130608176977148e+03 1.015878933769363224e+00
6.555164698256806332e+03 1.016570939326094214e+00
6.555198788513921500e+03 1.011780613383756355e+00
6.555232878948322650e+03 1.015026781909838638e+00
6.555266969560012512e+03 1.017472034574379514e+00
6.555301060348991086e+03 1.018316747522246324e+00
6.555335151315259282e+03 1.020111006762310257e+00
6.555369242458818917e+03 1.021269825852362700e+00
6.555403333779669083e+03 1.020461145099792466e+00
6.555437425277812508e+03 1.017791131930025905e+00
6.555471516953249193e+03 1.017157677397290572e+00
6.555505608805980046e+03 1.023962010369403819e+00
6.555539700836006887e+03 1.023743875442293616e+00
6.555573793043329715e+03 1.021026529890396883e+00
6.555607885427949441e+03 1.026869419664479421e+00
6.555641977989866973e+03 1.031984870779201424e+00
6.555676070729084131e+03 1.023334070115619054e+00
6.555710163645600915e+03 1.020732703145617037e+00
6.555744256739418233e+03 1.026396753220385483e+00
6.555778350010537906e+03 1.028381360332474070e+00
6.555812443458960843e+03 1.024823371761803825e+00
6.555846537084686133e+03 1.019439479319669495e+00
6.555880630887716507e+03 1.021049456529211197e+00
6.555914724868052872e+03 1.021868231301889418e+00
6.555948819025695229e+03 1.025894969002481005e+00
6.555982913360643579e+03 1.028515917577573324e+00
6.556017007872901559e+03 1.026225975135254487e+00
6.556051102562468259e+03 1.023839227052126599e+00
6.556085197429345499e+03 1.025595631698808852e+00
6.556119292473533278e+03 1.030429158924383470e+00
6.556153387695033416e+03 1.031100132250304835e+00
6.556187483093845913e+03 1.028720314784998813e+00
6.556221578669972587e+03 1.032242705918814840e+00
6.556255674423414348e+03 1.033050996864975035e+00
6.556289770354170287e+03 1.027919268025873745e+00
6.556323866462244041e+03 1.031178095255308014e+00
6.556357962747633792e+03 1.028689324557275464e+00
6.556392059210344087e+03 1.030505657460871083e+00
6.556426155850371288e+03 1.031175403248564493e+00
6.556460252667720852e+03 1.032006348509199700e+00
6.556494349662390050e+03 1.035159134750976984e+00
6.556528446834382521e+03 1.036583083886712942e+00
6.556562544183696446e+03 1.032813289426530057e+00
6.556596641710335462e+03 1.028582199497835248e+00
6.556630739414299569e+03 1.032907865383863477e+00
6.556664837295587859e+03 1.025967392794625566e+00
6.556698935354203968e+03 1.030064522674796645e+00
6.556733033590147897e+03 1.038161451987765993e+00
6.556767132003420556e+03 1.030649619852060495e+00
6.556801230594021945e+03 1.031335377340178105e+00
6.556835329361952972e+03 1.035590414725265029e+00
6.556869428307216367e+03 1.030764896648504125e+00
6.556903527429812129e+03 1.026343652968112474e+00
6.556937626729740259e+03 1.027740349834924016e+00
6.556971726207002575e+03 1.027015879739460180e+00
6.557005825861600897e+03 1.026550804932229388e+00
6.557039925693533405e+03 1.028204028741123599e+00
6.557074025702803738e+03 1.021430014225380489e+00
6.557108125889412804e+03 1.016805652133518700e+00
6.557142226253358785e+03 1.010062962629056260e+00
6.557176326794644410e+03 9.974223024267716564e-01
6.557210427513271497e+03 9.706688262910257992e-01
6.557244528409240047e+03 9.448849925789253312e-01
6.557278629482550059e+03 9.471611760666426294e-01
6.557312730733204262e+03 9.770527699823297052e-01
6.557346832161201746e+03 1.006241497537995411e+00
6.557380933766544331e+03 1.013234951423504837e+00
6.557415035549233835e+03 1.010369806417049654e+00
6.557449137509270258e+03 1.015321586034211965e+00
6.557483239646653601e+03 1.018886363156977115e+00
6.557517341961386592e+03 1.017279946401524082e+00
6.557551444453469230e+03 1.015948734594738889e+00
6.557585547122902426e+03 1.016516936123323278e+00
6.557619649969687089e+03 1.012225142391835586e+00
6.557653752993824128e+03 1.008022830813630533e+00
6.557687856195314453e+03 1.010531386804546239e+00
6.557721959574159882e+03 1.012655852461647576e+00
6.557756063130360417e+03 1.014490670242910175e+00
6.557790166863916056e+03 1.008553372858438379e+00
6.557824270774830438e+03 1.012573885237288307e+00
6.557858374863101744e+03 1.007125041086916806e+00
6.557892479128731793e+03 1.006401435180579451e+00
6.557926583571722404e+03 1.005857400309427385e+00
6.557960688192073576e+03 1.002844882797202519e+00
6.557994792989786220e+03 1.001347726040328956e+00
6.558028897964862153e+03 1.003102084384966286e+00
6.558063003117300468e+03 1.006519787421795264e+00
6.558097108447104802e+03 1.004257615304097406e+00
6.558131213954273335e+03 9.894215954211319497e-01
6.558165319638807887e+03 9.805418739103860526e-01
6.558199425500711186e+03 9.677314821415972101e-01
6.558233531539982323e+03 9.675556132183508184e-01
6.558267637756622207e+03 9.754526985990235044e-01
6.558301744150631748e+03 9.800991745350657869e-01
6.558335850722012765e+03 9.864344391069187479e-01
6.558369957470764348e+03 9.925461424269856892e-01
6.558404064396891044e+03 9.941335302101481641e-01
6.558438171500389217e+03 9.923030899533813454e-01
6.558472278781263412e+03 9.872645087996114732e-01
6.558506386239512722e+03 9.835922522022877423e-01
6.558540493875138054e+03 9.880798438038678189e-01
6.558574601688142138e+03 9.801480394660837536e-01
6.558608709678523155e+03 9.814717870389069176e-01
6.558642817846283833e+03 9.777935400452081316e-01
6.558676926191425082e+03 9.684806908859874275e-01
6.558711034713946901e+03 9.639022953714081465e-01
6.558745143413851110e+03 9.705160156330923105e-01
6.558779252291138619e+03 9.773135142946335341e-01
6.558813361345809426e+03 9.764967321963907709e-01
6.558847470577864442e+03 9.753413405628709176e-01
6.558881579987306395e+03 9.769606097958960511e-01
6.558915689574134376e+03 9.752933867489224085e-01
6.558949799338349294e+03 9.685729395910913642e-01
6.558983909279953878e+03 9.657888268829800671e-01
6.559018019398946308e+03 9.648658346835138344e-01
6.559052129695330223e+03 9.654712244871865856e-01
6.559086240169105622e+03 9.690900110043350058e-01
6.559120350820272506e+03 9.667594878132621528e-01
6.559154461648832694e+03 9.641302873395477535e-01
6.559188572654787095e+03 9.625896032158880455e-01
6.559222683838135708e+03 9.604686835670556144e-01
6.559256795198880354e+03 9.620091110923429945e-01
6.559290906737022851e+03 9.573255232424990879e-01
6.559325018452562290e+03 9.479991412395174510e-01
6.559359130345500489e+03 9.559153100508714918e-01
6.559393242415838358e+03 9.519369555820482720e-01
6.559427354663575898e+03 9.489945312174556946e-01
6.559461467088714926e+03 9.529399997684819823e-01
6.559495579691257262e+03 9.498134267752260662e-01
6.559529692471201997e+03 9.490911530345916836e-01
6.559563805428550950e+03 9.450520275669705983e-01
6.559597918563305029e+03 9.377023542606738316e-01
6.559632031875465145e+03 9.388471779621005986e-01
6.559666145365032207e+03 9.387282035305185568e-01
6.559700259032007125e+03 9.387065678327967122e-01
6.559734372876390808e+03 9.382190266455442407e-01
6.559768486898184165e+03 9.382338786210866477e-01
6.559802601097388106e+03 9.319131768223533063e-01
6.559836715474003540e+03 9.317042601855872741e-01
6.559870830028032287e+03 9.340445409896043216e-01
6.559904944759473437e+03 9.306700867287183154e-01
6.559939059668328809e+03 9.301358806881062646e-01
6.559973174754599313e+03 9.301990390281730248e-01
6.560007290018285858e+03 9.279834910861370911e-01
6.560041405459390262e+03 9.276291167659832526e-01
6.560075521077913436e+03 9.241806709081477056e-01
6.560109636873854470e+03 9.270159262268896638e-01
6.560143752847214273e+03 9.191202520200961734e-01
6.560177868997996484e+03 9.199713118412962132e-01
6.560211985326199283e+03 9.156143429416495616e-01
6.560246101831826309e+03 9.153879411799261678e-01
6.560280218514874832e+03 9.173273481126162920e-01
6.560314335375349401e+03 9.163334936395644004e-01
6.560348452413248197e+03 9.108159924024105125e-01
6.560382569628573947e+03 9.074832349746069227e-01
6.560416687021326652e+03 9.079278603183692509e-01
6.560450804591507222e+03 9.080546657095638352e-01
6.560484922339117475e+03 9.081240811935816781e-01
6.560519040264157411e+03 8.947179929782586028e-01
6.560553158366627940e+03 8.729644715115192355e-01
6.560587276646530881e+03 8.725291916924176050e-01
6.560621395103867144e+03 8.781596075039895810e-01
6.560655513738635818e+03 8.902336161001396242e-01
6.560689632550838724e+03 9.019622219586549416e-01
6.560723751540477679e+03 9.034790475535225962e-01
6.560757870707553593e+03 8.975065850972019366e-01
6.560791990052067376e+03 8.949120118834125170e-01
6.560826109574019029e+03 8.949768988074012777e-01
6.560860229273409459e+03 8.935014572216113393e-01
6.560894349150239577e+03 8.959130876619644246e-01
6.560928469204511202e+03 8.937525248565020286e-01
6.560962589436226153e+03 8.944009958021320594e-01
6.560996709845381702e+03 8.894281864579349772e-01
6.561030830431982395e+03 8.888002435916505517e-01
6.561064951196028233e+03 8.887326388971797941e-01
6.561099072137519215e+03 8.853140248834941994e-01
6.561133193256456252e+03 8.754821064082149995e-01
6.561167314552842072e+03 8.637461859176784884e-01
6.561201436026674855e+03 8.623144035111529604e-01
6.561235557677958241e+03 8.741724166968429799e-01
6.561269679506691318e+03 8.833609211533364203e-01
6.561303801512875907e+03 8.790797920196344872e-01
6.561337923696512007e+03 8.775835529837945348e-01
6.561372046057601437e+03 8.763848265070374177e-01
6.561406168596145108e+03 8.736214658688656876e-01
6.561440291312143927e+03 8.793886765661083071e-01
6.561474414205597895e+03 8.778679543913031624e-01
6.561508537276507923e+03 8.781466925539159751e-01
6.561542660524876737e+03 8.795550046681541723e-01
6.561576783950704339e+03 8.770855709080680462e-01
6.561610907553991638e+03 8.758569485378092656e-01
6.561645031334738633e+03 8.775409764551481695e-01
6.561679155292947144e+03 8.779045607702624654e-01
6.561713279428618080e+03 8.778691571146243211e-01
6.561747403741751441e+03 8.738801032042935457e-01
6.561781528232349956e+03 8.709444245900871406e-01
6.561815652900413625e+03 8.722376746861604246e-01
6.561849777745942447e+03 8.724556191448035181e-01
6.561883902768938242e+03 8.645739992030168075e-01
6.561918027969402829e+03 8.634861023152942128e-01
6.561952153347335297e+03 8.624644921980827439e-01
6.561986278902738377e+03 8.622994606032362563e-01
6.562020404635611158e+03 8.674434994352957506e-01
6.562054530545955458e+03 8.704563775449319918e-01
6.562088656633772189e+03 8.682952736231240864e-01
6.562122782899062258e+03 8.667035112735805846e-01
6.562156909341827486e+03 8.668135196352685368e-01
6.562191035962066962e+03 8.643905167793871636e-01
6.562225162759782506e+03 8.570532960203732786e-01
6.562259289734975937e+03 8.580106345789960676e-01
6.562293416887646345e+03 8.606693454463770765e-01
6.562327544217796458e+03 8.610711685552450145e-01
6.562361671725426277e+03 8.627763029327497613e-01
6.562395799410536711e+03 8.625676060448981275e-01
6.562429927273128669e+03 8.590732959605349439e-01
6.562464055313203062e+03 8.552737542634238910e-01
6.562498183530760798e+03 8.489818769241486152e-01
6.562532311925804606e+03 8.430437265711786532e-01
6.562566440498331758e+03 8.471692418232664723e-01
6.562600569248345892e+03 8.467134253628557650e-01
6.562634698175847006e+03 8.533620081828671156e-01
6.562668827280836922e+03 8.511130500152020995e-01
6.562702956563316548e+03 8.519793607907544253e-01
6.562737086023284974e+03 8.570843012889804990e-01
6.562771215660744019e+03 8.586407248186411767e-01
6.562805345475695503e+03 8.562905765193276064e-01
6.562839475468139426e+03 8.584846644353342215e-01
6.562873605638076697e+03 8.604854999121173131e-01
6.562907735985509134e+03 8.598096498826565126e-01
6.562941866510436739e+03 8.632517104681816100e-01
6.562975997212862239e+03 8.622184945076404317e-01
6.563010128092783816e+03 8.606867448375545848e-01
6.563044259150202379e+03 8.612610606516923895e-01
6.563078390385122475e+03 8.628855656106478866e-01
6.563112521797540467e+03 8.652630840238976218e-01
6.563146653387461811e+03 8.618755991841938746e-01
6.563180785154883779e+03 8.628173537927426029e-01
6.563214917099809099e+03 8.614440259245140785e-01
6.563249049222237772e+03 8.625742135298283264e-01
6.563283181522171617e+03 8.667004624206962049e-01
6.563317313999611542e+03 8.658356580557288185e-01
6.563351446654556639e+03 8.630824207063763076e-01
6.563385579487010546e+03 8.651924435736150221e-01
6.563419712496973261e+03 8.710240386720923267e-01
6.563453845684443877e+03 8.690156963007141799e-01
6.563487979049426031e+03 8.708513953598647772e-01
6.563522112591917903e+03 8.678467115498840201e-01
6.563556246311923132e+03 8.566678035698664928e-01
6.563590380209440809e+03 8.490234011036349449e-01
6.563624514284473662e+03 8.565604422741761592e-01
6.563658648537019872e+03 8.700351375970393208e-01
6.563692782967082167e+03 8.820631357166058839e-01
6.563726917574661456e+03 8.885430187662209933e-01
6.563761052359759560e+03 8.897823421549894141e-01
6.563795187322374659e+03 8.899362184961225886e-01
6.563829322462509481e+03 8.872239982917513590e-01
6.563863457780165845e+03 8.876031947096536534e-01
6.563897593275342842e+03 8.865940683601561956e-01
6.563931728948042291e+03 8.919169992355938659e-01
6.563965864798264192e+03 8.939408676990259206e-01
6.564000000826010364e+03 8.906091131987849963e-01
6.564034137031282626e+03 8.982398989103609344e-01
6.564068273414080068e+03 8.922487772233446135e-01
6.564102409974404509e+03 8.853779039281148844e-01
6.564136546712256859e+03 8.832950862702915185e-01
6.564170683627637118e+03 8.830746678932116511e-01
6.564204820720548923e+03 8.782073966796259956e-01
6.564238957990990457e+03 8.531269545475965721e-01
6.564273095438963537e+03 8.318416822429769431e-01
6.564307233064468164e+03 8.427471652630553756e-01
6.564341370867506157e+03 8.796406859770651288e-01
6.564375508848079335e+03 8.989808880576557470e-01
6.564409647006188607e+03 9.183961490578740339e-01
6.564443785341832154e+03 9.269051941644868009e-01
6.564477923855014524e+03 9.245698021828177016e-01
6.564512062545732988e+03 9.297062343197916023e-01
6.564546201413991184e+03 9.362401621205314051e-01
6.564580340459789113e+03 9.416798605223885010e-01
6.564614479683127684e+03 9.433775786689767573e-01
6.564648619084008715e+03 9.419756077795730098e-01
6.564682758662432207e+03 9.455444705199295141e-01
6.564716898418398159e+03 9.439538634029679409e-01
6.564751038351909301e+03 9.471881986339769632e-01
6.564785178462965632e+03 9.456183408005751634e-01
6.564819318751568971e+03 9.492697665632781057e-01
6.564853459217718409e+03 9.501826323839873689e-01
6.564887599861416675e+03 9.588849910562993184e-01
6.564921740682663767e+03 9.619419650923485277e-01
6.564955881681460596e+03 9.626775544235643967e-01
6.564990022857808071e+03 9.699024598848713374e-01
6.565024164211708921e+03 9.712560622917026931e-01
6.565058305743161327e+03 9.668687382633612826e-01
6.565092447452167107e+03 9.691519272410491492e-01
6.565126589338728081e+03 9.738669009387909137e-01
6.565160731402844249e+03 9.763717968752251286e-01
6.565194873644517429e+03 9.746295023994516749e-01
6.565229016063746712e+03 9.805199864293828727e-01
6.565263158660535737e+03 9.828171486053487449e-01
6.565297301434883593e+03 9.891605028138169553e-01
6.565331444386791190e+03 9.900260532626624643e-01
6.565365587516260348e+03 9.933697561992876901e-01
6.565399730823291065e+03 9.961798952930583928e-01
6.565433874307885162e+03 9.985236834532578154e-01
6.565468017970041728e+03 1.002213219808606892e+00
6.565502161809765312e+03 1.003667366802076577e+00
6.565536305827053184e+03 1.002972745567079382e+00
6.565570450021907163e+03 1.003457539728028980e+00
6.565604594394329979e+03 1.006213081279261123e+00
6.565638738944320721e+03 1.013458517093104527e+00
6.565672883671880300e+03 1.010276397214455502e+00
6.565707028577010533e+03 1.012899311648915779e+00
6.565741173659711421e+03 1.016505690430529185e+00
6.565775318919986603e+03 1.015418704294253072e+00
6.565809464357832439e+03 1.016483840479164957e+00
6.565843609973253479e+03 1.016202610866496547e+00
6.565877755766248811e+03 1.016471455365660415e+00
6.565911901736820255e+03 1.019021582549039850e+00
6.565946047884968721e+03 1.024938583500131672e+00
6.565980194210694208e+03 1.029307528938145921e+00
6.566014340713999445e+03 1.026687958642449550e+00
6.566048487394883523e+03 1.024768488859793880e+00
6.566082634253348260e+03 1.030205656567691364e+00
6.566116781289393657e+03 1.037721017459332318e+00
6.566150928503021532e+03 1.031206100676925086e+00
6.566185075894232796e+03 1.030386307481095720e+00
6.566219223463029266e+03 1.037511070928000878e+00
6.566253371209409124e+03 1.042255450765478431e+00
6.566287519133376009e+03 1.037854627115656792e+00
6.566321667234929919e+03 1.039297378176122777e+00
6.566355815514070855e+03 1.040746387373221893e+00
6.566389963970800636e+03 1.041608664512761351e+00
6.566424112605121081e+03 1.045312024851071442e+00
6.566458261417031281e+03 1.046656470237509629e+00
6.566492410406533963e+03 1.048984124159739295e+00
6.566526559573627310e+03 1.053452210976183245e+00
6.566560708918315868e+03 1.052243758272552787e+00
6.566594858440598728e+03 1.055309843553157378e+00
6.566629008140474980e+03 1.042926072034418894e+00
6.566663158017948263e+03 1.046305956205875409e+00
6.566697308073019485e+03 1.051991650265869715e+00
6.566731458305687738e+03 1.059582686118405226e+00
6.566765608715955750e+03 1.058525484889676571e+00
6.566799759303823521e+03 1.056795038023860878e+00
6.566833910069291051e+03 1.059997475896676145e+00
6.566868061012361068e+03 1.061299562777189287e+00
6.566902212133033572e+03 1.065319408536826939e+00
6.566936363431309474e+03 1.070666871488172855e+00
6.566970514907190591e+03 1.068391145690410937e+00
6.567004666560676014e+03 1.069723776457670139e+00
6.567038818391768473e+03 1.063988746764440219e+00
6.567072970400467966e+03 1.069638726082568825e+00
6.567107122586775404e+03 1.075275221367018696e+00
6.567141274950692605e+03 1.066740113838675397e+00
6.567175427492219569e+03 1.073762763415706090e+00
6.567209580211357206e+03 1.073754032949350679e+00
6.567243733108105516e+03 1.072444741537452506e+00
6.567277886182469047e+03 1.077096174847255838e+00
6.567312039434444159e+03 1.079448096912615895e+00
6.567346192864035402e+03 1.077231563402236025e+00
6.567380346471241864e+03 1.073019652345639230e+00
6.567414500256063548e+03 1.070988558579526462e+00
6.567448654218504089e+03 1.075967321115568476e+00
6.567482808358561670e+03 1.077308081535632844e+00
6.567516962676239928e+03 1.072649638168770236e+00
6.567551117171537953e+03 1.079462864530752020e+00
6.567585271844456656e+03 1.078767805353084919e+00
6.567619426694997856e+03 1.075729106531589263e+00
6.567653581723161551e+03 1.077130410635190882e+00
6.567687736928948652e+03 1.077363357908323271e+00
6.567721892312360978e+03 1.080007546372685479e+00
6.567756047873399439e+03 1.080388569707851909e+00
6.567790203612064943e+03 1.074362925700662164e+00
6.567824359528356581e+03 1.068552770554302533e+00
6.567858515622277991e+03 1.068905485818526735e+00
6.567892671893828265e+03 1.072322239260669718e+00
6.567926828343009220e+03 1.073949087719034967e+00
6.567960984969820856e+03 1.074884586391196217e+00
6.567995141774264084e+03 1.079023249898293901e+00
6.568029298756341632e+03 1.082066345520796169e+00
6.568063455916052590e+03 1.075195834807806117e+00
6.568097613253399686e+03 1.074550498414761579e+00
6.568131770768382012e+03 1.071541880592692619e+00
6.568165928461000476e+03 1.075144719397698179e+00
6.568200086331256898e+03 1.078054220045766121e+00
6.568234244379152187e+03 1.073729032009122175e+00
6.568268402604687253e+03 1.072015535926010843e+00
6.568302561007862096e+03 1.073184859160917659e+00
6.568336719588678534e+03 1.069632448138619685e+00
6.568370878347137477e+03 1.068018450241436934e+00
6.568405037283239835e+03 1.066723480339607288e+00
6.568439196396986517e+03 1.058124996333474233e+00
6.568473355688378433e+03 1.066386288650857717e+00
6.568507515157415583e+03 1.066235730123530789e+00
6.568541674804100694e+03 1.063356454207719404e+00
6.568575834628432858e+03 1.060689179684292327e+00
6.568609994630413894e+03 1.057545660785787378e+00
6.568644154810044711e+03 1.052332511089207889e+00
6.568678315167326218e+03 1.052881525587850087e+00
6.568712475702260235e+03 1.059655352622185021e+00
6.568746636414844943e+03 1.053521467840567105e+00
6.568780797305083979e+03 1.038712836393473005e+00
6.568814958372978253e+03 1.034370751364879881e+00
6.568849119618526856e+03 1.037338088247382384e+00
6.568883281041731607e+03 1.032301840895824663e+00
6.568917442642594324e+03 1.024192276731775042e+00
6.568951604421114098e+03 1.032321269586386370e+00
6.568985766377293658e+03 1.040419312614471847e+00
6.569019928511133003e+03 1.041374763410547688e+00
6.569054090822632133e+03 1.043116220534783922e+00
6.569088253311793778e+03 1.048881956071097798e+00
6.569122415978617937e+03 1.040588446138706713e+00
6.569156578823105519e+03 1.036164017201786969e+00
6.569190741845258344e+03 1.041143353812123529e+00
6.569224905045076412e+03 1.048453542472029820e+00
6.569259068422559722e+03 1.045891761819839116e+00
6.569293231977711002e+03 1.041548850974887142e+00
6.569327395710531164e+03 1.041336195775052209e+00
6.569361559621020206e+03 1.040095694249651093e+00
6.569395723709179038e+03 1.037238326577579528e+00
6.569429887975008569e+03 1.030214156589529306e+00
6.569464052418510619e+03 1.030392196034619401e+00
6.569498217039685187e+03 1.021484471706269215e+00
6.569532381838534093e+03 1.030705492940275469e+00
6.569566546815056427e+03 1.030055954682917108e+00
6.569600711969254917e+03 1.035452166804352148e+00
6.569634877301130473e+03 1.037871019487017321e+00
6.569669042810683095e+03 1.035198793084268765e+00
6.569703208497913693e+03 1.037793709674190490e+00
6.569737374362824085e+03 1.035976337468702546e+00
6.569771540405414271e+03 1.031740527782077033e+00
6.569805706625686071e+03 1.032332363769287165e+00
6.569839873023639484e+03 1.032073283915089013e+00
6.569874039599276330e+03 1.032941652877862548e+00
6.569908206352597517e+03 1.037165477306721595e+00
6.569942373283602137e+03 1.033361152534618910e+00
6.569976540392293828e+03 1.030257611648787597e+00
6.570010707678671679e+03 1.036139438828348025e+00
6.570044875142736601e+03 1.032506322058161174e+00
6.570079042784491321e+03 1.029522788262967836e+00
6.570113210603934021e+03 1.028174458460711316e+00
6.570147378601068340e+03 1.029250088054338486e+00
6.570181546775894276e+03 1.029553176367257183e+00
6.570215715128410920e+03 1.032300351363191648e+00
6.570249883658621002e+03 1.029563303653316053e+00
6.570284052366526339e+03 1.026274480898375696e+00
6.570318221252126023e+03 1.027278056950095442e+00
6.570352390315421871e+03 1.026646013359748588e+00
6.570386559556413886e+03 1.023024807008530379e+00
6.570420728975104794e+03 1.023210970740214387e+00
6.570454898571492777e+03 1.029400786309329296e+00
6.570489068345582382e+03 1.025169005237315023e+00
6.570523238297370881e+03 1.025071699082393817e+00
6.570557408426861912e+03 1.025967087980094616e+00
6.570591578734054565e+03 1.026697339780412666e+00
6.570625749218951569e+03 1.026153085840282086e+00
6.570659919881552014e+03 1.012868458415145057e+00
6.570694090721856810e+03 1.010326716852269602e+00
6.570728261739869595e+03 1.014009577165610354e+00
6.570762432935587640e+03 1.016055198271172966e+00
6.570796604309014583e+03 1.018451062152521569e+00
6.570830775860151334e+03 1.017721924967242897e+00
6.570864947588996074e+03 1.014298213611341204e+00
6.570899119495552441e+03 1.013523665449399536e+00
6.570933291579820434e+03 1.013084279940189791e+00
6.570967463841800964e+03 1.013886199047992598e+00
6.571001636281494029e+03 1.018485539365595383e+00
6.571035808898902360e+03 1.016894990858536740e+00
6.571069981694026865e+03 1.011559482638928698e+00
6.571104154666865725e+03 1.014635229326382948e+00
6.571138327817423487e+03 1.018334124193964740e+00
6.571172501145699243e+03 1.018725407925994420e+00
6.571206674651692992e+03 1.013494216345294685e+00
6.571240848335407463e+03 1.014365973769535634e+00
6.571275022196841746e+03 1.013375334038975284e+00
6.571309196235999480e+03 1.015195478306907484e+00
6.571343370452878844e+03 1.017211494665249516e+00
6.571377544847482568e+03 1.017195527367441121e+00
6.571411719419810652e+03 1.017064022001303636e+00
6.571445894169863095e+03 1.016204965944113026e+00
6.571480069097643536e+03 1.019907206670862099e+00
6.571514244203151065e+03 1.018203330352150937e+00
6.571548419486385683e+03 1.011450843124505061e+00
6.571582594947351026e+03 1.010548710598396793e+00
6.571616770586045277e+03 1.022880054242723880e+00
6.571650946402471163e+03 1.014220742891386307e+00
6.571685122396629595e+03 1.013857298311187094e+00
6.571719298568519662e+03 1.017814340954330099e+00
6.571753474918144093e+03 1.016319085186017102e+00
6.571787651445502888e+03 1.017105005984821231e+00
6.571821828150597867e+03 1.020298080418213793e+00
6.571856005033429938e+03 1.016503904577900519e+00
6.571890182093999101e+03 1.013354772795775238e+00
6.571924359332306267e+03 1.012697346570871737e+00
6.571958536748353254e+03 1.010582728605471159e+00
6.571992714342140061e+03 1.011153878040706111e+00
6.572026892113668509e+03 1.007894642921518091e+00
6.572061070062939507e+03 9.995123642817691501e-01
6.572095248189953054e+03 9.797312935583577520e-01
6.572129426494710970e+03 9.430376618542039013e-01
6.572163604977213254e+03 9.215124239881380408e-01
6.572197783637460816e+03 9.352437859939395359e-01
6.572231962475456385e+03 9.586716122422958009e-01
6.572266141491199051e+03 9.799541006715093427e-01
6.572300320684690632e+03 9.934402661837592463e-01
6.572334500055932040e+03 1.000869493944194666e+00
6.572368679604923273e+03 1.011274504543450137e+00
6.572402859331666150e+03 1.012566127439889385e+00
6.572437039236160672e+03 1.009635899159235572e+00
6.572471219318408657e+03 1.012367154433435168e+00
6.572505399578411016e+03 1.014533536485621612e+00
6.572539580016169566e+03 1.016926905080778321e+00
6.572573760631682489e+03 1.017459757861963521e+00
6.572607941424953424e+03 1.012268522563232853e+00
6.572642122395982369e+03 1.007592842926055443e+00
6.572676303544769326e+03 1.009070726293808562e+00
6.572710484871316112e+03 1.014302931696590360e+00
6.572744666375623638e+03 1.011874955664373354e+00
6.572778848057692812e+03 1.010911854541154620e+00
6.572813029917523636e+03 1.012196469125480780e+00
6.572847211955118837e+03 1.012538911795364482e+00
6.572881394170478416e+03 1.010541789321234285e+00
6.572915576563602372e+03 1.010948240937078690e+00
6.572949759134493434e+03 1.012140431736854307e+00
6.572983941883151601e+03 1.010175132196692083e+00
6.573018124809576875e+03 1.009603397934586422e+00
6.573052307913771983e+03 1.010280540734187937e+00
6.573086491195736926e+03 1.011831681578841957e+00
6.573120674655471703e+03 1.015612826573679017e+00
6.573154858292979043e+03 1.011983956980873511e+00
6.573189042108258946e+03 1.013734394671485850e+00
6.573223226101312321e+03 1.016922973746318570e+00
6.573257410272140078e+03 1.016186305460917705e+00
6.573291594620743126e+03 1.011616983718641727e+00
6.573325779147123285e+03 1.023081654541043273e+00
6.573359963851280554e+03 1.012858643457131613e+00
6.573394148733215843e+03 1.010460287460573259e+00
6.573428333792929152e+03 1.015949431526112168e+00
6.573462519030424119e+03 1.011141219138282032e+00
6.573496704445698924e+03 1.006213667428038638e+00
6.573530890038755388e+03 1.007805219995106416e+00
6.573565075809596237e+03 1.006688944249465756e+00
6.573599261758219654e+03 1.005799356634890618e+00
6.573633447884628367e+03 1.008699242741565749e+00
6.573667634188822376e+03 1.011589642692852564e+00
6.573701820670802590e+03 1.018005043800865428e+00
6.573736007330570828e+03 1.019901575376714664e+00
6.573770194168127091e+03 1.012783982348188339e+00
6.573804381183473197e+03 1.009299637252813575e+00
6.573838568376608237e+03 1.010763558782491911e+00
6.573872755747534939e+03 1.009494804074396512e+00
6.573906943296254212e+03 1.013987234643607627e+00
6.573941131022766058e+03 1.016666973072927860e+00
6.573975318927072294e+03 1.016536561705567721e+00
6.574009507009172921e+03 1.009648277815568651e+00
6.574043695269069758e+03 1.011896612951461272e+00
6.574077883706762805e+03 1.014633986432628587e+00
6.574112072322253880e+03 1.016207999654130445e+00
6.574146261115542984e+03 1.019742868757487875e+00
6.574180450086631936e+03 1.021093101724216856e+00
6.574214639235520735e+03 1.019417882377416040e+00
6.574248828562211202e+03 1.015597051007851137e+00
6.574283018066704244e+03 1.016145440341759798e+00
6.574317207748999863e+03 1.019994665612644180e+00
6.574351397609100786e+03 1.021057368697860346e+00
6.574385587647005195e+03 1.020457193399758822e+00
6.574419777862716728e+03 1.021424276491040839e+00
6.574453968256234475e+03 1.024201682175431838e+00
6.574488158827560255e+03 1.014084249073573751e+00
6.574522349576694069e+03 1.013698610082060414e+00
6.574556540503637734e+03 1.018295570528727989e+00
6.574590731608392161e+03 1.019813451862143561e+00
6.574624922890958260e+03 1.014361792874171719e+00
6.574659114351336939e+03 1.013102588378644420e+00
6.574693305989529108e+03 1.016796695329408529e+00
6.574727497805534767e+03 1.014707817813456758e+00
6.574761689799354826e+03 1.010270050875172076e+00
6.574795881970992923e+03 1.006325583344238161e+00
6.574830074320446329e+03 9.945500943182098430e-01
6.574864266847719591e+03 9.636023803806389454e-01
6.574898459552809982e+03 9.066102856471529581e-01
6.574932652435722048e+03 8.713416374492618521e-01
6.574966845496453061e+03 8.984213393006927895e-01
6.575001038735006659e+03 9.456215419358782182e-01
6.575035232151381933e+03 9.788101158949981118e-01
6.575069425745581611e+03 9.997383763245301092e-01
6.575103619517605694e+03 1.009491079011366033e+00
6.575137813467454180e+03 1.015586598057617307e+00
6.575172007595129799e+03 1.015471502484220689e+00
6.575206201900632550e+03 1.016694269974367071e+00
6.575240396383963343e+03 1.020108426525484280e+00
6.575274591045123088e+03 1.017271946089041812e+00
6.575308785884112694e+03 1.015487482506908901e+00
6.575342980900933981e+03 1.017196651543632147e+00
6.575377176095586037e+03 1.015446925783628940e+00
6.575411371468071593e+03 1.016792177411345088e+00
6.575445567018390648e+03 1.019656956345551535e+00
6.575479762746544111e+03 1.014501570401412645e+00
6.575513958652532892e+03 1.014291866340774950e+00
6.575548154736358811e+03 1.015704208054992286e+00
6.575582350998021866e+03 1.018318665071286322e+00
6.575616547437522968e+03 1.018872780627764429e+00
6.575650744054863026e+03 1.016806130214159776e+00
6.575684940850043859e+03 1.018441186320402148e+00
6.575719137823065466e+03 1.015131932555122019e+00
6.575753334973929668e+03 1.018834301473180437e+00
6.575787532302635555e+03 1.017745394458390074e+00
6.575821729809186763e+03 1.016639261468684552e+00
6.575855927493581476e+03 1.017795542053545832e+00
6.575890125355822420e+03 1.019633678907041707e+00
6.575924323395910505e+03 1.020226638223258764e+00
6.575958521613844823e+03 1.020064824460583663e+00
6.575992720009628101e+03 1.019322852347625874e+00
6.576026918583261249e+03 1.017601344448072487e+00
6.576061117334744267e+03 1.017164037591547165e+00
6.576095316264078974e+03 1.015127142909534541e+00
6.576129515371266280e+03 1.011251519031376667e+00
6.576163714656306183e+03 1.014997486279836769e+00
6.576197914119199595e+03 1.021041263853837533e+00
6.576232113759949243e+03 1.011586620433248207e+00
6.576266313578553309e+03 1.017567795106021578e+00
6.576300513575014520e+03 1.019201252345957487e+00
6.576334713749333787e+03 1.016226901276474415e+00
6.576368914101512019e+03 1.021252132070658014e+00
6.576403114631549215e+03 1.017638008278549666e+00
6.576437315339447196e+03 1.012639637919882096e+00
6.576471516225205960e+03 1.011431231520633300e+00
6.576505717288828237e+03 1.012170506247620949e+00
6.576539918530313116e+03 1.008207944673800593e+00
6.576574119949662418e+03 1.010171201989317202e+00
6.576608321546876141e+03 1.017781863397543285e+00
6.576642523321956105e+03 1.020170643122930487e+00
6.576676725274904129e+03 1.021076316226787517e+00
6.576710927405719303e+03 1.019045523765865768e+00
6.576745129714403447e+03 1.017698289760222918e+00
6.576779332200957469e+03 1.016611786329362666e+00
6.576813534865381371e+03 1.020191351583412009e+00
6.576847737707676970e+03 1.018013216869459558e+00
6.576881940727846086e+03 1.021583593074678165e+00
6.576916143925887809e+03 1.015495039741469041e+00
6.576950347301804868e+03 1.018946671987368768e+00
6.576984550855596353e+03 1.015185442045458464e+00
6.577018754587264084e+03 1.014473879686373703e+00
6.577052958496809879e+03 1.014683137806446700e+00
6.577087162584232829e+03 1.012806824955341245e+00
6.577121366849533842e+03 1.012898518778900137e+00
6.577155571292716559e+03 1.017883320673668157e+00
6.577189775913780068e+03 1.019194035086024464e+00
6.577223980712724369e+03 1.017161497311323437e+00
6.577258185689551283e+03 1.017136244180877780e+00
6.577292390844262627e+03 1.015129066572504124e+00
6.577326596176858402e+03 1.012859297115174861e+00
6.577360801687339517e+03 1.014750448289264195e+00
6.577395007375705973e+03 1.015401823735545550e+00
6.577429213241961406e+03 1.013012815708751679e+00
6.577463419286103999e+03 1.011439549351589529e+00
6.577497625508136480e+03 1.003553600474714758e+00
6.577531831908058848e+03 1.012925814858865348e+00
6.577566038485872923e+03 1.012249718413896105e+00
6.577600245241577795e+03 1.013492411799281179e+00
6.577634452175175284e+03 1.013874863161789541e+00
6.577668659286667207e+03 1.015560191053459294e+00
6.577702866576054475e+03 1.013371168092483288e+00
6.577737074043336179e+03 1.008006487305966647e+00
6.577771281688515046e+03 1.010280413413374045e+00
6.577805489511591986e+03 1.009744777477467714e+00
6.577839697512566090e+03 1.007559100606415514e+00
6.577873905691440996e+03 1.007267114135974140e+00
6.577908114048214884e+03 1.009769325279338714e+00
6.577942322582890483e+03 1.012081691892756430e+00
6.577976531295468703e+03 1.008629743293242065e+00
6.578010740185949544e+03 1.008748211467709543e+00
6.578044949254333915e+03 1.010594471859465049e+00
6.578079158500624544e+03 1.010033146524061287e+00
6.578113367924818704e+03 1.009663816569932537e+00
6.578147577526921850e+03 1.007092606227358633e+00
6.578181787306932165e+03 1.010235956153659576e+00
6.578215997264850557e+03 1.007122397549934156e+00
6.578250207400678846e+03 1.013703490987778899e+00
6.578284417714417032e+03 1.009620509828741186e+00
6.578318628206066933e+03 1.009288191661710021e+00
6.578352838875629459e+03 1.011447108839536480e+00
6.578387049723104610e+03 1.007942621417059481e+00
6.578421260748494205e+03 1.008505355342950605e+00
6.578455471951799154e+03 1.012849015600422398e+00
6.578489683333019457e+03 1.010238371465379981e+00
6.578523894892156932e+03 1.009360362600016936e+00
6.578558106629212489e+03 1.011118727447791743e+00
6.578592318544186128e+03 1.009025649708685801e+00
6.578626530637080577e+03 1.006956499818818296e+00
6.578660742907895838e+03 1.005826467112172828e+00
6.578694955356630999e+03 1.006928052223908798e+00
6.578729167983290608e+03 1.011317795022685928e+00
6.578763380787871938e+03 1.013754545257700812e+00
6.578797593770378626e+03 1.009948944818965133e+00
6.578831806930810671e+03 1.009789263530121328e+00
6.578866020269168075e+03 1.012924975719529552e+00
6.578900233785452656e+03 1.008924053446976998e+00
6.578934447479666233e+03 1.011823835513428138e+00
6.578968661351807896e+03 1.012676846854862367e+00
6.579002875401879464e+03 1.011684308361316287e+00
6.579037089629882757e+03 1.008995749270296560e+00
6.579071304035816866e+03 1.008007750160519800e+00
6.579105518619683608e+03 1.007675038668514933e+00
6.579139733381484803e+03 1.012184232110993953e+00
6.579173948321219541e+03 1.008838598029436540e+00
6.579208163438889642e+03 1.002854156269827435e+00
6.579242378734496924e+03 1.004035068714516976e+00
6.579276594208041388e+03 1.004369660225042260e+00
6.579310809859523033e+03 1.005252184417866346e+00
6.579345025688944588e+03 1.009798739642607357e+00
6.579379241696306963e+03 1.010050268383122063e+00
6.579413457881609247e+03 1.009796093385530336e+00
6.579447674244854170e+03 1.011378831574905712e+00
6.579481890786040822e+03 1.008208579969563701e+00
6.579516107505171931e+03 1.010445390886455019e+00
6.579550324402248407e+03 1.011671238475357892e+00
6.579584541477269340e+03 1.009811230809199101e+00
6.579618758730237460e+03 1.016879301162190830e+00
6.579652976161152765e+03 1.017977343466718310e+00
6.579687193770016165e+03 1.018169837458993587e+00
6.579721411556830390e+03 1.013840927268188752e+00
6.579755629521593619e+03 1.012911001973241021e+00
6.579789847664308581e+03 1.011033359472853110e+00
6.579824065984974368e+03 1.008999715547925558e+00
6.579858284483594616e+03 1.009725818808515418e+00
6.579892503160167507e+03 1.011981505651839530e+00
6.579926722014695770e+03 1.014996434739535713e+00
6.579960941047180313e+03 1.015744921480206786e+00
6.579995160257621137e+03 1.013527576469549052e+00
6.580029379646020061e+03 1.014177951381817877e+00
6.580063599212377994e+03 1.013671707298831270e+00
6.580097818956694937e+03 1.009872894590345016e+00
6.580132038878970889e+03 1.013153386093172736e+00
6.580166258979209488e+03 1.016505643493692546e+00
6.580200479257410734e+03 1.014532273843101740e+00
6.580234699713573718e+03 1.009891018477636848e+00
6.580268920347702078e+03 1.014809294962451869e+00
6.580303141159795814e+03 1.016133145333290466e+00
6.580337362149854926e+03 1.010585171208928434e+00
6.580371583317881232e+03 1.004904392890709097e+00
6.580405804663874733e+03 1.010300361350001452e+00
6.580440026187837248e+03 1.014123040882975113e+00
6.580474247889769686e+03 1.012908527723850316e+00
6.580508469769672047e+03 1.011867299860589986e+00
6.580542691827547060e+03 1.012826067365038663e+00
6.580576914063393815e+03 1.016051601790848968e+00
6.580611136477214131e+03 1.011324508792878385e+00
6.580645359069008009e+03 1.011458462541528158e+00
6.580679581838778176e+03 1.010038127186543289e+00
6.580713804786524634e+03 1.006517768523499612e+00
6.580748027912247380e+03 1.006652543645450537e+00
6.580782251215948236e+03 1.000260177555343466e+00
6.580816474697628109e+03 9.872913286353431905e-01
6.580850698357287911e+03 9.733655869890682766e-01
6.580884922194928549e+03 9.715691431024432445e-01
6.580919146210550934e+03 9.888840842329926772e-01
6.580953370404155976e+03 1.002871077277417644e+00
6.580987594775744583e+03 1.007375656431757083e+00
6.581021819325317665e+03 1.010567533018375208e+00
6.581056044052875222e+03 1.007243389641971465e+00
6.581090268958419983e+03 1.005286718328996187e+00
6.581124494041952858e+03 1.007425986021634134e+00
6.581158719303472935e+03 1.011211741538644127e+00
6.581192944742982036e+03 1.017508527165470023e+00
6.581227170360481068e+03 1.015846834507798446e+00
6.581261396155971852e+03 1.012269283128228503e+00
6.581295622129453477e+03 1.013917517885553954e+00
6.581329848280928672e+03 1.015355930169693721e+00
6.581364074610397438e+03 1.012199711804057323e+00
6.581398301117860683e+03 1.012585382493954356e+00
6.581432527803320227e+03 1.016800084135097482e+00
6.581466754666776069e+03 1.013887254694789686e+00
6.581500981708229119e+03 1.015921435688887708e+00
6.581535208927680287e+03 1.017669505369776406e+00
6.581569436325130482e+03 1.011811140133245024e+00
6.581603663900581523e+03 1.014172671724747010e+00
6.581637891654033410e+03 1.013420629842915810e+00
6.581672119585487962e+03 1.009702821664717698e+00
6.581706347694945180e+03 1.008642349543724004e+00
6.581740575982405971e+03 1.007537932131874481e+00
6.581774804447871247e+03 1.015461920676571372e+00
6.581809033091343736e+03 1.014930861856780275e+00
6.581843261912821617e+03 1.014218404556721520e+00
6.581877490912308531e+03 1.011258566153712346e+00
6.581911720089802657e+03 1.006754002890159372e+00
6.581945949445306724e+03 1.004723548409830691e+00
6.581980178978821641e+03 1.007540088724116378e+00
6.582014408690346499e+03 1.007738245663819976e+00
6.582048638579884937e+03 1.007046475025221488e+00
6.582082868647436953e+03 1.010578460523535282e+00
6.582117098893001639e+03 1.007481280181578676e+00
6.582151329316581723e+03 1.008169397976858006e+00
6.582185559918178114e+03 1.008055466293116487e+00
6.582219790697791723e+03 1.007740052122072738e+00
6.582254021655422548e+03 1.007660705253432765e+00
6.582288252791072409e+03 1.005676446210032271e+00
6.582322484104741307e+03 1.005895229533909196e+00
6.582356715596431968e+03 1.004212061377503851e+00
6.582390947266143485e+03 1.000327966123594869e+00
6.582425179113876766e+03 1.000807133303643903e+00
6.582459411139634540e+03 9.987372385371408035e-01
6.582493643343416807e+03 9.971028212892856235e-01
6.582527875725222657e+03 1.007817821549123583e+00
6.582562108285055729e+03 1.011387815466256335e+00
6.582596341022916022e+03 1.009350354127053428e+00
6.582630573938804446e+03 1.006744051331425860e+00
6.582664807032721001e+03 1.001587305349325385e+00
6.582699040304667506e+03 1.001406010196373986e+00
6.582733273754645779e+03 1.002900425944626805e+00
6.582767507382654912e+03 1.000685362989375271e+00
6.582801741188696724e+03 1.006629067401042299e+00
6.582835975172772123e+03 1.005290352836452739e+00
6.582870209334882929e+03 1.001123516697985938e+00
6.582904443675028233e+03 1.000009407860430244e+00
6.582938678193209853e+03 1.002475757256486411e+00
6.582972912889428699e+03 1.005199969699662299e+00
6.583007147763685680e+03 1.001381206766100318e+00
6.583041382815981706e+03 1.001740725806931520e+00
6.583075618046318596e+03 1.004296335875536794e+00
6.583109853454695440e+03 1.000616012803305921e+00
6.583144089041114967e+03 9.997720227119815117e-01
6.583178324805576267e+03 1.002855674218396276e+00
6.583212560748081160e+03 1.003631287965524699e+00
6.583246796868632373e+03 1.003937898467971657e+00
6.583281033167228088e+03 1.002195147131098585e+00
6.583315269643870124e+03 9.968762928658847500e-01
6.583349506298560300e+03 9.903495650059188637e-01
6.583383743131298615e+03 9.899698349125151120e-01
6.583417980142085980e+03 9.990386750346536004e-01
6.583452217330924213e+03 1.004047717343124368e+00
6.583486454697813315e+03 9.936004952712467198e-01
6.583520692242753285e+03 9.995570935358867315e-01
6.583554929965747760e+03 9.975393778434528125e-01
6.583589167866794924e+03 9.849159175143776812e-01
6.583623405945897503e+03 9.863309509302358169e-01
6.583657644203056407e+03 9.925913445668338442e-01
6.583691882638271636e+03 9.980930640676549670e-01
6.583726121251545010e+03 1.001707241125113113e+00
6.583760360042875618e+03 1.004643935299038615e+00
6.583794599012266190e+03 1.002925176449592115e+00
6.583828838159718543e+03 1.002876507774444592e+00
6.583863077485230860e+03 1.004935665964704627e+00
6.583897316988805869e+03 1.008040236026196412e+00
6.583931556670443570e+03 1.009430201391312343e+00
6.583965796530145781e+03 1.006513505526068109e+00
6.584000036567912503e+03 1.007914994351317706e+00
6.584034276783745554e+03 1.011902590589651263e+00
6.584068517177645845e+03 1.007119417730584443e+00
6.584102757749614284e+03 1.003524478173763557e+00
6.584136998499649962e+03 1.006579492766875639e+00
6.584171239427756518e+03 1.008008000842260277e+00
6.584205480533933951e+03 1.009723529658532737e+00
6.584239721818181351e+03 1.006431759174139406e+00
6.584273963280502358e+03 1.008894001972266086e+00
6.584308204920896969e+03 1.008252203964971283e+00
6.584342446739365187e+03 1.002809107327271576e+00
6.584376688735908829e+03 1.002527591455804945e+00
6.584410930910527895e+03 1.007863365478688822e+00
6.584445173263225115e+03 1.008925409229033177e+00
6.584479415793999578e+03 1.006775236120974970e+00
6.584513658502853104e+03 1.008259055930137427e+00
6.584547901389787512e+03 1.009087833952733604e+00
6.584582144454801892e+03 1.008752025904380512e+00
6.584616387697898062e+03 1.010257005916321171e+00
6.584650631119076934e+03 1.004284035356356686e+00
6.584684874718338506e+03 1.000985430817340704e+00
6.584719118495685507e+03 1.002932359907035442e+00
6.584753362451117937e+03 1.005099446385728790e+00
6.584787606584636706e+03 1.006009056952076763e+00
6.584821850896241813e+03 1.004134030682661383e+00
6.584856095385935987e+03 1.008288215523083231e+00
6.584890340053719228e+03 1.007754291965920812e+00
6.584924584899591537e+03 1.006694508898149598e+00
6.584958829923556550e+03 1.006256847635087714e+00
6.584993075125612449e+03 1.002504769634063209e+00
6.585027320505761054e+03 1.007262947455981550e+00
6.585061566064003273e+03 1.009263334054592898e+00
6.585095811800340925e+03 1.006633116182243937e+00
6.585130057714773102e+03 1.007245212419376701e+00
6.585164303807302531e+03 1.009011753180351745e+00
6.585198550077929212e+03 1.011457283203404334e+00
6.585232796526654965e+03 1.006565956522310401e+00
6.585267043153478880e+03 9.980972745444237626e-01
6.585301289958403686e+03 1.000814705962024043e+00
6.585335536941429382e+03 1.000981434376064572e+00
6.585369784102557787e+03 1.006109674960923961e+00
6.585404031441788902e+03 1.007216788823689146e+00
6.585438278959122727e+03 1.002660352931648013e+00
6.585472526654562898e+03 1.007767162515086357e+00
6.585506774528107599e+03 1.004756639284708708e+00
6.585541022579760465e+03 1.004777615106417388e+00
6.585575270809520589e+03 1.003965989503839973e+00
6.585609519217388879e+03 1.008940730009318942e+00
6.585643767803366245e+03 1.001247163505067483e+00
6.585678016567454506e+03 9.989138985809646876e-01
6.585712265509654571e+03 9.985634054627373635e-01
6.585746514629966441e+03 9.997303707343558887e-01
6.585780763928391025e+03 1.000311207100606170e+00
6.585815013404930141e+03 9.912448611023454426e-01
6.585849263059584700e+03 9.928183377742617610e-01
6.585883512892354702e+03 1.001107515706764595e+00
6.585917762903241965e+03 1.002075023648466789e+00
6.585952013092247398e+03 1.004317619302692588e+00
6.585986263459371003e+03 1.005285377096355237e+00
6.586020514004613688e+03 1.003918370169751606e+00
6.586054764727978181e+03 1.005179637375894108e+00
6.586089015629463574e+03 1.004423031297339897e+00
6.586123266709071686e+03 1.004127981046761153e+00
6.586157517966803425e+03 1.007649603846025865e+00
6.586191769402658792e+03 1.001924506067939147e+00
6.586226021016639606e+03 1.004147005066181153e+00
6.586260272808745867e+03 1.006128388704118137e+00
6.586294524778980303e+03 1.007340498040020460e+00
6.586328776927342915e+03 1.005208333059066206e+00
6.586363029253833702e+03 1.003780259993725554e+00
6.586397281758454483e+03 1.000453089295001208e+00
6.586431534441206168e+03 9.999825788137873817e-01
6.586465787302089666e+03 1.002592539411748085e+00
6.586500040341105887e+03 9.930718360415852208e-01
6.586534293558254831e+03 9.781177399941302086e-01
6.586568546953540135e+03 9.574715193219544007e-01
6.586602800526959072e+03 9.550648465907470852e-01
6.586637054278515279e+03 9.727942632670666390e-01
6.586671308208208757e+03 9.859519786854669121e-01
6.586705562316039504e+03 9.904629970087320823e-01
6.586739816602010251e+03 9.842263611414633351e-01
6.586774071066121905e+03 9.809992819544656184e-01
6.586808325708372649e+03 9.841129951489379080e-01
6.586842580528766121e+03 9.890110476562199437e-01
6.586876835527302319e+03 9.988560498071600291e-01
6.586911090703982154e+03 1.002727110275066558e+00
6.586945346058807445e+03 1.003238970333273361e+00
6.586979601591778192e+03 1.003805958794774300e+00
6.587013857302895303e+03 9.981592892990440724e-01
6.587048113192158780e+03 9.976438579154705000e-01
6.587082369259572260e+03 1.003657800910940479e+00
6.587116625505133925e+03 1.005069223096050068e+00
6.587150881928847411e+03 1.003241716915750814e+00
6.587185138530710901e+03 1.003805929664113972e+00
6.587219395310726213e+03 1.002334871537750471e+00
6.587253652268894257e+03 1.002170859759731414e+00
6.587287909405217761e+03 1.004065834593918627e+00
6.587322166719694906e+03 1.006810191407101485e+00
6.587356424212328420e+03 1.006608671311083114e+00
6.587390681883118305e+03 1.001436803529165642e+00
6.587424939732066377e+03 1.000534346362688121e+00
6.587459197759171730e+03 1.000018292395754349e+00
6.587493455964437999e+03 1.005055952625278914e+00
6.587527714347864276e+03 9.973072514572984826e-01
6.587561972909452379e+03 1.003810055668283630e+00
6.587596231649202309e+03 1.001295580947149322e+00
6.587630490567114975e+03 1.000216805088247840e+00
6.587664749663192197e+03 9.975873229439152778e-01
6.587699008937435792e+03 9.997898239769453799e-01
6.587733268389843943e+03 1.002444176332345060e+00
6.587767528020418467e+03 1.001297540076911741e+00
6.587801787829162095e+03 1.000000484181746474e+00
6.587836047816073915e+03 1.001275622135743282e+00
6.587870307981155747e+03 1.001910664502320358e+00
6.587904568324408501e+03 1.003234371893704902e+00
6.587938828845831267e+03 9.986909925384159781e-01
6.587973089545427683e+03 9.970349511619364113e-01
6.588007350423197749e+03 1.000067355743796016e+00
6.588041611479141466e+03 1.002209242604797934e+00
6.588075872713261560e+03 1.004431219029480848e+00
6.588110134125556215e+03 1.004161812245323970e+00
6.588144395716029067e+03 1.003557195205940999e+00
6.588178657484680116e+03 1.003703390391930572e+00
6.588212919431509363e+03 9.996916441458422176e-01
6.588247181556519536e+03 9.966697942329663107e-01
6.588281443859709725e+03 1.000072199162644671e+00
6.588315706341081750e+03 1.002997043061748972e+00
6.588349969000636520e+03 1.003211420253751873e+00
6.588384231838374944e+03 1.001126974936910274e+00
6.588418494854297023e+03 1.000654244702738005e+00
6.588452758048405485e+03 1.004472117694272360e+00
6.588487021420701240e+03 1.000735843247890777e+00
6.588521284971182467e+03 9.940598610034085958e-01
6.588555548699853716e+03 1.000681215383199207e+00
6.588589812606712258e+03 9.986829011249883647e-01
6.588624076691762639e+03 9.980217699845340684e-01
6.588658340955003041e+03 9.907032180257396847e-01
6.588692605396435283e+03 9.929469707835975045e-01
6.588726870016061184e+03 9.995258203773929040e-01
6.588761134813879835e+03 9.991357178617960022e-01
6.588795399789893963e+03 1.003593020052198526e+00
6.588829664944103570e+03 9.958285253451641950e-01
6.588863930276509564e+03 9.946263405856815565e-01
6.588898195787112854e+03 9.990887316281066299e-01
6.588932461475915261e+03 9.997770975092257206e-01
6.588966727342917693e+03 1.002474904034120984e+00
6.589000993388119241e+03 1.004173104706390651e+00
6.589035259611521724e+03 1.001749428648753604e+00
6.589069526013126961e+03 1.004502737084558284e+00
6.589103792592934951e+03 1.002856192282765235e+00
6.589138059350947515e+03 1.004759048547903877e+00
6.589172326287164651e+03 1.001568339759453696e+00
6.589206593401587270e+03 1.001484916439980388e+00
6.589240860694217190e+03 1.005191722457545955e+00
6.589275128165055321e+03 1.005463771694153685e+00
6.589309395814100753e+03 1.003916278475006862e+00
6.589343663641356216e+03 9.988497965110237908e-01
6.589377931646822617e+03 9.963737159096294205e-01
6.589412199830499958e+03 1.003059090465897807e+00
6.589446468192389148e+03 1.008364045401303200e+00
6.589480736732492005e+03 1.001232453205505246e+00
6.589515005450809440e+03 9.995798934818163062e-01
6.589549274347341452e+03 1.002148063861918015e+00
6.589583543422090770e+03 1.000732088344665982e+00
6.589617812675055575e+03 1.006961288798878584e+00
6.589652082106238595e+03 1.008157215210228941e+00
6.589686351715641649e+03 1.004916332292331571e+00
6.589720621503262919e+03 9.998898205921259441e-01
6.589754891469105132e+03 9.951685412103790096e-01
6.589789161613170108e+03 9.990773795171552507e-01
6.589823431935456028e+03 1.003167249203533729e+00
6.589857702435966530e+03 9.991553725799321439e-01
6.589891973114700704e+03 9.981067337235566272e-01
6.589926243971660369e+03 1.001132337638204639e+00
6.589960515006846435e+03 9.964309197158764952e-01
6.589994786220259812e+03 1.001466097728068050e+00
6.590029057611901408e+03 9.958447659591213030e-01
6.590063329181771223e+03 1.000236647199598483e+00
6.590097600929871987e+03 9.977484233531147551e-01
6.590131872856201880e+03 9.973214210843326377e-01
6.590166144960765450e+03 9.992182185147412410e-01
6.590200417243560878e+03 9.980575915877303306e-01
6.590234689704589982e+03 1.000582919583164809e+00
6.590268962343853673e+03 1.001444718498391451e+00
6.590303235161352859e+03 1.000490281132498493e+00
6.590337508157088450e+03 9.981548074436491502e-01
6.590371781331062266e+03 9.992369418380350199e-01
6.590406054683274306e+03 9.999034110446419765e-01
6.590440328213723660e+03 1.005097265576667454e+00
6.590474601922414877e+03 1.005933768069906309e+00
6.590508875809347046e+03 1.004290470199656005e+00
6.590543149874521077e+03 1.003360315717780171e+00
6.590577424117937881e+03 1.000146679603192368e+00
6.590611698539598365e+03 9.969140162936670491e-01
6.590645973139503440e+03 9.990229611229298756e-01
6.590680247917654924e+03 9.996774035717391760e-01
6.590714522874051909e+03 9.994228807491638555e-01
6.590748798008697122e+03 1.002329475929855329e+00
6.590783073321591473e+03 1.004108574625612427e+00
6.590817348812734053e+03 1.003004845967609082e+00
6.590851624482127590e+03 9.982939719396145550e-01
6.590885900329772085e+03 1.001637822893835628e+00
6.590920176355669355e+03 1.005806783921677328e+00
6.590954452559819401e+03 9.980236681820977562e-01
6.590988728942223133e+03 9.969026507923308689e-01
6.591023005502882370e+03 1.002803612335515959e+00
6.591057282241797111e+03 9.980242545720369174e-01
6.591091559158968266e+03 1.003359848325036774e+00
6.591125836254398564e+03 1.008869418145251551e+00
6.591160113528086185e+03 9.996269575569910470e-01
6.591194390980034768e+03 9.966218990031079361e-01
6.591228668610243403e+03 9.978592387759800397e-01
6.591262946418712090e+03 9.949105999331675498e-01
6.591297224405444467e+03 9.978012228607865408e-01
6.591331502570440534e+03 9.982909052317699983e-01
6.591365780913700291e+03 9.941396852384536409e-01
6.591400059435225558e+03 9.988209607558503622e-01
6.591434338135016333e+03 9.972453862672584490e-01
6.591468617013074436e+03 9.970773265467729463e-01
6.591502896069399867e+03 1.001334593943070894e+00
6.591537175303994445e+03 1.003345093337133287e+00
6.591571454716859989e+03 1.000210586719115780e+00
6.591605734307994680e+03 9.944681018643610759e-01
6.591640014077402157e+03 9.960168249465833901e-01
6.591674294025081508e+03 9.981530805586776856e-01
6.591708574151034554e+03 1.002481624716085928e+00
6.591742854455262204e+03 9.992058207474723286e-01
6.591777134937765368e+03 9.969009942407953684e-01
6.591811415598544045e+03 1.000905747665723711e+00
6.591845696437600964e+03 1.000386981183409407e+00
6.591879977454935215e+03 1.003092216377054813e+00
6.591914258650548618e+03 1.000470733406803037e+00
6.591948540024442991e+03 1.000934968837402295e+00
6.591982821576617425e+03 1.006265318251985397e+00
6.592017103307073739e+03 1.002914628113029671e+00
6.592051385215813752e+03 9.999881677061218666e-01
6.592085667302836555e+03 9.969905748322362982e-01
6.592119949568143056e+03 1.000065800779957881e+00
6.592154232011736894e+03 1.003253972856327669e+00
6.592188514633616251e+03 1.003400997194658695e+00
6.592222797433782944e+03 9.990173092734899729e-01
6.592257080412238793e+03 9.938351663516374890e-01
6.592291363568982888e+03 9.983193436573205570e-01
6.592325646904017958e+03 1.001115909115284808e+00
6.592359930417344913e+03 9.973864372006803203e-01
6.592394214108962842e+03 9.972074017282825942e-01
6.592428497978873565e+03 1.002133152082553380e+00
6.592462782027078902e+03 1.005230996060976212e+00
6.592497066253577941e+03 1.003666864738074649e+00
6.592531350658374322e+03 1.001761408987652979e+00
6.592565635241465316e+03 1.002166587188061397e+00
6.592599920002856379e+03 1.003266530368433385e+00
6.592634204942544784e+03 1.001421949340105977e+00
6.592668490060532349e+03 9.957453304258927496e-01
6.592702775356819984e+03 9.975316028451746142e-01
6.592737060831410417e+03 9.995328615599230471e-01
6.592771346484301830e+03 1.000205885127348981e+00
6.592805632315496950e+03 1.001317958300057542e+00
6.592839918324995779e+03 9.945531665821808476e-01
6.592874204512800134e+03 9.950916989545274260e-01
6.592908490878910925e+03 1.000007378840402250e+00
6.592942777423328153e+03 9.978762340038704881e-01
6.592977064146051816e+03 9.968945635779501435e-01
6.593011351047085554e+03 9.980912962053836157e-01
6.593045638126429367e+03 9.997240996180584149e-01
6.593079925384083253e+03 9.888663080738935296e-01
6.593114212820048124e+03 9.850102294718517948e-01
6.593148500434326706e+03 9.921567370957425913e-01
6.593182788226918092e+03 9.923370872072566629e-01
6.593217076197823189e+03 9.983761328276505864e-01
6.593251364347043818e+03 9.996832286630481512e-01
6.593285652674581797e+03 9.991181031462692541e-01
6.593319941180435308e+03 9.997415847537649558e-01
6.593354229864607987e+03 1.001524196398016819e+00
6.593388518727098017e+03 1.001911626037987668e+00
6.593422807767909035e+03 9.994213490639987096e-01
6.593457096987041041e+03 9.970939191370865595e-01
6.593491386384494035e+03 9.966226043771676535e-01
6.593525675960270746e+03 9.959253788656200479e-01
