# Corrected for radial velocity of 20.55 km/s
# 
# star name zetOri, line HEII5411
# instrument: HERMES spectrograph @Mercator
# date of observation (midpoint)2018-10-11T02:39:06.751700
# BJD of observation (midpoint)2458402.6125531
# name of fits file: 00897625_HRF_OBJ_ext_CosmicsRemoved_log_merged_c.fits
# 
# wavelength(Angstrom,air) normalised_flux
5.389648783868284227e+03 9.998485198159905440e-01
5.389676812837998114e+03 1.002048339392932252e+00
5.389704841953478535e+03 1.002800789643335966e+00
5.389732871214723673e+03 1.000229082490179833e+00
5.389760900621736255e+03 1.002975054304669600e+00
5.389788930174515372e+03 1.005148395406421535e+00
5.389816959873062842e+03 1.005598077138311508e+00
5.389844989717380486e+03 1.000897303781310033e+00
5.389873019707466483e+03 1.000855810363877163e+00
5.389901049843323563e+03 1.001100097903381503e+00
5.389929080124952634e+03 1.006241286387492995e+00
5.389957110552351878e+03 1.001900827438297226e+00
5.389985141125525843e+03 1.000891913326845017e+00
5.390013171844472708e+03 1.003661822811512394e+00
5.390041202709192476e+03 9.994765142438940542e-01
5.390069233719688782e+03 1.000279522126213294e+00
5.390097264875960718e+03 9.984062237484149227e-01
5.390125296178008284e+03 9.980270778309006108e-01
5.390153327625834208e+03 1.000979201959317777e+00
5.390181359219437581e+03 9.982701187631576323e-01
5.390209390958820222e+03 9.979934393681058058e-01
5.390237422843983040e+03 1.002439078030379571e+00
5.390265454874924217e+03 1.000721421539162881e+00
5.390293487051648299e+03 9.973816225154604753e-01
5.390321519374153468e+03 9.994571902866883351e-01
5.390349551842441542e+03 1.001465529493238193e+00
5.390377584456513432e+03 9.990606603901711624e-01
5.390405617216368228e+03 9.981403825839302302e-01
5.390433650122008657e+03 1.003738846589573797e+00
5.390461683173434722e+03 1.001139791531822087e+00
5.390489716370647329e+03 9.948576979150486332e-01
5.390517749713647390e+03 9.965696103134185080e-01
5.390545783202434905e+03 9.953142223505878627e-01
5.390573816837010781e+03 9.989798572635497642e-01
5.390601850617376840e+03 9.981230115801741354e-01
5.390629884543533080e+03 9.995175159613638449e-01
5.390657918615479502e+03 9.992193537711769880e-01
5.390685952833217925e+03 1.002972928251960161e+00
5.390713987196749258e+03 1.000728070010199255e+00
5.390742021706073501e+03 9.984876545767978895e-01
5.390770056361191564e+03 9.991679791049825621e-01
5.390798091162104356e+03 9.997056345513025688e-01
5.390826126108813696e+03 9.995615288166457280e-01
5.390854161201317766e+03 1.001840549089898946e+00
5.390882196439620202e+03 9.986820027420033608e-01
5.390910231823719187e+03 9.971983644882411735e-01
5.390938267353617448e+03 9.960881093615004955e-01
5.390966303029314986e+03 9.952744692958844785e-01
5.390994338850811801e+03 9.979209346122528412e-01
5.391022374818110620e+03 1.000115077688173315e+00
5.391050410931210536e+03 1.000276710631873511e+00
5.391078447190112456e+03 1.000128221766334757e+00
5.391106483594818201e+03 9.992513073623141562e-01
5.391134520145327770e+03 9.975961159178382553e-01
5.391162556841641162e+03 9.984400385211752438e-01
5.391190593683760198e+03 9.994353224592096296e-01
5.391218630671684878e+03 9.984212198354579515e-01
5.391246667805417019e+03 9.998278569565749452e-01
5.391274705084957532e+03 1.001379270649687570e+00
5.391302742510305507e+03 1.004715922786044935e+00
5.391330780081462763e+03 1.001827008824027532e+00
5.391358817798430209e+03 9.989911798510791030e-01
5.391386855661207846e+03 1.000283065054083709e+00
5.391414893669797493e+03 1.001583670499099021e+00
5.391442931824199150e+03 9.987764100944109824e-01
5.391470970124412815e+03 9.945008247081458252e-01
5.391499008570441219e+03 1.002808180255424286e+00
5.391527047162284362e+03 9.997502966246993861e-01
5.391555085899942242e+03 1.000321299509684847e+00
5.391583124783415769e+03 1.001593997566374350e+00
5.391611163812706764e+03 1.001395351698178615e+00
5.391639202987815224e+03 9.994069616516908505e-01
5.391667242308741152e+03 9.985662120165760269e-01
5.391695281775487274e+03 1.002382934198904341e+00
5.391723321388051772e+03 9.983524255230457056e-01
5.391751361146437375e+03 9.996550529734840040e-01
5.391779401050644992e+03 1.002775009556832853e+00
5.391807441100673714e+03 1.000724666406532570e+00
5.391835481296524449e+03 1.000541026807287404e+00
5.391863521638200837e+03 1.002730148552916756e+00
5.391891562125700148e+03 9.982323981605930596e-01
5.391919602759025111e+03 9.973835911376756069e-01
5.391947643538175726e+03 9.962483223164634305e-01
5.391975684463152902e+03 9.973937935998313797e-01
5.392003725533957549e+03 1.001166844721306237e+00
5.392031766750589668e+03 9.989550210623034943e-01
5.392059808113051986e+03 9.983205375752003397e-01
5.392087849621342684e+03 9.974416985208480746e-01
5.392115891275465401e+03 9.950908894405002814e-01
5.392143933075417408e+03 9.957523951399767093e-01
5.392171975021202343e+03 9.972053951959960472e-01
5.392200017112819296e+03 9.982103544906510972e-01
5.392228059350270996e+03 9.984390565304324117e-01
5.392256101733554715e+03 9.975230427766282881e-01
5.392284144262674999e+03 9.988783131285795536e-01
5.392312186937630941e+03 9.993848475850173330e-01
5.392340229758422538e+03 9.984014781336106870e-01
5.392368272725051611e+03 1.001495377786842278e+00
5.392396315837519069e+03 1.003029210617956579e+00
5.392424359095824911e+03 9.988483952989838377e-01
5.392452402499970958e+03 9.982460270346441567e-01
5.392480446049956299e+03 1.001500886444453231e+00
5.392508489745782754e+03 9.997574931557884348e-01
5.392536533587452141e+03 9.978710357354965144e-01
5.392564577574962641e+03 9.944892013995535462e-01
5.392592621708316983e+03 9.999940241889332393e-01
5.392620665987515167e+03 9.995015108756186706e-01
5.392648710412558103e+03 9.951767357974911077e-01
5.392676754983447609e+03 9.999754262391616910e-01
5.392704799700181866e+03 1.001857150461979540e+00
5.392732844562764512e+03 9.990846198367751008e-01
5.392760889571193729e+03 9.971988164191621928e-01
5.392788934725472245e+03 1.000515228689545788e+00
5.392816980025600060e+03 1.001001413653883620e+00
5.392845025471578083e+03 9.999094272397084371e-01
5.392873071063407224e+03 9.970743835562880797e-01
5.392901116801087483e+03 9.951900492681369226e-01
5.392929162684619769e+03 9.973064042202175461e-01
5.392957208714005901e+03 9.997423902387307937e-01
5.392985254889246789e+03 9.998898442294190669e-01
5.393013301210341524e+03 9.985200659399910972e-01
5.393041347677291014e+03 9.975018480853677927e-01
5.393069394290097080e+03 9.993400429947177921e-01
5.393097441048760629e+03 1.002084312037069491e+00
5.393125487953280754e+03 1.001965236385951474e+00
5.393153535003660181e+03 1.000749713064200241e+00
5.393181582199898912e+03 9.998222154839622178e-01
5.393209629541997856e+03 1.000055151206310944e+00
5.393237677029956103e+03 9.952094892074939692e-01
5.393265724663776382e+03 9.945108893747564016e-01
5.393293772443459602e+03 1.000158383879574675e+00
5.393321820369005763e+03 1.000194865081882156e+00
5.393349868440414866e+03 1.002322507097222370e+00
5.393377916657689639e+03 1.000564742531011797e+00
5.393405965020829171e+03 9.973599385159137576e-01
5.393434013529834374e+03 9.981313006834583446e-01
5.393462062184706156e+03 9.986221190792999858e-01
5.393490110985446336e+03 9.984958353428134981e-01
5.393518159932054914e+03 9.994383029383334671e-01
5.393546209024531890e+03 9.943847255926769879e-01
5.393574258262879084e+03 1.000484394926345333e+00
5.393602307647097405e+03 1.000369139402665475e+00
5.393630357177185033e+03 1.000611778301034427e+00
5.393658406853146516e+03 9.993436477080359648e-01
5.393686456674980946e+03 1.003141818308192823e+00
5.393714506642688320e+03 1.002027874169413302e+00
5.393742556756270460e+03 9.997800202535961356e-01
5.393770607015728274e+03 1.000680295667818243e+00
5.393798657421059943e+03 1.002016746829678340e+00
5.393826707972270015e+03 9.991357048520688178e-01
5.393854758669357579e+03 9.967752528697815251e-01
5.393882809512322638e+03 1.001403505892445756e+00
5.393910860501167008e+03 9.999356717983282072e-01
5.393938911635891600e+03 9.998227060490305629e-01
5.393966962916495504e+03 9.991130105850285492e-01
5.393995014342980539e+03 9.992864270565979812e-01
5.394023065915348525e+03 9.995119675313123286e-01
5.394051117633598551e+03 9.977343681738070069e-01
5.394079169497732437e+03 9.990754572009767909e-01
5.394107221507750182e+03 1.000879017406498539e+00
5.394135273663653606e+03 1.000261827748070820e+00
5.394163325965442709e+03 9.991963810747360730e-01
5.394191378413117491e+03 9.994144003781179064e-01
5.394219431006680679e+03 9.978196486509909313e-01
5.394247483746131365e+03 9.997014675896880309e-01
5.394275536631469549e+03 1.005104791634220618e+00
5.394303589662698869e+03 1.003425550813314748e+00
5.394331642839818414e+03 1.001740521203667189e+00
5.394359696162829096e+03 9.992331711672954864e-01
5.394387749631730912e+03 1.000511402873819788e+00
5.394415803246525684e+03 1.001861732025880247e+00
5.394443857007214319e+03 1.001297401388677288e+00
5.394471910913796819e+03 1.004561853854958997e+00
5.394499964966273183e+03 1.001143387907128535e+00
5.394528019164646139e+03 1.000722896200923362e+00
5.394556073508915688e+03 9.982739717347935970e-01
5.394584127999081829e+03 1.001822040580075290e+00
5.394612182635146382e+03 9.986897465214419345e-01
5.394640237417109347e+03 9.990778449778870973e-01
5.394668292344971633e+03 9.988042555013117996e-01
5.394696347418734149e+03 9.961539196903732574e-01
5.394724402638396896e+03 1.001518408975030860e+00
5.394752458003962602e+03 1.004622621890138845e+00
5.394780513515429448e+03 1.001133672108095896e+00
5.394808569172801072e+03 9.999995029819872538e-01
5.394836624976075655e+03 9.989421123186975615e-01
5.394864680925255016e+03 9.968289069985251105e-01
5.394892737020340064e+03 9.980363852489745335e-01
5.394920793261330800e+03 1.000220036628906017e+00
5.394948849648229043e+03 1.000550784075870059e+00
5.394976906181034792e+03 9.977516404179830323e-01
5.395004962859749867e+03 9.983995152238227533e-01
5.395033019684373357e+03 9.979766826288505310e-01
5.395061076654907083e+03 9.962514005650948690e-01
5.395089133771351953e+03 1.004393559280372106e+00
5.395117191033707968e+03 1.004703257800628524e+00
5.395145248441976946e+03 9.991628092738288336e-01
5.395173305996157978e+03 9.992533575202604545e-01
5.395201363696253793e+03 1.003130328374626012e+00
5.395229421542263481e+03 1.003644559534488057e+00
5.395257479534188860e+03 1.001976504892373443e+00
5.395285537672030841e+03 9.985340285713915076e-01
5.395313595955788514e+03 9.975609022924372127e-01
5.395341654385464608e+03 9.990102999809260531e-01
5.395369712961059122e+03 1.002725380618580964e+00
5.395397771682572966e+03 1.003161425813966945e+00
5.395425830550006140e+03 1.000069770351260878e+00
5.395453889563360462e+03 9.994517682058067232e-01
5.395481948722635934e+03 9.969333630377195110e-01
5.395510008027833464e+03 9.954997642604680452e-01
5.395538067478953963e+03 9.990080691437057681e-01
5.395566127075998338e+03 1.006203269878572337e+00
5.395594186818967501e+03 1.003110860936530235e+00
5.395622246707861450e+03 1.000583555499351407e+00
5.395650306742681096e+03 1.002258526026635455e+00
5.395678366923428257e+03 1.003344792552153253e+00
5.395706427250102024e+03 9.993867722619010907e-01
5.395734487722704216e+03 9.974710338162466883e-01
5.395762548341235743e+03 9.982235588614242205e-01
5.395790609105697513e+03 9.996561269771752078e-01
5.395818670016089527e+03 1.000254951224416766e+00
5.395846731072412695e+03 9.999693861123715166e-01
5.395874792274668835e+03 1.000589733302359674e+00
5.395902853622856128e+03 1.000618280664494542e+00
5.395930915116978213e+03 1.002099975194410408e+00
5.395958976757033270e+03 1.000057546278686704e+00
5.395987038543024937e+03 9.983315546322715228e-01
5.396015100474951396e+03 9.993172445486520061e-01
5.396043162552814465e+03 1.005801611988446753e+00
5.396071224776615963e+03 1.001592747528901706e+00
5.396099287146354072e+03 1.000996133597734206e+00
5.396127349662032429e+03 1.002346821652725595e+00
5.396155412323649216e+03 9.987288005132290980e-01
5.396183475131207160e+03 9.989030837080584702e-01
5.396211538084706262e+03 1.000864305077764582e+00
5.396239601184147432e+03 9.988847531766280596e-01
5.396267664429530669e+03 9.983553535979889926e-01
5.396295727820857792e+03 1.001700629585126956e+00
5.396323791358128801e+03 1.003684862308820813e+00
5.396351855041344606e+03 1.003888105001301101e+00
5.396379918870507026e+03 9.991368709331838183e-01
5.396407982845615152e+03 1.000991377126985604e+00
5.396436046966670801e+03 9.992162033723777093e-01
5.396464111233674885e+03 1.001781930784273023e+00
5.396492175646627402e+03 1.000356889037106400e+00
5.396520240205529262e+03 9.957207798397473830e-01
5.396548304910381376e+03 9.991671224141612795e-01
5.396576369761184651e+03 9.997565711208874495e-01
5.396604434757939089e+03 9.980924151864756233e-01
5.396632499900646508e+03 1.000366673998930311e+00
5.396660565189306908e+03 1.003599937427918087e+00
5.396688630623922108e+03 9.996666647679126605e-01
5.396716696204491200e+03 9.995413584000590879e-01
5.396744761931016910e+03 9.982498802131762883e-01
5.396772827803498330e+03 9.974223533427316601e-01
5.396800893821936370e+03 9.972021195135688520e-01
5.396828959986332848e+03 1.001931297196715587e+00
5.396857026296688673e+03 1.005540944836953665e+00
5.396885092753002937e+03 1.000361934203646719e+00
5.396913159355277458e+03 9.984758980350898483e-01
5.396941226103513145e+03 1.001184876890885311e+00
5.396969292997709999e+03 1.002505019840395750e+00
5.396997360037869839e+03 9.991432878341574009e-01
5.397025427223992665e+03 9.983411314036154671e-01
5.397053494556078476e+03 9.993950937688816927e-01
5.397081562034130002e+03 9.963401042879992398e-01
5.397109629658147242e+03 9.989871029212191722e-01
5.397137697428130195e+03 1.004057692011712355e+00
5.397165765344079773e+03 1.003805671354250029e+00
5.397193833405997793e+03 1.001309370905767882e+00
5.397221901613883347e+03 9.967116591927399627e-01
5.397249969967739162e+03 9.942482367921676722e-01
5.397278038467564329e+03 9.994330110090146047e-01
5.397306107113360667e+03 1.002013233224640976e+00
5.397334175905128177e+03 1.004564585901227769e+00
5.397362244842868677e+03 1.000465167867807148e+00
5.397390313926581257e+03 9.980949117023335537e-01
5.397418383156268646e+03 9.989550084467921920e-01
5.397446452531929936e+03 9.952262673219374189e-01
5.397474522053566034e+03 9.991452731542392884e-01
5.397502591721178760e+03 1.005556524022225506e+00
5.397530661534769024e+03 1.002589037569474151e+00
5.397558731494335916e+03 9.960842978294042194e-01
5.397586801599881255e+03 1.001845523164943907e+00
5.397614871851405951e+03 1.003906721085674469e+00
5.397642942248910913e+03 1.000247804952722808e+00
5.397671012792396141e+03 9.971654282032530459e-01
5.397699083481862544e+03 9.976403982471080401e-01
5.397727154317311033e+03 1.000225459304193265e+00
5.397755225298742516e+03 1.004739139539415405e+00
5.397783296426157904e+03 9.990748395742605759e-01
5.397811367699558105e+03 1.005020271291991563e+00
5.397839439118943119e+03 9.999928711607281029e-01
5.397867510684313856e+03 9.997241874081402857e-01
5.397895582395671227e+03 1.005623072812441565e+00
5.397923654253015229e+03 1.000054098234170574e+00
5.397951726256348593e+03 1.001036567953402345e+00
5.397979798405670408e+03 9.992681116124015883e-01
5.398007870700982494e+03 1.001995649306235414e+00
5.398035943142284850e+03 9.972874345966228349e-01
5.398064015729579296e+03 9.995720776644196892e-01
5.398092088462864922e+03 9.980135665100969833e-01
5.398120161342143547e+03 1.002878043337300573e+00
5.398148234367415171e+03 1.003653734498817895e+00
5.398176307538681613e+03 9.996356152395177164e-01
5.398204380855942873e+03 9.985047502987550727e-01
5.398232454319199860e+03 9.994072590930387356e-01
5.398260527928453484e+03 1.001686059510998206e+00
5.398288601683704655e+03 1.000689689659005621e+00
5.398316675584954282e+03 9.994178700230152979e-01
5.398344749632202365e+03 9.974779149784805954e-01
5.398372823825449814e+03 9.984077743626547097e-01
5.398400898164697537e+03 1.003096771621105221e+00
5.398428972649946445e+03 9.958115138687230194e-01
5.398457047281197447e+03 9.996931566528103330e-01
5.398485122058451452e+03 9.998431916636795203e-01
5.398513196981708461e+03 1.002537763977543239e+00
5.398541272050969383e+03 1.001204322898721077e+00
5.398569347266236036e+03 9.967358928075654712e-01
5.398597422627508422e+03 9.973929132032014477e-01
5.398625498134785630e+03 9.982696329232751964e-01
5.398653573788071299e+03 9.959972848335146844e-01
5.398681649587364518e+03 9.981491927179932944e-01
5.398709725532667107e+03 1.001255447848343083e+00
5.398737801623979067e+03 1.000345099412872640e+00
5.398765877861300396e+03 1.000364516717716645e+00
5.398793954244632914e+03 1.004676889998101563e+00
5.398822030773978440e+03 1.000649208567435888e+00
5.398850107449335155e+03 9.984406492633030039e-01
5.398878184270704878e+03 1.001541155384307880e+00
5.398906261238089428e+03 1.000745858743704364e+00
5.398934338351489714e+03 1.002493451228753774e+00
5.398962415610903918e+03 1.003452384453803248e+00
5.398990493016335677e+03 1.002382045829162793e+00
5.399018570567783172e+03 1.000951956762538231e+00
5.399046648265249132e+03 9.994657365363114332e-01
5.399074726108734467e+03 9.992498239495826162e-01
5.399102804098237357e+03 1.000033819238546284e+00
5.399130882233762350e+03 9.996380051681778012e-01
5.399158960515307626e+03 9.981889309347802275e-01
5.399187038942874096e+03 9.991557259811130187e-01
5.399215117516462669e+03 1.000578673874519708e+00
5.399243196236075164e+03 9.989950023536686707e-01
5.399271275101711581e+03 1.000752985083894542e+00
5.399299354113371010e+03 1.002539355303332602e+00
5.399327433271057998e+03 1.001259446939701592e+00
5.399355512574770728e+03 1.002449558477195968e+00
5.399383592024509198e+03 1.001873753352297447e+00
5.399411671620276138e+03 1.005252074283423447e+00
5.399439751362072457e+03 1.007345177483029319e+00
5.399467831249896335e+03 1.003015310768808677e+00
5.399495911283751411e+03 1.001360868026611950e+00
5.399523991463636776e+03 1.001325720596546009e+00
5.399552071789553338e+03 1.001791614071040115e+00
5.399580152261502917e+03 1.003886391270068845e+00
5.399608232879484603e+03 1.002563826572427041e+00
5.399636313643501126e+03 1.001311609278208392e+00
5.399664394553551574e+03 1.000932154528901608e+00
5.399692475609636858e+03 1.001176410763125357e+00
5.399720556811759707e+03 1.005877875568474966e+00
5.399748638159917391e+03 1.001268467718548161e+00
5.399776719654114459e+03 1.000098387062627436e+00
5.399804801294348181e+03 1.000352323137698285e+00
5.399832883080622196e+03 9.942922356932115679e-01
5.399860965012936504e+03 9.931440059745871851e-01
5.399889047091290195e+03 9.983584630928509229e-01
5.399917129315685997e+03 9.999190493420626602e-01
5.399945211686123002e+03 1.001160792392303156e+00
5.399973294202603938e+03 1.002327531375387659e+00
5.400001376865127895e+03 1.003275347150632379e+00
5.400029459673697602e+03 9.993852030985000967e-01
5.400057542628310330e+03 1.004116686943288039e+00
5.400085625728970626e+03 1.003650085350318522e+00
5.400113708975676673e+03 9.980945174598787606e-01
5.400141792368431197e+03 1.000271569354187928e+00
5.400169875907233290e+03 9.974786461365081625e-01
5.400197959592083862e+03 9.971575963870545900e-01
5.400226043422984731e+03 1.002167171321967309e+00
5.400254127399935896e+03 1.003646352572447720e+00
5.400282211522939178e+03 9.970485268849711424e-01
5.400310295791992758e+03 1.002513472230844638e+00
5.400338380207101181e+03 1.002233939699895382e+00
5.400366464768261721e+03 9.991426283286061194e-01
5.400394549475476197e+03 1.001476477934300391e+00
5.400422634328747336e+03 1.002502309423933591e+00
5.400450719328072410e+03 9.988776015546386722e-01
5.400478804473455057e+03 1.002918529817627968e+00
5.400506889764895277e+03 1.001579385408857714e+00
5.400534975202393071e+03 9.999165181854360318e-01
5.400563060785949347e+03 9.997766018470058969e-01
5.400591146515566834e+03 1.000891513120854670e+00
5.400619232391243713e+03 1.003457886421783130e+00
5.400647318412980894e+03 9.949717175427594817e-01
5.400675404580781105e+03 1.000553830841282243e+00
5.400703490894643437e+03 9.988200236053177417e-01
5.400731577354568799e+03 9.982636990009234879e-01
5.400759663960559919e+03 1.001150573927237497e+00
5.400787750712614070e+03 1.001344267012786116e+00
5.400815837610734889e+03 1.000477802176989783e+00
5.400843924654921466e+03 1.001124261162918305e+00
5.400872011845175621e+03 1.001873522839430652e+00
5.400900099181499172e+03 1.001488109774407498e+00
5.400928186663889392e+03 1.000787573315559564e+00
5.400956274292349917e+03 1.001705990228731080e+00
5.400984362066879839e+03 9.963629490021437274e-01
5.401012449987481887e+03 9.976332655261331839e-01
5.401040538054156059e+03 9.971515233763680319e-01
5.401068626266901447e+03 1.001309443341986682e+00
5.401096714625720779e+03 1.002852418902279164e+00
5.401124803130614055e+03 1.002654223246049359e+00
5.401152891781582184e+03 9.994341390527278213e-01
5.401180980578625167e+03 1.003556910879654929e+00
5.401209069521744823e+03 1.003009675816499247e+00
5.401237158610942970e+03 9.975451412834439591e-01
5.401265247846217790e+03 1.002292348217581619e+00
5.401293337227571101e+03 9.975284725957522802e-01
5.401321426755003813e+03 9.993816462211250196e-01
5.401349516428516836e+03 9.997775821270908914e-01
5.401377606248110169e+03 1.004759713131241572e+00
5.401405696213785632e+03 1.000904004323508234e+00
5.401433786325543224e+03 9.989006667918131077e-01
5.401461876583384765e+03 1.001479445875094410e+00
5.401489966987309344e+03 9.986252443659981992e-01
5.401518057537318782e+03 1.000239004815148158e+00
5.401546148233413987e+03 9.983947214791683011e-01
5.401574239075594960e+03 9.974570615726254807e-01
5.401602330063863519e+03 9.998052190247409543e-01
5.401630421198218755e+03 9.982326281177044125e-01
5.401658512478663397e+03 1.000087200622756578e+00
5.401686603905196534e+03 9.989022955748249055e-01
5.401714695477820896e+03 9.978958292893754800e-01
5.401742787196534664e+03 9.993467732542995474e-01
5.401770879061339656e+03 1.000647626035698012e+00
5.401798971072237691e+03 9.983976967881219577e-01
5.401827063229229680e+03 1.002398764852425295e+00
5.401855155532313802e+03 9.981281104536702253e-01
5.401883247981493696e+03 9.991130393687923661e-01
5.401911340576768453e+03 9.993492032339396092e-01
5.401939433318139891e+03 1.000123812768433762e+00
5.401967526205606191e+03 1.003132366316357382e+00
5.401995619239171901e+03 9.995584942091196856e-01
5.402023712418836112e+03 9.977963780711027741e-01
5.402051805744598823e+03 9.975738303610147684e-01
5.402079899216460035e+03 9.979275902269775234e-01
5.402107992834424294e+03 9.957811240017087062e-01
5.402136086598488873e+03 9.963622098588958975e-01
5.402164180508655591e+03 9.971426168805420653e-01
5.402192274564924446e+03 1.000967490567068907e+00
5.402220368767298169e+03 9.994946097544190611e-01
5.402248463115775849e+03 1.000245582689147428e+00
5.402276557610358395e+03 9.999199291248562771e-01
5.402304652251047628e+03 9.955381384906395459e-01
5.402332747037843546e+03 1.003104320235421509e+00
5.402360841970746151e+03 9.973906313871210294e-01
5.402388937049757260e+03 9.980802892754594424e-01
5.402417032274877783e+03 9.968329982754405849e-01
5.402445127646107721e+03 9.971656100294342684e-01
5.402473223163447983e+03 9.993335126402078661e-01
5.402501318826899478e+03 1.002006525904009848e+00
5.402529414636464026e+03 9.992734159569361951e-01
5.402557510592139806e+03 1.001272256742732125e+00
5.402585606693930458e+03 1.000337467905575206e+00
5.402613702941835072e+03 9.979475956090381183e-01
5.402641799335854557e+03 1.002620020746133322e+00
5.402669895875989823e+03 9.955392978627246592e-01
5.402697992562241780e+03 9.957456971284969205e-01
5.402726089394610426e+03 1.002144312808195492e+00
5.402754186373098491e+03 1.000812604430910024e+00
5.402782283497704157e+03 1.003060866823697550e+00
5.402810380768430150e+03 1.000181481221488866e+00
5.402838478185275562e+03 9.981849596936674951e-01
5.402866575748244031e+03 1.000929163731726801e+00
5.402894673457332829e+03 9.999638170615163801e-01
5.402922771312544683e+03 9.980700157750881374e-01
5.402950869313880503e+03 9.962719665325326934e-01
5.402978967461339380e+03 1.000891929375070877e+00
5.403007065754924042e+03 9.944835572085086728e-01
5.403035164194634490e+03 1.000224034126943939e+00
5.403063262780470723e+03 9.990996257654546353e-01
5.403091361512434560e+03 9.930205461492301877e-01
5.403119460390526910e+03 9.936432949911263579e-01
5.403147559414746866e+03 9.969227079805524916e-01
5.403175658585097153e+03 9.988863117027204641e-01
5.403203757901576864e+03 1.002261837951104351e+00
5.403231857364188727e+03 1.001600042139772162e+00
5.403259956972932741e+03 1.001559599301599546e+00
5.403288056727807998e+03 1.001073201182904659e+00
5.403316156628816316e+03 1.001253956926285493e+00
5.403344256675959514e+03 9.966869829645317314e-01
5.403372356869237592e+03 9.965833557770693574e-01
5.403400457208650550e+03 9.976410363566018402e-01
5.403428557694201118e+03 9.989367754222306939e-01
5.403456658325888384e+03 9.986567815790918790e-01
5.403484759103713259e+03 9.950707053115105394e-01
5.403512860027676652e+03 1.001256044206592311e+00
5.403540961097778563e+03 1.001068706664979935e+00
5.403569062314021721e+03 1.001403805923503754e+00
5.403597163676406126e+03 1.000710538811544259e+00
5.403625265184930868e+03 1.000897604274950004e+00
5.403653366839598675e+03 1.002164198663897388e+00
5.403681468640410458e+03 1.000138022144767991e+00
5.403709570587365306e+03 9.980667761335479948e-01
5.403737672680465039e+03 9.961130699453248916e-01
5.403765774919710566e+03 9.972165422878591645e-01
5.403793877305101887e+03 9.968055255929768599e-01
5.403821979836639912e+03 1.000273099202528826e+00
5.403850082514325550e+03 9.988618270327704884e-01
5.403878185338160620e+03 1.001271140672784998e+00
5.403906288308144212e+03 9.987856417372603657e-01
5.403934391424279056e+03 9.965123477692356957e-01
5.403962494686563332e+03 9.968288890877066155e-01
5.403990598094999768e+03 9.982237059441853022e-01
5.404018701649587456e+03 1.003724728631441909e+00
5.404046805350330033e+03 1.002483127159766285e+00
5.404074909197225679e+03 1.001918190748836812e+00
5.404103013190275306e+03 9.968588711856292139e-01
5.404131117329480730e+03 9.992635673317007416e-01
5.404159221614841954e+03 1.002013912336875201e+00
5.404187326046360795e+03 1.001523065846508631e+00
5.404215430624036344e+03 1.005613971744575563e+00
5.404243535347870420e+03 1.007766862024923160e+00
5.404271640217864842e+03 1.002251750700340338e+00
5.404299745234017792e+03 9.994463239782351849e-01
5.404327850396331996e+03 1.001919750848310420e+00
5.404355955704807457e+03 1.000373991871997159e+00
5.404384061159445082e+03 9.971303466937274651e-01
5.404412166760245782e+03 9.931533712245238510e-01
5.404440272507209556e+03 9.972230252632859893e-01
5.404468378400339134e+03 9.996987390445916111e-01
5.404496484439632695e+03 1.001201069227711127e+00
5.404524590625092969e+03 9.987934344183916346e-01
5.404552696956719046e+03 9.966824747003153462e-01
5.404580803434514564e+03 9.932425354341000157e-01
5.404608910058475885e+03 9.981487937641013719e-01
5.404637016828608466e+03 9.986270377105436191e-01
5.404665123744909579e+03 9.987648449873558487e-01
5.404693230807381042e+03 9.965160707505198445e-01
5.404721338016024674e+03 1.000185449900883761e+00
5.404749445370839567e+03 1.000203618551738449e+00
5.404777552871827538e+03 1.000706230279596376e+00
5.404805660518989498e+03 1.002457158377613844e+00
5.404833768312325446e+03 1.000964018725327254e+00
5.404861876251836293e+03 9.985158312761888144e-01
5.404889984337523856e+03 9.961355084788442449e-01
5.404918092569387227e+03 9.941844697874459014e-01
5.404946200947428224e+03 9.968103844044122752e-01
5.404974309471646848e+03 9.987684272004584418e-01
5.405002418142044917e+03 9.975103817834292119e-01
5.405030526958623341e+03 9.981084266508082337e-01
5.405058635921381210e+03 1.000651329900154929e+00
5.405086745030320344e+03 9.988738433926511728e-01
5.405114854285441652e+03 9.978001730358260213e-01
5.405142963686746043e+03 9.972334022192864689e-01
5.405171073234233518e+03 9.954091900877682919e-01
5.405199182927904985e+03 1.000721585212260401e+00
5.405227292767761355e+03 9.998281729203405410e-01
5.405255402753804447e+03 9.984123403913875983e-01
5.405283512886033350e+03 9.963646815679021440e-01
5.405311623164448974e+03 9.976047803942724723e-01
5.405339733589053139e+03 9.992254618579546888e-01
5.405367844159846754e+03 9.991085692897664350e-01
5.405395954876828910e+03 9.980511045939641779e-01
5.405424065740002334e+03 9.960683286361178279e-01
5.405452176749366117e+03 9.958412763011528224e-01
5.405480287904922079e+03 9.972578245500894889e-01
5.405508399206671129e+03 9.969912028801976023e-01
5.405536510654611448e+03 1.000410793576804513e+00
5.405564622248747582e+03 9.955099583203638192e-01
5.405592733989078624e+03 9.960129517849259928e-01
5.405620845875605482e+03 9.986732291712897558e-01
5.405648957908328157e+03 9.987839554132147413e-01
5.405677070087247557e+03 1.000561918202530931e+00
5.405705182412365502e+03 1.000241252467222397e+00
5.405733294883682902e+03 9.995023093733482744e-01
5.405761407501197937e+03 9.971760084201551910e-01
5.405789520264914245e+03 9.979984935472592245e-01
5.405817633174831826e+03 9.959860508686348979e-01
5.405845746230949771e+03 9.988717772892407032e-01
5.405873859433271718e+03 9.941479564715871575e-01
5.405901972781796758e+03 9.941816936460764476e-01
5.405930086276524889e+03 1.002669355920982275e+00
5.405958199917457932e+03 1.001758463000751220e+00
5.405986313704596796e+03 9.989550720846609444e-01
5.406014427637942390e+03 9.990636903187438689e-01
5.406042541717493805e+03 9.957088355135659263e-01
5.406070655943253769e+03 9.978695478626590232e-01
5.406098770315222282e+03 1.001707460446801035e+00
5.406126884833399345e+03 9.979447846692404145e-01
5.406154999497787685e+03 1.001934217430248353e+00
5.406183114308386394e+03 9.982990977947467925e-01
5.406211229265197289e+03 9.964886297086466005e-01
5.406239344368219463e+03 1.002274610141304922e+00
5.406267459617455643e+03 9.979134576720800620e-01
5.406295575012905829e+03 1.001701397038175401e+00
5.406323690554570021e+03 9.897037436562664547e-01
5.406351806242449129e+03 9.919796250894139522e-01
5.406379922076544972e+03 9.903960689095028247e-01
5.406408038056857549e+03 9.950620007068443629e-01
5.406436154183388680e+03 9.959349012190380490e-01
5.406464270456137456e+03 9.929185687116122150e-01
5.406492386875105694e+03 9.999184608665877549e-01
5.406520503440293396e+03 1.002368139249869117e+00
5.406548620151702380e+03 9.966693985034340564e-01
5.406576737009332646e+03 9.967140515495142017e-01
5.406604854013185104e+03 9.968425306411390352e-01
5.406632971163260663e+03 9.992616077463706281e-01
5.406661088459559323e+03 9.970619743453508210e-01
5.406689205902083813e+03 9.965102639052269007e-01
5.406717323490833223e+03 9.977424259132527951e-01
5.406745441225808463e+03 9.960648434598380341e-01
5.406773559107010442e+03 9.951860988622083237e-01
5.406801677134440069e+03 9.975385169128636598e-01
5.406829795308097346e+03 9.950923379662482970e-01
5.406857913627984999e+03 9.940058824141522198e-01
5.406886032094102120e+03 9.988535668988335336e-01
5.406914150706449618e+03 9.948433695985061664e-01
5.406942269465027493e+03 9.978982900966796299e-01
5.406970388369838474e+03 9.930796312924210500e-01
5.406998507420882561e+03 9.950336643308654860e-01
5.407026626618160662e+03 9.955229636342645128e-01
5.407054745961671870e+03 9.939677087311667991e-01
5.407082865451418911e+03 9.951652868325193690e-01
5.407110985087402696e+03 9.931001631021219023e-01
5.407139104869621406e+03 9.951021030955614632e-01
5.407167224798079587e+03 9.957744099827183781e-01
5.407195344872775422e+03 9.932012006695257744e-01
5.407223465093708910e+03 9.928855541654958428e-01
5.407251585460883689e+03 9.959032390451073580e-01
5.407279705974297030e+03 9.989408720663394137e-01
5.407307826633953482e+03 9.968390132854441088e-01
5.407335947439851225e+03 9.940680554744881769e-01
5.407364068391992078e+03 9.943593936394536925e-01
5.407392189490376040e+03 9.947234668228216448e-01
5.407420310735004932e+03 9.963904595831906130e-01
5.407448432125878753e+03 9.970432136920527322e-01
5.407476553662997503e+03 9.968705926115905003e-01
5.407504675346363911e+03 9.966253362117007963e-01
5.407532797175977066e+03 9.946908099452606011e-01
5.407560919151837879e+03 9.931069872305228197e-01
5.407589041273949078e+03 9.930854767108061587e-01
5.407617163542308845e+03 9.943348494761812262e-01
5.407645285956918997e+03 9.950793633193857346e-01
5.407673408517780445e+03 9.928297105453351978e-01
5.407701531224894097e+03 9.918968526357516691e-01
5.407729654078259955e+03 9.942062790337309330e-01
5.407757777077878927e+03 9.920382469242549073e-01
5.407785900223752833e+03 9.929141660731207741e-01
5.407814023515881672e+03 9.942523866630501583e-01
5.407842146954265445e+03 9.910479479681407744e-01
5.407870270538905970e+03 9.935474443568543812e-01
5.407898394269804157e+03 9.917433684242837888e-01
5.407926518146960007e+03 9.909106851112066128e-01
5.407954642170375337e+03 9.930628317080872902e-01
5.407982766340049238e+03 9.931683229442888061e-01
5.408010890655983530e+03 9.948832510699180398e-01
5.408039015118179123e+03 9.917797474839146199e-01
5.408067139726636924e+03 9.869548744376194227e-01
5.408095264481356935e+03 9.869838253704970032e-01
5.408123389382340065e+03 9.841718554173124467e-01
5.408151514429586314e+03 9.861019903419254717e-01
5.408179639623099320e+03 9.867762060345315334e-01
5.408207764962877263e+03 9.927292296671245131e-01
5.408235890448921054e+03 9.930667411400332378e-01
5.408264016081231603e+03 9.891268901231261568e-01
5.408292141859811636e+03 9.841372448520552263e-01
5.408320267784659336e+03 9.824086436643100217e-01
5.408348393855775612e+03 9.839528931862561167e-01
5.408376520073163192e+03 9.865405250789213154e-01
5.408404646436821167e+03 9.829298148687402037e-01
5.408432772946751356e+03 9.830042701722000453e-01
5.408460899602953759e+03 9.870622513780659135e-01
5.408489026405429286e+03 9.917116996520296546e-01
5.408517153354178845e+03 9.902968534149213520e-01
5.408545280449202437e+03 9.869000880700097289e-01
5.408573407690501881e+03 9.858314890872224012e-01
5.408601535078078996e+03 9.837209414306499200e-01
5.408629662611931053e+03 9.797140592294427686e-01
5.408657790292062600e+03 9.816197625238181068e-01
5.408685918118471818e+03 9.860171473717240787e-01
5.408714046091159616e+03 9.831253421082178923e-01
5.408742174210127814e+03 9.832646049567320690e-01
5.408770302475378230e+03 9.819888602633541907e-01
5.408798430886909046e+03 9.808214989321801802e-01
5.408826559444722079e+03 9.837179649744702825e-01
5.408854688148818241e+03 9.812827435109255925e-01
5.408882816999198440e+03 9.819738938248425697e-01
5.408910945995863585e+03 9.798931905062491232e-01
5.408939075138814587e+03 9.769391717270038411e-01
5.408967204428050536e+03 9.753545522820197267e-01
5.408995333863574160e+03 9.740379969907844160e-01
5.409023463445384550e+03 9.779802569317600502e-01
5.409051593173483525e+03 9.766174927224278157e-01
5.409079723047872903e+03 9.739159073492142937e-01
5.409107853068550867e+03 9.731671349207043908e-01
5.409135983235520143e+03 9.735587839553591083e-01
5.409164113548779824e+03 9.717872469963600990e-01
5.409192244008333546e+03 9.694922828522521963e-01
5.409220374614179491e+03 9.693126090317186749e-01
5.409248505366318568e+03 9.722714778538591451e-01
5.409276636264753506e+03 9.693477037165049159e-01
5.409304767309481576e+03 9.684738954874544392e-01
5.409332898500507326e+03 9.698770494986834745e-01
5.409361029837829847e+03 9.715057290252895328e-01
5.409389161321450047e+03 9.653047890717509905e-01
5.409417292951367017e+03 9.644037695758461703e-01
5.409445424727584395e+03 9.628617589240154873e-01
5.409473556650101273e+03 9.582096195301064157e-01
5.409501688718918558e+03 9.584733659435417108e-01
5.409529820934037161e+03 9.598016214896528675e-01
5.409557953295458901e+03 9.557837410131462264e-01
5.409586085803181959e+03 9.499703459419946983e-01
5.409614218457209972e+03 9.474134797544825348e-01
5.409642351257542032e+03 9.507500620081889009e-01
5.409670484204179047e+03 9.488556244913148863e-01
5.409698617297121928e+03 9.531666786818264736e-01
5.409726750536371583e+03 9.522918401292504997e-01
5.409754883921928922e+03 9.503220908876952588e-01
5.409783017453793946e+03 9.476272092881720122e-01
5.409811151131967563e+03 9.453029445958537336e-01
5.409839284956452502e+03 9.442241460823461718e-01
5.409867418927246945e+03 9.419534410346362963e-01
5.409895553044352710e+03 9.436813355838263861e-01
5.409923687307769796e+03 9.461134475173017533e-01
5.409951821717500025e+03 9.459742470636229861e-01
5.409979956273544303e+03 9.427724951488547500e-01
5.410008090975902633e+03 9.402659614519348619e-01
5.410036225824575922e+03 9.389672519813677676e-01
5.410064360819565081e+03 9.415752285121078424e-01
5.410092495960870110e+03 9.383242972438544660e-01
5.410120631248493737e+03 9.357810957443774003e-01
5.410148766682435053e+03 9.372201623244743596e-01
5.410176902262694966e+03 9.387305160831036499e-01
5.410205037989274388e+03 9.352452418192432892e-01
5.410233173862174226e+03 9.301446882881353462e-01
5.410261309881395391e+03 9.290483435936596202e-01
5.410289446046937883e+03 9.295279431687025751e-01
5.410317582358803520e+03 9.288261124556871362e-01
5.410345718816993212e+03 9.262291304418710514e-01
5.410373855421506050e+03 9.270072605940228305e-01
5.410401992172343853e+03 9.288017880344623389e-01
5.410430129069508439e+03 9.264230546798710719e-01
5.410458266112997990e+03 9.290653982617639306e-01
5.410486403302816143e+03 9.266453441669720847e-01
5.410514540638961080e+03 9.229895880221906657e-01
5.410542678121436438e+03 9.266038804374239213e-01
5.410570815750239490e+03 9.193430368939198294e-01
5.410598953525373872e+03 9.182866119572630215e-01
5.410627091446838676e+03 9.213266572752977224e-01
5.410655229514635721e+03 9.139779146400465182e-01
5.410683367728765006e+03 9.236934246649151081e-01
5.410711506089227441e+03 9.166406070424629737e-01
5.410739644596024846e+03 9.146484055983897798e-01
5.410767783249156309e+03 9.149815684409573491e-01
5.410795922048623652e+03 9.153486613386871973e-01
5.410824060994426873e+03 9.108760495459444773e-01
5.410852200086568700e+03 9.099086268284876100e-01
5.410880339325046407e+03 9.107804644871488886e-01
5.410908478709863630e+03 9.105579800221106357e-01
5.410936618241020369e+03 9.118483383403028775e-01
5.410964757918517535e+03 9.125296745848242574e-01
5.410992897742355126e+03 9.107479781499658866e-01
5.411021037712534053e+03 9.076334603113673793e-01
5.411049177829056134e+03 9.060162556323722027e-01
5.411077318091921370e+03 9.057207780084759463e-01
5.411105458501130670e+03 9.080345427954910065e-01
5.411133599056684034e+03 9.083718607221581420e-01
5.411161739758583280e+03 9.067121233962982529e-01
5.411189880606828410e+03 9.084010898103898057e-01
5.411218021601421242e+03 9.055593762329656737e-01
5.411246162742360866e+03 9.027477017658955827e-01
5.411274304029650011e+03 9.021464889975565615e-01
5.411302445463287768e+03 8.984158704387458227e-01
5.411330587043275955e+03 8.997531412211314805e-01
5.411358728769615482e+03 9.053727060665317516e-01
5.411386870642305439e+03 9.034266420741743353e-01
5.411415012661348555e+03 9.011985363795045334e-01
5.411443154826743921e+03 9.014286940750986243e-01
5.411471297138494265e+03 8.969678667693783414e-01
5.411499439596598677e+03 8.968111351624017402e-01
5.411527582201058976e+03 9.016623664122817017e-01
5.411555724951874254e+03 9.008171956555681703e-01
5.411583867849047238e+03 9.056306280682488996e-01
5.411612010892577928e+03 8.966882988279333278e-01
5.411640154082466324e+03 9.000946217903252888e-01
5.411668297418715156e+03 9.006955833970642367e-01
5.411696440901323513e+03 8.994653964712198135e-01
5.411724584530291395e+03 8.973468410215067470e-01
5.411752728305621531e+03 8.953161471653151571e-01
5.411780872227314831e+03 8.992135446994853343e-01
5.411809016295370384e+03 8.995453320409712017e-01
5.411837160509790010e+03 9.010780940358350533e-01
5.411865304870573709e+03 9.016148831360240035e-01
5.411893449377722391e+03 9.015116312673701060e-01
5.411921594031237873e+03 8.993432066550197668e-01
5.411949738831119248e+03 9.017582232317978841e-01
5.411977883777369243e+03 9.054716135174352143e-01
5.412006028869986949e+03 9.043146427591516323e-01
5.412034174108973275e+03 9.061620115006346898e-01
5.412062319494330040e+03 9.049462999132542596e-01
5.412090465026057245e+03 9.012097278449107129e-01
5.412118610704155799e+03 9.054474038746624931e-01
5.412146756528626611e+03 9.093208621401511760e-01
5.412174902499469681e+03 9.083659137237318770e-01
5.412203048616687738e+03 9.049191390820741088e-01
5.412231194880279872e+03 9.062576353421076814e-01
5.412259341290246084e+03 9.040833105361456568e-01
5.412287487846589102e+03 9.077588241011360637e-01
5.412315634549308015e+03 9.101408231235743607e-01
5.412343781398405554e+03 9.121331338477968176e-01
5.412371928393880808e+03 9.105486396733339927e-01
5.412400075535735596e+03 9.159430780866096855e-01
5.412428222823969008e+03 9.171105955252205622e-01
5.412456370258583775e+03 9.180375208516842189e-01
5.412484517839578984e+03 9.126337876164708485e-01
5.412512665566956457e+03 9.118515377024494217e-01
5.412540813440718011e+03 9.127519227757341369e-01
5.412568961460861829e+03 9.124898289481639946e-01
5.412597109627389727e+03 9.203627905716600388e-01
5.412625257940302617e+03 9.169975056887431641e-01
5.412653406399602318e+03 9.179113761071010513e-01
5.412681555005288828e+03 9.200754365219830921e-01
5.412709703757362149e+03 9.257719298566656763e-01
5.412737852655823190e+03 9.231971428445217009e-01
5.412766001700672859e+03 9.245030854790677877e-01
5.412794150891912977e+03 9.268517415423077610e-01
5.412822300229543544e+03 9.255818892910010476e-01
5.412850449713563648e+03 9.261969014792392763e-01
5.412878599343976930e+03 9.294306654008008817e-01
5.412906749120783388e+03 9.316675738582589350e-01
5.412934899043983023e+03 9.295589460968050055e-01
5.412963049113576744e+03 9.289223205976592235e-01
5.412991199329565461e+03 9.279998617999584143e-01
5.413019349691949174e+03 9.305957246540744743e-01
5.413047500200730610e+03 9.372439660254847649e-01
5.413075650855908862e+03 9.377936951615565286e-01
5.413103801657484837e+03 9.342027417848701720e-01
5.413131952605459446e+03 9.403735497221890061e-01
5.413160103699833599e+03 9.353796921531174480e-01
5.413188254940609113e+03 9.355483114795799526e-01
5.413216406327784171e+03 9.366562293305746856e-01
5.413244557861362409e+03 9.400752173201081252e-01
5.413272709541342010e+03 9.430450566940927759e-01
5.413300861367724792e+03 9.416620899338159489e-01
5.413329013340513484e+03 9.448743814240190275e-01
5.413357165459705357e+03 9.450259982322730679e-01
5.413385317725303139e+03 9.468860359057540421e-01
5.413413470137307741e+03 9.520376032612909434e-01
5.413441622695720071e+03 9.490119712880111802e-01
5.413469775400539220e+03 9.475446155682147875e-01
5.413497928251767007e+03 9.509407878817545123e-01
5.413526081249404342e+03 9.495613997537312168e-01
5.413554234393452134e+03 9.531319607827956064e-01
5.413582387683911293e+03 9.564139382433600733e-01
5.413610541120781818e+03 9.585413112974676686e-01
5.413638694704064619e+03 9.586004847350347857e-01
5.413666848433760606e+03 9.586359195938398692e-01
5.413695002309871597e+03 9.558872919056782269e-01
5.413723156332395774e+03 9.572055093560127847e-01
5.413751310501335865e+03 9.603447464213308304e-01
5.413779464816692780e+03 9.619706819293329936e-01
5.413807619278467428e+03 9.626711806572946228e-01
5.413835773886657989e+03 9.642824407510413032e-01
5.413863928641268103e+03 9.620943111411534021e-01
5.413892083542298678e+03 9.661431184372304415e-01
5.413920238589747896e+03 9.678654828200060622e-01
5.413948393783618485e+03 9.679430665239097120e-01
5.413976549123909535e+03 9.696770110423581501e-01
5.414004704610624685e+03 9.685346155699549042e-01
5.414032860243762116e+03 9.683941996310715394e-01
5.414061016023323646e+03 9.720936671220605785e-01
5.414089171949310185e+03 9.678848498505833176e-01
5.414117328021720823e+03 9.759808804020285722e-01
5.414145484240558289e+03 9.738085797671152122e-01
5.414173640605823493e+03 9.691607469169801758e-01
5.414201797117516435e+03 9.677927910917152321e-01
5.414229953775637114e+03 9.719864842565739682e-01
5.414258110580186440e+03 9.762969266230705490e-01
5.414286267531167141e+03 9.771552859744183639e-01
5.414314424628577399e+03 9.768763475750681380e-01
5.414342581872419942e+03 9.739122271416715826e-01
5.414370739262694769e+03 9.748635507376623988e-01
5.414398896799401882e+03 9.707274623520060208e-01
5.414427054482544008e+03 9.672259337372915988e-01
5.414455212312120238e+03 9.693251412091549168e-01
5.414483370288131482e+03 9.752595475450064333e-01
5.414511528410578649e+03 9.816502590836100328e-01
5.414539686679462648e+03 9.855763417391595338e-01
5.414567845094784388e+03 9.831314839580298504e-01
5.414596003656544781e+03 9.849369708771786858e-01
5.414624162364744734e+03 9.836615887661782631e-01
5.414652321219383339e+03 9.843155710196076491e-01
5.414680480220463323e+03 9.894199809576141869e-01
5.414708639367984688e+03 9.838483304220220216e-01
5.414736798661948342e+03 9.857034784128310134e-01
5.414764958102354285e+03 9.912455836512337193e-01
5.414793117689205246e+03 9.871515983290644058e-01
5.414821277422499406e+03 9.825897836426075171e-01
5.414849437302238584e+03 9.865038911028246593e-01
5.414877597328425509e+03 9.849126793035059002e-01
5.414905757501057451e+03 9.870787593341326938e-01
5.414933917820137140e+03 9.881436145894904044e-01
5.414962078285665484e+03 9.909307550787030960e-01
5.414990238897642485e+03 9.921643102602758502e-01
5.415018399656070869e+03 9.916741064315623966e-01
5.415046560560948819e+03 9.926368574644464093e-01
5.415074721612277244e+03 9.886797104359480448e-01
5.415102882810058873e+03 9.884990150086029326e-01
5.415131044154292795e+03 9.856850319735128707e-01
5.415159205644979920e+03 9.849094340996984442e-01
5.415187367282121158e+03 9.898026795447949500e-01
5.415215529065718329e+03 9.897292355545412867e-01
5.415243690995771431e+03 9.920031763179705253e-01
5.415271853072281374e+03 9.940315519743284645e-01
5.415300015295248159e+03 9.940300458448528831e-01
5.415328177664672694e+03 9.939043502707716193e-01
5.415356340180556799e+03 9.896577092249236873e-01
5.415384502842901384e+03 9.855134390735913463e-01
5.415412665651704629e+03 9.890835787674803203e-01
5.415440828606971081e+03 9.851859095963798607e-01
5.415468991708698013e+03 9.924481302216603407e-01
5.415497154956888153e+03 9.932085881116557990e-01
5.415525318351541500e+03 9.897627747975709100e-01
5.415553481892658965e+03 9.924184089811558529e-01
5.415581645580242366e+03 9.944263820051616465e-01
5.415609809414290794e+03 9.913179036158838997e-01
5.415637973394806068e+03 9.897527706354087851e-01
5.415666137521788187e+03 9.899856499473859150e-01
5.415694301795239880e+03 9.950468989560524724e-01
5.415722466215159329e+03 9.965150110192928512e-01
5.415750630781548352e+03 9.959222860625808194e-01
5.415778795494406950e+03 9.939810990728059625e-01
5.415806960353737850e+03 9.919600534769459355e-01
5.415835125359540143e+03 9.961693565575161502e-01
5.415863290511815649e+03 9.934287486813059287e-01
5.415891455810564366e+03 9.958544339705092119e-01
5.415919621255786296e+03 9.920114124075326556e-01
5.415947786847483258e+03 9.918644219920323968e-01
5.415975952585657069e+03 9.956739935102394412e-01
5.416004118470306821e+03 9.967590797256685731e-01
5.416032284501434333e+03 9.897320594727251342e-01
5.416060450679038695e+03 9.911384656179226260e-01
5.416088617003122636e+03 9.885445329945263815e-01
5.416116783473685246e+03 9.930512873809947960e-01
5.416144950090728344e+03 9.953242387257495993e-01
5.416173116854252839e+03 9.941590547783271115e-01
5.416201283764259642e+03 9.913422120517526581e-01
5.416229450820747843e+03 9.921846231463168353e-01
5.416257618023720170e+03 9.969395684670646629e-01
5.416285785373175713e+03 9.954115237158274176e-01
5.416313952869116292e+03 9.948769945743197729e-01
5.416342120511542817e+03 9.961901103798016521e-01
5.416370288300456195e+03 9.930851624410395040e-01
5.416398456235856429e+03 9.952301473445428481e-01
5.416426624317744427e+03 9.913351085319421774e-01
5.416454792546120188e+03 9.904532887476533709e-01
5.416482960920986443e+03 9.925230382662341144e-01
5.416511129442342281e+03 9.961021715635690610e-01
5.416539298110189520e+03 9.954422134651422782e-01
5.416567466924528162e+03 9.956949230017524410e-01
5.416595635885359115e+03 9.932762072955575450e-01
5.416623804992684200e+03 9.953145595897510134e-01
5.416651974246501595e+03 9.961441494887294246e-01
5.416680143646814940e+03 1.000425087501918942e+00
5.416708313193623326e+03 9.963085886277435188e-01
5.416736482886927661e+03 9.919805131545298416e-01
5.416764652726729764e+03 9.989151989494072792e-01
5.416792822713029636e+03 9.964689000955895271e-01
5.416820992845827277e+03 9.968165556528310045e-01
5.416849163125125415e+03 9.949477283664193150e-01
5.416877333550922231e+03 9.984121685255442635e-01
5.416905504123220453e+03 9.981856556909407541e-01
5.416933674842020991e+03 9.932924668810118041e-01
5.416961845707322937e+03 9.949053786262881394e-01
5.416990016719128107e+03 9.958895078490807018e-01
5.417018187877437413e+03 9.934163529454326236e-01
5.417046359182251763e+03 9.908577329074733653e-01
5.417074530633570248e+03 9.945261027014129507e-01
5.417102702231395597e+03 9.968133393981853940e-01
5.417130873975728719e+03 9.960230206968841982e-01
5.417159045866568704e+03 9.934451187255660676e-01
5.417187217903916462e+03 1.000863672517844360e+00
5.417215390087774722e+03 9.969321428880956182e-01
5.417243562418142574e+03 9.978804128997887934e-01
5.417271734895020927e+03 9.930131492749283417e-01
5.417299907518410691e+03 9.982550800919581802e-01
5.417328080288312776e+03 9.968353834945048453e-01
5.417356253204728091e+03 9.982140501977436742e-01
5.417384426267657545e+03 9.988304604869453485e-01
5.417412599477100230e+03 9.973785964053635267e-01
5.417440772833059782e+03 9.969083873006774343e-01
5.417468946335534383e+03 9.990774187162796416e-01
5.417497119984525852e+03 9.991349058116819615e-01
5.417525293780036009e+03 9.957731142716980122e-01
5.417553467722063033e+03 9.969814328000453640e-01
5.417581641810609653e+03 9.999233140409932163e-01
5.417609816045676780e+03 9.955391970596713103e-01
5.417637990427263503e+03 9.936409522028912811e-01
5.417666164955372551e+03 9.979495343953432851e-01
5.417694339630003014e+03 9.995147034664213503e-01
5.417722514451157622e+03 1.001525520493631971e+00
5.417750689418834554e+03 9.983464756146052110e-01
5.417778864533036540e+03 9.972072948528888370e-01
5.417807039793763579e+03 9.981459179095580891e-01
5.417835215201016581e+03 1.002467983651669670e+00
5.417863390754796455e+03 1.000907836161633258e+00
5.417891566455104112e+03 9.972976264908196553e-01
5.417919742301938641e+03 9.958559199697467612e-01
5.417947918295303680e+03 9.956995635374847886e-01
5.417976094435198320e+03 9.980025318851737381e-01
5.418004270721623470e+03 9.968415684427494039e-01
5.418032447154579131e+03 9.991344552558493186e-01
5.418060623734068031e+03 1.000258427081764712e+00
5.418088800460088351e+03 1.002138301845331814e+00
5.418116977332643728e+03 1.004635101283314791e+00
5.418145154351732344e+03 9.997071719257752953e-01
5.418173331517356928e+03 9.943019770626989606e-01
5.418201508829516570e+03 9.961030213010410028e-01
5.418229686288213998e+03 9.959408573885036864e-01
5.418257863893448302e+03 1.000505043189702015e+00
5.418286041645220394e+03 9.973284249060476725e-01
5.418314219543531181e+03 9.987422186139680580e-01
5.418342397588382482e+03 9.931718253922334760e-01
5.418370575779774299e+03 9.958438906889509612e-01
5.418398754117706630e+03 9.991206290346735797e-01
5.418426932602181296e+03 9.935103752887810558e-01
5.418455111233198295e+03 9.952468773639918664e-01
5.418483290010759447e+03 9.981950097743732542e-01
5.418511468934863842e+03 1.000163169572474420e+00
5.418539648005514209e+03 9.979417518446643820e-01
5.418567827222709639e+03 9.995066979729734236e-01
5.418596006586451949e+03 9.934214661246429934e-01
5.418624186096742051e+03 9.966487098925501664e-01
5.418652365753579033e+03 1.001723419995719011e+00
5.418680545556966536e+03 1.001068511405832639e+00
5.418708725506902738e+03 9.988597384854047689e-01
5.418736905603388550e+03 9.949559963299713372e-01
5.418765085846426700e+03 9.989932824681498902e-01
5.418793266236016279e+03 9.958663684015407469e-01
5.418821446772158197e+03 9.960983192429315736e-01
5.418849627454854271e+03 9.959615058446037450e-01
5.418877808284103594e+03 9.973397248780412339e-01
5.418905989259907983e+03 9.963559530563841360e-01
5.418934170382269258e+03 9.998865925537689936e-01
5.418962351651186509e+03 9.991580691684901483e-01
5.418990533066660646e+03 9.960141446135700738e-01
5.419018714628692578e+03 9.946560304187316293e-01
5.419046896337283215e+03 9.958875240899569548e-01
5.419075078192433466e+03 9.960884876038726965e-01
5.419103260194144241e+03 9.999735148126805973e-01
5.419131442342415539e+03 1.004907568865648804e+00
5.419159624637249181e+03 1.000950691413543758e+00
5.419187807078645164e+03 9.990118494219476508e-01
5.419215989666604401e+03 9.985793037886419032e-01
5.419244172401127798e+03 1.000179471622688387e+00
5.419272355282215358e+03 9.980561454741679883e-01
5.419300538309869808e+03 1.003282089177945258e+00
5.419328721484090238e+03 9.968296988464914188e-01
5.419356904804877558e+03 9.945824091079878970e-01
5.419385088272231769e+03 9.960314809791338542e-01
5.419413271886156508e+03 9.926287939527372872e-01
5.419441455646649047e+03 9.918702100502412300e-01
5.419469639553713023e+03 9.912369099199830336e-01
5.419497823607347527e+03 9.965177400256786111e-01
5.419526007807553469e+03 9.988953474358207574e-01
5.419554192154331759e+03 1.001922186437337103e+00
5.419582376647683304e+03 1.002171150193849281e+00
5.419610561287609016e+03 9.995865392357380363e-01
5.419638746074109804e+03 1.001815876984937015e+00
5.419666931007185667e+03 9.982232258510725931e-01
5.419695116086837515e+03 9.962253714282135464e-01
5.419723301313067168e+03 9.985045716511127267e-01
5.419751486685874625e+03 1.001778540212863167e+00
5.419779672205259885e+03 9.995419978375231773e-01
5.419807857871225679e+03 1.001441683231011570e+00
5.419836043683770185e+03 1.003333747712650936e+00
5.419864229642896134e+03 9.958288583726953025e-01
5.419892415748603526e+03 9.989742842837791015e-01
5.419920602000893268e+03 9.957388014713066671e-01
5.419948788399767182e+03 9.974437961380971940e-01
5.419976974945223446e+03 9.937970781275954346e-01
5.420005161637264791e+03 9.976195617558205608e-01
5.420033348475892126e+03 9.983961143173492037e-01
5.420061535461105450e+03 9.958840244330476876e-01
5.420089722592905673e+03 1.000567387373782147e+00
5.420117909871292795e+03 1.001533521091718892e+00
5.420146097296270455e+03 9.967912249745936037e-01
5.420174284867835922e+03 9.972060159198956608e-01
5.420202472585991018e+03 1.000830214914976812e+00
5.420230660450737560e+03 9.974000125303481568e-01
5.420258848462075548e+03 9.937575973900896198e-01
5.420287036620004983e+03 1.000050496864297145e+00
5.420315224924528593e+03 9.986338431690954254e-01
5.420343413375644559e+03 9.972054014222914153e-01
5.420371601973356519e+03 9.955517432111243847e-01
5.420399790717663564e+03 9.928116355265114157e-01
5.420427979608566602e+03 9.927258762724132657e-01
5.420456168646066544e+03 9.985265408259955677e-01
5.420484357830164299e+03 9.965667777542226435e-01
5.420512547160859867e+03 9.945949641802932506e-01
5.420540736638155067e+03 9.990900528147100834e-01
5.420568926262049899e+03 1.000117484836060555e+00
5.420597116032544363e+03 9.974033955611955049e-01
5.420625305949642097e+03 9.986868670255084623e-01
5.420653496013341282e+03 9.952592713035480765e-01
5.420681686223642828e+03 9.980256431030424258e-01
5.420709876580548553e+03 9.928366070872697291e-01
5.420738067084059367e+03 9.916159191914752924e-01
5.420766257734174360e+03 9.920893065061875404e-01
5.420794448530896261e+03 1.002238718079899504e+00
5.420822639474224161e+03 1.002129891538652284e+00
5.420850830564160788e+03 9.985943493725257802e-01
5.420879021800704322e+03 9.996599776431073225e-01
5.420907213183858403e+03 1.002592106957323370e+00
5.420935404713621210e+03 9.984184909640134720e-01
5.420963596389994564e+03 1.000803971822643135e+00
5.420991788212979372e+03 9.997355277697344000e-01
5.421019980182576546e+03 9.949048822094511690e-01
5.421048172298786085e+03 9.994700743983828684e-01
5.421076364561610717e+03 1.000539698215412887e+00
5.421104556971047714e+03 9.951541130562557846e-01
5.421132749527101623e+03 1.002891925504096449e+00
5.421160942229770626e+03 9.981761060505119909e-01
5.421189135079055632e+03 9.992586240948774234e-01
5.421217328074959369e+03 1.000697085992036550e+00
5.421245521217480928e+03 9.960849839870947742e-01
5.421273714506621218e+03 9.960762495186531451e-01
5.421301907942381149e+03 9.968007651114206835e-01
5.421330101524761631e+03 1.002034609797027187e+00
5.421358295253762662e+03 9.994884797450249714e-01
5.421386489129386973e+03 9.984394329552245262e-01
5.421414683151633653e+03 1.002590663271601734e+00
5.421442877320503612e+03 1.002527915456511431e+00
5.421471071635998669e+03 9.999420530697249454e-01
5.421499266098117005e+03 9.982292562910466405e-01
5.421527460706863167e+03 1.004158991097383158e+00
5.421555655462235336e+03 9.970803111878323577e-01
5.421583850364233513e+03 9.954832747954248662e-01
5.421612045412861335e+03 9.981048051773349084e-01
5.421640240608117892e+03 1.002952627856702250e+00
5.421668435950004096e+03 9.991650554564102116e-01
5.421696631438519944e+03 9.997879929885920003e-01
5.421724827073667257e+03 9.968873857719768861e-01
5.421753022855446943e+03 9.969691904548249051e-01
5.421781218783859003e+03 9.987832795478451819e-01
5.421809414858904347e+03 1.001231042711471231e+00
5.421837611080583883e+03 1.002810595049848263e+00
5.421865807448898522e+03 1.001086832847858155e+00
5.421894003963849173e+03 1.002698928702510539e+00
5.421922200625436744e+03 9.967156803931791487e-01
5.421950397433661237e+03 9.929534368447985315e-01
5.421978594388523561e+03 9.985420465410845825e-01
5.422006791490024625e+03 9.915340059686134078e-01
5.422034988738164429e+03 9.971317167226466660e-01
5.422063186132945702e+03 1.002462424802989860e+00
5.422091383674368444e+03 9.948691229393651358e-01
5.422119581362431745e+03 9.984084463268804166e-01
5.422147779197138334e+03 1.001890449101540126e+00
5.422175977178488210e+03 1.002115059958729182e+00
5.422204175306482284e+03 9.988720839732793122e-01
5.422232373581121465e+03 1.000675720862695295e+00
5.422260572002404842e+03 1.003391982869101584e+00
5.422288770570336965e+03 9.992818468827233680e-01
5.422316969284915103e+03 1.000541941230622456e+00
5.422345168146141077e+03 1.003529998248258615e+00
5.422373367154015796e+03 9.967855445073624532e-01
5.422401566308540168e+03 1.003851733276419411e+00
5.422429765609714195e+03 1.001418273841232498e+00
5.422457965057539695e+03 1.002063747835702179e+00
5.422486164652017578e+03 9.986837058125188626e-01
5.422514364393146934e+03 1.002606223873383939e+00
5.422542564280930492e+03 1.001631919865657583e+00
5.422570764315367342e+03 9.988822658926272968e-01
5.422598964496459303e+03 9.955869693288370570e-01
5.422627164824207284e+03 9.966461263124315462e-01
5.422655365298610377e+03 9.972559707222103942e-01
5.422683565919671310e+03 9.960632753412167473e-01
5.422711766687390082e+03 9.932090073702628530e-01
5.422739967601767603e+03 9.942032592782465983e-01
5.422768168662804783e+03 1.001388515412150015e+00
5.422796369870500712e+03 9.984397196468585145e-01
5.422824571224859028e+03 1.000534416171551255e+00
5.422852772725878822e+03 1.001922578331039038e+00
5.422880974373561003e+03 1.002596121901342840e+00
5.422909176167905571e+03 9.989307198909114227e-01
5.422937378108915254e+03 1.000011574962859973e+00
5.422965580196589144e+03 1.000945708514959120e+00
5.422993782430928150e+03 9.962396723539752585e-01
5.423021984811934090e+03 9.908641941051543611e-01
5.423050187339606055e+03 9.891360712827763635e-01
5.423078390013946773e+03 9.922997635502273095e-01
5.423106592834955336e+03 9.963525718514839591e-01
5.423134795802634471e+03 9.978491615644455859e-01
5.423162998916982360e+03 1.006164880588040988e+00
5.423191202178001731e+03 9.992770800519257257e-01
5.423219405585691675e+03 1.001705134922429075e+00
5.423247609140054919e+03 9.987578776354800736e-01
5.423275812841091465e+03 1.002872766300348273e+00
5.423304016688800402e+03 1.002735197471108730e+00
5.423332220683185369e+03 1.000087686399505849e+00
5.423360424824246365e+03 9.978512287335628006e-01
5.423388629111982482e+03 9.976355166948401854e-01
5.423416833546395537e+03 1.001326205435551175e+00
5.423445038127486441e+03 1.001422182508608261e+00
5.423473242855255194e+03 9.998423084289436158e-01
5.423501447729703614e+03 1.003068967376945508e+00
5.423529652750832611e+03 1.009736323138463510e+00
5.423557857918641275e+03 9.995595516710302775e-01
5.423586063233132336e+03 1.001067305741419000e+00
5.423614268694305792e+03 1.002236808575664551e+00
5.423642474302161645e+03 1.000743710361005068e+00
5.423670680056700803e+03 9.979675024261552840e-01
5.423698885957925995e+03 9.987514822371389434e-01
5.423727092005835402e+03 9.971775684400420170e-01
5.423755298200431753e+03 1.000413864381538120e+00
5.423783504541714137e+03 9.994714600234428925e-01
5.423811711029683465e+03 9.989532223594826954e-01
5.423839917664342465e+03 1.001353696435085983e+00
5.423868124445691137e+03 1.002018292544556877e+00
5.423896331373728572e+03 9.985140218959562830e-01
5.423924538448456588e+03 1.006811959247827737e+00
5.423952745669876094e+03 1.002091357371136748e+00
5.423980953037988002e+03 1.001250114112805401e+00
5.424009160552793219e+03 9.966186309825051381e-01
5.424037368214291746e+03 1.000312106960220326e+00
5.424065576022484493e+03 9.982866029552239784e-01
5.424093783977372368e+03 1.000642246295757154e+00
5.424121992078957192e+03 1.002374178365942781e+00
5.424150200327238053e+03 1.000825832238960489e+00
5.424178408722216773e+03 1.000902642094112061e+00
5.424206617263893349e+03 1.003129336497075696e+00
5.424234825952269603e+03 1.001036824079265974e+00
5.424263034787344623e+03 9.998028276001447168e-01
5.424291243769122048e+03 1.002268200733756665e+00
5.424319452897599149e+03 1.000565415544192982e+00
5.424347662172778655e+03 1.001247475877858006e+00
5.424375871594661476e+03 9.948631441795287023e-01
5.424404081163247611e+03 9.995677576874654191e-01
5.424432290878537970e+03 1.006846078496746344e+00
5.424460500740533462e+03 1.006323302956190879e+00
5.424488710749234997e+03 1.003120290113264312e+00
5.424516920904643484e+03 1.001563001543836817e+00
5.424545131206759834e+03 1.003048360437736486e+00
5.424573341655584045e+03 9.973230697372662545e-01
5.424601552251116118e+03 9.993148314732771542e-01
5.424629762993359691e+03 1.003231136615700292e+00
5.424657973882312945e+03 1.001956514779877461e+00
5.424686184917976789e+03 1.000562058693901246e+00
5.424714396100353952e+03 9.996065655031233232e-01
5.424742607429442614e+03 9.989761971949281394e-01
5.424770818905245505e+03 9.986000226094563503e-01
5.424799030527763534e+03 1.000881096366505796e+00
5.424827242296994882e+03 1.001104826157307448e+00
5.424855454212943187e+03 1.003081181232106989e+00
5.424883666275607538e+03 1.000021279657053341e+00
5.424911878484989757e+03 9.987891173778691289e-01
5.424940090841089841e+03 9.984057799356205187e-01
5.424968303343908701e+03 1.002927619289839756e+00
5.424996515993447247e+03 1.000233677782685016e+00
5.425024728789706387e+03 1.002044191929525097e+00
5.425052941732687032e+03 9.995104412544223438e-01
5.425081154822389180e+03 9.974823538171382342e-01
5.425109368058813743e+03 1.004540359722956078e+00
5.425137581441962539e+03 1.001866708650358540e+00
5.425165794971834657e+03 1.003662025870382113e+00
5.425194008648432828e+03 1.006631379525888326e+00
5.425222222471756140e+03 1.000849175868979701e+00
5.425250436441805505e+03 1.001947066884989690e+00
5.425278650558583649e+03 1.003132317118781147e+00
5.425306864822087846e+03 1.003080241767257519e+00
5.425335079232321732e+03 1.004546832851194615e+00
5.425363293789285308e+03 9.958938461416574350e-01
5.425391508492979483e+03 1.001341224976099564e+00
5.425419723343404257e+03 1.003227747824936955e+00
5.425447938340561450e+03 9.984369074444839898e-01
5.425476153484451061e+03 1.001534422599208218e+00
5.425504368775073999e+03 1.004770804309224719e+00
5.425532584212431175e+03 1.001584765757254969e+00
5.425560799796522588e+03 9.997747429396237617e-01
5.425589015527350057e+03 1.007216106048218318e+00
5.425617231404913582e+03 1.004068910622974764e+00
5.425645447429215892e+03 9.995604415935828158e-01
5.425673663600254258e+03 9.991241119187601605e-01
5.425701879918033228e+03 9.970527125192089057e-01
5.425730096382550073e+03 9.974950688202922633e-01
5.425758312993807522e+03 1.003988805203811951e+00
5.425786529751806484e+03 1.000608107002546099e+00
5.425814746656546959e+03 9.998301196792120926e-01
5.425842963708029856e+03 1.003094078040742021e+00
5.425871180906256086e+03 1.003862932927933826e+00
5.425899398251226557e+03 1.002873396786570170e+00
5.425927615742942180e+03 9.986311706576243008e-01
5.425955833381402954e+03 1.000770158239685514e+00
5.425984051166609788e+03 9.986772808092744258e-01
5.426012269098564502e+03 1.002419577662017502e+00
5.426040487177266186e+03 9.953728240676239514e-01
5.426068705402716660e+03 1.000528143827602801e+00
5.426096923774917741e+03 1.000027206109678657e+00
5.426125142293867611e+03 1.003528551762970178e+00
5.426153360959569000e+03 1.004717703856716104e+00
5.426181579772021905e+03 9.988065479342266295e-01
5.426209798731227238e+03 9.969431392126422153e-01
5.426238017837186817e+03 9.973757231871904771e-01
5.426266237089899732e+03 9.970442212411221306e-01
5.426294456489366894e+03 1.001136381230096850e+00
5.426322676035590121e+03 1.002184796127423283e+00
5.426350895728569412e+03 1.003605867828039289e+00
5.426379115568305679e+03 1.004234185517000499e+00
5.426407335554799829e+03 1.001870835257655967e+00
5.426435555688052773e+03 1.004582734509241737e+00
5.426463775968063601e+03 1.003696542370082989e+00
5.426491996394835951e+03 1.001935518187403895e+00
5.426520216968369823e+03 1.001179036720891924e+00
5.426548437688663398e+03 1.000419942030259746e+00
5.426576658555721224e+03 1.001062110938711891e+00
5.426604879569540572e+03 1.003028614939460939e+00
5.426633100730125989e+03 1.004050522808499712e+00
5.426661322037473838e+03 9.992457553692576377e-01
5.426689543491587756e+03 9.988527854980653320e-01
5.426717765092468653e+03 1.002711042745972447e+00
5.426745986840115620e+03 1.000166461459345291e+00
5.426774208734530475e+03 1.002860321282597944e+00
5.426802430775714129e+03 1.001047576624332747e+00
5.426830652963666580e+03 9.963128878061594529e-01
5.426858875298389648e+03 1.001427247569613765e+00
5.426887097779883334e+03 1.001386605355338189e+00
5.426915320408149455e+03 9.995060353953140186e-01
5.426943543183186193e+03 1.000406132898877809e+00
5.426971766104997187e+03 1.001262793186384448e+00
5.426999989173581525e+03 1.003476707426649517e+00
5.427028212388940119e+03 1.006424963746045398e+00
5.427056435751074787e+03 1.001406101573056651e+00
5.427084659259985528e+03 9.993162868400473631e-01
5.427112882915672344e+03 1.002704909911278142e+00
5.427141106718137962e+03 9.983459446571755214e-01
5.427169330667381473e+03 1.003058873749062885e+00
5.427197554763403787e+03 9.986164666457023609e-01
5.427225779006205812e+03 1.002828104650989038e+00
5.427254003395789368e+03 1.002868449278018881e+00
5.427282227932154456e+03 9.989841062708098018e-01
5.427310452615301074e+03 9.980443520979808136e-01
5.427338677445230132e+03 1.003353665745267964e+00
5.427366902421944360e+03 9.971983406941647976e-01
5.427395127545442847e+03 9.999476010658632230e-01
5.427423352815725593e+03 1.000460338109983915e+00
5.427451578232796237e+03 1.002797996925380852e+00
5.427479803796652050e+03 1.003095977848813547e+00
5.427508029507296669e+03 9.985490281544546765e-01
5.427536255364728277e+03 9.928267984513645672e-01
5.427564481368949600e+03 9.900373280658583131e-01
5.427592707519961550e+03 9.967149641426903406e-01
5.427620933817763216e+03 1.000189676680222517e+00
5.427649160262356418e+03 1.002770412483781071e+00
5.427677386853741154e+03 9.993508965764612562e-01
5.427705613591920155e+03 9.998596010112884569e-01
5.427733840476891601e+03 9.992102911748673710e-01
5.427762067508658220e+03 9.991188019752794691e-01
5.427790294687220012e+03 1.003824263793432925e+00
5.427818522012577887e+03 1.003785720693144645e+00
5.427846749484731845e+03 9.996974838997035873e-01
5.427874977103683705e+03 1.002551525662033205e+00
5.427903204869434376e+03 1.003410720126936884e+00
5.427931432781982949e+03 9.998793809415221778e-01
5.427959660841332152e+03 9.995182746154783748e-01
5.427987889047481985e+03 9.990662345909457898e-01
5.428016117400432449e+03 1.002753652994179179e+00
5.428044345900185363e+03 9.970840918451450152e-01
5.428072574546741635e+03 1.001110949831221175e+00
5.428100803340101265e+03 1.002327687554512847e+00
5.428129032280264255e+03 9.995486804205319098e-01
5.428157261367233332e+03 1.002996513711898796e+00
5.428185490601007587e+03 9.991151330488778903e-01
5.428213719981588838e+03 9.982525547504840224e-01
5.428241949508977996e+03 1.002307543862928529e+00
5.428270179183175060e+03 1.004239472953368129e+00
5.428298409004180940e+03 1.001140859514174863e+00
5.428326638971997454e+03 1.005393596900479691e+00
5.428354869086622784e+03 1.001421796741063019e+00
5.428383099348060568e+03 1.001092674989288334e+00
5.428411329756309897e+03 1.000724042768243116e+00
5.428439560311371679e+03 1.001226853827011265e+00
5.428467791013247734e+03 9.992590692112771622e-01
5.428496021861938061e+03 1.000563821054421876e+00
5.428524252857442661e+03 1.004181543825041212e+00
5.428552483999764263e+03 1.004364814927302785e+00
5.428580715288901047e+03 1.004712746545699753e+00
5.428608946724856651e+03 1.005057540296520946e+00
5.428637178307628346e+03 9.980709446063729118e-01
5.428665410037220681e+03 9.999918502505884543e-01
5.428693641913632746e+03 9.955818894882519920e-01
5.428721873936863631e+03 9.980546193553180290e-01
5.428750106106916974e+03 9.952010881335396908e-01
5.428778338423791865e+03 9.955409080307495717e-01
5.428806570887490125e+03 1.000031206377313353e+00
5.428834803498010842e+03 1.000563935851189079e+00
5.428863036255355837e+03 9.987767774843789859e-01
5.428891269159526928e+03 1.004605610699331519e+00
5.428919502210522296e+03 9.998215967602338550e-01
5.428947735408345579e+03 9.983661045626417430e-01
5.428975968752994959e+03 9.945994331289330637e-01
5.429004202244473163e+03 9.977174112658699912e-01
5.429032435882780192e+03 9.982880017821831320e-01
5.429060669667915136e+03 9.993037326601892367e-01
5.429088903599882542e+03 9.996977854561459598e-01
5.429117137678680592e+03 1.001583102841602235e+00
5.429145371904309286e+03 1.005732891935794404e+00
5.429173606276771352e+03 9.992034344550871916e-01
5.429201840796067700e+03 1.001591481926377369e+00
5.429230075462197419e+03 1.002190337945114251e+00
5.429258310275161421e+03 9.919579102657800629e-01
5.429286545234962432e+03 9.984403400458201627e-01
5.429314780341598635e+03 9.975939898958839924e-01
5.429343015595072757e+03 1.000752778713434266e+00
5.429371250995384798e+03 1.001848185077500952e+00
5.429399486542534760e+03 1.000735365755261119e+00
5.429427722236525369e+03 9.982001991750860670e-01
5.429455958077355717e+03 9.951872739758265141e-01
5.429484194065027623e+03 1.001097325077214828e+00
5.429512430199540177e+03 9.966218636611514636e-01
5.429540666480896107e+03 9.965388309634649611e-01
5.429568902909094504e+03 9.922134321973898885e-01
5.429597139484138097e+03 9.956652068072824324e-01
5.429625376206025066e+03 1.002416984900663000e+00
