# Corrected for radial velocity of 20.55 km/s
# 
# star name zetOri, line HEII5411
# instrument: HERMES spectrograph @Mercator
# date of observation (midpoint)2018-10-12T03:00:28.387682
# BJD of observation (midpoint)2458403.6274701
# name of fits file: 00897756_HRF_OBJ_ext_CosmicsRemoved_log_merged_c.fits
# 
# wavelength(Angstrom,air) normalised_flux
5.389648783868284227e+03 9.979319244805310296e-01
5.389676812837998114e+03 1.000630219657429931e+00
5.389704841953478535e+03 9.987309812497935368e-01
5.389732871214723673e+03 1.000307031297408500e+00
5.389760900621736255e+03 1.002479609113862580e+00
5.389788930174515372e+03 1.004391098977194696e+00
5.389816959873062842e+03 1.006764598604820371e+00
5.389844989717380486e+03 1.004022778229520352e+00
5.389873019707466483e+03 1.004958965313927033e+00
5.389901049843323563e+03 1.003016549116712230e+00
5.389929080124952634e+03 1.001042909197717323e+00
5.389957110552351878e+03 9.956248740359420202e-01
5.389985141125525843e+03 1.002042482266711776e+00
5.390013171844472708e+03 9.997203807884538218e-01
5.390041202709192476e+03 1.004475283356844884e+00
5.390069233719688782e+03 1.004974903851000079e+00
5.390097264875960718e+03 1.002376493337829633e+00
5.390125296178008284e+03 1.001002786369752595e+00
5.390153327625834208e+03 9.961878335105208704e-01
5.390181359219437581e+03 9.924281737244513568e-01
5.390209390958820222e+03 9.949426258071880635e-01
5.390237422843983040e+03 9.994357789302605877e-01
5.390265454874924217e+03 9.987926986360420312e-01
5.390293487051648299e+03 9.988462625019507435e-01
5.390321519374153468e+03 9.952903830735078117e-01
5.390349551842441542e+03 9.907959421904758424e-01
5.390377584456513432e+03 9.945019073023548817e-01
5.390405617216368228e+03 9.969963517236435369e-01
5.390433650122008657e+03 9.975603590787124331e-01
5.390461683173434722e+03 9.963515695454604471e-01
5.390489716370647329e+03 1.001172917549070007e+00
5.390517749713647390e+03 9.969048733059968637e-01
5.390545783202434905e+03 9.948179771002981786e-01
5.390573816837010781e+03 1.002203931027815687e+00
5.390601850617376840e+03 1.003622233339041214e+00
5.390629884543533080e+03 1.000662087392417243e+00
5.390657918615479502e+03 9.955223998348202707e-01
5.390685952833217925e+03 1.002771724922074226e+00
5.390713987196749258e+03 9.992777408093040936e-01
5.390742021706073501e+03 9.997343746861231395e-01
5.390770056361191564e+03 9.982228934992147806e-01
5.390798091162104356e+03 1.001532156755445824e+00
5.390826126108813696e+03 9.961992264039896128e-01
5.390854161201317766e+03 9.998811545990061722e-01
5.390882196439620202e+03 9.969068647772239000e-01
5.390910231823719187e+03 1.000027346565935504e+00
5.390938267353617448e+03 9.982304554604972679e-01
5.390966303029314986e+03 9.975977666319267856e-01
5.390994338850811801e+03 9.946896974315947437e-01
5.391022374818110620e+03 9.927103484454198323e-01
5.391050410931210536e+03 9.955492072421394667e-01
5.391078447190112456e+03 9.977220328498529467e-01
5.391106483594818201e+03 9.989818871779652110e-01
5.391134520145327770e+03 9.971586611236414877e-01
5.391162556841641162e+03 9.975532197245018384e-01
5.391190593683760198e+03 9.983738600596210322e-01
5.391218630671684878e+03 9.974395753256514174e-01
5.391246667805417019e+03 9.996906282664291821e-01
5.391274705084957532e+03 9.985380873547818892e-01
5.391302742510305507e+03 1.002188137464589124e+00
5.391330780081462763e+03 1.003228857326464274e+00
5.391358817798430209e+03 9.961028325272407447e-01
5.391386855661207846e+03 9.901966336037769656e-01
5.391414893669797493e+03 9.940174970768864693e-01
5.391442931824199150e+03 9.973257335708954896e-01
5.391470970124412815e+03 9.986503487936001511e-01
5.391499008570441219e+03 9.999799712394261686e-01
5.391527047162284362e+03 1.002009603992053854e+00
5.391555085899942242e+03 9.935949285784677620e-01
5.391583124783415769e+03 9.958020915532985740e-01
5.391611163812706764e+03 9.921026188919909172e-01
5.391639202987815224e+03 9.990417380298015626e-01
5.391667242308741152e+03 9.996389205955215074e-01
5.391695281775487274e+03 9.956691742355813224e-01
5.391723321388051772e+03 9.949217962521127445e-01
5.391751361146437375e+03 9.961500364581790112e-01
5.391779401050644992e+03 1.000446560947289898e+00
5.391807441100673714e+03 1.001655612646087379e+00
5.391835481296524449e+03 1.000506056146466927e+00
5.391863521638200837e+03 9.974242436700906378e-01
5.391891562125700148e+03 9.993064936179323343e-01
5.391919602759025111e+03 9.953751232273687632e-01
5.391947643538175726e+03 9.953653520528944476e-01
5.391975684463152902e+03 1.000082584150636889e+00
5.392003725533957549e+03 1.004503446696111135e+00
5.392031766750589668e+03 1.004696630631144227e+00
5.392059808113051986e+03 1.001202097893543641e+00
5.392087849621342684e+03 9.998923039081546449e-01
5.392115891275465401e+03 9.957338257900847367e-01
5.392143933075417408e+03 9.924657064893972480e-01
5.392171975021202343e+03 9.960025667580384434e-01
5.392200017112819296e+03 1.002168564101256321e+00
5.392228059350270996e+03 1.004243593932740541e+00
5.392256101733554715e+03 1.003798227857162662e+00
5.392284144262674999e+03 1.006361913138469566e+00
5.392312186937630941e+03 1.000052100234387176e+00
5.392340229758422538e+03 9.996436609179033539e-01
5.392368272725051611e+03 9.952691465318712627e-01
5.392396315837519069e+03 9.989790293121851850e-01
5.392424359095824911e+03 1.000217168119495126e+00
5.392452402499970958e+03 1.001823198812196392e+00
5.392480446049956299e+03 1.000154264217945732e+00
5.392508489745782754e+03 1.001168296371810262e+00
5.392536533587452141e+03 9.957732856656978937e-01
5.392564577574962641e+03 9.978361816503404924e-01
5.392592621708316983e+03 9.933630622153246659e-01
5.392620665987515167e+03 1.001054082463978201e+00
5.392648710412558103e+03 1.000295352946644512e+00
5.392676754983447609e+03 9.922930689723251652e-01
5.392704799700181866e+03 9.940611279808185818e-01
5.392732844562764512e+03 9.955700887307804559e-01
5.392760889571193729e+03 9.992031474714817563e-01
5.392788934725472245e+03 9.981456271388801094e-01
5.392816980025600060e+03 9.963531443525179832e-01
5.392845025471578083e+03 9.999548000321710761e-01
5.392873071063407224e+03 9.991630242700049180e-01
5.392901116801087483e+03 9.999877575724233081e-01
5.392929162684619769e+03 9.978646347103721226e-01
5.392957208714005901e+03 9.974401497755248647e-01
5.392985254889246789e+03 9.989341890792107215e-01
5.393013301210341524e+03 9.978103100257721403e-01
5.393041347677291014e+03 9.951614823442946900e-01
5.393069394290097080e+03 9.976642857655916297e-01
5.393097441048760629e+03 1.004525705895916943e+00
5.393125487953280754e+03 1.003342653326468881e+00
5.393153535003660181e+03 1.000743839625942488e+00
5.393181582199898912e+03 1.001256889711482856e+00
5.393209629541997856e+03 9.990453820961615605e-01
5.393237677029956103e+03 9.973990591823941321e-01
5.393265724663776382e+03 9.973397419132089547e-01
5.393293772443459602e+03 9.938485217959069917e-01
5.393321820369005763e+03 9.932094505428521458e-01
5.393349868440414866e+03 9.958992126793256849e-01
5.393377916657689639e+03 9.973030856589961690e-01
5.393405965020829171e+03 9.955126849697238933e-01
5.393434013529834374e+03 9.989288673146586861e-01
5.393462062184706156e+03 1.001108647022269205e+00
5.393490110985446336e+03 1.000354016423860681e+00
5.393518159932054914e+03 9.985101925733814721e-01
5.393546209024531890e+03 9.948628877854254204e-01
5.393574258262879084e+03 9.962664546572906898e-01
5.393602307647097405e+03 9.970151276574980015e-01
5.393630357177185033e+03 9.989404647541582083e-01
5.393658406853146516e+03 1.000749386998188717e+00
5.393686456674980946e+03 9.980314625385655614e-01
5.393714506642688320e+03 1.006291855692482695e+00
5.393742556756270460e+03 9.945752728873175075e-01
5.393770607015728274e+03 9.909725623424879837e-01
5.393798657421059943e+03 9.990602512382019684e-01
5.393826707972270015e+03 9.978892824896928859e-01
5.393854758669357579e+03 1.002027573191588194e+00
5.393882809512322638e+03 1.002269685852938741e+00
5.393910860501167008e+03 9.998130991554553537e-01
5.393938911635891600e+03 9.986138288060563140e-01
5.393966962916495504e+03 9.994297619138685640e-01
5.393995014342980539e+03 1.003228687553200604e+00
5.394023065915348525e+03 1.002022584312266540e+00
5.394051117633598551e+03 1.003738585672008243e+00
5.394079169497732437e+03 1.004309615523358845e+00
5.394107221507750182e+03 9.988101198508736456e-01
5.394135273663653606e+03 9.972357814976904322e-01
5.394163325965442709e+03 9.981061315441991377e-01
5.394191378413117491e+03 1.002422075405646984e+00
5.394219431006680679e+03 1.006991216943186496e+00
5.394247483746131365e+03 1.003471275381970784e+00
5.394275536631469549e+03 9.997675022603472739e-01
5.394303589662698869e+03 1.000832389291169466e+00
5.394331642839818414e+03 1.001651963712507198e+00
5.394359696162829096e+03 1.001085055554458147e+00
5.394387749631730912e+03 1.002678257336666823e+00
5.394415803246525684e+03 1.003275172662146941e+00
5.394443857007214319e+03 1.003660359119078693e+00
5.394471910913796819e+03 1.000857029661121667e+00
5.394499964966273183e+03 1.006981022878680410e+00
5.394528019164646139e+03 1.009410923111737413e+00
5.394556073508915688e+03 1.005224148900490722e+00
5.394584127999081829e+03 1.001528702114904412e+00
5.394612182635146382e+03 1.003845365404406609e+00
5.394640237417109347e+03 1.004337469080040401e+00
5.394668292344971633e+03 9.993840988064460751e-01
5.394696347418734149e+03 1.002991416617021070e+00
5.394724402638396896e+03 1.000357708619287633e+00
5.394752458003962602e+03 9.976115036622683618e-01
5.394780513515429448e+03 9.976372342117257874e-01
5.394808569172801072e+03 1.000755270419646958e+00
5.394836624976075655e+03 9.988296770669676805e-01
5.394864680925255016e+03 1.001448858892138638e+00
5.394892737020340064e+03 1.011700030190618271e+00
5.394920793261330800e+03 1.008077179576245763e+00
5.394948849648229043e+03 1.003056171397194385e+00
5.394976906181034792e+03 9.978788332329371347e-01
5.395004962859749867e+03 9.998526723663264670e-01
5.395033019684373357e+03 1.002241641035897635e+00
5.395061076654907083e+03 1.002306981725221702e+00
5.395089133771351953e+03 1.001855701098328000e+00
5.395117191033707968e+03 9.979536941914167736e-01
5.395145248441976946e+03 9.926076917076979145e-01
5.395173305996157978e+03 9.955855676021514444e-01
5.395201363696253793e+03 9.979729367727194767e-01
5.395229421542263481e+03 9.955964555763410218e-01
5.395257479534188860e+03 9.954319249416858639e-01
5.395285537672030841e+03 1.000210353428681032e+00
5.395313595955788514e+03 1.001125645723584201e+00
5.395341654385464608e+03 9.988342668692685722e-01
5.395369712961059122e+03 1.001707708978983646e+00
5.395397771682572966e+03 1.001702350558585586e+00
5.395425830550006140e+03 9.972086603492764656e-01
5.395453889563360462e+03 9.995341747252218800e-01
5.395481948722635934e+03 1.000712434554347885e+00
5.395510008027833464e+03 9.976638195301987810e-01
5.395538067478953963e+03 1.000121920098636874e+00
5.395566127075998338e+03 1.003351684348565032e+00
5.395594186818967501e+03 1.005551704659913392e+00
5.395622246707861450e+03 1.003608628209870401e+00
5.395650306742681096e+03 9.974216723320846745e-01
5.395678366923428257e+03 9.965581168834068970e-01
5.395706427250102024e+03 9.976110196226576354e-01
5.395734487722704216e+03 1.000148165436193448e+00
5.395762548341235743e+03 1.002234334225316603e+00
5.395790609105697513e+03 1.002608910625702343e+00
5.395818670016089527e+03 9.994954853698876374e-01
5.395846731072412695e+03 1.003063641144845253e+00
5.395874792274668835e+03 9.983371866317970467e-01
5.395902853622856128e+03 9.944194541632456197e-01
5.395930915116978213e+03 1.001558614783023771e+00
5.395958976757033270e+03 1.004449739573183953e+00
5.395987038543024937e+03 9.949008727086318116e-01
5.396015100474951396e+03 9.949978980176249488e-01
5.396043162552814465e+03 9.982811081790885499e-01
5.396071224776615963e+03 9.993541818716016323e-01
5.396099287146354072e+03 1.001513501333492817e+00
5.396127349662032429e+03 1.001487189236256015e+00
5.396155412323649216e+03 1.001948821599291328e+00
5.396183475131207160e+03 1.007143375425616716e+00
5.396211538084706262e+03 1.005958814151040048e+00
5.396239601184147432e+03 1.001504102472839053e+00
5.396267664429530669e+03 1.005349272862157139e+00
5.396295727820857792e+03 1.004215982210678648e+00
5.396323791358128801e+03 1.006375234856538681e+00
5.396351855041344606e+03 1.000887380368528756e+00
5.396379918870507026e+03 9.973193785825589242e-01
5.396407982845615152e+03 9.999587193367940330e-01
5.396436046966670801e+03 1.000958465543650089e+00
5.396464111233674885e+03 1.005365920472093944e+00
5.396492175646627402e+03 1.003204905007569536e+00
5.396520240205529262e+03 1.004506270174150950e+00
5.396548304910381376e+03 1.004309663319126633e+00
5.396576369761184651e+03 1.006530217570936969e+00
5.396604434757939089e+03 1.001540266259132617e+00
5.396632499900646508e+03 1.000218123424124972e+00
5.396660565189306908e+03 1.003952385668384295e+00
5.396688630623922108e+03 1.003920497318136817e+00
5.396716696204491200e+03 9.985583081483290213e-01
5.396744761931016910e+03 9.946749078651593301e-01
5.396772827803498330e+03 1.002684686522980151e+00
5.396800893821936370e+03 1.006597606056909733e+00
5.396828959986332848e+03 1.003087825882389872e+00
5.396857026296688673e+03 9.995903057809515380e-01
5.396885092753002937e+03 1.000035773176048970e+00
5.396913159355277458e+03 9.992256844516665959e-01
5.396941226103513145e+03 9.988938392712521930e-01
5.396969292997709999e+03 1.001097527039816359e+00
5.396997360037869839e+03 9.999215039184594644e-01
5.397025427223992665e+03 1.000737158227291479e+00
5.397053494556078476e+03 1.003223577233259167e+00
5.397081562034130002e+03 1.006093413753039956e+00
5.397109629658147242e+03 1.004263386729879581e+00
5.397137697428130195e+03 1.000701824416778463e+00
5.397165765344079773e+03 1.003926819487638289e+00
5.397193833405997793e+03 1.004206160028267458e+00
5.397221901613883347e+03 1.001327078570057205e+00
5.397249969967739162e+03 9.966533975232931830e-01
5.397278038467564329e+03 1.001838280105549872e+00
5.397306107113360667e+03 1.007598956267438783e+00
5.397334175905128177e+03 1.000023059650145374e+00
5.397362244842868677e+03 9.983696910841031169e-01
5.397390313926581257e+03 1.000603448405276819e+00
5.397418383156268646e+03 9.990309371319694431e-01
5.397446452531929936e+03 9.966374589716425758e-01
5.397474522053566034e+03 9.962001743972936918e-01
5.397502591721178760e+03 9.989162911932394362e-01
5.397530661534769024e+03 1.002185483247934661e+00
5.397558731494335916e+03 1.001899717738926610e+00
5.397586801599881255e+03 9.976969666298693973e-01
5.397614871851405951e+03 9.998882682511527342e-01
5.397642942248910913e+03 1.000288887060901910e+00
5.397671012792396141e+03 9.986498257458770178e-01
5.397699083481862544e+03 1.002948571990931015e+00
5.397727154317311033e+03 9.981733577402631674e-01
5.397755225298742516e+03 9.946323356834977369e-01
5.397783296426157904e+03 1.005762468296705681e+00
5.397811367699558105e+03 1.002649301398144566e+00
5.397839439118943119e+03 1.004767577752607721e+00
5.397867510684313856e+03 9.983105159840520715e-01
5.397895582395671227e+03 9.961479731782445501e-01
5.397923654253015229e+03 9.954020743023419548e-01
5.397951726256348593e+03 9.965677198372353551e-01
5.397979798405670408e+03 1.000000353135349629e+00
5.398007870700982494e+03 9.995469986771168269e-01
5.398035943142284850e+03 1.003389609276315042e+00
5.398064015729579296e+03 1.002631404691654682e+00
5.398092088462864922e+03 1.002594400622175197e+00
5.398120161342143547e+03 1.010908572534800820e+00
5.398148234367415171e+03 1.006685651515135005e+00
5.398176307538681613e+03 1.003590874381339537e+00
5.398204380855942873e+03 1.001672222904550047e+00
5.398232454319199860e+03 9.991731390523286294e-01
5.398260527928453484e+03 9.996756612865910219e-01
5.398288601683704655e+03 9.980700773343271770e-01
5.398316675584954282e+03 9.996909027263044534e-01
5.398344749632202365e+03 1.008552960257209197e+00
5.398372823825449814e+03 9.975125044084132142e-01
5.398400898164697537e+03 9.980014531412707557e-01
5.398428972649946445e+03 1.000733850338962005e+00
5.398457047281197447e+03 9.986666956515777294e-01
5.398485122058451452e+03 1.003303556628566184e+00
5.398513196981708461e+03 1.002047638964800313e+00
5.398541272050969383e+03 9.968809846888107007e-01
5.398569347266236036e+03 9.959337558842384919e-01
5.398597422627508422e+03 9.919438305626774310e-01
5.398625498134785630e+03 9.969892699828586391e-01
5.398653573788071299e+03 9.985693574475139611e-01
5.398681649587364518e+03 9.970270032935497628e-01
5.398709725532667107e+03 1.002490034909295114e+00
5.398737801623979067e+03 9.996975011324591431e-01
5.398765877861300396e+03 9.981309755540698214e-01
5.398793954244632914e+03 9.963871832101051096e-01
5.398822030773978440e+03 1.000367100408953824e+00
5.398850107449335155e+03 1.004035005445778506e+00
5.398878184270704878e+03 1.010209785024666074e+00
5.398906261238089428e+03 1.006059321355871727e+00
5.398934338351489714e+03 9.990398653698340237e-01
5.398962415610903918e+03 9.989231553267287067e-01
5.398990493016335677e+03 9.998770202707616406e-01
5.399018570567783172e+03 1.002737645039773806e+00
5.399046648265249132e+03 9.996728601148635596e-01
5.399074726108734467e+03 1.001523133439330193e+00
5.399102804098237357e+03 1.005423263439963799e+00
5.399130882233762350e+03 1.007014573482748920e+00
5.399158960515307626e+03 1.003317624597190649e+00
5.399187038942874096e+03 1.002490079089773500e+00
5.399215117516462669e+03 1.002632552215081851e+00
5.399243196236075164e+03 9.996708544426015086e-01
5.399271275101711581e+03 1.002429366828886170e+00
5.399299354113371010e+03 1.002552429253700916e+00
5.399327433271057998e+03 1.001541369523446967e+00
5.399355512574770728e+03 1.001223640909342238e+00
5.399383592024509198e+03 1.000136967082812633e+00
5.399411671620276138e+03 9.992832374748401580e-01
5.399439751362072457e+03 9.989204782736718080e-01
5.399467831249896335e+03 9.990917547024505962e-01
5.399495911283751411e+03 9.988690369337981378e-01
5.399523991463636776e+03 9.979133843690174421e-01
5.399552071789553338e+03 9.982423804142902535e-01
5.399580152261502917e+03 1.002221373034134722e+00
5.399608232879484603e+03 1.002550035917974647e+00
5.399636313643501126e+03 1.001427571493827440e+00
5.399664394553551574e+03 1.002310602280006568e+00
5.399692475609636858e+03 1.003819623673338768e+00
5.399720556811759707e+03 1.002598958434285148e+00
5.399748638159917391e+03 9.995271708372842623e-01
5.399776719654114459e+03 9.993461946858260836e-01
5.399804801294348181e+03 1.003561039403437549e+00
5.399832883080622196e+03 1.001025012752416954e+00
5.399860965012936504e+03 1.002394650681181609e+00
5.399889047091290195e+03 1.005951824884265156e+00
5.399917129315685997e+03 1.002415041848953026e+00
5.399945211686123002e+03 9.980807330509468001e-01
5.399973294202603938e+03 9.977852846905131967e-01
5.400001376865127895e+03 1.003281506791706690e+00
5.400029459673697602e+03 1.002124767265553995e+00
5.400057542628310330e+03 9.989915253427600339e-01
5.400085625728970626e+03 9.941744382475732333e-01
5.400113708975676673e+03 9.998406249026051684e-01
5.400141792368431197e+03 9.997947895942499441e-01
5.400169875907233290e+03 1.001604901662956459e+00
5.400197959592083862e+03 1.000834655593618949e+00
5.400226043422984731e+03 1.001417646612387857e+00
5.400254127399935896e+03 1.004933226239735911e+00
5.400282211522939178e+03 1.003969480827009431e+00
5.400310295791992758e+03 1.001667252630335625e+00
5.400338380207101181e+03 9.975051622406139185e-01
5.400366464768261721e+03 9.963501799578109441e-01
5.400394549475476197e+03 9.976675115364350699e-01
5.400422634328747336e+03 1.001151452140060849e+00
5.400450719328072410e+03 1.001492839710641736e+00
5.400478804473455057e+03 9.983242825594366154e-01
5.400506889764895277e+03 1.003511265828572308e+00
5.400534975202393071e+03 1.001082520186716174e+00
5.400563060785949347e+03 9.975471378616427298e-01
5.400591146515566834e+03 1.003170448239015355e+00
5.400619232391243713e+03 9.997055380226331778e-01
5.400647318412980894e+03 1.002701977626504926e+00
5.400675404580781105e+03 1.002874476604427079e+00
5.400703490894643437e+03 1.003439584172484578e+00
5.400731577354568799e+03 1.006232437259618084e+00
5.400759663960559919e+03 1.002478336270568926e+00
5.400787750712614070e+03 1.001525486974961243e+00
5.400815837610734889e+03 9.971297914874790447e-01
5.400843924654921466e+03 1.002232875342893736e+00
5.400872011845175621e+03 1.002115630618871212e+00
5.400900099181499172e+03 1.000474886588488044e+00
5.400928186663889392e+03 9.973598249646263847e-01
5.400956274292349917e+03 9.948936730725073119e-01
5.400984362066879839e+03 1.004722017912186960e+00
5.401012449987481887e+03 9.991962193155945471e-01
5.401040538054156059e+03 1.002274224253457691e+00
5.401068626266901447e+03 1.003749573221751845e+00
5.401096714625720779e+03 1.006381277931269524e+00
5.401124803130614055e+03 1.003054289948614120e+00
5.401152891781582184e+03 1.002738865275808688e+00
5.401180980578625167e+03 9.980837988840606245e-01
5.401209069521744823e+03 9.980581895316446017e-01
5.401237158610942970e+03 1.004155677944502667e+00
5.401265247846217790e+03 1.000717471362774003e+00
5.401293337227571101e+03 1.005549335042400738e+00
5.401321426755003813e+03 9.983621557042542394e-01
5.401349516428516836e+03 9.950985289957746671e-01
5.401377606248110169e+03 9.976792727205836542e-01
5.401405696213785632e+03 1.002793926125190804e+00
5.401433786325543224e+03 9.958269768590825022e-01
5.401461876583384765e+03 1.000862380805694452e+00
5.401489966987309344e+03 1.004313613235304548e+00
5.401518057537318782e+03 9.993554728264473219e-01
5.401546148233413987e+03 1.004101494346963497e+00
5.401574239075594960e+03 9.995730039792285471e-01
5.401602330063863519e+03 9.986374983101394820e-01
5.401630421198218755e+03 9.997691093169263077e-01
5.401658512478663397e+03 9.969057575942736893e-01
5.401686603905196534e+03 9.974411116606591854e-01
5.401714695477820896e+03 9.988785064084713117e-01
5.401742787196534664e+03 1.000291997909450448e+00
5.401770879061339656e+03 9.987176941924030826e-01
5.401798971072237691e+03 1.001803381708853857e+00
5.401827063229229680e+03 9.988454983369008389e-01
5.401855155532313802e+03 1.004755297952072635e+00
5.401883247981493696e+03 1.003595866178409235e+00
5.401911340576768453e+03 1.004667421064141752e+00
5.401939433318139891e+03 9.934714426534030363e-01
5.401967526205606191e+03 1.002802011021273643e+00
5.401995619239171901e+03 1.007621032925295923e+00
5.402023712418836112e+03 1.006566783493019424e+00
5.402051805744598823e+03 1.002879183010236375e+00
5.402079899216460035e+03 9.964197190828514294e-01
5.402107992834424294e+03 9.958648041665554285e-01
5.402136086598488873e+03 9.986917334181203421e-01
5.402164180508655591e+03 1.000283109080116306e+00
5.402192274564924446e+03 9.993118867826744633e-01
5.402220368767298169e+03 1.001977713802594483e+00
5.402248463115775849e+03 9.993853891446990989e-01
5.402276557610358395e+03 1.000073734089434785e+00
5.402304652251047628e+03 9.983860214100009900e-01
5.402332747037843546e+03 9.980044452821061896e-01
5.402360841970746151e+03 9.962423069281736154e-01
5.402388937049757260e+03 1.002843354658181863e+00
5.402417032274877783e+03 9.996100465815549452e-01
5.402445127646107721e+03 9.993239287628310485e-01
5.402473223163447983e+03 1.004084709022343480e+00
5.402501318826899478e+03 1.005187150677293140e+00
5.402529414636464026e+03 9.989181745026072257e-01
5.402557510592139806e+03 1.000737284878312261e+00
5.402585606693930458e+03 9.966704811897006966e-01
5.402613702941835072e+03 1.000356797843812373e+00
5.402641799335854557e+03 9.984554335083196674e-01
5.402669895875989823e+03 1.000015973176601181e+00
5.402697992562241780e+03 9.995676008113555389e-01
5.402726089394610426e+03 9.953842585326867498e-01
5.402754186373098491e+03 9.931293174187290074e-01
5.402782283497704157e+03 1.001235101332606625e+00
5.402810380768430150e+03 9.961781863768168765e-01
5.402838478185275562e+03 9.994373274833939780e-01
5.402866575748244031e+03 9.982626617448567830e-01
5.402894673457332829e+03 9.996834896853121766e-01
5.402922771312544683e+03 1.004433350648395784e+00
5.402950869313880503e+03 1.009042259636220740e+00
5.402978967461339380e+03 1.002982224739807693e+00
5.403007065754924042e+03 1.000671645804568133e+00
5.403035164194634490e+03 9.990709134510844525e-01
5.403063262780470723e+03 9.957734437602554500e-01
5.403091361512434560e+03 1.004393408293015266e+00
5.403119460390526910e+03 1.000112681380833202e+00
5.403147559414746866e+03 9.982970934099505422e-01
5.403175658585097153e+03 9.975043498293901800e-01
5.403203757901576864e+03 9.969000969081519559e-01
5.403231857364188727e+03 1.001892725655467942e+00
5.403259956972932741e+03 9.969862010215871928e-01
5.403288056727807998e+03 9.992312028634681154e-01
5.403316156628816316e+03 1.000417196854526791e+00
5.403344256675959514e+03 9.973785755159367827e-01
5.403372356869237592e+03 1.000742247540144625e+00
5.403400457208650550e+03 9.989604181326603438e-01
5.403428557694201118e+03 1.004220934106942797e+00
5.403456658325888384e+03 1.004855061327586618e+00
5.403484759103713259e+03 9.946169141956751059e-01
5.403512860027676652e+03 1.001614702157010761e+00
5.403540961097778563e+03 1.001263008725305381e+00
5.403569062314021721e+03 1.001599454384076049e+00
5.403597163676406126e+03 1.003951469217893244e+00
5.403625265184930868e+03 1.000652831648161323e+00
5.403653366839598675e+03 9.923577263482140642e-01
5.403681468640410458e+03 9.969940604711404752e-01
5.403709570587365306e+03 1.004111602771655898e+00
5.403737672680465039e+03 1.000913153489012775e+00
5.403765774919710566e+03 1.001849511788578173e+00
5.403793877305101887e+03 9.999048452412303556e-01
5.403821979836639912e+03 1.001982652503094595e+00
5.403850082514325550e+03 9.982927796166303214e-01
5.403878185338160620e+03 9.974853297708174971e-01
5.403906288308144212e+03 9.924046639882699861e-01
5.403934391424279056e+03 9.980454215815454111e-01
5.403962494686563332e+03 1.000318284517428102e+00
5.403990598094999768e+03 9.997319600819147833e-01
5.404018701649587456e+03 1.002372348982323302e+00
5.404046805350330033e+03 1.003165736563829569e+00
5.404074909197225679e+03 1.003187893221542115e+00
5.404103013190275306e+03 1.001267181798597194e+00
5.404131117329480730e+03 1.002045602276550262e+00
5.404159221614841954e+03 1.001633514839195938e+00
5.404187326046360795e+03 1.003326531476742556e+00
5.404215430624036344e+03 1.002363355233951481e+00
5.404243535347870420e+03 9.999659415622494940e-01
5.404271640217864842e+03 1.000848793048657148e+00
5.404299745234017792e+03 1.001455267186317055e+00
5.404327850396331996e+03 1.000218453653318962e+00
5.404355955704807457e+03 1.005612927840524584e+00
5.404384061159445082e+03 1.007325880751882119e+00
5.404412166760245782e+03 1.002967016025465563e+00
5.404440272507209556e+03 1.000453916776348207e+00
5.404468378400339134e+03 9.980828541040116519e-01
5.404496484439632695e+03 9.997931888894626695e-01
5.404524590625092969e+03 9.972630001569384728e-01
5.404552696956719046e+03 9.956896189676078812e-01
5.404580803434514564e+03 1.000649132985012235e+00
5.404608910058475885e+03 9.995070041487341683e-01
5.404637016828608466e+03 9.967966151045690726e-01
5.404665123744909579e+03 9.991331094778277411e-01
5.404693230807381042e+03 9.967605989086901763e-01
5.404721338016024674e+03 9.945459002452927688e-01
5.404749445370839567e+03 9.974553276615327757e-01
5.404777552871827538e+03 1.001246681113229897e+00
5.404805660518989498e+03 9.982792642881505030e-01
5.404833768312325446e+03 9.959734468808000285e-01
5.404861876251836293e+03 9.963465606053033552e-01
5.404889984337523856e+03 1.003712609860100802e+00
5.404918092569387227e+03 1.005265735486442491e+00
5.404946200947428224e+03 9.998628719334823334e-01
5.404974309471646848e+03 1.002531954503197209e+00
5.405002418142044917e+03 1.000981837468373437e+00
5.405030526958623341e+03 9.967201688561987405e-01
5.405058635921381210e+03 9.999509207348195039e-01
5.405086745030320344e+03 1.002093480748486032e+00
5.405114854285441652e+03 9.990894496168557515e-01
5.405142963686746043e+03 9.948918812259633926e-01
5.405171073234233518e+03 9.972181729684489460e-01
5.405199182927904985e+03 9.994048099409869046e-01
5.405227292767761355e+03 9.966272961422454335e-01
5.405255402753804447e+03 9.913915792835950036e-01
5.405283512886033350e+03 9.931944468027990025e-01
5.405311623164448974e+03 1.001004119480760401e+00
5.405339733589053139e+03 9.983270954633546301e-01
5.405367844159846754e+03 9.983254089187384439e-01
5.405395954876828910e+03 9.991366731136280821e-01
5.405424065740002334e+03 1.002070598856895201e+00
5.405452176749366117e+03 1.000898294525046639e+00
5.405480287904922079e+03 9.992517151175008827e-01
5.405508399206671129e+03 9.969129769092182070e-01
5.405536510654611448e+03 9.930653091942025501e-01
5.405564622248747582e+03 9.946433998428200196e-01
5.405592733989078624e+03 9.983579932640226362e-01
5.405620845875605482e+03 1.001841245671315050e+00
5.405648957908328157e+03 9.942593672581042652e-01
5.405677070087247557e+03 9.950869044198156210e-01
5.405705182412365502e+03 9.982575075503649087e-01
5.405733294883682902e+03 9.946213403575792089e-01
5.405761407501197937e+03 1.005257058280427662e+00
5.405789520264914245e+03 1.003971379362195382e+00
5.405817633174831826e+03 1.004996850953974397e+00
5.405845746230949771e+03 1.000828875476064139e+00
5.405873859433271718e+03 9.999795907585155019e-01
5.405901972781796758e+03 9.959444346506566292e-01
5.405930086276524889e+03 9.997270895549529302e-01
5.405958199917457932e+03 1.001516826893076084e+00
5.405986313704596796e+03 9.992584713298088284e-01
5.406014427637942390e+03 9.999754447873875352e-01
5.406042541717493805e+03 1.001649002760826912e+00
5.406070655943253769e+03 1.002427131164144614e+00
5.406098770315222282e+03 9.993883346733777318e-01
5.406126884833399345e+03 9.912903218795914295e-01
5.406154999497787685e+03 9.908252292868190425e-01
5.406183114308386394e+03 9.926274334507914077e-01
5.406211229265197289e+03 9.975215262189677246e-01
5.406239344368219463e+03 9.903827106391237534e-01
5.406267459617455643e+03 1.001848778165507881e+00
5.406295575012905829e+03 1.003908725843730698e+00
5.406323690554570021e+03 9.979801703591338891e-01
5.406351806242449129e+03 1.000538296618546763e+00
5.406379922076544972e+03 9.966898729570373705e-01
5.406408038056857549e+03 9.992235199474482910e-01
5.406436154183388680e+03 1.000939437456489056e+00
5.406464270456137456e+03 9.954285839813199477e-01
5.406492386875105694e+03 9.918832970398175908e-01
5.406520503440293396e+03 9.938409093117662740e-01
5.406548620151702380e+03 9.983231416023747862e-01
5.406576737009332646e+03 9.963739052630699033e-01
5.406604854013185104e+03 9.966565122544496225e-01
5.406632971163260663e+03 9.943216875200137084e-01
5.406661088459559323e+03 9.988612811616940368e-01
5.406689205902083813e+03 9.994826517610777561e-01
5.406717323490833223e+03 9.974696561440545839e-01
5.406745441225808463e+03 1.002371928922122901e+00
5.406773559107010442e+03 9.978029902818742469e-01
5.406801677134440069e+03 9.963704411509922698e-01
5.406829795308097346e+03 9.940614445104671848e-01
5.406857913627984999e+03 9.938914844843240726e-01
5.406886032094102120e+03 9.950899466604048449e-01
5.406914150706449618e+03 1.001359656431308531e+00
5.406942269465027493e+03 9.986136072903557537e-01
5.406970388369838474e+03 9.946506157166370432e-01
5.406998507420882561e+03 9.950608118155409576e-01
5.407026626618160662e+03 9.925739695133435347e-01
5.407054745961671870e+03 9.905402013173985054e-01
5.407082865451418911e+03 9.936873448377074869e-01
5.407110985087402696e+03 9.966139017031362402e-01
5.407139104869621406e+03 9.963311661869195257e-01
5.407167224798079587e+03 9.923105109117930089e-01
5.407195344872775422e+03 9.877872834472639640e-01
5.407223465093708910e+03 9.938185968996897657e-01
5.407251585460883689e+03 9.902618359974039164e-01
5.407279705974297030e+03 9.911538607804346590e-01
5.407307826633953482e+03 1.000252759064258035e+00
5.407335947439851225e+03 9.951190470074634531e-01
5.407364068391992078e+03 9.926409832012119683e-01
5.407392189490376040e+03 9.932657965684665857e-01
5.407420310735004932e+03 9.939724011582498076e-01
5.407448432125878753e+03 9.986237218222145939e-01
5.407476553662997503e+03 9.994698282460154903e-01
5.407504675346363911e+03 9.954818237938398706e-01
5.407532797175977066e+03 9.940197097913646695e-01
5.407560919151837879e+03 9.885492464446449246e-01
5.407589041273949078e+03 9.913379566060196435e-01
5.407617163542308845e+03 9.928096287400555164e-01
5.407645285956918997e+03 9.986232051393851838e-01
5.407673408517780445e+03 9.917923708585064668e-01
5.407701531224894097e+03 9.898027657301026183e-01
5.407729654078259955e+03 9.955927247848462835e-01
5.407757777077878927e+03 9.898341374289535421e-01
5.407785900223752833e+03 9.904958053435729548e-01
5.407814023515881672e+03 9.912455578764072239e-01
5.407842146954265445e+03 9.953589477357758231e-01
5.407870270538905970e+03 9.943859256502984856e-01
5.407898394269804157e+03 9.860766368496246548e-01
5.407926518146960007e+03 9.884419575678047298e-01
5.407954642170375337e+03 9.929684244466018272e-01
5.407982766340049238e+03 9.905949177790377425e-01
5.408010890655983530e+03 9.845689195143194627e-01
5.408039015118179123e+03 9.839253036521641294e-01
5.408067139726636924e+03 9.896608975155111176e-01
5.408095264481356935e+03 9.802400499166425973e-01
5.408123389382340065e+03 9.924242930031557108e-01
5.408151514429586314e+03 9.885571177865463133e-01
5.408179639623099320e+03 9.867899248330168627e-01
5.408207764962877263e+03 9.861368734739968112e-01
5.408235890448921054e+03 9.849211132084001452e-01
5.408264016081231603e+03 9.873258763934379401e-01
5.408292141859811636e+03 9.818022802638017854e-01
5.408320267784659336e+03 9.802266898675369156e-01
5.408348393855775612e+03 9.841014439018929139e-01
5.408376520073163192e+03 9.883466534808710291e-01
5.408404646436821167e+03 9.864873977569595942e-01
5.408432772946751356e+03 9.862100719972469731e-01
5.408460899602953759e+03 9.880973013035418973e-01
5.408489026405429286e+03 9.856554403755090066e-01
5.408517153354178845e+03 9.823580677914506287e-01
5.408545280449202437e+03 9.849659932877449231e-01
5.408573407690501881e+03 9.870235055280238701e-01
5.408601535078078996e+03 9.808051359444018846e-01
5.408629662611931053e+03 9.831030808605837334e-01
5.408657790292062600e+03 9.816502092036599736e-01
5.408685918118471818e+03 9.796497731066767800e-01
5.408714046091159616e+03 9.788306411647235139e-01
5.408742174210127814e+03 9.834668992260641174e-01
5.408770302475378230e+03 9.830174249190468672e-01
5.408798430886909046e+03 9.799391382916189386e-01
5.408826559444722079e+03 9.814810814604594258e-01
5.408854688148818241e+03 9.806874306510158235e-01
5.408882816999198440e+03 9.781013084772093302e-01
5.408910945995863585e+03 9.749162923548603255e-01
5.408939075138814587e+03 9.751579547436113327e-01
5.408967204428050536e+03 9.729873049603109392e-01
5.408995333863574160e+03 9.678608650487220411e-01
5.409023463445384550e+03 9.726701159523124529e-01
5.409051593173483525e+03 9.775874585486217239e-01
5.409079723047872903e+03 9.764081275330378507e-01
5.409107853068550867e+03 9.728379628971768334e-01
5.409135983235520143e+03 9.750062305010228636e-01
5.409164113548779824e+03 9.753842764196696269e-01
5.409192244008333546e+03 9.699236219754504562e-01
5.409220374614179491e+03 9.697352319700174306e-01
5.409248505366318568e+03 9.751530821925107340e-01
5.409276636264753506e+03 9.758919875778986341e-01
5.409304767309481576e+03 9.678468018806434259e-01
5.409332898500507326e+03 9.654490407968679966e-01
5.409361029837829847e+03 9.674533698854511643e-01
5.409389161321450047e+03 9.669750345455506713e-01
5.409417292951367017e+03 9.668709935396516686e-01
5.409445424727584395e+03 9.585848147183959611e-01
5.409473556650101273e+03 9.600835953091325647e-01
5.409501688718918558e+03 9.573970262002517995e-01
5.409529820934037161e+03 9.517947850734871373e-01
5.409557953295458901e+03 9.485029076907510737e-01
5.409586085803181959e+03 9.491757400327243133e-01
5.409614218457209972e+03 9.516433612130262842e-01
5.409642351257542032e+03 9.568216425904586542e-01
5.409670484204179047e+03 9.608643280637162443e-01
5.409698617297121928e+03 9.610721636044134986e-01
5.409726750536371583e+03 9.514023823325198359e-01
5.409754883921928922e+03 9.520343029377749122e-01
5.409783017453793946e+03 9.545228812463836254e-01
5.409811151131967563e+03 9.464503838875439889e-01
5.409839284956452502e+03 9.461466900655089995e-01
5.409867418927246945e+03 9.472923740113718960e-01
5.409895553044352710e+03 9.482930339945415676e-01
5.409923687307769796e+03 9.487837315513523162e-01
5.409951821717500025e+03 9.500592957765454649e-01
5.409979956273544303e+03 9.441438565128013050e-01
5.410008090975902633e+03 9.372838349393460833e-01
5.410036225824575922e+03 9.387116035872429265e-01
5.410064360819565081e+03 9.407269753812620428e-01
5.410092495960870110e+03 9.425624699401613515e-01
5.410120631248493737e+03 9.387018240050354345e-01
5.410148766682435053e+03 9.371184477765314158e-01
5.410176902262694966e+03 9.389374533682873780e-01
5.410205037989274388e+03 9.358034913234880570e-01
5.410233173862174226e+03 9.364220912990951495e-01
5.410261309881395391e+03 9.383380719353341393e-01
5.410289446046937883e+03 9.376041163655989275e-01
5.410317582358803520e+03 9.342260938025340744e-01
5.410345718816993212e+03 9.345512229743351273e-01
5.410373855421506050e+03 9.285620180597072837e-01
5.410401992172343853e+03 9.355294365133057788e-01
5.410430129069508439e+03 9.358821263999690387e-01
5.410458266112997990e+03 9.259707554048506317e-01
5.410486403302816143e+03 9.277554038522790592e-01
5.410514540638961080e+03 9.337397985411699519e-01
5.410542678121436438e+03 9.279875254853829913e-01
5.410570815750239490e+03 9.232767738711094019e-01
5.410598953525373872e+03 9.271490756414446643e-01
5.410627091446838676e+03 9.201162694135675002e-01
5.410655229514635721e+03 9.134682704302362621e-01
5.410683367728765006e+03 9.209634747953419076e-01
5.410711506089227441e+03 9.215975432279146506e-01
5.410739644596024846e+03 9.231971001538350485e-01
5.410767783249156309e+03 9.184931402503797582e-01
5.410795922048623652e+03 9.211188087794660584e-01
5.410824060994426873e+03 9.182812492140725036e-01
5.410852200086568700e+03 9.181576027620856895e-01
5.410880339325046407e+03 9.166860157022130862e-01
5.410908478709863630e+03 9.166925190701393777e-01
5.410936618241020369e+03 9.132292510378854367e-01
5.410964757918517535e+03 9.084789410353447670e-01
5.410992897742355126e+03 9.084310656567412545e-01
5.411021037712534053e+03 9.101874969941452509e-01
5.411049177829056134e+03 9.121500094068130116e-01
5.411077318091921370e+03 9.131142041680810895e-01
5.411105458501130670e+03 9.117340194901902839e-01
5.411133599056684034e+03 9.090916290542887523e-01
5.411161739758583280e+03 9.064686301634788945e-01
5.411189880606828410e+03 9.065515212337539319e-01
5.411218021601421242e+03 9.082110437647783474e-01
5.411246162742360866e+03 9.086034111046916717e-01
5.411274304029650011e+03 9.112836403967128351e-01
5.411302445463287768e+03 9.064428088446024878e-01
5.411330587043275955e+03 9.099248497487438803e-01
5.411358728769615482e+03 9.030813361058435129e-01
5.411386870642305439e+03 9.038612662460917546e-01
5.411415012661348555e+03 9.016295507773728346e-01
5.411443154826743921e+03 9.061283706717019326e-01
5.411471297138494265e+03 9.078955816300464665e-01
5.411499439596598677e+03 9.063106783904719688e-01
5.411527582201058976e+03 9.014335582282911874e-01
5.411555724951874254e+03 9.044805216220571653e-01
5.411583867849047238e+03 9.027751794839220523e-01
5.411612010892577928e+03 8.962991576993981635e-01
5.411640154082466324e+03 9.023468521513802187e-01
5.411668297418715156e+03 8.993641007082985306e-01
5.411696440901323513e+03 8.980551432558618874e-01
5.411724584530291395e+03 9.015680243674978334e-01
5.411752728305621531e+03 9.048407447448723051e-01
5.411780872227314831e+03 9.008719839046538391e-01
5.411809016295370384e+03 9.017986750675732743e-01
5.411837160509790010e+03 9.046826259461455688e-01
5.411865304870573709e+03 9.051318985445185872e-01
5.411893449377722391e+03 9.027921727252462558e-01
5.411921594031237873e+03 9.031864261928236326e-01
5.411949738831119248e+03 9.034613259554699072e-01
5.411977883777369243e+03 9.091244335707711066e-01
5.412006028869986949e+03 9.067816491144103930e-01
5.412034174108973275e+03 9.053578133608086720e-01
5.412062319494330040e+03 9.085218951389761877e-01
5.412090465026057245e+03 9.076989099146460793e-01
5.412118610704155799e+03 9.066330394184809460e-01
5.412146756528626611e+03 9.024405324464905842e-01
5.412174902499469681e+03 8.973918623607667344e-01
5.412203048616687738e+03 9.045634807879637806e-01
5.412231194880279872e+03 9.049154480218828400e-01
5.412259341290246084e+03 9.049844373021659338e-01
5.412287487846589102e+03 9.073908298673962758e-01
5.412315634549308015e+03 9.074145224478754601e-01
5.412343781398405554e+03 9.108226355863103807e-01
5.412371928393880808e+03 9.136889422592585630e-01
5.412400075535735596e+03 9.119897979753074369e-01
5.412428222823969008e+03 9.135809631185664026e-01
5.412456370258583775e+03 9.163830701248966148e-01
5.412484517839578984e+03 9.173477213079599402e-01
5.412512665566956457e+03 9.153797926319200418e-01
5.412540813440718011e+03 9.146541880408342040e-01
5.412568961460861829e+03 9.193966457335406295e-01
5.412597109627389727e+03 9.246366934606099486e-01
5.412625257940302617e+03 9.200135490975671626e-01
5.412653406399602318e+03 9.186681946439360091e-01
5.412681555005288828e+03 9.219851133215494210e-01
5.412709703757362149e+03 9.243104289614982871e-01
5.412737852655823190e+03 9.220999566101020228e-01
5.412766001700672859e+03 9.235094756232850033e-01
5.412794150891912977e+03 9.203040604710307493e-01
5.412822300229543544e+03 9.218428168740308015e-01
5.412850449713563648e+03 9.229025613009733675e-01
5.412878599343976930e+03 9.249631621198508569e-01
5.412906749120783388e+03 9.288513562967196657e-01
5.412934899043983023e+03 9.283686866035159024e-01
5.412963049113576744e+03 9.286411278644569611e-01
5.412991199329565461e+03 9.315150683027407785e-01
5.413019349691949174e+03 9.416957972721284875e-01
5.413047500200730610e+03 9.381381434314861600e-01
5.413075650855908862e+03 9.340213590152417478e-01
5.413103801657484837e+03 9.326117846706291070e-01
5.413131952605459446e+03 9.328732535476661480e-01
5.413160103699833599e+03 9.334013210842713182e-01
5.413188254940609113e+03 9.308102069522271593e-01
5.413216406327784171e+03 9.357161707238565995e-01
5.413244557861362409e+03 9.413728745272645915e-01
5.413272709541342010e+03 9.399676482165313374e-01
5.413300861367724792e+03 9.504136494887783781e-01
5.413329013340513484e+03 9.455929914906539002e-01
5.413357165459705357e+03 9.423158862135710967e-01
5.413385317725303139e+03 9.482583601844619681e-01
5.413413470137307741e+03 9.456285818768077611e-01
5.413441622695720071e+03 9.460065042081382547e-01
5.413469775400539220e+03 9.475349433068638305e-01
5.413497928251767007e+03 9.525382915868946254e-01
5.413526081249404342e+03 9.507503443894040895e-01
5.413554234393452134e+03 9.492262598536104212e-01
5.413582387683911293e+03 9.513883710305677255e-01
5.413610541120781818e+03 9.592934923475672226e-01
5.413638694704064619e+03 9.612419348679070996e-01
5.413666848433760606e+03 9.625013185060793397e-01
5.413695002309871597e+03 9.594842229046477433e-01
5.413723156332395774e+03 9.535642270175653801e-01
5.413751310501335865e+03 9.629409217506204044e-01
5.413779464816692780e+03 9.690614071871291868e-01
5.413807619278467428e+03 9.602774117233816575e-01
5.413835773886657989e+03 9.663766496679314644e-01
5.413863928641268103e+03 9.664192987453212869e-01
5.413892083542298678e+03 9.715954830292955480e-01
5.413920238589747896e+03 9.652236989627146491e-01
5.413948393783618485e+03 9.683478606953789258e-01
5.413976549123909535e+03 9.636440869067470771e-01
5.414004704610624685e+03 9.597982513385755476e-01
5.414032860243762116e+03 9.694766567327788298e-01
5.414061016023323646e+03 9.691570902467415705e-01
5.414089171949310185e+03 9.712380837819756252e-01
5.414117328021720823e+03 9.684087258671770782e-01
5.414145484240558289e+03 9.666962943599205493e-01
5.414173640605823493e+03 9.707793677716990421e-01
5.414201797117516435e+03 9.732764493978000031e-01
5.414229953775637114e+03 9.728640904530851952e-01
5.414258110580186440e+03 9.722104375310300917e-01
5.414286267531167141e+03 9.756780273569936046e-01
5.414314424628577399e+03 9.795818883860443194e-01
5.414342581872419942e+03 9.813598753858137069e-01
5.414370739262694769e+03 9.769933717840366683e-01
5.414398896799401882e+03 9.695700565952857231e-01
5.414427054482544008e+03 9.684512320729166124e-01
5.414455212312120238e+03 9.707349175837790556e-01
5.414483370288131482e+03 9.741505567595358794e-01
5.414511528410578649e+03 9.813638624221517892e-01
5.414539686679462648e+03 9.834293887318182881e-01
5.414567845094784388e+03 9.823665287998158968e-01
5.414596003656544781e+03 9.810805730065885744e-01
5.414624162364744734e+03 9.842537790396636010e-01
5.414652321219383339e+03 9.893968482212476268e-01
5.414680480220463323e+03 9.863968661674544780e-01
5.414708639367984688e+03 9.806120554248577426e-01
5.414736798661948342e+03 9.844957119055963712e-01
5.414764958102354285e+03 9.881051735510666401e-01
5.414793117689205246e+03 9.881681918031404166e-01
5.414821277422499406e+03 9.893483659295519983e-01
5.414849437302238584e+03 9.885668286731570387e-01
5.414877597328425509e+03 9.926610978242583760e-01
5.414905757501057451e+03 9.898600864248652265e-01
5.414933917820137140e+03 9.855342460806334470e-01
5.414962078285665484e+03 9.857384397927243525e-01
5.414990238897642485e+03 9.861845916777780552e-01
5.415018399656070869e+03 9.887996681533404164e-01
5.415046560560948819e+03 9.883682843268118967e-01
5.415074721612277244e+03 9.875081174160214026e-01
5.415102882810058873e+03 9.900818357080807264e-01
5.415131044154292795e+03 9.871568038849563020e-01
5.415159205644979920e+03 9.877015626813178129e-01
5.415187367282121158e+03 9.838475296681949978e-01
5.415215529065718329e+03 9.929778404337967768e-01
5.415243690995771431e+03 9.939758205739788188e-01
5.415271853072281374e+03 9.911229707530926358e-01
5.415300015295248159e+03 9.993481942369012438e-01
5.415328177664672694e+03 9.959174565783698307e-01
5.415356340180556799e+03 9.902115158936157790e-01
5.415384502842901384e+03 9.868911988335888896e-01
5.415412665651704629e+03 9.927155722296926443e-01
5.415440828606971081e+03 9.933430328778815044e-01
5.415468991708698013e+03 9.921541580220261114e-01
5.415497154956888153e+03 9.941196126249971510e-01
5.415525318351541500e+03 9.895419295687086780e-01
5.415553481892658965e+03 9.878133008701923679e-01
5.415581645580242366e+03 9.904825291853536218e-01
5.415609809414290794e+03 9.922630783227827100e-01
5.415637973394806068e+03 9.927423753953823482e-01
5.415666137521788187e+03 9.937169133331568149e-01
5.415694301795239880e+03 9.906770632904822182e-01
5.415722466215159329e+03 9.935928283287973617e-01
5.415750630781548352e+03 9.961215265252194584e-01
5.415778795494406950e+03 9.914459424518965447e-01
5.415806960353737850e+03 9.951472695327001627e-01
5.415835125359540143e+03 9.955437251412483368e-01
5.415863290511815649e+03 9.948728461348292917e-01
5.415891455810564366e+03 9.896696731957798088e-01
5.415919621255786296e+03 9.915339912423974944e-01
5.415947786847483258e+03 9.940172396791530085e-01
5.415975952585657069e+03 9.920531106560332990e-01
5.416004118470306821e+03 9.914939031396070579e-01
5.416032284501434333e+03 9.881232712424884435e-01
5.416060450679038695e+03 9.959514931904466239e-01
5.416088617003122636e+03 9.922147543435456685e-01
5.416116783473685246e+03 9.909131720780207653e-01
5.416144950090728344e+03 9.949487079851846438e-01
5.416173116854252839e+03 9.940002139983848961e-01
5.416201283764259642e+03 9.930941114321878427e-01
5.416229450820747843e+03 9.958806915529810899e-01
5.416257618023720170e+03 9.926467316837731536e-01
5.416285785373175713e+03 9.887946017269608756e-01
5.416313952869116292e+03 9.969199505621251234e-01
5.416342120511542817e+03 9.994568842178380708e-01
5.416370288300456195e+03 9.911626313093675478e-01
5.416398456235856429e+03 9.960402558510182969e-01
5.416426624317744427e+03 9.939337661212394037e-01
5.416454792546120188e+03 9.952331818647017769e-01
5.416482960920986443e+03 9.944772556638216132e-01
5.416511129442342281e+03 9.903382305020890231e-01
5.416539298110189520e+03 9.994909105446259101e-01
5.416567466924528162e+03 9.939630941937367403e-01
5.416595635885359115e+03 9.954255625734407253e-01
5.416623804992684200e+03 9.973773180384060133e-01
5.416651974246501595e+03 9.969207077358100966e-01
5.416680143646814940e+03 9.954365269607142741e-01
5.416708313193623326e+03 9.972449671616784306e-01
5.416736482886927661e+03 9.977837360588295290e-01
5.416764652726729764e+03 9.979643627775409698e-01
5.416792822713029636e+03 9.935056110872287904e-01
5.416820992845827277e+03 9.915480588509544280e-01
5.416849163125125415e+03 9.982880086412583287e-01
5.416877333550922231e+03 9.959659692881460691e-01
5.416905504123220453e+03 9.993150001567437934e-01
5.416933674842020991e+03 1.000629806816216050e+00
5.416961845707322937e+03 9.951729696459568064e-01
5.416990016719128107e+03 9.918531580753069399e-01
5.417018187877437413e+03 9.894999936061422696e-01
5.417046359182251763e+03 9.929864132428224410e-01
5.417074530633570248e+03 9.949660993971340961e-01
5.417102702231395597e+03 9.934280232677672462e-01
5.417130873975728719e+03 1.000867213220689056e+00
5.417159045866568704e+03 1.005196342786029540e+00
5.417187217903916462e+03 9.989645103923012748e-01
5.417215390087774722e+03 9.956273987230549460e-01
5.417243562418142574e+03 9.968023283473617102e-01
5.417271734895020927e+03 9.996104854649897620e-01
5.417299907518410691e+03 9.966511985186551348e-01
5.417328080288312776e+03 9.938154437321584656e-01
5.417356253204728091e+03 9.978024604268038722e-01
5.417384426267657545e+03 1.003340612457711334e+00
5.417412599477100230e+03 9.999553046323309546e-01
5.417440772833059782e+03 9.994182266788543822e-01
5.417468946335534383e+03 9.985937667889892566e-01
5.417497119984525852e+03 9.970307761448437001e-01
5.417525293780036009e+03 9.961807620774042471e-01
5.417553467722063033e+03 9.981139948997372890e-01
5.417581641810609653e+03 1.001998973748409849e+00
5.417609816045676780e+03 9.977128225795819372e-01
5.417637990427263503e+03 9.988575109766868465e-01
5.417666164955372551e+03 1.002970391518638316e+00
5.417694339630003014e+03 1.007616196970067435e+00
5.417722514451157622e+03 1.003042739250431747e+00
5.417750689418834554e+03 9.984201515975071883e-01
5.417778864533036540e+03 9.984513654242782588e-01
5.417807039793763579e+03 9.941956025939387986e-01
5.417835215201016581e+03 1.000685654626040755e+00
5.417863390754796455e+03 9.973859723906909336e-01
5.417891566455104112e+03 9.908322177361564842e-01
5.417919742301938641e+03 9.963954871925839729e-01
5.417947918295303680e+03 9.949102198464001567e-01
5.417976094435198320e+03 9.949328141566106121e-01
5.418004270721623470e+03 9.958125154650196986e-01
5.418032447154579131e+03 9.991629261820246244e-01
5.418060623734068031e+03 9.982681947447354931e-01
5.418088800460088351e+03 9.955191778639462807e-01
5.418116977332643728e+03 1.000794180925945964e+00
5.418145154351732344e+03 1.002174042991091252e+00
5.418173331517356928e+03 9.980382674293605261e-01
5.418201508829516570e+03 1.001873650260424409e+00
5.418229686288213998e+03 1.001953214198680442e+00
5.418257863893448302e+03 9.967353047433799018e-01
5.418286041645220394e+03 9.997040260039719017e-01
5.418314219543531181e+03 9.994404123650323379e-01
5.418342397588382482e+03 9.989002131175414023e-01
5.418370575779774299e+03 1.001069367137755073e+00
5.418398754117706630e+03 9.998860627400499856e-01
5.418426932602181296e+03 9.991581154827763323e-01
5.418455111233198295e+03 9.994314207004199035e-01
5.418483290010759447e+03 9.990582182978425818e-01
5.418511468934863842e+03 9.961121482504384783e-01
5.418539648005514209e+03 9.965690701141671770e-01
5.418567827222709639e+03 9.992659858381167659e-01
5.418596006586451949e+03 9.973466503365413516e-01
5.418624186096742051e+03 9.960154162697750779e-01
5.418652365753579033e+03 9.953329346582934223e-01
5.418680545556966536e+03 9.972504520037627218e-01
5.418708725506902738e+03 1.002686653051882315e+00
5.418736905603388550e+03 1.001662734178976999e+00
5.418765085846426700e+03 9.996565255675444739e-01
5.418793266236016279e+03 9.966088289827315094e-01
5.418821446772158197e+03 9.941314958541180857e-01
5.418849627454854271e+03 9.950249355180209587e-01
5.418877808284103594e+03 9.965149003295398211e-01
5.418905989259907983e+03 1.001185779106624762e+00
5.418934170382269258e+03 1.002480590475749223e+00
5.418962351651186509e+03 1.002297944110565942e+00
5.418990533066660646e+03 9.990915610958659432e-01
5.419018714628692578e+03 9.960687296768531152e-01
5.419046896337283215e+03 9.966859492391243469e-01
5.419075078192433466e+03 9.974867707736647660e-01
5.419103260194144241e+03 9.982140229582778801e-01
5.419131442342415539e+03 9.990543444499793146e-01
5.419159624637249181e+03 1.000265674649424508e+00
5.419187807078645164e+03 9.959646657018895732e-01
5.419215989666604401e+03 9.993903882011773154e-01
5.419244172401127798e+03 1.003508718627768470e+00
5.419272355282215358e+03 1.003870932431717433e+00
5.419300538309869808e+03 9.997386120571090107e-01
5.419328721484090238e+03 9.983209222875962796e-01
5.419356904804877558e+03 9.977386004497531546e-01
5.419385088272231769e+03 9.961257874226190356e-01
5.419413271886156508e+03 9.932617770941649660e-01
5.419441455646649047e+03 9.896747823368320374e-01
5.419469639553713023e+03 9.906052846026170977e-01
5.419497823607347527e+03 9.968544525300971904e-01
5.419526007807553469e+03 9.967149515291717776e-01
5.419554192154331759e+03 9.988384327425157139e-01
5.419582376647683304e+03 1.001631332442520561e+00
5.419610561287609016e+03 9.920951380877046644e-01
5.419638746074109804e+03 9.990341797323701867e-01
5.419666931007185667e+03 1.001070232282488925e+00
5.419695116086837515e+03 1.000762624406168699e+00
5.419723301313067168e+03 9.994809791112281294e-01
5.419751486685874625e+03 9.929018018742854501e-01
5.419779672205259885e+03 9.938564026400747986e-01
5.419807857871225679e+03 1.005551875506718984e+00
5.419836043683770185e+03 9.973118833347850432e-01
5.419864229642896134e+03 9.927434921604589846e-01
5.419892415748603526e+03 9.981394948190931427e-01
5.419920602000893268e+03 9.986809338025844918e-01
5.419948788399767182e+03 9.941177904168501112e-01
5.419976974945223446e+03 9.962762678989087739e-01
5.420005161637264791e+03 1.002916821187131102e+00
5.420033348475892126e+03 1.002565974390896342e+00
5.420061535461105450e+03 9.999767276764901514e-01
5.420089722592905673e+03 9.968656087099938556e-01
5.420117909871292795e+03 9.989594700770477731e-01
5.420146097296270455e+03 9.977661616720508997e-01
5.420174284867835922e+03 9.981698465998796177e-01
5.420202472585991018e+03 1.003924094815334955e+00
5.420230660450737560e+03 9.979142863765350091e-01
5.420258848462075548e+03 1.006276667410200609e+00
5.420287036620004983e+03 9.999465672519631809e-01
5.420315224924528593e+03 9.960787225491887220e-01
5.420343413375644559e+03 9.893721999675645362e-01
5.420371601973356519e+03 9.928794763915966826e-01
5.420399790717663564e+03 9.956366277699100209e-01
5.420427979608566602e+03 9.992657348877437284e-01
5.420456168646066544e+03 9.995098166229127168e-01
5.420484357830164299e+03 9.957014120052382067e-01
5.420512547160859867e+03 9.943990481474309640e-01
5.420540736638155067e+03 1.000458620680453548e+00
5.420568926262049899e+03 1.003210537856862539e+00
5.420597116032544363e+03 1.002691157186105908e+00
5.420625305949642097e+03 9.961775585056638072e-01
5.420653496013341282e+03 9.913107289746244666e-01
5.420681686223642828e+03 9.885466128233392213e-01
5.420709876580548553e+03 9.910641482265986069e-01
5.420738067084059367e+03 9.899454448899234205e-01
5.420766257734174360e+03 9.932468334215204253e-01
5.420794448530896261e+03 9.969448863960184148e-01
5.420822639474224161e+03 9.936256845548347982e-01
5.420850830564160788e+03 9.976111120316205616e-01
5.420879021800704322e+03 9.984792828751455351e-01
5.420907213183858403e+03 9.974562969923140843e-01
5.420935404713621210e+03 9.990811942144635083e-01
5.420963596389994564e+03 1.005136422350186409e+00
5.420991788212979372e+03 1.001511479733005805e+00
5.421019980182576546e+03 9.950531513688632979e-01
5.421048172298786085e+03 1.000034875849626470e+00
5.421076364561610717e+03 9.951830479499712556e-01
5.421104556971047714e+03 1.003891961129841137e+00
5.421132749527101623e+03 9.969928411875579322e-01
5.421160942229770626e+03 9.992656069896412863e-01
5.421189135079055632e+03 9.979568797251284762e-01
5.421217328074959369e+03 1.001645500950761880e+00
5.421245521217480928e+03 9.986624983101695108e-01
5.421273714506621218e+03 9.949409166994450660e-01
5.421301907942381149e+03 9.923606558635922337e-01
5.421330101524761631e+03 9.969822724208788900e-01
5.421358295253762662e+03 1.004034488328479302e+00
5.421386489129386973e+03 1.004911147759526058e+00
5.421414683151633653e+03 9.977294665931787376e-01
5.421442877320503612e+03 9.956437915721795262e-01
5.421471071635998669e+03 1.008114173134295299e+00
5.421499266098117005e+03 1.005570803673454305e+00
5.421527460706863167e+03 9.929055864595400793e-01
5.421555655462235336e+03 9.950930776063902083e-01
5.421583850364233513e+03 9.970765766252109863e-01
5.421612045412861335e+03 9.969006980553701824e-01
5.421640240608117892e+03 1.002862325638326668e+00
5.421668435950004096e+03 9.993665694170070779e-01
5.421696631438519944e+03 1.005177338533737252e+00
5.421724827073667257e+03 1.006322946630408222e+00
5.421753022855446943e+03 1.001453449171870069e+00
5.421781218783859003e+03 9.949236549663089679e-01
5.421809414858904347e+03 9.961075222638772209e-01
5.421837611080583883e+03 1.002972062601808156e+00
5.421865807448898522e+03 1.003166832559494015e+00
5.421894003963849173e+03 1.002714407599592183e+00
5.421922200625436744e+03 1.002147085334182508e+00
5.421950397433661237e+03 1.002552706419356676e+00
5.421978594388523561e+03 9.970213550879223341e-01
5.422006791490024625e+03 1.002219856482004179e+00
5.422034988738164429e+03 9.942196927134202555e-01
5.422063186132945702e+03 9.993160540616585763e-01
5.422091383674368444e+03 9.974428371757506628e-01
5.422119581362431745e+03 9.996137453339664081e-01
5.422147779197138334e+03 1.002330436399444968e+00
5.422175977178488210e+03 9.988853149098663176e-01
5.422204175306482284e+03 9.969936800694769730e-01
5.422232373581121465e+03 1.003068950080781008e+00
5.422260572002404842e+03 1.000751752038436138e+00
5.422288770570336965e+03 9.961231527360359106e-01
5.422316969284915103e+03 1.003275333647792866e+00
5.422345168146141077e+03 1.008167360366009513e+00
5.422373367154015796e+03 1.000909660260203671e+00
5.422401566308540168e+03 1.001227836134554572e+00
5.422429765609714195e+03 9.947268148753374284e-01
5.422457965057539695e+03 9.960580746411470399e-01
5.422486164652017578e+03 9.951416490628124389e-01
5.422514364393146934e+03 9.968882195422781312e-01
5.422542564280930492e+03 9.983386295112816056e-01
5.422570764315367342e+03 1.000995983289351132e+00
5.422598964496459303e+03 1.001826147432004044e+00
5.422627164824207284e+03 1.003438121781539794e+00
5.422655365298610377e+03 9.995286820412930817e-01
5.422683565919671310e+03 9.971958010973828168e-01
5.422711766687390082e+03 9.951961682598382541e-01
5.422739967601767603e+03 1.002231498180154112e+00
5.422768168662804783e+03 1.001053790220384432e+00
5.422796369870500712e+03 1.002848752035811364e+00
5.422824571224859028e+03 1.002522353395388199e+00
5.422852772725878822e+03 1.005446554852808649e+00
5.422880974373561003e+03 9.981841590209067361e-01
5.422909176167905571e+03 9.987203275636529209e-01
5.422937378108915254e+03 9.996563245140902554e-01
5.422965580196589144e+03 9.994801076104560256e-01
5.422993782430928150e+03 9.926965577527473439e-01
5.423021984811934090e+03 9.894244110870363818e-01
5.423050187339606055e+03 9.911973611510469517e-01
5.423078390013946773e+03 9.967809947450388952e-01
5.423106592834955336e+03 9.933145689647234766e-01
5.423134795802634471e+03 1.001698088365622796e+00
5.423162998916982360e+03 9.981153992855115176e-01
5.423191202178001731e+03 9.955944402901603096e-01
5.423219405585691675e+03 9.958041025267367896e-01
5.423247609140054919e+03 9.985761391255080222e-01
5.423275812841091465e+03 9.958145593883784841e-01
5.423304016688800402e+03 9.989182279147275079e-01
5.423332220683185369e+03 1.001237998497554793e+00
5.423360424824246365e+03 9.985152003066170012e-01
5.423388629111982482e+03 9.936456575872447683e-01
5.423416833546395537e+03 1.000105400489041285e+00
5.423445038127486441e+03 1.006624824987400801e+00
5.423473242855255194e+03 9.966864532097025053e-01
5.423501447729703614e+03 9.992757306415633867e-01
5.423529652750832611e+03 9.927299139177758747e-01
5.423557857918641275e+03 1.001278225187543613e+00
5.423586063233132336e+03 1.001251058269883032e+00
5.423614268694305792e+03 9.984072831977227613e-01
5.423642474302161645e+03 1.006779553599681964e+00
5.423670680056700803e+03 1.002858560421022949e+00
5.423698885957925995e+03 1.004086545260450825e+00
5.423727092005835402e+03 1.004065832852347961e+00
5.423755298200431753e+03 1.000428673079047703e+00
5.423783504541714137e+03 1.002913053970020840e+00
5.423811711029683465e+03 1.003472496282804771e+00
5.423839917664342465e+03 9.999091402299060682e-01
5.423868124445691137e+03 9.970497850816395502e-01
5.423896331373728572e+03 9.976966035078608241e-01
5.423924538448456588e+03 1.000168711722688730e+00
5.423952745669876094e+03 1.007048688074497544e+00
5.423980953037988002e+03 1.001345999476773718e+00
5.424009160552793219e+03 9.957756537537156838e-01
5.424037368214291746e+03 9.976591628362596609e-01
5.424065576022484493e+03 9.968693226958523779e-01
5.424093783977372368e+03 9.961501460182514700e-01
5.424121992078957192e+03 9.994251954227436618e-01
5.424150200327238053e+03 9.972020809510521167e-01
5.424178408722216773e+03 9.973769300900099388e-01
5.424206617263893349e+03 9.952916432296220473e-01
5.424234825952269603e+03 9.996197775832939003e-01
5.424263034787344623e+03 1.006042828595683059e+00
5.424291243769122048e+03 1.000285306614399072e+00
5.424319452897599149e+03 9.911763287690806834e-01
5.424347662172778655e+03 9.984556431901081552e-01
5.424375871594661476e+03 1.002210876697696484e+00
5.424404081163247611e+03 1.000525216057255085e+00
5.424432290878537970e+03 1.000410097475403326e+00
5.424460500740533462e+03 9.979887403184897199e-01
5.424488710749234997e+03 1.001714787786126548e+00
5.424516920904643484e+03 1.000598642761472146e+00
5.424545131206759834e+03 1.004395526447595000e+00
5.424573341655584045e+03 1.006605870799260449e+00
5.424601552251116118e+03 9.960646087272505556e-01
5.424629762993359691e+03 1.003664553187981978e+00
5.424657973882312945e+03 1.005665769607596127e+00
5.424686184917976789e+03 1.000882432387237175e+00
5.424714396100353952e+03 1.002649242919615657e+00
5.424742607429442614e+03 9.973386562837226466e-01
5.424770818905245505e+03 9.983781372792128739e-01
5.424799030527763534e+03 9.992331070534686832e-01
5.424827242296994882e+03 9.979106259735218698e-01
5.424855454212943187e+03 1.000917058241141744e+00
5.424883666275607538e+03 1.000698397326958977e+00
5.424911878484989757e+03 9.992183004379477929e-01
5.424940090841089841e+03 9.961459269552203066e-01
5.424968303343908701e+03 1.003960737069217624e+00
5.424996515993447247e+03 1.005371015532530610e+00
5.425024728789706387e+03 1.003234106777630474e+00
5.425052941732687032e+03 1.005719128869740464e+00
5.425081154822389180e+03 1.009341799911835258e+00
5.425109368058813743e+03 1.003605092748274474e+00
5.425137581441962539e+03 1.000442752785279277e+00
5.425165794971834657e+03 9.954055314525612763e-01
5.425194008648432828e+03 9.962534103416581521e-01
5.425222222471756140e+03 9.975210513205313712e-01
5.425250436441805505e+03 9.987455547475518891e-01
5.425278650558583649e+03 9.968209806125836181e-01
5.425306864822087846e+03 9.976307582395119722e-01
5.425335079232321732e+03 1.002100669060639104e+00
5.425363293789285308e+03 1.004295926039938225e+00
5.425391508492979483e+03 1.000765401594416293e+00
5.425419723343404257e+03 9.998133981148326077e-01
5.425447938340561450e+03 1.002099736483589076e+00
5.425476153484451061e+03 1.002602732075573488e+00
5.425504368775073999e+03 1.004447171368059166e+00
5.425532584212431175e+03 1.001764286370875556e+00
5.425560799796522588e+03 1.000565370277229915e+00
5.425589015527350057e+03 1.005099018727750648e+00
5.425617231404913582e+03 9.997794278981239069e-01
5.425645447429215892e+03 1.001067522072847771e+00
5.425673663600254258e+03 1.001946134538537203e+00
5.425701879918033228e+03 9.985845830741956197e-01
5.425730096382550073e+03 9.933488505162008098e-01
5.425758312993807522e+03 1.000440623048391542e+00
5.425786529751806484e+03 9.980400755759736287e-01
5.425814746656546959e+03 1.006489860594808050e+00
5.425842963708029856e+03 1.001570303301177578e+00
5.425871180906256086e+03 1.000899574793756797e+00
5.425899398251226557e+03 1.001748699305572643e+00
5.425927615742942180e+03 1.004288144765927315e+00
5.425955833381402954e+03 9.997949828665900762e-01
5.425984051166609788e+03 9.980301156972585241e-01
5.426012269098564502e+03 9.961234311821822729e-01
5.426040487177266186e+03 1.007947646656040419e+00
5.426068705402716660e+03 1.005027839969795833e+00
5.426096923774917741e+03 9.999008163872838972e-01
5.426125142293867611e+03 1.003589369395634590e+00
5.426153360959569000e+03 1.003738818335873750e+00
5.426181579772021905e+03 9.984749845281132297e-01
5.426209798731227238e+03 1.002877291059399711e+00
5.426238017837186817e+03 1.003602746992938277e+00
5.426266237089899732e+03 1.001273693602792392e+00
5.426294456489366894e+03 9.984399206237812852e-01
5.426322676035590121e+03 9.971382279518586911e-01
5.426350895728569412e+03 9.985610799394684101e-01
5.426379115568305679e+03 1.004237607008461763e+00
5.426407335554799829e+03 9.986907194285757905e-01
5.426435555688052773e+03 9.951336343213695868e-01
5.426463775968063601e+03 9.956323673745518521e-01
5.426491996394835951e+03 1.000253301888552215e+00
5.426520216968369823e+03 9.979778317022451883e-01
5.426548437688663398e+03 1.000453831882245348e+00
5.426576658555721224e+03 1.002836513893880621e+00
5.426604879569540572e+03 1.000396243929884799e+00
5.426633100730125989e+03 9.996916899432124470e-01
5.426661322037473838e+03 9.974624320684609691e-01
5.426689543491587756e+03 9.954092886968221032e-01
5.426717765092468653e+03 1.002002952357350152e+00
5.426745986840115620e+03 1.011747629561916995e+00
5.426774208734530475e+03 1.006869828460125849e+00
5.426802430775714129e+03 1.001610884493715270e+00
5.426830652963666580e+03 9.934378134099927093e-01
5.426858875298389648e+03 1.000577643594930954e+00
5.426887097779883334e+03 1.001779842300593470e+00
5.426915320408149455e+03 9.991230142635555422e-01
5.426943543183186193e+03 1.001959940878077049e+00
5.426971766104997187e+03 9.964288826434076762e-01
5.426999989173581525e+03 1.005404469560881253e+00
5.427028212388940119e+03 1.004254935049550435e+00
5.427056435751074787e+03 9.996717922220981212e-01
5.427084659259985528e+03 9.944175688386004408e-01
5.427112882915672344e+03 1.000419040986849861e+00
5.427141106718137962e+03 1.000017035318841341e+00
5.427169330667381473e+03 1.001366558809281271e+00
5.427197554763403787e+03 9.985098571858405103e-01
5.427225779006205812e+03 1.000703541442328204e+00
5.427254003395789368e+03 1.002953995430527101e+00
5.427282227932154456e+03 1.003020854193065858e+00
5.427310452615301074e+03 1.001882452533842338e+00
5.427338677445230132e+03 9.991138032102995226e-01
5.427366902421944360e+03 9.985427708900384003e-01
5.427395127545442847e+03 9.984544050961465800e-01
5.427423352815725593e+03 1.003100025052862998e+00
5.427451578232796237e+03 9.998264783402701639e-01
5.427479803796652050e+03 9.957996921263775336e-01
5.427508029507296669e+03 1.000416534957683901e+00
5.427536255364728277e+03 1.002158274902161583e+00
5.427564481368949600e+03 1.003950408657604543e+00
5.427592707519961550e+03 1.000481229055262267e+00
5.427620933817763216e+03 1.000174740636902149e+00
5.427649160262356418e+03 9.993818054242739057e-01
5.427677386853741154e+03 9.990136760754385614e-01
5.427705613591920155e+03 1.006158647466988576e+00
5.427733840476891601e+03 1.002406301943054689e+00
5.427762067508658220e+03 1.000585506720860884e+00
5.427790294687220012e+03 1.000454491549150671e+00
5.427818522012577887e+03 9.966277059410750816e-01
5.427846749484731845e+03 9.971861275294831017e-01
5.427874977103683705e+03 9.976882886815867657e-01
5.427903204869434376e+03 1.002805644923195905e+00
5.427931432781982949e+03 1.008496071009922668e+00
5.427959660841332152e+03 9.983347629788059674e-01
5.427987889047481985e+03 1.001152571035110794e+00
5.428016117400432449e+03 9.984075522915705214e-01
5.428044345900185363e+03 9.983124096966045080e-01
5.428072574546741635e+03 9.986314202965116404e-01
5.428100803340101265e+03 1.002877965672283711e+00
5.428129032280264255e+03 1.005237350547130148e+00
5.428157261367233332e+03 1.005019748250489453e+00
5.428185490601007587e+03 1.000551255690740327e+00
5.428213719981588838e+03 9.997301466461266939e-01
5.428241949508977996e+03 1.004713665542444456e+00
5.428270179183175060e+03 1.005101732113062196e+00
5.428298409004180940e+03 1.003565321818028266e+00
5.428326638971997454e+03 9.932032272051291022e-01
5.428354869086622784e+03 1.002674008147163232e+00
5.428383099348060568e+03 1.000452874534611070e+00
5.428411329756309897e+03 9.996227495428241516e-01
5.428439560311371679e+03 9.969426958689988627e-01
5.428467791013247734e+03 1.001715556681084474e+00
5.428496021861938061e+03 1.002000960384297201e+00
5.428524252857442661e+03 1.005006525507319948e+00
5.428552483999764263e+03 9.965012023504180583e-01
5.428580715288901047e+03 1.003223182305965411e+00
5.428608946724856651e+03 9.984021734007324511e-01
5.428637178307628346e+03 9.952332807218201571e-01
5.428665410037220681e+03 9.942633857436384837e-01
5.428693641913632746e+03 9.963211690666898823e-01
5.428721873936863631e+03 1.001100986122353209e+00
5.428750106106916974e+03 9.987421978530596212e-01
5.428778338423791865e+03 9.933800968308675872e-01
5.428806570887490125e+03 9.930668262942871083e-01
5.428834803498010842e+03 1.008489497445879346e+00
5.428863036255355837e+03 1.000232885291491458e+00
5.428891269159526928e+03 1.000247320195575940e+00
5.428919502210522296e+03 1.000117271252995765e+00
5.428947735408345579e+03 9.913455887098253649e-01
5.428975968752994959e+03 9.979391195920408464e-01
5.429004202244473163e+03 9.973457082864086720e-01
5.429032435882780192e+03 1.002172925434000605e+00
5.429060669667915136e+03 1.006081324907127872e+00
5.429088903599882542e+03 1.002179303935233801e+00
5.429117137678680592e+03 1.001536011713479057e+00
5.429145371904309286e+03 1.007045067661511251e+00
5.429173606276771352e+03 9.993771351001524694e-01
5.429201840796067700e+03 9.906944016075540649e-01
5.429230075462197419e+03 1.003939322223449393e+00
5.429258310275161421e+03 1.008840615886862357e+00
5.429286545234962432e+03 1.000574367664882169e+00
5.429314780341598635e+03 9.995839793343694879e-01
5.429343015595072757e+03 9.963108996743190726e-01
5.429371250995384798e+03 1.003518711489489457e+00
5.429399486542534760e+03 1.002482734842822243e+00
5.429427722236525369e+03 1.000654455404669685e+00
5.429455958077355717e+03 9.988091491126590560e-01
5.429484194065027623e+03 1.001727854634116621e+00
5.429512430199540177e+03 1.001184724473734411e+00
5.429540666480896107e+03 9.993755591958825013e-01
5.429568902909094504e+03 9.998770645324391859e-01
5.429597139484138097e+03 1.000879241414597720e+00
5.429625376206025066e+03 1.005680429938018872e+00
