# star name zetOri, line HALPHA
# instrument: HERMES spectrograph @Mercator
# date of observation (midpoint)2018-10-14T02:45:24.538906
# BJD of observation (midpoint)2458405.6171703
# name of fits file: 00898015_HRF_OBJ_ext_CosmicsRemoved_log_merged_c.fits
# 
# wavelength(Angstrom,air) normalised_flux
6.538011917108175112e+03 9.967969304689299204e-01
6.538045918161929876e+03 1.005625293564113454e+00
6.538079919392506781e+03 1.000195299889997669e+00
6.538113920799908556e+03 9.981297660368824154e-01
6.538147922384134290e+03 9.956933279245928636e-01
6.538181924145186713e+03 9.949303580718347195e-01
6.538215926083065824e+03 9.949337850966336605e-01
6.538249928197772533e+03 1.000843525455666461e+00
6.538283930489307750e+03 1.001012029418692606e+00
6.538317932957672383e+03 1.003310827378547376e+00
6.538351935602868252e+03 9.995776097945187066e-01
6.538385938424895357e+03 9.959397380361777463e-01
6.538419941423754608e+03 9.946377847909310121e-01
6.538453944599446913e+03 1.000033142577132050e+00
6.538487947951973183e+03 1.004020451397666491e+00
6.538521951481334327e+03 9.999703200505738465e-01
6.538555955187532163e+03 1.006945298777057740e+00
6.538589959070566692e+03 1.005858136138507275e+00
6.538623963130438824e+03 9.978236301245524409e-01
6.538657967367150377e+03 9.993876947605676575e-01
6.538691971780700442e+03 1.000845248692123102e+00
6.538725976371091747e+03 9.993432804295311334e-01
6.538759981138325202e+03 9.979766436569661447e-01
6.538793986082399897e+03 9.994439531603441784e-01
6.538827991203318561e+03 9.957574296701717786e-01
6.538861996501082103e+03 9.943822917081337476e-01
6.538896001975689614e+03 9.996223014219679515e-01
6.538930007627143823e+03 1.002800649040742620e+00
6.538964013455444729e+03 1.003361820762693979e+00
6.538998019460594151e+03 1.002844572494438147e+00
6.539032025642592089e+03 9.983831837768312178e-01
6.539066032001440362e+03 9.998483807766233022e-01
6.539100038537138971e+03 1.001272325099853866e+00
6.539134045249688825e+03 9.956287380118211683e-01
6.539168052139091742e+03 9.965202533585975075e-01
6.539202059205347723e+03 9.995722343185303727e-01
6.539236066448458587e+03 1.005129536759463260e+00
6.539270073868424333e+03 1.001874091764782815e+00
6.539304081465245872e+03 9.964275258858101836e-01
6.539338089238925932e+03 1.004098095643814137e+00
6.539372097189462693e+03 1.010519462022695381e+00
6.539406105316858884e+03 1.003190782162574957e+00
6.539440113621115415e+03 9.960605460009005485e-01
6.539474122102232286e+03 1.002017713606316196e+00
6.539508130760211316e+03 9.986688140161770200e-01
6.539542139595052504e+03 9.955738558503163249e-01
6.539576148606757670e+03 1.000148725671317962e+00
6.539610157795326813e+03 1.005688797672261270e+00
6.539644167160761754e+03 1.007743712205346531e+00
6.539678176703063400e+03 1.000524708983688171e+00
6.539712186422231753e+03 1.001855470556776373e+00
6.539746196318268630e+03 1.001711551925495991e+00
6.539780206391174033e+03 9.984306977038913677e-01
6.539814216640950690e+03 9.955163300332379173e-01
6.539848227067596781e+03 9.947588254642973915e-01
6.539882237671115945e+03 1.004513923551210386e+00
6.539916248451507272e+03 1.007754237626126592e+00
6.539950259408772581e+03 9.958773961951679077e-01
6.539984270542911872e+03 9.966723697064996390e-01
6.540018281853926965e+03 9.911672882230651016e-01
6.540052293341818768e+03 9.849860891218961134e-01
6.540086305006588191e+03 9.864713591691209871e-01
6.540120316848236143e+03 9.936900542837393546e-01
6.540154328866762626e+03 1.000417693591341806e+00
6.540188341062169457e+03 1.003870683814340969e+00
6.540222353434457546e+03 1.004518029062202888e+00
6.540256365983626893e+03 1.001378262150107279e+00
6.540290378709679317e+03 9.946846979763287466e-01
6.540324391612616637e+03 9.981411115516809485e-01
6.540358404692437944e+03 1.005217292274075191e+00
6.540392417949145056e+03 1.012343874724867421e+00
6.540426431382737974e+03 1.008509642282882313e+00
6.540460444993219426e+03 1.002123372990657124e+00
6.540494458780588502e+03 1.004794751431152822e+00
6.540528472744847932e+03 1.003552342666300889e+00
6.540562486885996805e+03 9.996042724463359841e-01
6.540596501204036940e+03 9.991931925209569521e-01
6.540630515698969248e+03 1.004783619020771290e+00
6.540664530370794637e+03 1.001430451868793314e+00
6.540698545219514017e+03 9.976276531044109275e-01
6.540732560245128298e+03 9.997872340467929275e-01
6.540766575447638388e+03 9.986523666645819031e-01
6.540800590827044289e+03 9.974592729584592643e-01
6.540834606383348728e+03 9.995510044162664309e-01
6.540868622116551705e+03 9.976517893765529665e-01
6.540902638026654131e+03 9.912672719866850723e-01
6.540936654113656914e+03 9.821993237527741893e-01
6.540970670377560964e+03 9.792136777260129765e-01
6.541004686818367190e+03 9.873101315475367734e-01
6.541038703436076503e+03 9.959606213728130486e-01
6.541072720230689811e+03 9.952324219944659323e-01
6.541106737202208024e+03 9.960678846054162872e-01
6.541140754350632051e+03 1.000690067756777601e+00
6.541174771675962802e+03 9.953740186859735273e-01
6.541208789178202096e+03 9.951154503192189971e-01
6.541242806857349933e+03 9.953658360017151319e-01
6.541276824713406313e+03 9.979679469268230019e-01
6.541310842746373964e+03 1.004245718036170798e+00
6.541344860956252887e+03 1.006966277320826553e+00
6.541378879343043991e+03 1.001746484594168596e+00
6.541412897906749095e+03 9.968926417166221743e-01
6.541446916647367289e+03 9.980472234335853177e-01
6.541480935564901301e+03 1.003123137230603534e+00
6.541514954659351133e+03 1.009284414063270185e+00
6.541548973930718603e+03 1.007252800753718036e+00
6.541582993379002801e+03 1.005946611124350465e+00
6.541617013004206456e+03 1.006774965871510163e+00
6.541651032806329567e+03 1.001614582585603541e+00
6.541685052785373045e+03 1.002226982605311623e+00
6.541719072941338709e+03 1.005359323020903251e+00
6.541753093274226558e+03 1.001864418343092256e+00
6.541787113784037501e+03 9.978155913590750492e-01
6.541821134470772449e+03 1.002588854044197619e+00
6.541855155334433221e+03 1.010290738421154355e+00
6.541889176375020725e+03 1.010498501623092293e+00
6.541923197592534052e+03 1.005546518150884028e+00
6.541957218986975931e+03 1.003983982040844047e+00
6.541991240558346362e+03 1.003477193474606954e+00
6.542025262306647164e+03 1.003633804417413122e+00
6.542059284231878337e+03 1.001664064012412814e+00
6.542093306334041699e+03 9.996670605534666576e-01
6.542127328613137252e+03 9.969773494616291920e-01
6.542161351069165903e+03 9.990256205335160677e-01
6.542195373702129473e+03 1.001026306186756365e+00
6.542229396512028870e+03 9.966983767628337931e-01
6.542263419498863186e+03 9.978118360835172007e-01
6.542297442662636058e+03 1.007662418721762432e+00
6.542331466003346577e+03 1.006410146627391811e+00
6.542365489520995652e+03 1.007750840180467788e+00
6.542399513215585102e+03 1.003741060017865117e+00
6.542433537087114928e+03 1.003509950093277370e+00
6.542467561135586948e+03 1.007059151552158971e+00
6.542501585361002071e+03 1.007436794762212262e+00
6.542535609763360299e+03 1.002185900821370490e+00
6.542569634342662539e+03 9.892013744065035752e-01
6.542603659098911521e+03 9.940658341065954362e-01
6.542637684032105426e+03 9.967760521438541188e-01
6.542671709142247892e+03 9.926551693612503113e-01
6.542705734429338008e+03 9.850739247505144736e-01
6.542739759893377595e+03 9.749163105628405601e-01
6.542773785534366652e+03 9.519691656364384080e-01
6.542807811352306999e+03 9.135197334716146367e-01
6.542841837347199544e+03 8.838914655522360775e-01
6.542875863519044287e+03 8.964046836713807087e-01
6.542909889867843958e+03 9.535495801830756735e-01
6.542943916393596737e+03 9.821483332951854717e-01
6.542977943096306262e+03 9.997568110529467811e-01
6.543011969975971624e+03 9.982733570158964787e-01
6.543045997032594641e+03 9.924623664905017906e-01
6.543080024266176224e+03 9.984207104643614272e-01
6.543114051676717281e+03 1.004037427785618553e+00
6.543148079264217813e+03 9.987687272120326920e-01
6.543182107028679638e+03 9.998180779127781026e-01
6.543216134970103667e+03 9.998684031208795453e-01
6.543250163088490808e+03 1.004543885640811318e+00
6.543284191383841971e+03 1.003143904685160237e+00
6.543318219856157157e+03 1.001127708210789446e+00
6.543352248505438183e+03 1.003979657110974033e+00
6.543386277331686870e+03 1.004236339240481168e+00
6.543420306334902307e+03 9.971871005415405831e-01
6.543454335515086314e+03 9.914466519531605071e-01
6.543488364872239799e+03 9.861398645899625004e-01
6.543522394406362764e+03 9.885624951950097161e-01
6.543556424117457937e+03 9.978983779359263950e-01
6.543590454005525316e+03 1.002631987874053276e+00
6.543624484070564904e+03 9.995570232957177170e-01
6.543658514312579427e+03 9.959754220861112284e-01
6.543692544731567978e+03 9.949614391292445070e-01
6.543726575327533283e+03 9.965082061324347373e-01
6.543760606100474433e+03 1.005680202136300938e+00
6.543794637050394158e+03 1.006719898100756128e+00
6.543828668177291547e+03 1.004605542450566880e+00
6.543862699481169329e+03 9.989709877175451114e-01
6.543896730962027505e+03 9.932124484925430874e-01
6.543930762619866073e+03 9.949599835287153970e-01
6.543964794454687762e+03 1.000487563221880372e+00
6.543998826466492574e+03 1.002298992077780504e+00
6.544032858655281416e+03 9.996436847068793652e-01
6.544066891021055199e+03 9.924587735289794876e-01
6.544100923563814831e+03 9.998557156781862076e-01
6.544134956283561223e+03 9.992498402765478405e-01
6.544168989180296194e+03 9.989993487014700024e-01
6.544203022254018833e+03 9.900813573738288520e-01
6.544237055504731870e+03 9.818991729210991837e-01
6.544271088932435305e+03 9.765631629458030316e-01
6.544305122537130046e+03 9.659822593565868809e-01
6.544339156318817004e+03 9.385143851832470352e-01
6.544373190277497997e+03 8.610008242662398059e-01
6.544407224413173026e+03 7.327399315595846119e-01
6.544441258725842999e+03 6.726094017252485235e-01
6.544475293215508827e+03 7.428242069658196334e-01
6.544509327882172329e+03 8.579541860453472335e-01
6.544543362725832594e+03 9.319444786493823463e-01
6.544577397746492352e+03 9.651437660675827868e-01
6.544611432944152511e+03 9.817469151304512032e-01
6.544645468318812163e+03 9.827204718788049576e-01
6.544679503870474036e+03 9.917121472060366205e-01
6.544713539599139040e+03 1.003149891268894756e+00
6.544747575504806264e+03 9.976125376400354350e-01
6.544781611587479347e+03 1.006965918457993325e+00
6.544815647847156470e+03 1.002609331140450699e+00
6.544849684283840361e+03 9.991136463815942781e-01
6.544883720897531020e+03 1.007088309502594647e+00
6.544917757688230267e+03 1.004442938790727435e+00
6.544951794655938102e+03 9.947999288973782273e-01
6.544985831800655433e+03 1.000283238206599590e+00
6.545019869122384080e+03 9.981754718039387297e-01
6.545053906621124042e+03 1.002155412310375304e+00
6.545087944296877140e+03 9.952379970956143351e-01
6.545121982149643372e+03 9.943860082753985807e-01
6.545156020179424559e+03 9.991669099334126170e-01
6.545190058386221608e+03 9.970366345831613852e-01
6.545224096770033611e+03 9.949503057041778620e-01
6.545258135330864206e+03 1.003732541433525416e+00
6.545292174068712484e+03 1.006871263909902225e+00
6.545326212983579353e+03 1.001298626103908740e+00
6.545360252075466633e+03 9.989801573342107499e-01
6.545394291344375233e+03 9.942761789357539293e-01
6.545428330790305154e+03 9.992842551761991210e-01
6.545462370413258213e+03 1.000041116266812580e+00
6.545496410213234412e+03 9.954815323826398110e-01
6.545530450190235570e+03 9.984811678721126071e-01
6.545564490344262595e+03 9.991556655596443015e-01
6.545598530675315487e+03 9.934100643210042048e-01
6.545632571183396067e+03 9.966908588327816343e-01
6.545666611868505242e+03 9.996215128655039361e-01
6.545700652730643014e+03 1.000381542854157813e+00
6.545734693769811201e+03 1.001533360567742337e+00
6.545768734986010713e+03 9.995535958758010597e-01
6.545802776379241550e+03 9.966902587500094945e-01
6.545836817949505530e+03 9.975879606991326920e-01
6.545870859696803564e+03 1.000067579558485464e+00
6.545904901621136560e+03 1.005677800306085334e+00
6.545938943722505428e+03 1.009443948503991884e+00
6.545972986000910169e+03 1.008279325905983681e+00
6.546007028456352600e+03 1.002439862680117422e+00
6.546041071088833633e+03 1.003753130646512615e+00
6.546075113898354175e+03 1.004069521513216712e+00
6.546109156884914228e+03 1.001845997606038097e+00
6.546143200048516519e+03 1.002390478760765591e+00
6.546177243389160139e+03 1.001037861212747515e+00
6.546211286906846908e+03 9.984173725415395051e-01
6.546245330601577734e+03 9.854249228699339946e-01
6.546279374473353528e+03 9.558369828708794813e-01
6.546313418522175198e+03 9.524167221734372024e-01
6.546347462748043654e+03 9.607689656463489492e-01
6.546381507150958896e+03 9.751210141366147832e-01
6.546415551730923653e+03 9.886334188992490501e-01
6.546449596487937015e+03 9.937762519495816349e-01
6.546483641422001710e+03 9.957681076102748996e-01
6.546517686533117740e+03 9.967325833451140538e-01
6.546551731821285102e+03 9.991942315737080138e-01
6.546585777286506527e+03 1.003512586658350525e+00
6.546619822928781105e+03 9.990336728254178844e-01
6.546653868748111563e+03 1.002226627572341933e+00
6.546687914744497903e+03 1.007012891029648083e+00
6.546721960917940123e+03 1.006343350380718871e+00
6.546756007268440953e+03 1.003852226144828386e+00
6.546790053796000393e+03 1.003266060235959767e+00
6.546824100500619352e+03 1.005861125596664518e+00
6.546858147382298739e+03 1.006423743549335281e+00
6.546892194441039464e+03 9.998068276288886169e-01
6.546926241676842437e+03 1.010277861058577420e+00
6.546960289089709477e+03 1.003088891342358346e+00
6.546994336679640583e+03 1.002245404162077191e+00
6.547028384446635755e+03 1.009784958191423554e+00
6.547062432390697722e+03 1.009490611431863361e+00
6.547096480511827394e+03 1.004120281978528206e+00
6.547130528810023861e+03 9.992958870948446259e-01
6.547164577285288942e+03 1.005900428820708736e+00
6.547198625937624456e+03 1.005630573364799885e+00
6.547232674767030403e+03 1.006769533410804440e+00
6.547266723773508602e+03 1.012067693394263168e+00
6.547300772957058143e+03 1.008058812263724846e+00
6.547334822317681756e+03 1.001916255090714358e+00
6.547368871855379439e+03 1.000871196114975881e+00
6.547402921570153012e+03 9.968059325092893941e-01
6.547436971462002475e+03 9.916210925601549597e-01
6.547471021530928738e+03 1.000818344811446714e+00
6.547505071776932709e+03 1.012082867430737831e+00
6.547539122200016209e+03 1.000910172278456578e+00
6.547573172800179236e+03 1.002751274119145997e+00
6.547607223577423611e+03 1.001904644931305155e+00
6.547641274531749332e+03 9.987695340577545933e-01
6.547675325663157309e+03 9.996789204659082273e-01
6.547709376971649363e+03 1.002472497334319312e+00
6.547743428457226400e+03 1.002816083233537992e+00
6.547777480119887514e+03 9.970845083815628174e-01
6.547811531959635431e+03 1.003682877593887968e+00
6.547845583976471062e+03 1.005452247585178149e+00
6.547879636170394406e+03 1.002936477391054293e+00
6.547913688541407282e+03 1.003465518428607872e+00
6.547947741089509691e+03 1.000948105006604028e+00
6.547981793814703451e+03 9.994122512736254293e-01
6.548015846716988563e+03 1.001313411181500745e+00
6.548049899796365935e+03 1.000222404338560578e+00
6.548083953052838297e+03 9.959421990429068172e-01
6.548118006486404738e+03 9.837788428429924403e-01
6.548152060097066169e+03 9.661035336708749810e-01
6.548186113884824408e+03 9.107100870018384198e-01
6.548220167849680365e+03 8.576437370092461210e-01
6.548254221991634040e+03 8.710041831624184550e-01
6.548288276310687252e+03 9.296503083401986833e-01
6.548322330806840000e+03 9.737495846674247835e-01
6.548356385480095014e+03 9.911975871047963293e-01
6.548390440330451383e+03 9.981491828170755420e-01
6.548424495357910018e+03 9.913597907918838548e-01
6.548458550562472738e+03 9.970889242044186362e-01
6.548492605944140450e+03 1.000549738768113928e+00
6.548526661502914067e+03 1.006228430996558121e+00
6.548560717238793586e+03 1.002008924596941242e+00
6.548594773151781737e+03 1.000951855927400658e+00
6.548628829241877611e+03 1.003294827980261816e+00
6.548662885509082116e+03 1.003676670066730781e+00
6.548696941953397982e+03 1.007948137206483130e+00
6.548730998574824298e+03 1.012002636910518172e+00
6.548765055373362884e+03 1.010379762827920747e+00
6.548799112349014649e+03 1.009218725840294262e+00
6.548833169501780503e+03 1.001474337345457766e+00
6.548867226831661355e+03 9.986399861220449647e-01
6.548901284338657206e+03 9.969226290028927462e-01
6.548935342022769873e+03 9.971062306561973010e-01
6.548969399884001177e+03 9.972808052268539170e-01
6.549003457922350208e+03 9.909474194092900978e-01
6.549037516137818784e+03 9.769252929882195069e-01
6.549071574530407815e+03 9.464010078005959947e-01
6.549105633100118212e+03 8.664083876855726007e-01
6.549139691846950882e+03 7.668583753479046861e-01
6.549173750770906736e+03 7.680804306318725905e-01
6.549207809871986683e+03 8.532212474867619800e-01
6.549241869150190723e+03 9.362405814123234693e-01
6.549275928605521585e+03 9.778909072736492458e-01
6.549309988237979269e+03 9.958106786807029431e-01
6.549344048047564684e+03 1.004288522797770034e+00
6.549378108034278739e+03 1.001818334334907190e+00
6.549412168198122345e+03 1.001097828904813802e+00
6.549446228539096410e+03 1.008673835396163732e+00
6.549480289057201844e+03 1.008969387241685833e+00
6.549514349752439557e+03 9.974411865577693659e-01
6.549548410624811368e+03 9.958958986783752465e-01
6.549582471674316366e+03 9.924539994041051694e-01
6.549616532900957282e+03 9.893202773949866247e-01
6.549650594304733204e+03 9.912135270816072596e-01
6.549684655885646862e+03 9.848003789298712674e-01
6.549718717643698255e+03 9.882858338917186458e-01
6.549752779578889204e+03 9.999225045330124573e-01
6.549786841691218797e+03 1.002123549023825833e+00
6.549820903980689764e+03 1.003449264052002965e+00
6.549854966447302104e+03 1.006222208171462462e+00
6.549889029091056727e+03 1.012681777457259180e+00
6.549923091911954543e+03 1.012554914411277540e+00
6.549957154909997371e+03 1.010242192658351357e+00
6.549991218085185210e+03 1.013892296307779439e+00
6.550025281437518970e+03 1.011915699720622897e+00
6.550059344966999561e+03 1.008938004778121567e+00
6.550093408673628801e+03 1.014166418534704128e+00
6.550127472557406691e+03 1.018282858444412131e+00
6.550161536618335049e+03 1.016960165994870380e+00
6.550195600856412966e+03 1.015300298686330871e+00
6.550229665271644080e+03 1.014857624660674196e+00
6.550263729864026573e+03 1.013564697552583826e+00
6.550297794633563171e+03 1.012015058823442892e+00
6.550331859580254786e+03 1.012995329271981770e+00
6.550365924704100507e+03 1.013405940928497451e+00
6.550399990005103064e+03 1.005772422946428435e+00
6.550434055483263364e+03 1.021393747344285785e+00
6.550468121138581409e+03 1.016624877900165647e+00
6.550502186971059018e+03 1.006936988983567316e+00
6.550536252980696190e+03 1.005312206722324575e+00
6.550570319167493835e+03 1.013307932157433866e+00
6.550604385531453772e+03 1.016631200078509378e+00
6.550638452072576911e+03 1.012681654020454403e+00
6.550672518790863251e+03 1.009358038989740303e+00
6.550706585686314611e+03 1.001142446042190937e+00
6.550740652758930992e+03 1.008354135611382318e+00
6.550774720008714212e+03 1.017374883541890096e+00
6.550808787435664271e+03 1.016022229613468664e+00
6.550842855039782989e+03 1.015220619758748777e+00
6.550876922821071275e+03 1.012919691503478159e+00
6.550910990779529129e+03 1.013049688626607381e+00
6.550945058915158370e+03 1.015543863100420330e+00
6.550979127227958998e+03 1.019961685197120937e+00
6.551013195717932831e+03 1.023695458905288014e+00
6.551047264385080780e+03 1.011854501359769953e+00
6.551081333229403754e+03 1.014507541887284869e+00
6.551115402250901752e+03 1.021895703181341375e+00
6.551149471449576595e+03 1.021092970553318047e+00
6.551183540825429191e+03 1.015981414971231400e+00
6.551217610378459540e+03 1.013624047286094676e+00
6.551251680108669461e+03 1.016103244068284006e+00
6.551285750016059865e+03 1.020432999599999446e+00
6.551319820100631659e+03 1.021944389256751018e+00
6.551353890362384846e+03 1.019960900206456689e+00
6.551387960801322151e+03 1.019326494227454027e+00
6.551422031417442668e+03 1.017452974680843170e+00
6.551456102210748213e+03 1.013930590352360328e+00
6.551490173181239697e+03 1.017446524403335717e+00
6.551524244328917121e+03 1.022779060199670687e+00
6.551558315653783211e+03 1.017703098920835325e+00
6.551592387155837059e+03 1.010958562913414127e+00
6.551626458835081394e+03 1.012730137989431789e+00
6.551660530691515305e+03 1.019367708503859049e+00
6.551694602725140612e+03 1.024558955825978668e+00
6.551728674935958225e+03 1.021709707641881515e+00
6.551762747323969052e+03 1.017979464399395351e+00
6.551796819889174003e+03 1.020265729777646069e+00
6.551830892631573988e+03 1.021684281098343750e+00
6.551864965551169917e+03 1.018724378687168475e+00
6.551899038647962698e+03 1.011285503873861513e+00
6.551933111921954151e+03 1.009588074077360842e+00
6.551967185373143366e+03 1.012970089845603328e+00
6.552001259001532162e+03 1.012506464650949400e+00
6.552035332807121449e+03 1.011387000996700536e+00
6.552069406789912136e+03 1.013560921813348559e+00
6.552103480949906043e+03 1.021058090663420126e+00
6.552137555287102259e+03 1.019595418336160852e+00
6.552171629801503514e+03 1.018855660431820853e+00
6.552205704493108897e+03 1.018721485639885405e+00
6.552239779361921137e+03 1.016930785678908267e+00
6.552273854407940235e+03 1.018295339742106842e+00
6.552307929631167099e+03 1.014489427635007601e+00
6.552342005031602639e+03 1.009718594233416589e+00
6.552376080609248675e+03 1.020746106477024462e+00
6.552410156364105205e+03 1.019626040433996073e+00
6.552444232296173141e+03 1.015594184072802442e+00
6.552478308405453390e+03 1.014813711556569631e+00
6.552512384691946863e+03 1.012380866611996222e+00
6.552546461155655379e+03 9.914494669448302711e-01
6.552580537796578938e+03 9.862806636772065705e-01
6.552614614614718448e+03 9.965716650790175102e-01
6.552648691610075730e+03 1.006198732219244940e+00
6.552682768782649873e+03 1.016017077519774103e+00
6.552716846132444516e+03 1.020222964140773625e+00
6.552750923659457840e+03 1.016194412187500618e+00
6.552785001363692572e+03 1.018776348251136277e+00
6.552819079245148714e+03 1.017653734175670621e+00
6.552853157303828084e+03 1.020153014438270889e+00
6.552887235539730682e+03 1.017813622655424188e+00
6.552921313952857417e+03 1.013856535295198480e+00
6.552955392543210110e+03 1.011811798450803490e+00
6.552989471310788758e+03 1.006390869788557074e+00
6.553023550255595183e+03 9.955953964527851641e-01
6.553057629377629382e+03 9.738314286796710961e-01
6.553091708676892267e+03 9.137010344061113898e-01
6.553125788153386566e+03 8.045508358406282534e-01
6.553159867807110459e+03 7.240544184928591198e-01
6.553193947638066675e+03 7.764907826992053508e-01
6.553228027646256123e+03 8.822415846981799259e-01
6.553262107831678804e+03 9.474517924759535692e-01
6.553296188194336537e+03 9.752586906859339599e-01
6.553330268734229321e+03 9.895536120705329397e-01
6.553364349451358976e+03 9.980059070985216607e-01
6.553398430345725501e+03 1.009161548777572692e+00
6.553432511417330716e+03 1.015687349452618182e+00
6.553466592666175529e+03 1.019805809326412849e+00
6.553500674092259942e+03 1.018892288315315087e+00
6.553534755695585773e+03 1.022502231143080031e+00
6.553568837476153931e+03 1.020352689475280572e+00
6.553602919433964416e+03 1.012781558635421852e+00
6.553637001569019048e+03 1.016419684501600473e+00
6.553671083881318737e+03 1.023812247982128998e+00
6.553705166370863481e+03 1.026695001389287265e+00
6.553739249037656009e+03 1.025000917003798362e+00
6.553773331881694503e+03 1.011803841772113355e+00
6.553807414902982600e+03 1.010511819441608505e+00
6.553841498101519392e+03 1.023063606286667593e+00
6.553875581477307605e+03 1.014970861921028922e+00
6.553909665030346332e+03 1.021815243207422563e+00
6.553943748760636481e+03 1.017799857757432314e+00
6.553977832668180781e+03 1.016762037988710787e+00
6.554011916752978323e+03 1.015991897610716954e+00
6.554046001015031834e+03 1.012085735928559771e+00
6.554080085454340406e+03 1.012116010381969078e+00
6.554114170070905857e+03 1.012449201943519617e+00
6.554148254864729097e+03 1.019120750572932277e+00
6.554182339835810126e+03 1.012132499620302495e+00
6.554216424984151672e+03 1.001220339992796582e+00
6.554250510309753736e+03 9.831810524134404483e-01
6.554284595812616317e+03 9.351524775576166570e-01
6.554318681492742144e+03 9.082699815205593774e-01
6.554352767350131217e+03 9.350048197117319937e-01
6.554386853384783535e+03 9.808801222463763292e-01
6.554420939596701828e+03 1.001926927972914827e+00
6.554455025985885186e+03 1.003551055485666588e+00
6.554489112552336337e+03 1.011457275440159842e+00
6.554523199296054372e+03 1.012493361604040798e+00
6.554557286217042019e+03 1.012126957338617350e+00
6.554591373315299279e+03 1.010487960371738048e+00
6.554625460590826151e+03 1.014921012314280002e+00
6.554659548043625364e+03 1.016782993541534896e+00
6.554693635673696917e+03 1.018209203476611480e+00
6.554727723481041721e+03 1.012528948730778033e+00
6.554761811465661594e+03 1.003389633697360894e+00
6.554795899627555627e+03 1.005010067098226934e+00
6.554829987966726549e+03 1.011663779764332194e+00
6.554864076483173449e+03 1.013180163310534843e+00
6.554898165176899056e+03 1.013216096872484817e+00
6.554932254047903371e+03 1.013731078662339691e+00
6.554966343096188211e+03 1.018785980299929950e+00
6.555000432321752669e+03 1.016224189677311207e+00
6.555034521724599472e+03 1.016373726803048605e+00
6.555068611304728620e+03 1.016157302890325465e+00
6.555102701062141023e+03 1.016741943016272964e+00
6.555136790996838499e+03 1.014384551061624062e+00
6.555170881108821050e+03 1.003499432890446519e+00
6.555204971398089583e+03 1.002041015939551194e+00
6.555239061864645919e+03 1.003028879561033815e+00
6.555273152508490057e+03 1.005298532546714974e+00
6.555307243329622906e+03 1.001221193575780655e+00
6.555341334328046287e+03 1.010818887500743557e+00
6.555375425503760198e+03 1.009161441767208123e+00
6.555409516856765549e+03 1.006169817104836106e+00
6.555443608387064160e+03 1.011227614324987423e+00
6.555477700094656029e+03 1.017206037802606655e+00
6.555511791979542977e+03 1.012808885846095075e+00
6.555545884041725003e+03 1.001284732831813740e+00
6.555579976281203017e+03 1.005548049176363756e+00
6.555614068697978837e+03 1.004233364005807649e+00
6.555648161292053373e+03 9.985246979554840419e-01
6.555682254063426626e+03 1.007304022098601815e+00
6.555716347012100414e+03 1.012492459374364495e+00
6.555750440138074737e+03 1.014594229544919513e+00
6.555784533441350504e+03 1.010555081651564269e+00
6.555818626921930445e+03 1.009824503938434148e+00
6.555852720579812740e+03 1.012057550068699685e+00
6.555886814415001027e+03 1.005807649344649723e+00
6.555920908427494396e+03 9.997274828880351460e-01
6.555955002617293758e+03 9.992848085450296569e-01
6.555989096984401840e+03 1.005687313520845061e+00
6.556023191528817733e+03 1.010521624282889164e+00
6.556057286250542347e+03 1.012156139749983419e+00
6.556091381149577501e+03 1.011123902791374540e+00
6.556125476225924103e+03 1.009428177054211506e+00
6.556159571479583065e+03 1.010355730877647851e+00
6.556193666910554384e+03 1.009199171673219597e+00
6.556227762518839882e+03 1.009624816909710621e+00
6.556261858304440466e+03 1.014115201072420591e+00
6.556295954267356137e+03 1.010986990206161229e+00
6.556330050407589624e+03 1.016250995297293569e+00
6.556364146725140017e+03 1.004511108011918896e+00
6.556398243220009135e+03 9.981054538706761736e-01
6.556432339892196978e+03 1.002419768945274292e+00
6.556466436741706275e+03 1.006972323339039521e+00
6.556500533768536116e+03 1.007569114388891407e+00
6.556534630972688319e+03 1.007143752404804804e+00
6.556568728354163795e+03 1.008574030716627323e+00
6.556602825912963453e+03 1.008071100188706604e+00
6.556636923649088203e+03 1.002919109259649444e+00
6.556671021562538954e+03 1.000396313374386281e+00
6.556705119653316615e+03 1.001666263658154143e+00
6.556739217921421186e+03 1.005110688214150727e+00
6.556773316366855397e+03 1.006547352058348999e+00
6.556807414989618337e+03 1.002483207087980110e+00
6.556841513789712735e+03 1.003993330159931530e+00
6.556875612767137682e+03 9.989228602891233599e-01
6.556909711921895905e+03 9.986817528176366032e-01
6.556943811253986496e+03 9.989751684950002319e-01
6.556977910763412183e+03 9.964222507038392740e-01
6.557012010450172056e+03 1.005641800861356572e+00
6.557046110314268844e+03 1.003889421234853030e+00
6.557080210355702548e+03 1.001050008569808414e+00
6.557114310574473166e+03 9.985570118302417031e-01
6.557148410970583427e+03 9.995266323881728532e-01
6.557182511544033332e+03 1.001100293706475464e+00
6.557216612294824699e+03 1.004739445356637617e+00
6.557250713222956620e+03 1.003502688447908797e+00
6.557284814328430912e+03 9.971660332102820767e-01
6.557318915611249395e+03 9.967687245727103740e-01
6.557353017071412069e+03 1.000562591928046752e+00
6.557387118708919843e+03 9.976793844312195070e-01
6.557421220523773627e+03 9.947933461395905841e-01
6.557455322515975240e+03 9.935999167556045508e-01
6.557489424685523772e+03 9.973721776767745517e-01
6.557523527032421953e+03 9.912822389667106382e-01
6.557557629556670690e+03 9.814876526320239769e-01
6.557591732258269076e+03 9.775793391613647465e-01
6.557625835137219838e+03 9.568409801181598784e-01
6.557659938193522976e+03 9.030227181862289232e-01
6.557694041427180309e+03 8.397114094505846449e-01
6.557728144838190929e+03 8.321378796159982771e-01
6.557762248426558472e+03 8.962069400158371169e-01
6.557796352192281120e+03 9.481399841248544513e-01
6.557830456135361601e+03 9.713226455365706613e-01
6.557864560255799915e+03 9.777127170698635128e-01
6.557898664553597882e+03 9.743390033233143566e-01
6.557932769028755501e+03 9.783277694208539765e-01
6.557966873681274592e+03 9.814834665340069764e-01
6.558000978511155154e+03 9.860950473142851003e-01
6.558035083518399006e+03 9.879336250338586201e-01
6.558069188703006148e+03 9.844880329868851421e-01
6.558103294064977490e+03 9.855190109514071484e-01
6.558137399604314851e+03 9.904349612547005410e-01
6.558171505321019140e+03 9.865825111274190151e-01
6.558205611215090357e+03 9.832470156138870543e-01
6.558239717286529412e+03 9.818227845242839535e-01
6.558273823535339034e+03 9.761410566301060854e-01
6.558307929961518312e+03 9.739201787827685974e-01
6.558342036565068156e+03 9.749633058467328528e-01
6.558376143345990386e+03 9.756042278494291287e-01
6.558410250304285910e+03 9.710555733412604695e-01
6.558444357439954729e+03 9.699510569869747023e-01
6.558478464752998661e+03 9.695167553122173709e-01
6.558512572243417708e+03 9.649811341521219443e-01
6.558546679911214596e+03 9.677683520396233030e-01
6.558580787756388418e+03 9.570566264266581191e-01
6.558614895778940081e+03 9.418997719641616362e-01
6.558649003978872315e+03 9.109737821111154599e-01
6.558683112356184211e+03 8.987635369032899169e-01
6.558717220910877586e+03 9.201809931919432417e-01
6.558751329642953351e+03 9.426350227274091775e-01
6.558785438552411506e+03 9.581428830347890058e-01
6.558819547639253869e+03 9.660179474338609351e-01
6.558853656903482261e+03 9.667110012188140367e-01
6.558887766345094860e+03 9.647928993355218141e-01
6.558921875964095307e+03 9.625732653337615297e-01
6.558955985760483600e+03 9.695654801590375405e-01
6.558990095734259739e+03 9.671191883043959159e-01
6.559024205885426454e+03 9.640159966856699514e-01
6.559058316213982835e+03 9.661078145980120935e-01
6.559092426719930700e+03 9.591244612291002225e-01
6.559126537403270959e+03 9.486445550674060812e-01
6.559160648264004521e+03 9.452412004894009678e-01
6.559194759302132297e+03 9.540099702997411057e-01
6.559228870517655196e+03 9.629905658741154673e-01
6.559262981910574126e+03 9.626876334687730630e-01
6.559297093480889998e+03 9.603759222060036516e-01
6.559331205228603721e+03 9.626624362294398107e-01
6.559365317153716205e+03 9.736503534697305007e-01
6.559399429256228359e+03 9.677451588381679182e-01
6.559433541536141092e+03 9.655386193100875536e-01
6.559467653993455315e+03 9.587797013915011490e-01
6.559501766628171936e+03 9.534705362678901341e-01
6.559535879440292774e+03 9.605630637890574253e-01
6.559569992429816921e+03 9.630371259665952977e-01
6.559604105596747104e+03 9.611339159849170422e-01
6.559638218941083323e+03 9.617370091031169910e-01
6.559672332462825580e+03 9.593987986793073297e-01
6.559706446161976601e+03 9.594595658532542037e-01
6.559740560038537296e+03 9.604604253193279595e-01
6.559774674092506757e+03 9.565950830030145458e-01
6.559808788323887711e+03 9.646376146096967696e-01
6.559842902732680159e+03 9.656896921157992475e-01
6.559877017318885009e+03 9.596587582546459716e-01
6.559911132082503173e+03 9.552186217806951651e-01
6.559945247023536467e+03 9.585758304846450084e-01
6.559979362141984893e+03 9.583121134275507380e-01
6.560013477437849360e+03 9.604184186374776777e-01
6.560047592911130778e+03 9.639358593917538576e-01
6.560081708561830965e+03 9.554330636461199067e-01
6.560115824389949921e+03 9.549543688227249971e-01
6.560149940395489466e+03 9.601192441381761755e-01
6.560184056578449599e+03 9.560654127738256181e-01
6.560218172938831231e+03 9.552304678531836624e-01
6.560252289476636179e+03 9.582856972856735878e-01
6.560286406191864444e+03 9.531120131393565620e-01
6.560320523084517845e+03 9.481999433604385574e-01
6.560354640154596382e+03 9.532531054237556312e-01
6.560388757402100964e+03 9.545545459237578800e-01
6.560422874827033411e+03 9.502761443264055030e-01
6.560456992429393722e+03 9.530844401118493403e-01
6.560491110209183717e+03 9.564660466548213780e-01
6.560525228166404304e+03 9.540963353832608851e-01
6.560559346301055484e+03 9.546946655353861777e-01
6.560593464613138167e+03 9.494497592311369472e-01
6.560627583102655080e+03 9.499604307604629927e-01
6.560661701769604406e+03 9.487070653995989256e-01
6.560695820613989781e+03 9.485861187607101952e-01
6.560729939635809387e+03 9.492462010945975637e-01
6.560764058835066862e+03 9.501459650002044288e-01
6.560798178211761297e+03 9.473566675167963691e-01
6.560832297765894509e+03 9.468772489685868265e-01
6.560866417497466500e+03 9.481626512631806669e-01
6.560900537406479089e+03 9.401774980790160718e-01
6.560934657492933184e+03 9.364434002925413614e-01
6.560968777756829695e+03 9.177125550710563129e-01
6.561002898198168623e+03 8.857854174638720712e-01
6.561037018816951786e+03 8.732019820653598163e-01
6.561071139613180094e+03 8.911037021633734234e-01
6.561105260586853547e+03 9.234659999577876643e-01
6.561139381737973963e+03 9.423826101785096609e-01
6.561173503066542253e+03 9.428908486384304233e-01
6.561207624572559325e+03 9.390338646902935960e-01
6.561241746256026090e+03 9.401038026239086909e-01
6.561275868116943457e+03 9.437250458463556368e-01
6.561309990155311425e+03 9.448030657341442984e-01
6.561344112371131814e+03 9.429276397028941714e-01
6.561378234764405533e+03 9.398973496109866987e-01
6.561412357335134402e+03 9.474182523429828251e-01
6.561446480083316601e+03 9.417400680299792270e-01
6.561480603008955768e+03 9.410158768670497942e-01
6.561514726112051903e+03 9.360193676508520300e-01
6.561548849392605916e+03 9.323103517217926628e-01
6.561582972850618717e+03 9.164123162075950013e-01
6.561617096486091214e+03 8.945932331252570702e-01
6.561651220299023407e+03 8.917802243639842974e-01
6.561685344289418026e+03 9.053176623490261088e-01
6.561719468457275070e+03 9.218171438332682932e-01
6.561753592802595449e+03 9.370076966382946404e-01
6.561787717325380072e+03 9.343252935641785939e-01
6.561821842025629849e+03 9.339838261624232585e-01
6.561855966903345688e+03 9.294745082519075829e-01
6.561890091958528501e+03 9.364354794993985376e-01
6.561924217191179196e+03 9.361847299186726312e-01
6.561958342601298682e+03 9.335255893977043584e-01
6.561992468188888779e+03 9.352433473024491795e-01
6.562026593953949487e+03 9.366206590434610346e-01
6.562060719896481714e+03 9.327353933373798700e-01
6.562094846016486372e+03 9.326348492039496785e-01
6.562128972313964368e+03 9.400672383908735830e-01
6.562163098788917523e+03 9.330435771673321055e-01
6.562197225441344926e+03 9.303709418710865986e-01
6.562231352271249307e+03 9.230891638688848433e-01
6.562265479278631574e+03 9.218304735182238918e-01
6.562299606463490818e+03 9.211017179178677683e-01
6.562333733825829768e+03 9.255646277617723960e-01
6.562367861365648423e+03 9.255888546268827843e-01
6.562401989082948603e+03 9.235100567033920349e-01
6.562436116977730308e+03 9.228698557121679524e-01
6.562470245049994446e+03 9.220151352959563562e-01
6.562504373299742838e+03 9.219023952008061906e-01
6.562538501726974573e+03 9.203257482698617986e-01
6.562572630331693290e+03 9.158840360526665503e-01
6.562606759113898079e+03 9.184188535674665532e-01
6.562640888073589849e+03 9.165696938985049558e-01
6.562675017210769511e+03 9.170420334807830587e-01
6.562709146525439792e+03 9.064025850324615163e-01
6.562743276017598873e+03 9.160857794401798815e-01
6.562777405687249484e+03 9.150184198468818142e-01
6.562811535534392533e+03 9.151986820622629581e-01
6.562845665559028021e+03 9.169985324483274081e-01
6.562879795761157766e+03 9.089066138607884149e-01
6.562913926140781768e+03 9.025655138529380395e-01
6.562948056697900938e+03 8.955443889524513645e-01
6.562982187432518003e+03 8.808441663621454643e-01
6.563016318344632055e+03 8.845337814657706632e-01
6.563050449434244001e+03 8.976304379660440258e-01
6.563084580701355662e+03 9.072691350725694548e-01
6.563118712145967947e+03 9.025444930887306372e-01
6.563152843768081766e+03 9.000309242517450237e-01
6.563186975567697118e+03 9.008805615397620370e-01
6.563221107544815823e+03 8.988046805446644472e-01
6.563255239699437880e+03 8.958132610061627643e-01
6.563289372031565108e+03 9.024143016847574472e-01
6.563323504541198417e+03 9.095335303248127667e-01
6.563357637228338717e+03 9.066502970587795307e-01
6.563391770092986008e+03 9.063312763170732200e-01
6.563425903135143017e+03 9.036933928629202750e-01
6.563460036354808835e+03 9.022819010390416006e-01
6.563494169751984373e+03 9.046042674861212163e-01
6.563528303326672358e+03 8.940055297934498268e-01
6.563562437078871881e+03 8.947319697910839364e-01
6.563596571008585670e+03 9.027084736853024927e-01
6.563630705115812816e+03 9.004926171951274094e-01
6.563664839400555138e+03 8.973187576108659913e-01
6.563698973862813546e+03 8.999556316381783772e-01
6.563733108502588948e+03 9.021363458277663616e-01
6.563767243319882255e+03 9.028239607008630152e-01
6.563801378314693466e+03 9.056553006216425672e-01
6.563835513487025310e+03 9.094118497076548735e-01
6.563869648836877786e+03 9.077331414331223369e-01
6.563903784364250896e+03 9.075331059608219286e-01
6.563937920069147367e+03 9.053930512152092991e-01
6.563972055951566290e+03 8.916569266088419932e-01
6.564006192011510393e+03 8.680599117847336288e-01
6.564040328248979677e+03 8.485305357233765555e-01
6.564074464663975050e+03 8.525301016728467074e-01
6.564108601256496513e+03 8.785039097753747361e-01
6.564142738026546795e+03 8.995611271981891477e-01
6.564176874974125894e+03 9.064581663893176433e-01
6.564211012099235631e+03 9.095016948021210634e-01
6.564245149401875096e+03 9.119797215608794749e-01
6.564279286882046108e+03 9.191776067608129486e-01
6.564313424539750486e+03 9.190620978538098784e-01
6.564347562374988229e+03 9.175484243975147169e-01
6.564381700387760247e+03 9.137606289345745481e-01
6.564415838578067451e+03 9.190437934889318372e-01
6.564449976945910748e+03 9.128941923906889189e-01
6.564484115491291959e+03 9.108280128558720046e-01
6.564518254214211083e+03 9.048167626292257237e-01
6.564552393114669030e+03 8.823038241434046913e-01
6.564586532192667619e+03 8.638895633578455024e-01
6.564620671448205940e+03 8.675152036808986278e-01
6.564654810881287631e+03 8.665026675260949496e-01
6.564688950491910873e+03 8.255023482556937964e-01
6.564723090280078395e+03 7.660325726002625846e-01
6.564757230245790197e+03 7.603100569095400107e-01
6.564791370389047188e+03 8.344642943589052342e-01
6.564825510709851187e+03 8.867635878838495689e-01
6.564859651208203104e+03 9.159209947480629888e-01
6.564893791884102029e+03 9.316728644728877740e-01
6.564927932737551600e+03 9.338160579771666026e-01
6.564962073768549999e+03 9.329011676156283572e-01
6.564996214977099953e+03 9.397588381495252108e-01
6.565030356363202372e+03 9.459453609913649474e-01
6.565064497926857257e+03 9.451025563758422843e-01
6.565098639668066426e+03 9.442455987625734126e-01
6.565132781586829879e+03 9.435446888249719999e-01
6.565166923683148525e+03 9.442844740936605641e-01
6.565201065957025094e+03 9.548926650396393212e-01
6.565235208408457765e+03 9.445530880216882474e-01
6.565269351037450178e+03 9.511947310294129876e-01
6.565303493844001423e+03 9.498555659634088100e-01
6.565337636828113318e+03 9.526303770830134576e-01
6.565371779989785864e+03 9.581728083807594665e-01
6.565405923329020879e+03 9.655987086038171352e-01
6.565440066845818365e+03 9.660250141781663302e-01
6.565474210540181048e+03 9.644403360421762716e-01
6.565508354412108019e+03 9.661271008070855260e-01
6.565542498461600189e+03 9.676128782087456415e-01
6.565576642688660286e+03 9.727058089135587338e-01
6.565610787093287399e+03 9.718224029450748258e-01
6.565644931675483349e+03 9.733491802009419658e-01
6.565679076435248135e+03 9.728543877478712520e-01
6.565713221372584485e+03 9.780500416529366303e-01
6.565747366487491490e+03 9.832981575920320960e-01
6.565781511779970970e+03 9.869998644390869380e-01
6.565815657250023833e+03 9.824125709626638780e-01
6.565849802897650989e+03 9.788508520770512478e-01
6.565883948722853347e+03 9.839631883304886806e-01
6.565918094725630908e+03 9.887085417472072368e-01
6.565952240905986400e+03 9.926995242246943185e-01
6.565986387263918914e+03 9.986201347728642652e-01
6.566020533799430268e+03 9.982856329252793870e-01
6.566054680512522282e+03 9.982817634758499592e-01
6.566088827403194045e+03 9.979902868031622631e-01
6.566122974471447378e+03 9.946525544661404261e-01
6.566157121717283189e+03 1.007907534170243702e+00
6.566191269140702389e+03 1.003916401638950129e+00
6.566225416741706795e+03 1.011883200948684003e+00
6.566259564520295498e+03 1.015837202458004018e+00
6.566293712476470319e+03 1.014214550431727924e+00
6.566327860610232165e+03 1.016827584832553866e+00
6.566362008921582856e+03 1.020281504377964055e+00
6.566396157410521482e+03 1.019857908922956025e+00
6.566430306077050773e+03 1.022837157449172141e+00
6.566464454921170727e+03 1.029557705353324248e+00
6.566498603942882255e+03 1.029934439076887864e+00
6.566532753142186266e+03 1.031804625145357868e+00
6.566566902519083669e+03 1.037245615002416521e+00
6.566601052073575374e+03 1.031292438866026284e+00
6.566635201805663201e+03 1.034019967158849473e+00
6.566669351715347148e+03 1.034020864018791563e+00
6.566703501802628125e+03 1.038646442025598970e+00
6.566737652067507042e+03 1.043200808701235660e+00
6.566771802509985719e+03 1.044714662128216842e+00
6.566805953130064154e+03 1.042997119192523581e+00
6.566840103927743257e+03 1.043895071517115136e+00
6.566874254903024848e+03 1.047853165461923419e+00
6.566908406055908017e+03 1.047877950116411272e+00
6.566942557386396402e+03 1.045471388347002817e+00
6.566976708894488183e+03 1.045233760321430116e+00
6.567010860580186090e+03 1.049383984016621252e+00
6.567045012443491032e+03 1.044394180666882166e+00
6.567079164484402099e+03 1.042414828773947866e+00
6.567113316702922020e+03 1.040414672912967964e+00
6.567147469099051705e+03 1.044204817003779873e+00
6.567181621672791152e+03 1.057048908291975176e+00
6.567215774424142182e+03 1.064351942877385548e+00
6.567249927353104795e+03 1.061684647801689474e+00
6.567284080459679899e+03 1.056529374340540839e+00
6.567318233743869314e+03 1.058842808307211891e+00
6.567352387205673949e+03 1.063301392469349071e+00
6.567386540845093805e+03 1.063277865184785176e+00
6.567420694662130700e+03 1.066497619243491846e+00
6.567454848656784634e+03 1.063255623529497651e+00
6.567489002829057426e+03 1.064886585063145263e+00
6.567523157178949077e+03 1.063015124869629124e+00
6.567557311706461405e+03 1.072097721654427627e+00
6.567591466411595320e+03 1.076342611305389108e+00
6.567625621294351731e+03 1.067792971380852718e+00
6.567659776354730639e+03 1.066287509943304901e+00
6.567693931592732952e+03 1.074261695673053074e+00
6.567728087008361399e+03 1.073293420856623381e+00
6.567762242601615071e+03 1.072674211924895982e+00
6.567796398372495787e+03 1.076191998422894480e+00
6.567830554321004456e+03 1.074454155810610656e+00
6.567864710447141078e+03 1.075966774021027028e+00
6.567898866750907473e+03 1.077253467623588090e+00
6.567933023232304549e+03 1.072892739106546811e+00
6.567967179891333217e+03 1.079060088124956573e+00
6.568001336727994385e+03 1.076960760202858358e+00
6.568035493742288054e+03 1.076207079869259786e+00
6.568069650934216952e+03 1.072854188196268321e+00
6.568103808303780170e+03 1.068009995903143494e+00
6.568137965850979526e+03 1.070919827320817364e+00
6.568172123575815931e+03 1.075319901488522190e+00
6.568206281478290293e+03 1.076971212412402013e+00
6.568240439558403523e+03 1.074572768547505053e+00
6.568274597816156529e+03 1.068597960822105897e+00
6.568308756251550221e+03 1.066298927900966920e+00
6.568342914864585509e+03 1.067446280039036521e+00
6.568377073655263302e+03 1.067150825270632319e+00
6.568411232623584510e+03 1.073791016331667958e+00
6.568445391769549133e+03 1.070665721804263448e+00
6.568479551093159898e+03 1.071210613005309842e+00
6.568513710594416807e+03 1.079001709003356790e+00
6.568547870273321678e+03 1.078801297370170609e+00
6.568582030129873601e+03 1.074183054364940881e+00
6.568616190164074396e+03 1.062988714944922863e+00
6.568650350375925882e+03 1.064488251308284061e+00
6.568684510765427149e+03 1.065417766699760405e+00
6.568718671332580925e+03 1.063866845009195483e+00
6.568752832077387211e+03 1.063036412155271559e+00
6.568786992999846916e+03 1.062308466280387220e+00
6.568821154099960950e+03 1.062668064361810938e+00
6.568855315377731131e+03 1.058138790023063880e+00
6.568889476833157460e+03 1.067020473443456297e+00
6.568923638466240845e+03 1.068031679411971302e+00
6.568957800276982198e+03 1.062573976527948272e+00
6.568991962265383336e+03 1.060474477204428334e+00
6.569026124431444259e+03 1.058090299292851144e+00
6.569060286775165878e+03 1.053012894394492305e+00
6.569094449296549101e+03 1.054453505893707677e+00
6.569128611995595747e+03 1.057528875540548530e+00
6.569162774872306727e+03 1.054623965118549389e+00
6.569196937926681130e+03 1.041715272718351182e+00
6.569231101158721685e+03 1.027004403219397455e+00
6.569265264568429302e+03 1.015930213565495954e+00
6.569299428155803980e+03 1.010715948411142540e+00
6.569333591920846629e+03 1.010491550919147885e+00
6.569367755863559069e+03 9.984523629164731018e-01
6.569401919983941298e+03 9.930563674765029436e-01
6.569436084281995136e+03 1.017568592278214279e+00
6.569470248757721492e+03 1.041573047038188315e+00
6.569504413411119458e+03 1.045866520192612059e+00
6.569538578242192671e+03 1.047997883021709153e+00
6.569572743250940221e+03 1.041164214226550921e+00
6.569606908437363018e+03 1.034929936377480653e+00
6.569641073801462881e+03 1.035718870857970542e+00
6.569675239343240719e+03 1.044244672038322053e+00
6.569709405062696533e+03 1.045445228551906247e+00
6.569743570959832141e+03 1.040792796703379874e+00
6.569777737034648453e+03 1.040805263184043650e+00
6.569811903287145469e+03 1.038253962570711897e+00
6.569846069717325008e+03 1.036444788516360793e+00
6.569880236325187980e+03 1.038237676598988246e+00
6.569914403110735293e+03 1.027646852829738222e+00
6.569948570073966948e+03 1.018694390629943491e+00
6.569982737214884764e+03 1.022638383408030371e+00
6.570016904533488741e+03 1.032797919934770103e+00
6.570051072029781608e+03 1.035736827495612467e+00
6.570085239703762454e+03 1.043105340680387183e+00
6.570119407555433099e+03 1.041548788156829719e+00
6.570153575584794453e+03 1.039664459122651596e+00
6.570187743791847424e+03 1.038958240946254996e+00
6.570221912176592014e+03 1.040519428576814676e+00
6.570256080739030949e+03 1.039485750982978685e+00
6.570290249479163322e+03 1.035261240967664031e+00
6.570324418396990950e+03 1.036774181767377456e+00
6.570358587492515653e+03 1.034684690686002773e+00
6.570392756765736522e+03 1.035364163771011148e+00
6.570426926216655374e+03 1.033696638879200380e+00
6.570461095845273121e+03 1.036048577384399039e+00
6.570495265651590671e+03 1.031148076530363999e+00
6.570529435635608934e+03 1.035157449062166668e+00
6.570563605797328819e+03 1.032316465989285392e+00
6.570597776136751236e+03 1.024709263028891204e+00
6.570631946653878003e+03 1.032002615436653725e+00
6.570666117348708212e+03 1.038797645021192428e+00
6.570700288221243682e+03 1.037471197788037536e+00
6.570734459271486230e+03 1.036057672502278093e+00
6.570768630499434948e+03 1.037913666788182976e+00
6.570802801905092565e+03 1.037148086964215565e+00
6.570836973488459080e+03 1.033613046927482682e+00
6.570871145249535402e+03 1.036434895212473339e+00
6.570905317188322442e+03 1.036144465447082164e+00
6.570939489304822018e+03 1.037837640806284156e+00
6.570973661599033221e+03 1.037128291427747095e+00
6.571007834070958779e+03 1.031327898063496562e+00
6.571042006720598692e+03 1.031704472206529610e+00
6.571076179547954780e+03 1.028531677367400921e+00
6.571110352553027042e+03 1.023485167979583554e+00
6.571144525735815478e+03 1.012502285840035210e+00
6.571178699096323726e+03 1.006006752862747877e+00
6.571212872634549967e+03 1.016803247414643341e+00
6.571247046350496930e+03 1.026055178563032966e+00
6.571281220244165524e+03 1.025383850149804266e+00
6.571315394315554840e+03 1.025897225852580474e+00
6.571349568564668516e+03 1.025646396825166340e+00
6.571383742991504732e+03 1.027207126620325317e+00
6.571417917596066218e+03 1.032720203964108130e+00
6.571452092378352972e+03 1.029015976298351509e+00
6.571486267338366815e+03 1.016864750420318986e+00
6.571520442476108656e+03 1.010589062804943428e+00
6.571554617791577584e+03 1.028324002360290201e+00
6.571588793284777239e+03 1.033970264009652196e+00
6.571622968955706710e+03 1.035275743584315622e+00
6.571657144804366908e+03 1.032151861238831403e+00
6.571691320830759651e+03 1.024536111565826690e+00
6.571725497034884938e+03 1.032078764521468406e+00
6.571759673416745500e+03 1.039728668009999080e+00
6.571793849976339516e+03 1.038779928075562298e+00
6.571828026713670624e+03 1.037066547657300886e+00
6.571862203628737916e+03 1.035084449240975868e+00
6.571896380721542300e+03 1.035344344265431760e+00
6.571930557992086506e+03 1.030126900759638975e+00
6.571964735440369623e+03 1.027261448471712635e+00
6.571998913066392561e+03 1.023046476929837745e+00
6.572033090870158048e+03 1.021873222568532080e+00
6.572067268851665176e+03 1.025495841596949509e+00
6.572101447010915763e+03 1.027090509794256201e+00
6.572135625347910718e+03 1.027098303073466834e+00
6.572169803862650042e+03 1.030239556790942146e+00
6.572203982555135553e+03 1.032062245773568199e+00
6.572238161425368162e+03 1.033541001511592228e+00
6.572272340473348777e+03 1.035465277126213390e+00
6.572306519699078308e+03 1.034400462117508246e+00
6.572340699102557664e+03 1.028618554118775563e+00
6.572374878683786847e+03 1.025174070154143635e+00
6.572409058442768583e+03 1.024140231792560085e+00
6.572443238379501963e+03 1.017844704859775185e+00
6.572477418493988807e+03 1.011166370772311529e+00
6.572511598786230934e+03 9.933972707349637554e-01
6.572545779256227434e+03 9.546194240551020282e-01
6.572579959903980125e+03 8.785695619358218078e-01
6.572614140729489918e+03 8.280564597867106080e-01
6.572648321732757722e+03 8.520738681485258148e-01
6.572682502913784447e+03 9.142405297200707492e-01
6.572716684272571911e+03 9.652656868755623565e-01
6.572750865809119205e+03 9.980214086155665409e-01
6.572785047523429057e+03 1.008445589102122231e+00
6.572819229415500558e+03 1.017402086415300611e+00
6.572853411485336437e+03 1.023378720959685184e+00
6.572887593732935784e+03 1.025612991517665273e+00
6.572921776158301327e+03 1.031029377836397698e+00
6.572955958761433067e+03 1.032483674803054807e+00
6.572990141542332822e+03 1.029894014201689023e+00
6.573024324500999683e+03 1.022703292048767088e+00
6.573058507637436378e+03 1.028327058455327458e+00
6.573092690951642908e+03 1.020793769134703766e+00
6.573126874443620181e+03 1.019677992559393509e+00
6.573161058113369108e+03 1.025776467801663649e+00
6.573195241960891508e+03 1.025486874142644611e+00
6.573229425986187380e+03 1.028932390396388064e+00
6.573263610189257633e+03 1.029182748979527995e+00
6.573297794570104088e+03 1.028492397811257009e+00
6.573331979128726744e+03 1.032103503029786262e+00
6.573366163865126509e+03 1.031051305044281774e+00
6.573400348779305205e+03 1.031240993381871807e+00
6.573434533871262829e+03 1.028742539316944926e+00
6.573468719141000292e+03 1.024306607309360073e+00
6.573502904588519414e+03 1.025953807174516230e+00
6.573537090213821102e+03 1.023287320636220965e+00
6.573571276016904449e+03 1.019992541385769558e+00
6.573605461997773091e+03 1.017490826171107532e+00
6.573639648156426119e+03 1.027460963999725196e+00
6.573673834492864444e+03 1.024103692637555740e+00
6.573708021007089883e+03 1.029576848638285691e+00
6.573742207699102437e+03 1.031153971095337019e+00
6.573776394568903925e+03 1.027967755137338735e+00
6.573810581616495256e+03 1.021831900974357721e+00
6.573844768841876430e+03 1.024594225540785830e+00
6.573878956245048357e+03 1.025033248319878743e+00
6.573913143826013766e+03 1.027793483823810972e+00
6.573947331584771746e+03 1.023068807844282446e+00
6.573981519521323207e+03 1.017671285109175816e+00
6.574015707635670879e+03 1.017603685256450952e+00
6.574049895927813850e+03 1.011967401127114474e+00
6.574084084397753941e+03 1.008284374207798928e+00
6.574118273045491151e+03 1.013171836098395895e+00
6.574152461871027299e+03 1.016930698478495820e+00
6.574186650874363295e+03 1.012639001960529361e+00
6.574220840055500048e+03 1.017134707599242294e+00
6.574255029414438468e+03 1.022956272451372994e+00
6.574289218951178555e+03 1.020784611389728092e+00
6.574323408665722127e+03 1.021635330640116690e+00
6.574357598558070094e+03 1.029505932535720536e+00
6.574391788628223367e+03 1.023991216701586104e+00
6.574425978876182853e+03 1.022284973652621387e+00
6.574460169301948554e+03 1.029217240613505613e+00
6.574494359905523197e+03 1.026473517758923704e+00
6.574528550686905874e+03 1.019982116719881926e+00
6.574562741646099312e+03 1.020756597566676804e+00
6.574596932783102602e+03 1.026131969646297604e+00
6.574631124097918473e+03 1.027019998237020060e+00
6.574665315590546015e+03 1.023638388064401772e+00
6.574699507260987048e+03 1.024325616384019977e+00
6.574733699109243389e+03 1.020944177321942536e+00
6.574767891135314130e+03 1.021827312311772706e+00
6.574802083339201999e+03 1.018589769038798165e+00
6.574836275720906087e+03 1.025936355541999356e+00
6.574870468280429122e+03 1.026593207784369133e+00
6.574904661017771105e+03 1.018893626830319921e+00
6.574938853932932943e+03 1.018286354533428417e+00
6.574973047025915548e+03 1.021285206576214577e+00
6.575007240296719829e+03 1.018771457288872639e+00
6.575041433745346694e+03 1.016376387492215816e+00
6.575075627371797964e+03 1.022454405527439159e+00
6.575109821176073638e+03 1.021786525861291484e+00
6.575144015158174625e+03 1.014123854089665100e+00
6.575178209318101835e+03 1.010964137735448798e+00
6.575212403655856178e+03 1.010457765752040604e+00
6.575246598171439473e+03 1.002911142601759842e+00
6.575280792864851719e+03 9.808693014310866376e-01
6.575314987736094736e+03 9.296767401230805472e-01
6.575349182785167613e+03 8.215642795145676747e-01
6.575383378012073990e+03 7.345850889994122168e-01
6.575417573416812047e+03 7.683465373543973964e-01
6.575451768999384512e+03 8.595301665592581797e-01
6.575485964759791386e+03 9.351072923171246387e-01
6.575520160698034488e+03 9.791539247145359948e-01
6.575554356814113817e+03 9.987254237489210373e-01
6.575588553108030283e+03 1.006030654197374252e+00
6.575622749579785705e+03 1.014052814779262457e+00
6.575656946229380992e+03 1.020477669352886085e+00
6.575691143056816145e+03 1.019826648062284624e+00
6.575725340062092073e+03 1.021250486098602028e+00
6.575759537245210595e+03 1.022739077191868962e+00
6.575793734606172620e+03 1.019764176521912313e+00
6.575827932144978149e+03 1.018521681893437503e+00
6.575862129861629001e+03 1.019099197357788533e+00
6.575896327756125174e+03 1.020706484547999837e+00
6.575930525828468490e+03 1.022463270129257973e+00
6.575964724078658946e+03 1.024175103207300319e+00
6.575998922506699273e+03 1.025313046268068184e+00
6.576033121112588560e+03 1.019690238823571571e+00
6.576067319896327717e+03 1.023035986516305673e+00
6.576101518857918563e+03 1.026107388881455806e+00
6.576135717997362008e+03 1.022654918933322277e+00
6.576169917314658960e+03 1.023214913488030398e+00
6.576204116809810330e+03 1.022563059817050313e+00
6.576238316482816117e+03 1.027830811662321153e+00
6.576272516333678141e+03 1.027001851518592801e+00
6.576306716362397310e+03 1.030342286570636201e+00
6.576340916568973626e+03 1.027692839566201277e+00
6.576375116953409815e+03 1.025066559591384152e+00
6.576409317515704970e+03 1.025553059177253257e+00
6.576443518255860909e+03 1.021389277495590386e+00
6.576477719173878540e+03 1.025032100952331104e+00
6.576511920269758775e+03 1.024101807447521217e+00
6.576546121543502522e+03 1.022843385955477302e+00
6.576580322995110691e+03 1.024323758628315151e+00
6.576614524624584192e+03 1.028424612563048735e+00
6.576648726431923933e+03 1.030442034813735308e+00
6.576682928417130825e+03 1.027065265789066206e+00
6.576717130580204866e+03 1.025778906667935253e+00
6.576751332921148787e+03 1.022882060729906728e+00
6.576785535439962587e+03 1.019765844279957312e+00
6.576819738136647175e+03 1.018465788806831585e+00
6.576853941011203460e+03 1.025246050825161070e+00
6.576888144063632353e+03 1.022744831251586772e+00
6.576922347293934763e+03 1.019182762851796653e+00
6.576956550702112509e+03 1.023499561090576382e+00
6.576990754288164680e+03 1.024774107327401484e+00
6.577024958052094007e+03 1.023509003777941073e+00
6.577059161993899579e+03 1.025741792527155472e+00
6.577093366113584125e+03 1.029004436602296124e+00
6.577127570411148554e+03 1.027756775530688227e+00
6.577161774886591957e+03 1.020210052876335816e+00
6.577195979539917062e+03 1.023334118330015086e+00
6.577230184371123869e+03 1.028190669170049309e+00
6.577264389380213288e+03 1.029050183979150823e+00
6.577298594567186228e+03 1.024266461520802363e+00
6.577332799932044509e+03 1.027267407052328441e+00
6.577367005474788130e+03 1.027704202765895580e+00
6.577401211195418909e+03 1.025291303601261639e+00
6.577435417093936849e+03 1.020420407982875810e+00
6.577469623170342857e+03 1.025120603651988427e+00
6.577503829424638752e+03 1.029421916860625341e+00
6.577538035856824536e+03 1.025451159874399609e+00
6.577572242466901116e+03 1.026272839786965152e+00
6.577606449254870313e+03 1.022915263673620068e+00
6.577640656220733035e+03 1.019657012304335586e+00
6.577674863364489283e+03 1.022645893719690280e+00
6.577709070686139967e+03 1.024827103461906308e+00
6.577743278185686904e+03 1.031223908921077292e+00
6.577777485863131005e+03 1.032428504797621382e+00
6.577811693718472270e+03 1.025698496440149210e+00
6.577845901751711608e+03 1.026840287426984188e+00
6.577880109962851748e+03 1.025778966580957574e+00
6.577914318351890870e+03 1.024275456275331564e+00
6.577948526918832613e+03 1.023027970505349549e+00
6.577982735663676067e+03 1.027076667939056609e+00
6.578016944586423051e+03 1.016497092635088695e+00
6.578051153687073565e+03 1.023940674203782875e+00
6.578085362965629429e+03 1.019753977221828034e+00
6.578119572422091551e+03 1.022579362080163756e+00
6.578153782056460841e+03 1.021562627845836069e+00
6.578187991868737299e+03 1.017530464642316002e+00
6.578222201858922745e+03 1.017869524833836969e+00
6.578256412027018087e+03 1.016559490893764073e+00
6.578290622373023325e+03 1.014769592637068341e+00
6.578324832896941189e+03 1.016321987103186997e+00
6.578359043598770768e+03 1.019258119933199813e+00
6.578393254478513882e+03 1.019992665589337655e+00
6.578427465536171439e+03 1.017121596939242201e+00
6.578461676771744351e+03 1.016160900719358384e+00
6.578495888185233525e+03 1.014482415036622731e+00
6.578530099776639872e+03 1.013178142643753166e+00
6.578564311545963392e+03 1.016189225670179219e+00
6.578598523493206812e+03 1.014923560076230302e+00
6.578632735618370134e+03 1.009463865303907637e+00
6.578666947921453357e+03 1.009195410979860430e+00
6.578701160402459209e+03 1.011757842779503314e+00
6.578735373061386781e+03 1.014086940464047126e+00
6.578769585898238802e+03 1.013599425117016173e+00
6.578803798913015271e+03 1.016764141966040480e+00
6.578838012105716189e+03 1.010548783244017423e+00
6.578872225476344283e+03 1.006841186551513445e+00
6.578906439024899555e+03 1.013421173192023739e+00
6.578940652751382913e+03 1.016347127017902752e+00
6.578974866655795267e+03 1.012597196009091149e+00
6.579009080738138437e+03 1.011743518768567274e+00
6.579043294998411511e+03 1.011438758222505063e+00
6.579077509436617220e+03 1.013266898221063528e+00
6.579111724052755562e+03 1.018968064350818548e+00
6.579145938846827448e+03 1.015848411698640819e+00
6.579180153818834697e+03 1.014694680916036873e+00
6.579214368968776398e+03 1.010758676596664074e+00
6.579248584296655281e+03 1.014118361493173470e+00
6.579282799802472255e+03 1.008714048970837940e+00
6.579317015486226410e+03 1.010923231185681725e+00
6.579351231347920475e+03 1.008059696715149611e+00
6.579385447387555359e+03 1.004704303443350932e+00
6.579419663605130154e+03 1.003635987754101899e+00
6.579453880000647587e+03 1.000029817733804061e+00
6.579488096574108567e+03 1.002538934754074074e+00
6.579522313325513096e+03 1.006254067126646445e+00
6.579556530254862082e+03 1.001840497844126654e+00
6.579590747362157344e+03 1.003468082561313812e+00
6.579624964647398883e+03 1.004863684154389203e+00
6.579659182110588517e+03 9.975304156480396811e-01
6.579693399751726247e+03 9.971754802886653168e-01
6.579727617570813891e+03 9.964150081265257253e-01
6.579761835567851449e+03 9.987126030425202972e-01
6.579796053742840741e+03 1.011435081948806047e+00
6.579830272095782675e+03 1.008739752016068802e+00
6.579864490626677252e+03 1.013072851489445148e+00
6.579898709335526291e+03 1.011390521826525335e+00
6.579932928222329792e+03 1.005309026128710759e+00
6.579967147287089574e+03 1.012865175639459991e+00
6.580001366529806546e+03 1.014103327251973941e+00
6.580035585950480709e+03 1.012006005837691847e+00
6.580069805549113880e+03 1.011587475613850096e+00
6.580104025325706971e+03 1.018674410644924588e+00
6.580138245280259980e+03 1.012977134524790879e+00
6.580172465412775637e+03 1.010228409619999601e+00
6.580206685723253031e+03 1.015349245007604706e+00
6.580240906211693982e+03 1.010530312880405512e+00
6.580275126878098490e+03 1.009775877911775588e+00
6.580309347722469283e+03 1.013124180891697979e+00
6.580343568744805452e+03 1.012464362180955035e+00
6.580377789945108816e+03 1.011037406613058520e+00
6.580412011323380284e+03 1.008947660235213872e+00
6.580446232879620766e+03 1.009621367795358937e+00
6.580480454613831171e+03 1.011668540252857795e+00
6.580514676526012408e+03 1.011138294841647189e+00
6.580548898616165388e+03 1.015755011246290529e+00
6.580583120884290111e+03 1.016437255556955854e+00
6.580617343330389303e+03 1.012969180935002766e+00
6.580651565954462967e+03 1.018443413047740442e+00
6.580685788756511101e+03 1.014152367590049009e+00
6.580720011736536435e+03 1.013653681565284792e+00
6.580754234894538968e+03 1.013480085683220677e+00
6.580788458230519609e+03 1.011868135607295383e+00
6.580822681744479269e+03 1.011272613910513263e+00
6.580856905436418856e+03 1.013726375004811109e+00
6.580891129306339280e+03 1.009463869736296981e+00
6.580925353354242361e+03 1.015830596646840611e+00
6.580959577580127188e+03 1.019726117078646910e+00
6.580993801983996491e+03 1.016578780939099147e+00
6.581028026565850269e+03 1.014557592010665088e+00
6.581062251325689431e+03 1.013669045740270391e+00
6.581096476263514887e+03 1.011890164415096383e+00
6.581130701379328457e+03 1.014970908144747996e+00
6.581164926673130140e+03 1.014052032534556558e+00
6.581199152144920845e+03 1.006459238308088144e+00
6.581233377794701482e+03 9.957123158261919071e-01
6.581267603622473871e+03 9.668525485011569831e-01
6.581301829628238011e+03 9.315219537577179576e-01
6.581336055811995720e+03 9.240004459749611154e-01
6.581370282173747000e+03 9.550930516023125039e-01
6.581404508713492760e+03 9.909298149665534128e-01
6.581438735431234818e+03 9.996562483127593435e-01
6.581472962326973175e+03 9.989535703807245204e-01
6.581507189400708739e+03 9.970948426852538349e-01
6.581541416652443331e+03 1.003455490009301121e+00
6.581575644082177860e+03 1.009441868219838945e+00
6.581609871689912325e+03 1.015543518254229394e+00
6.581644099475647636e+03 1.014134489008040374e+00
6.581678327439385612e+03 1.016536947574374850e+00
6.581712555581127162e+03 1.021478105289912008e+00
6.581746783900872288e+03 1.017688006976089188e+00
6.581781012398622806e+03 1.015969822942468737e+00
6.581815241074378719e+03 1.015058183878296383e+00
6.581849469928141843e+03 1.016555815149179809e+00
6.581883698959913090e+03 1.017500673811602585e+00
6.581917928169692459e+03 1.021593688603716021e+00
6.581952157557481769e+03 1.025312875170928617e+00
6.581986387123281929e+03 1.021849381800814971e+00
6.582020616867092940e+03 1.019182923231568116e+00
6.582054846788916620e+03 1.017666191481475080e+00
6.582089076888753880e+03 1.018546810660075463e+00
6.582123307166605628e+03 1.013742784909331895e+00
6.582157537622471864e+03 1.013656970418826075e+00
6.582191768256354408e+03 1.012862607560352179e+00
6.582225999068254168e+03 1.015462886732438008e+00
6.582260230058172056e+03 1.011521669052791950e+00
6.582294461226108979e+03 1.014733794759355323e+00
6.582328692572065847e+03 1.014642102290091552e+00
6.582362924096042661e+03 1.018387327953664157e+00
6.582397155798042149e+03 1.020284132797143251e+00
6.582431387678063402e+03 1.018227483618598939e+00
6.582465619736108238e+03 1.010149631177451157e+00
6.582499851972177566e+03 1.003778459394929046e+00
6.582534084386273207e+03 1.001432586440553552e+00
6.582568316978394250e+03 1.005683626246117068e+00
6.582602549748542515e+03 1.010717510254374174e+00
6.582636782696718910e+03 1.016926031219067994e+00
6.582671015822925256e+03 1.015069202416789551e+00
6.582705249127160641e+03 1.013090852235809081e+00
6.582739482609427796e+03 1.013963274093279576e+00
6.582773716269725810e+03 1.008357851244099157e+00
6.582807950108057412e+03 1.007465127800662774e+00
6.582842184124422602e+03 1.008157748097278317e+00
6.582876418318822289e+03 9.980399746557069296e-01
6.582910652691257383e+03 9.914590551249041761e-01
6.582944887241729703e+03 1.000649872615963831e+00
6.582979121970238339e+03 1.005707467423086365e+00
6.583013356876786020e+03 1.016260929150676784e+00
6.583047591961372746e+03 1.015448932851118924e+00
6.583081827224000335e+03 1.011661725602309714e+00
6.583116062664667879e+03 1.007658602652739654e+00
6.583150298283378106e+03 1.010416649444514370e+00
6.583184534080131925e+03 1.009711608561304486e+00
6.583218770054928427e+03 1.013834318731832607e+00
6.583253006207770341e+03 1.004326380772635474e+00
6.583287242538658575e+03 1.003364188194862505e+00
6.583321479047593130e+03 1.002468469810423368e+00
6.583355715734574915e+03 1.002423131882166807e+00
6.583389952599605749e+03 1.008094401609417101e+00
6.583424189642685633e+03 1.013914770288786960e+00
6.583458426863815475e+03 1.012255254250013614e+00
6.583492664262997096e+03 1.004602352929514719e+00
6.583526901840231403e+03 1.003988924878702393e+00
6.583561139595518398e+03 1.008657904628224911e+00
6.583595377528859899e+03 1.008983043765553367e+00
6.583629615640255906e+03 1.005088513718579213e+00
6.583663853929707329e+03 1.002149373668912880e+00
6.583698092397216897e+03 1.001102422980043594e+00
6.583732331042783699e+03 9.937385935050241370e-01
6.583766569866408645e+03 9.835246787054415796e-01
6.583800808868094464e+03 9.692733895099390207e-01
6.583835048047840246e+03 9.723163911741626864e-01
6.583869287405646901e+03 9.872728807670658746e-01
6.583903526941517157e+03 9.935150405293696751e-01
6.583937766655450105e+03 9.935778328701860840e-01
6.583972006547446654e+03 9.932909368038949083e-01
6.584006246617509532e+03 9.832174331124202693e-01
6.584040486865637831e+03 9.574691729382538430e-01
6.584074727291833369e+03 9.601367223376039428e-01
6.584108967896097056e+03 9.727815126078488417e-01
6.584143208678429801e+03 9.914554308480753031e-01
6.584177449638832513e+03 1.002592307382262238e+00
6.584211690777305193e+03 1.003045718239855999e+00
6.584245932093849660e+03 1.008199444910449216e+00
6.584280173588467733e+03 1.008385825716648476e+00
6.584314415261158501e+03 1.007135466343380470e+00
6.584348657111923785e+03 1.005099362551659548e+00
6.584382899140764493e+03 1.005528835776291707e+00
6.584417141347681536e+03 1.008465901295715561e+00
6.584451383732675822e+03 1.006384530499578878e+00
6.584485626295748261e+03 1.002538330531570043e+00
6.584519869036899763e+03 1.003020053932230038e+00
6.584554111956132147e+03 1.004661342197790130e+00
6.584588355053444502e+03 1.003068228123745076e+00
6.584622598328838649e+03 1.006630011999574581e+00
6.584656841782316405e+03 1.009571873564742983e+00
6.584691085413876863e+03 1.006601431170652372e+00
6.584725329223522749e+03 1.010161414431987481e+00
6.584759573211254065e+03 1.008267196569641921e+00
6.584793817377071719e+03 1.001921010799936562e+00
6.584828061720976621e+03 1.006768606428742885e+00
6.584862306242969680e+03 9.999641804460224215e-01
6.584896550943052716e+03 1.008001199610653487e+00
6.584930795821225729e+03 1.008559614277586114e+00
6.584965040877489628e+03 1.007208563451797767e+00
6.584999286111846232e+03 1.006590051584892231e+00
6.585033531524295540e+03 1.004366139500557420e+00
6.585067777114838464e+03 9.997492000788739119e-01
6.585102022883475911e+03 1.003592253141823765e+00
6.585136268830209701e+03 1.003226345301151845e+00
6.585170514955039835e+03 1.004367681552065461e+00
6.585204761257968130e+03 1.009821814271645746e+00
6.585239007738994587e+03 1.006885885104810141e+00
6.585273254398120116e+03 1.005476742516228539e+00
6.585307501235346535e+03 1.007707760344247250e+00
6.585341748250674755e+03 1.006845244763932889e+00
6.585375995444103864e+03 1.005721559809880983e+00
6.585410242815637503e+03 1.004848918381597400e+00
6.585444490365274760e+03 1.002803546983502603e+00
6.585478738093016545e+03 1.003003687107118402e+00
6.585512985998864679e+03 1.005843463447321895e+00
6.585547234082820069e+03 1.006234679285258338e+00
6.585581482344882716e+03 1.010503078536721722e+00
6.585615730785054438e+03 1.005632174732983497e+00
6.585649979403335237e+03 1.003807751379404811e+00
6.585684228199727841e+03 1.001946783692197807e+00
6.585718477174230429e+03 9.942370014180962334e-01
6.585752726326846641e+03 9.915607468179866713e-01
6.585786975657575567e+03 9.994826913718642958e-01
6.585821225166419026e+03 1.004544270531457562e+00
6.585855474853377928e+03 1.005292636065285405e+00
6.585889724718452271e+03 1.008749387659808372e+00
6.585923974761643876e+03 1.006798976153510772e+00
6.585958224982953652e+03 1.003758033885695067e+00
6.585992475382382509e+03 1.008070008106655147e+00
6.586026725959931355e+03 1.002987408557099780e+00
6.586060976715601100e+03 1.000468270375509228e+00
6.586095227649391745e+03 1.001905877909591069e+00
6.586129478761305108e+03 1.004115302469037463e+00
6.586163730051343009e+03 9.984713733553636228e-01
6.586197981519504538e+03 9.923420280140637928e-01
6.586232233165791513e+03 9.885321054350731940e-01
6.586266484990204845e+03 9.822119215281298610e-01
6.586300736992745442e+03 9.793482147615771849e-01
6.586334989173414215e+03 9.878916862822303413e-01
6.586369241532212072e+03 9.985616855596517460e-01
6.586403494069140834e+03 1.001727269269803156e+00
6.586437746784199589e+03 1.004611566360020802e+00
6.586471999677390158e+03 1.006310760883958988e+00
6.586506252748714360e+03 1.005221466629840021e+00
6.586540505998171284e+03 1.006179259815435101e+00
6.586574759425763659e+03 1.004299663518379626e+00
6.586609013031491486e+03 1.004710476432282951e+00
6.586643266815355673e+03 9.987262709600212007e-01
6.586677520777357131e+03 1.009202531841431494e+00
6.586711774917496768e+03 1.006708546422281580e+00
6.586746029235776405e+03 1.005149464808252402e+00
6.586780283732196040e+03 1.005513304880846226e+00
6.586814538406756583e+03 1.002283933240107228e+00
6.586848793259458944e+03 1.003888989932376852e+00
6.586883048290304941e+03 9.992202899828918072e-01
6.586917303499294576e+03 9.990853534019401572e-01
6.586951558886429666e+03 9.922965617600698618e-01
6.586985814451709302e+03 9.654628944677074998e-01
6.587020070195137123e+03 9.123479020003890660e-01
6.587054326116711309e+03 8.981145772437219010e-01
6.587088582216434588e+03 9.305048002031884868e-01
6.587122838494307871e+03 9.654004394203947736e-01
6.587157094950330247e+03 9.724593637240830368e-01
6.587191351584505355e+03 9.594863998756548717e-01
6.587225608396832286e+03 9.538028320694308393e-01
6.587259865387311947e+03 9.690023024104794658e-01
6.587294122555946160e+03 9.861420274925243312e-01
6.587328379902734923e+03 9.933106390804977703e-01
6.587362637427680056e+03 9.978055608099445362e-01
6.587396895130782468e+03 1.000828452783068645e+00
6.587431153012042159e+03 9.979030077158222989e-01
6.587465411071460949e+03 9.939060701416684296e-01
6.587499669309038836e+03 9.970637167994963468e-01
6.587533927724777641e+03 1.001047968495679008e+00
6.587568186318678272e+03 1.001651702625276918e+00
6.587602445090741639e+03 1.002207576677725198e+00
6.587636704040967743e+03 1.001626618259229051e+00
6.587670963169358402e+03 1.000453014926754980e+00
6.587705222475913615e+03 1.000550311273075588e+00
6.587739481960636112e+03 9.982804794001456372e-01
6.587773741623524984e+03 9.999623331533145087e-01
6.587808001464582048e+03 1.001787123939609225e+00
6.587842261483808215e+03 1.000391047805021971e+00
6.587876521681204395e+03 1.003805842675601356e+00
6.587910782056770586e+03 1.013303810583985776e+00
6.587945042610509518e+03 1.002381430094930970e+00
6.587979303342420280e+03 1.002911394118690014e+00
6.588013564252505603e+03 1.000989533357901307e+00
6.588047825340764575e+03 1.002012969302461753e+00
6.588082086607199017e+03 1.000222495053485261e+00
6.588116348051809837e+03 1.000425146826077638e+00
6.588150609674598854e+03 1.003116156692683392e+00
6.588184871475565160e+03 1.007924267045028355e+00
6.588219133454710573e+03 1.002567340119213668e+00
6.588253395612036002e+03 1.003635140530901637e+00
6.588287657947543266e+03 1.007626367440887405e+00
6.588321920461231457e+03 1.002890964089132808e+00
6.588356183153103302e+03 9.985320904956208610e-01
6.588390446023157892e+03 9.954932214599290230e-01
6.588424709071397956e+03 9.923298581808240870e-01
6.588458972297823493e+03 9.928118315056151388e-01
6.588493235702435413e+03 9.947561195622103281e-01
6.588527499285235535e+03 1.002845095604754544e+00
6.588561763046222950e+03 1.007886006147080238e+00
6.588596026985400385e+03 1.002668902378339943e+00
6.588630291102768751e+03 1.001769198009591078e+00
6.588664555398327138e+03 1.002928050758577161e+00
6.588698819872078275e+03 1.005009583138880336e+00
6.588733084524022161e+03 1.004264779360568127e+00
6.588767349354159705e+03 1.004099716912696616e+00
6.588801614362492728e+03 9.992612525718043148e-01
6.588835879549021229e+03 1.000520897863468983e+00
6.588870144913746117e+03 1.000650141582362762e+00
6.588904410456669211e+03 9.987341115769650113e-01
6.588938676177791422e+03 9.998010106041533840e-01
6.588972942077111838e+03 1.000188807610015385e+00
6.589007208154634100e+03 9.982190266008565960e-01
6.589041474410356386e+03 9.952794722034058461e-01
6.589075740844282336e+03 9.897998692420670874e-01
6.589110007456411040e+03 9.779192957047276868e-01
6.589144274246743407e+03 9.826389648055585679e-01
6.589178541215281257e+03 9.907566574935127157e-01
6.589212808362024589e+03 9.951615472684329777e-01
6.589247075686975222e+03 9.981071430290504587e-01
6.589281343190134066e+03 1.000062456572206049e+00
6.589315610871501121e+03 1.002562783610289276e+00
6.589349878731078206e+03 9.975660784678280768e-01
6.589384146768866231e+03 9.994988142478826720e-01
6.589418414984866104e+03 9.998140832113387999e-01
6.589452683379077826e+03 1.001859583518352803e+00
6.589486951951502306e+03 1.009585400576489267e+00
6.589521220702142273e+03 1.010102501947943709e+00
6.589555489630996817e+03 1.008714947378984705e+00
6.589589758738068667e+03 1.003008735681959251e+00
6.589624028023356914e+03 9.972454886087704917e-01
6.589658297486862466e+03 1.000458178086497840e+00
6.589692567128588053e+03 1.000009348652776131e+00
6.589726836948533673e+03 9.995022666476304218e-01
6.589761106946699329e+03 9.990483475915190592e-01
6.589795377123086837e+03 9.935838704586699155e-01
6.589829647477698018e+03 9.989853830114452382e-01
6.589863918010531961e+03 1.006756298497626378e+00
6.589898188721590486e+03 1.003592769913240090e+00
6.589932459610874503e+03 1.000915554324952161e+00
6.589966730678384920e+03 1.004345502016342762e+00
6.590001001924122647e+03 1.003274570373392516e+00
6.590035273348089504e+03 1.002529652889482037e+00
6.590069544950284580e+03 1.004779451174289795e+00
6.590103816730709696e+03 1.003149760842046323e+00
6.590138088689366668e+03 1.000078291603414327e+00
6.590172360826254589e+03 9.952425562714756202e-01
6.590206633141376187e+03 1.003630698185092873e+00
6.590240905634731462e+03 1.005045580188442145e+00
6.590275178306321322e+03 1.008044377085574483e+00
6.590309451156146679e+03 1.002695955694411944e+00
6.590343724184208440e+03 1.006866967568105897e+00
6.590377997390508426e+03 1.003340817873229929e+00
6.590412270775046636e+03 1.001821148674039152e+00
6.590446544337823980e+03 1.001544784615847838e+00
6.590480818078842276e+03 1.004428036756238818e+00
6.590515091998101525e+03 1.003302502972967414e+00
6.590549366095602636e+03 1.000640509053693172e+00
6.590583640371346519e+03 1.001413132045618770e+00
6.590617914825334992e+03 9.976348360566765772e-01
6.590652189457568056e+03 9.972783721102622678e-01
6.590686464268047530e+03 9.954828537026403357e-01
6.590720739256773413e+03 1.000710998293737219e+00
6.590755014423746616e+03 9.987055676692173645e-01
6.590789289768968956e+03 9.988998672001084822e-01
6.590823565292441344e+03 1.004673752712796908e+00
6.590857840994163780e+03 1.001398467988386720e+00
6.590892116874137173e+03 1.001328403569562209e+00
6.590926392932363342e+03 1.002387121569412898e+00
6.590960669168843197e+03 1.002615566004996461e+00
6.590994945583576737e+03 1.006090469441095925e+00
6.591029222176565781e+03 1.004993987381518794e+00
6.591063498947810331e+03 9.980972959480467477e-01
6.591097775897312204e+03 9.947618206615241876e-01
6.591132053025072310e+03 9.959590137689323663e-01
6.591166330331090649e+03 9.992599938043914554e-01
6.591200607815369040e+03 1.008049667430942042e+00
6.591234885477908392e+03 1.008306766642712793e+00
6.591269163318708706e+03 1.000174261033355272e+00
6.591303441337771801e+03 1.002459790643760673e+00
6.591337719535098586e+03 1.003172213187312423e+00
6.591371997910689970e+03 1.003317359096334460e+00
6.591406276464546863e+03 1.001978993798389839e+00
6.591440555196669266e+03 9.970964381629808804e-01
6.591474834107058996e+03 1.004197260909593492e+00
6.591509113195716964e+03 1.000400138154611707e+00
6.591543392462644078e+03 9.995008453712548313e-01
6.591577671907841250e+03 1.003750032747118270e+00
6.591611951531309387e+03 9.954459386787770647e-01
6.591646231333049400e+03 9.915669351070516280e-01
6.591680511313062198e+03 9.955438029621029861e-01
6.591714791471347780e+03 9.958862016376059945e-01
6.591749071807908877e+03 9.945867033279343072e-01
6.591783352322745486e+03 9.965247899475423443e-01
6.591817633015858519e+03 9.977034247458982374e-01
6.591851913887248884e+03 1.002203134974283483e+00
6.591886194936917491e+03 9.991568541153647010e-01
6.591920476164865249e+03 1.002475972494199175e+00
6.591954757571093069e+03 9.982521704161304577e-01
6.591989039155601859e+03 9.996976381629905095e-01
6.592023320918393438e+03 9.976526603308781826e-01
6.592057602859466897e+03 9.966260017735436572e-01
6.592091884978824964e+03 9.983419170063879688e-01
6.592126167276467640e+03 1.000844262354109615e+00
6.592160449752395834e+03 1.004295573949873344e+00
6.592194732406611365e+03 1.001725978179212273e+00
6.592229015239114233e+03 9.994767373262085641e-01
6.592263298249905347e+03 9.996194891984695463e-01
6.592297581438985617e+03 1.002228846593820055e+00
6.592331864806356862e+03 9.996103891866319202e-01
6.592366148352019081e+03 9.988900364830829437e-01
6.592400432075974095e+03 1.001320187291428354e+00
6.592434715978221902e+03 1.004685467834714352e+00
6.592469000058763413e+03 1.005043326462238040e+00
6.592503284317600446e+03 1.003812290842931221e+00
6.592537568754733002e+03 9.988422053453297478e-01
6.592571853370161989e+03 1.001322157866507689e+00
6.592606138163890137e+03 1.005750810048422039e+00
6.592640423135915626e+03 1.004222614917047007e+00
6.592674708286241184e+03 1.004508779056028311e+00
6.592708993614867722e+03 1.004330689166983648e+00
6.592743279121795240e+03 1.003615261641650269e+00
6.592777564807025556e+03 9.996190364366062120e-01
6.592811850670559579e+03 9.986555920065497416e-01
6.592846136712397310e+03 1.003284969886123479e+00
6.592880422932540569e+03 1.001413025575539795e+00
6.592914709330989353e+03 9.993979724701764766e-01
6.592948995907745484e+03 1.001813779389196135e+00
6.592983282662809870e+03 1.002556584449743715e+00
6.593017569596182511e+03 9.993826087380333068e-01
6.593051856707866136e+03 9.988654568844080872e-01
6.593086143997859836e+03 1.003706178785549907e+00
6.593120431466165428e+03 1.001916876591966377e+00
6.593154719112782914e+03 1.003597375112176948e+00
6.593189006937715021e+03 1.003775301590902336e+00
6.593223294940960841e+03 1.001268400370836975e+00
6.593257583122522192e+03 9.986657599123104356e-01
6.593291871482399984e+03 9.993646075924583760e-01
6.593326160020595125e+03 9.962627193488752253e-01
6.593360448737108527e+03 1.003436977237750716e+00
6.593394737631941098e+03 9.964811450044734897e-01
6.593429026705092838e+03 9.950248157687080486e-01
6.593463315956566476e+03 9.935437400732223256e-01
6.593497605386362011e+03 9.932393548071398737e-01
6.593531894994480353e+03 9.799837473190349257e-01
6.593566184780921503e+03 9.742580588352764970e-01
6.593600474745688189e+03 9.903426779773576438e-01
6.593634764888780410e+03 9.941507365752442205e-01
6.593669055210199076e+03 1.004697954938293725e+00
6.593703345709945097e+03 1.002631262639068987e+00
6.593737636388020292e+03 9.959079487836910438e-01
6.593771927244423750e+03 9.974179556714676265e-01
6.593806218279158202e+03 1.003209419898265953e+00
6.593840509492222736e+03 1.004638793356571691e+00
6.593874800883620082e+03 9.964610466739277639e-01
6.593909092453351150e+03 9.928945424894720650e-01
6.593943384201415029e+03 9.875628243355261127e-01
6.593977676127814448e+03 9.922355501882361706e-01
