# star name zetOri, line HALPHA
# instrument: HERMES spectrograph @Mercator
# date of observation (midpoint)2018-10-13T03:33:45.835896
# BJD of observation (midpoint)2458404.6506721
# name of fits file: 00897892_HRF_OBJ_ext_CosmicsRemoved_log_merged_c.fits
# 
# wavelength(Angstrom,air) normalised_flux
6.538011917108175112e+03 9.989506653449503615e-01
6.538045918161929876e+03 1.006129886190383349e+00
6.538079919392506781e+03 1.000302221607571429e+00
6.538113920799908556e+03 1.000541541125095524e+00
6.538147922384134290e+03 1.003973122108526184e+00
6.538181924145186713e+03 1.001513511486961105e+00
6.538215926083065824e+03 1.002357259087008678e+00
6.538249928197772533e+03 9.969719160174670414e-01
6.538283930489307750e+03 9.999193784637921967e-01
6.538317932957672383e+03 9.983976709962272267e-01
6.538351935602868252e+03 9.975445207645161627e-01
6.538385938424895357e+03 9.966836565964628525e-01
6.538419941423754608e+03 1.002837142211152832e+00
6.538453944599446913e+03 1.007969402427927763e+00
6.538487947951973183e+03 1.002796734335130946e+00
6.538521951481334327e+03 1.000027443286266804e+00
6.538555955187532163e+03 1.003034297136133013e+00
6.538589959070566692e+03 9.976923775888205670e-01
6.538623963130438824e+03 9.970210791776742409e-01
6.538657967367150377e+03 9.956644128646772174e-01
6.538691971780700442e+03 9.945463102453457882e-01
6.538725976371091747e+03 9.929721435190735912e-01
6.538759981138325202e+03 9.914349593937005212e-01
6.538793986082399897e+03 1.004182399159010863e+00
6.538827991203318561e+03 1.002321543857826791e+00
6.538861996501082103e+03 1.004551144047368227e+00
6.538896001975689614e+03 1.003973214079273646e+00
6.538930007627143823e+03 9.985189406273398127e-01
6.538964013455444729e+03 9.961660370324634250e-01
6.538998019460594151e+03 9.981986589795941445e-01
6.539032025642592089e+03 1.002352796801211587e+00
6.539066032001440362e+03 1.004898442529017721e+00
6.539100038537138971e+03 1.001111968637382832e+00
6.539134045249688825e+03 9.992319103746168940e-01
6.539168052139091742e+03 9.989104818105972727e-01
6.539202059205347723e+03 1.001152293844474794e+00
6.539236066448458587e+03 9.991375688886291462e-01
6.539270073868424333e+03 9.983970566070432540e-01
6.539304081465245872e+03 1.002375678592723363e+00
6.539338089238925932e+03 1.000955559104481862e+00
6.539372097189462693e+03 1.000365732497729532e+00
6.539406105316858884e+03 9.952769273668571337e-01
6.539440113621115415e+03 1.001392896563524593e+00
6.539474122102232286e+03 1.001737328845381025e+00
6.539508130760211316e+03 9.981347357136731713e-01
6.539542139595052504e+03 9.959551102222539143e-01
6.539576148606757670e+03 9.938234790686699682e-01
6.539610157795326813e+03 9.947098928380782024e-01
6.539644167160761754e+03 1.003415220503169669e+00
6.539678176703063400e+03 9.958978924440120561e-01
6.539712186422231753e+03 9.977126767739509239e-01
6.539746196318268630e+03 9.970089644430577547e-01
6.539780206391174033e+03 1.000678198522006346e+00
6.539814216640950690e+03 1.000934311333216531e+00
6.539848227067596781e+03 9.996664230384458838e-01
6.539882237671115945e+03 1.003382410821925363e+00
6.539916248451507272e+03 9.990283796760031088e-01
6.539950259408772581e+03 9.957428822007372560e-01
6.539984270542911872e+03 9.956693398184066623e-01
6.540018281853926965e+03 1.002380339149568922e+00
6.540052293341818768e+03 1.002493132480023696e+00
6.540086305006588191e+03 9.974915518095475164e-01
6.540120316848236143e+03 1.002903189350909496e+00
6.540154328866762626e+03 1.006696774511866677e+00
6.540188341062169457e+03 9.992836551144959056e-01
6.540222353434457546e+03 9.971715572589029408e-01
6.540256365983626893e+03 9.963855130751180234e-01
6.540290378709679317e+03 9.966231432487657749e-01
6.540324391612616637e+03 9.968576263427884054e-01
6.540358404692437944e+03 9.996480555587905492e-01
6.540392417949145056e+03 1.003153020845109378e+00
6.540426431382737974e+03 1.000853343373701021e+00
6.540460444993219426e+03 9.975591354277193457e-01
6.540494458780588502e+03 1.001757468206181612e+00
6.540528472744847932e+03 1.007041272945059740e+00
6.540562486885996805e+03 1.008645699943231833e+00
6.540596501204036940e+03 1.009515074266564838e+00
6.540630515698969248e+03 1.009328340141471214e+00
6.540664530370794637e+03 1.004639997077206859e+00
6.540698545219514017e+03 9.981835261996659936e-01
6.540732560245128298e+03 9.963412692364858048e-01
6.540766575447638388e+03 9.938900633077221158e-01
6.540800590827044289e+03 9.986867007220323611e-01
6.540834606383348728e+03 9.959916949977080103e-01
6.540868622116551705e+03 9.966858732165920776e-01
6.540902638026654131e+03 9.970708493408185769e-01
6.540936654113656914e+03 9.971838888834053671e-01
6.540970670377560964e+03 9.974827786820728015e-01
6.541004686818367190e+03 9.991154542548096318e-01
6.541038703436076503e+03 1.002366955147022010e+00
6.541072720230689811e+03 1.000541488059605966e+00
6.541106737202208024e+03 9.985000914759628587e-01
6.541140754350632051e+03 9.962888608634515863e-01
6.541174771675962802e+03 9.984622794849116190e-01
6.541208789178202096e+03 9.994077303000935553e-01
6.541242806857349933e+03 9.988211575088978833e-01
6.541276824713406313e+03 1.000010546242107168e+00
6.541310842746373964e+03 1.000291160957678560e+00
6.541344860956252887e+03 9.964618439211477829e-01
6.541378879343043991e+03 9.993461948733131095e-01
6.541412897906749095e+03 1.004782116214185228e+00
6.541446916647367289e+03 1.006717933472493387e+00
6.541480935564901301e+03 9.984441822830913971e-01
6.541514954659351133e+03 9.959319479827241084e-01
6.541548973930718603e+03 9.983388770529777467e-01
6.541582993379002801e+03 9.990024170604872022e-01
6.541617013004206456e+03 1.003865818436991297e+00
6.541651032806329567e+03 1.004411144360037422e+00
6.541685052785373045e+03 9.974290371974144920e-01
6.541719072941338709e+03 1.000000136544638929e+00
6.541753093274226558e+03 1.002076341210430543e+00
6.541787113784037501e+03 1.001831611526877941e+00
6.541821134470772449e+03 1.002589933770853703e+00
6.541855155334433221e+03 1.002552776483427666e+00
6.541889176375020725e+03 9.997708953916639718e-01
6.541923197592534052e+03 9.984619123977993560e-01
6.541957218986975931e+03 9.978500233038321010e-01
6.541991240558346362e+03 1.002310636711634118e+00
6.542025262306647164e+03 1.009719972164223378e+00
6.542059284231878337e+03 1.006717160865194804e+00
6.542093306334041699e+03 1.006224737645334821e+00
6.542127328613137252e+03 1.004709234595261957e+00
6.542161351069165903e+03 1.000062356565521782e+00
6.542195373702129473e+03 1.004591276800746558e+00
6.542229396512028870e+03 1.009672387940411253e+00
6.542263419498863186e+03 1.004456857427980632e+00
6.542297442662636058e+03 1.007159487195509184e+00
6.542331466003346577e+03 1.003054215663964133e+00
6.542365489520995652e+03 9.989905883499132777e-01
6.542399513215585102e+03 1.002918073518965336e+00
6.542433537087114928e+03 1.005566409806178951e+00
6.542467561135586948e+03 1.001394259233633344e+00
6.542501585361002071e+03 1.000554264102164304e+00
6.542535609763360299e+03 1.001993625603869731e+00
6.542569634342662539e+03 1.002270370601644922e+00
6.542603659098911521e+03 9.984860377555369038e-01
6.542637684032105426e+03 9.950514902974637588e-01
6.542671709142247892e+03 9.897964154482586929e-01
6.542705734429338008e+03 9.930870490141618934e-01
6.542739759893377595e+03 9.989849139691225899e-01
6.542773785534366652e+03 9.900811550492967239e-01
6.542807811352306999e+03 9.708415394754066341e-01
6.542841837347199544e+03 9.502491607064673662e-01
6.542875863519044287e+03 9.596567718068373942e-01
6.542909889867843958e+03 9.838335024829234499e-01
6.542943916393596737e+03 9.899545535244391736e-01
6.542977943096306262e+03 9.946465429517126200e-01
6.543011969975971624e+03 9.994086464578977314e-01
6.543045997032594641e+03 9.968058987679473404e-01
6.543080024266176224e+03 9.962464163038166065e-01
6.543114051676717281e+03 9.993187930361744353e-01
6.543148079264217813e+03 1.006955661162218796e+00
6.543182107028679638e+03 1.001804150628639256e+00
6.543216134970103667e+03 1.007665055212673577e+00
6.543250163088490808e+03 1.005050964787963741e+00
6.543284191383841971e+03 1.000427487341656096e+00
6.543318219856157157e+03 1.001152363436589310e+00
6.543352248505438183e+03 1.000849115675820356e+00
6.543386277331686870e+03 9.975091212656793660e-01
6.543420306334902307e+03 9.953010832931303842e-01
6.543454335515086314e+03 9.989432985466825121e-01
6.543488364872239799e+03 9.941346354894829984e-01
6.543522394406362764e+03 9.965039417008938472e-01
6.543556424117457937e+03 1.000052140192625894e+00
6.543590454005525316e+03 1.000137039280451390e+00
6.543624484070564904e+03 1.002831631309042404e+00
6.543658514312579427e+03 1.006121495845970326e+00
6.543692544731567978e+03 1.002293691378880913e+00
6.543726575327533283e+03 1.002913929510165003e+00
6.543760606100474433e+03 9.943814692122936449e-01
6.543794637050394158e+03 1.000079477099930170e+00
6.543828668177291547e+03 1.001956957974302176e+00
6.543862699481169329e+03 1.004988248780643856e+00
6.543896730962027505e+03 1.008620798063397439e+00
6.543930762619866073e+03 1.003844770247133145e+00
6.543964794454687762e+03 9.987657830017657723e-01
6.543998826466492574e+03 1.005501605580454649e+00
6.544032858655281416e+03 1.000735869162602931e+00
6.544066891021055199e+03 1.008155232726245742e+00
6.544100923563814831e+03 1.006171646285592969e+00
6.544134956283561223e+03 1.004174159957190504e+00
6.544168989180296194e+03 1.002356344450618941e+00
6.544203022254018833e+03 1.000563957696102069e+00
6.544237055504731870e+03 1.000042879385718564e+00
6.544271088932435305e+03 9.969116781989780796e-01
6.544305122537130046e+03 9.872702531790270575e-01
6.544339156318817004e+03 9.766888696630783295e-01
6.544373190277497997e+03 9.473344372881409292e-01
6.544407224413173026e+03 8.960744609893273038e-01
6.544441258725842999e+03 8.704388626244425886e-01
6.544475293215508827e+03 8.945399397677311626e-01
6.544509327882172329e+03 9.451767703305521406e-01
6.544543362725832594e+03 9.801369572648536144e-01
6.544577397746492352e+03 9.900760883817729674e-01
6.544611432944152511e+03 9.984931782066727157e-01
6.544645468318812163e+03 1.000609362982441741e+00
6.544679503870474036e+03 1.006891389108379498e+00
6.544713539599139040e+03 1.005631558080236854e+00
6.544747575504806264e+03 1.000128450130104873e+00
6.544781611587479347e+03 9.989223282857080388e-01
6.544815647847156470e+03 9.983242681261628171e-01
6.544849684283840361e+03 9.997609732528421889e-01
6.544883720897531020e+03 1.003820362872572369e+00
6.544917757688230267e+03 9.974704300938534995e-01
6.544951794655938102e+03 9.983358964479260855e-01
6.544985831800655433e+03 9.960818033343971090e-01
6.545019869122384080e+03 1.001836194935102231e+00
6.545053906621124042e+03 1.003231758748596381e+00
6.545087944296877140e+03 1.004843062818108423e+00
6.545121982149643372e+03 1.002066498853949161e+00
6.545156020179424559e+03 9.998395174484786541e-01
6.545190058386221608e+03 1.002806226300848147e+00
6.545224096770033611e+03 9.946396141749941355e-01
6.545258135330864206e+03 1.004838836307970995e+00
6.545292174068712484e+03 1.002254876812111339e+00
6.545326212983579353e+03 1.004895412682459410e+00
6.545360252075466633e+03 1.005830103070697534e+00
6.545394291344375233e+03 1.000423744394372205e+00
6.545428330790305154e+03 1.001967036412294121e+00
6.545462370413258213e+03 1.006823828294741707e+00
6.545496410213234412e+03 1.002000356284143079e+00
6.545530450190235570e+03 1.000087252442310337e+00
6.545564490344262595e+03 9.986184692855440970e-01
6.545598530675315487e+03 1.002633478197800132e+00
6.545632571183396067e+03 9.949949758876699413e-01
6.545666611868505242e+03 9.992345436899775502e-01
6.545700652730643014e+03 9.985709305736035768e-01
6.545734693769811201e+03 9.987916301787929108e-01
6.545768734986010713e+03 1.002879109487590403e+00
6.545802776379241550e+03 1.000638954663935598e+00
6.545836817949505530e+03 1.005460496094669365e+00
6.545870859696803564e+03 1.008330152782767275e+00
6.545904901621136560e+03 1.008823511945828200e+00
6.545938943722505428e+03 1.003683979019889927e+00
6.545972986000910169e+03 9.997457972551708760e-01
6.546007028456352600e+03 1.001463449319358823e+00
6.546041071088833633e+03 1.001181317018344341e+00
6.546075113898354175e+03 1.001627806884758831e+00
6.546109156884914228e+03 1.002925805815246596e+00
6.546143200048516519e+03 9.947266571571526939e-01
6.546177243389160139e+03 1.003320005229356715e+00
6.546211286906846908e+03 1.002557182554613346e+00
6.546245330601577734e+03 9.938747945266735995e-01
6.546279374473353528e+03 9.890297591810908173e-01
6.546313418522175198e+03 9.879279748013652940e-01
6.546347462748043654e+03 9.908580653353382672e-01
6.546381507150958896e+03 9.960218982321946690e-01
6.546415551730923653e+03 9.968908323989634779e-01
6.546449596487937015e+03 9.959848895800359481e-01
6.546483641422001710e+03 1.006152648295535190e+00
6.546517686533117740e+03 1.003154150878805106e+00
6.546551731821285102e+03 9.966333804540031815e-01
6.546585777286506527e+03 9.987202077885931617e-01
6.546619822928781105e+03 1.002963894512802989e+00
6.546653868748111563e+03 1.003671755347515848e+00
6.546687914744497903e+03 1.002762279647462229e+00
6.546721960917940123e+03 1.004333621444200908e+00
6.546756007268440953e+03 1.005317018129509465e+00
6.546790053796000393e+03 9.980034378783293469e-01
6.546824100500619352e+03 1.005271267540847502e+00
6.546858147382298739e+03 9.990529288061275048e-01
6.546892194441039464e+03 1.001580850439684367e+00
6.546926241676842437e+03 1.004029602471603999e+00
6.546960289089709477e+03 1.005652143603769533e+00
6.546994336679640583e+03 1.005603309705481285e+00
6.547028384446635755e+03 1.000196676745309210e+00
6.547062432390697722e+03 9.977675133630218296e-01
6.547096480511827394e+03 1.007168209188542551e+00
6.547130528810023861e+03 1.005957532557982370e+00
6.547164577285288942e+03 1.000086935097735719e+00
6.547198625937624456e+03 1.001984901615471379e+00
6.547232674767030403e+03 1.005231188572790257e+00
6.547266723773508602e+03 1.008144826835607244e+00
6.547300772957058143e+03 1.004669907182343280e+00
6.547334822317681756e+03 9.989101421982536921e-01
6.547368871855379439e+03 1.001788408241191863e+00
6.547402921570153012e+03 1.007153182940436320e+00
6.547436971462002475e+03 1.009215613360620711e+00
6.547471021530928738e+03 1.002696604773984257e+00
6.547505071776932709e+03 1.006034360727555921e+00
6.547539122200016209e+03 1.005356409473940671e+00
6.547573172800179236e+03 1.011378936524022443e+00
6.547607223577423611e+03 1.013533107675040235e+00
6.547641274531749332e+03 1.009098839727226915e+00
6.547675325663157309e+03 1.007838190481385787e+00
6.547709376971649363e+03 1.003968139875320853e+00
6.547743428457226400e+03 1.003184577943839972e+00
6.547777480119887514e+03 1.007599767800190227e+00
6.547811531959635431e+03 1.010967265318009511e+00
6.547845583976471062e+03 1.011460747856951725e+00
6.547879636170394406e+03 1.007077331397212117e+00
6.547913688541407282e+03 1.003133251362978484e+00
6.547947741089509691e+03 1.005694546876683582e+00
6.547981793814703451e+03 1.008594642904433902e+00
6.548015846716988563e+03 1.005607786474154830e+00
6.548049899796365935e+03 1.006000622853925108e+00
6.548083953052838297e+03 1.003979588660550260e+00
6.548118006486404738e+03 9.983070401616331857e-01
6.548152060097066169e+03 9.900373396624820854e-01
6.548186113884824408e+03 9.735386258641253177e-01
6.548220167849680365e+03 9.564249873311297945e-01
6.548254221991634040e+03 9.580450289195178160e-01
6.548288276310687252e+03 9.746913058675552577e-01
6.548322330806840000e+03 9.892764657364014891e-01
6.548356385480095014e+03 1.001638217044252155e+00
6.548390440330451383e+03 1.003404637123261445e+00
6.548424495357910018e+03 1.004239292955735552e+00
6.548458550562472738e+03 1.003218108567792921e+00
6.548492605944140450e+03 1.004641743647057828e+00
6.548526661502914067e+03 1.002696484536723887e+00
6.548560717238793586e+03 1.002497784829391447e+00
6.548594773151781737e+03 1.006442393346194786e+00
6.548628829241877611e+03 1.009439199774461171e+00
6.548662885509082116e+03 1.011048419596516812e+00
6.548696941953397982e+03 1.011209876882103842e+00
6.548730998574824298e+03 1.003804422546799024e+00
6.548765055373362884e+03 9.990424086952250926e-01
6.548799112349014649e+03 1.005010529817089271e+00
6.548833169501780503e+03 1.007474256642318267e+00
6.548867226831661355e+03 1.004519697215839669e+00
6.548901284338657206e+03 1.004011185977967235e+00
6.548935342022769873e+03 1.003706414415339809e+00
6.548969399884001177e+03 1.001521951062693372e+00
6.549003457922350208e+03 1.005342356681200755e+00
6.549037516137818784e+03 1.003392424288040541e+00
6.549071574530407815e+03 9.834994048102445596e-01
6.549105633100118212e+03 9.495097241770783514e-01
6.549139691846950882e+03 9.167018162233629974e-01
6.549173750770906736e+03 9.149856205715165558e-01
6.549207809871986683e+03 9.479317584219356663e-01
6.549241869150190723e+03 9.834027597528274267e-01
6.549275928605521585e+03 9.978106377209839950e-01
6.549309988237979269e+03 1.000813888556409736e+00
6.549344048047564684e+03 1.004071293965209444e+00
6.549378108034278739e+03 1.003664288508548275e+00
6.549412168198122345e+03 1.007961669967157636e+00
6.549446228539096410e+03 1.008584520634736359e+00
6.549480289057201844e+03 1.007410190079041090e+00
6.549514349752439557e+03 1.003597590825060726e+00
6.549548410624811368e+03 1.003875207621622634e+00
6.549582471674316366e+03 1.004695115520741311e+00
6.549616532900957282e+03 9.983810456992040505e-01
6.549650594304733204e+03 9.970749962598505212e-01
6.549684655885646862e+03 1.007113511843893194e+00
6.549718717643698255e+03 9.984358199068923412e-01
6.549752779578889204e+03 1.001464825016839644e+00
6.549786841691218797e+03 1.005227914822278690e+00
6.549820903980689764e+03 1.012846833097130750e+00
6.549854966447302104e+03 1.013968070553703527e+00
6.549889029091056727e+03 1.011880883828524924e+00
6.549923091911954543e+03 1.013191685867649294e+00
6.549957154909997371e+03 1.013389012439351866e+00
6.549991218085185210e+03 1.014730896942189320e+00
6.550025281437518970e+03 1.010330827620945504e+00
6.550059344966999561e+03 1.017963125009638814e+00
6.550093408673628801e+03 1.011239741587263596e+00
6.550127472557406691e+03 1.010680346203519209e+00
6.550161536618335049e+03 1.008679513614768153e+00
6.550195600856412966e+03 1.007983518934980394e+00
6.550229665271644080e+03 1.011268783809982752e+00
6.550263729864026573e+03 1.012602579773074218e+00
6.550297794633563171e+03 1.012084664645896526e+00
6.550331859580254786e+03 1.011506035916994284e+00
6.550365924704100507e+03 1.016095203249046452e+00
6.550399990005103064e+03 1.021169430272930168e+00
6.550434055483263364e+03 1.018037729858447316e+00
6.550468121138581409e+03 1.012829854680458608e+00
6.550502186971059018e+03 1.011295948982767978e+00
6.550536252980696190e+03 1.011732308361482424e+00
6.550570319167493835e+03 1.010150253688456790e+00
6.550604385531453772e+03 1.008939014707538773e+00
6.550638452072576911e+03 1.011800177006421997e+00
6.550672518790863251e+03 1.012689004102057755e+00
6.550706585686314611e+03 1.010762932270361514e+00
6.550740652758930992e+03 1.013303642197461940e+00
6.550774720008714212e+03 1.008697553615603981e+00
6.550808787435664271e+03 1.011073603558754863e+00
6.550842855039782989e+03 1.012157364370542156e+00
6.550876922821071275e+03 1.013480241171708096e+00
6.550910990779529129e+03 1.016366106441608519e+00
6.550945058915158370e+03 1.013440161418119878e+00
6.550979127227958998e+03 1.011564602230632604e+00
6.551013195717932831e+03 1.013456118826062013e+00
6.551047264385080780e+03 1.016566422695002414e+00
6.551081333229403754e+03 1.012109209582593650e+00
6.551115402250901752e+03 1.011638675602194670e+00
6.551149471449576595e+03 1.009006134282735223e+00
6.551183540825429191e+03 1.013526403278979027e+00
6.551217610378459540e+03 1.018374761495389524e+00
6.551251680108669461e+03 1.014859728301751085e+00
6.551285750016059865e+03 1.012952766652873260e+00
6.551319820100631659e+03 1.014371219184225348e+00
6.551353890362384846e+03 1.013068139017381908e+00
6.551387960801322151e+03 1.011192823767669502e+00
6.551422031417442668e+03 1.010462092833778636e+00
6.551456102210748213e+03 1.016657608725673789e+00
6.551490173181239697e+03 1.021062647535320389e+00
6.551524244328917121e+03 1.021879108587165907e+00
6.551558315653783211e+03 1.019727950803311245e+00
6.551592387155837059e+03 1.018718047441482089e+00
6.551626458835081394e+03 1.021046177190108262e+00
6.551660530691515305e+03 1.017876338097160493e+00
6.551694602725140612e+03 1.013637526775583497e+00
6.551728674935958225e+03 1.018883034704689772e+00
6.551762747323969052e+03 1.017986269167518776e+00
6.551796819889174003e+03 1.019704682021898234e+00
6.551830892631573988e+03 1.019601058871735466e+00
6.551864965551169917e+03 1.018383620295452818e+00
6.551899038647962698e+03 1.018994674137101430e+00
6.551933111921954151e+03 1.018649349345038146e+00
6.551967185373143366e+03 1.018315537573982521e+00
6.552001259001532162e+03 1.020109201916459041e+00
6.552035332807121449e+03 1.006999526212706275e+00
6.552069406789912136e+03 1.013156065219543489e+00
6.552103480949906043e+03 1.010949054601995911e+00
6.552137555287102259e+03 1.019919460468741379e+00
6.552171629801503514e+03 1.018696591530738216e+00
6.552205704493108897e+03 1.014792127596034987e+00
6.552239779361921137e+03 1.012868436157047469e+00
6.552273854407940235e+03 1.012935887784367495e+00
6.552307929631167099e+03 1.017940956508320838e+00
6.552342005031602639e+03 1.015202222925646769e+00
6.552376080609248675e+03 1.020920592538767435e+00
6.552410156364105205e+03 1.017539643997185994e+00
6.552444232296173141e+03 1.019712125140056491e+00
6.552478308405453390e+03 1.021028128863809226e+00
6.552512384691946863e+03 1.013334707150189917e+00
6.552546461155655379e+03 1.009518229074527707e+00
6.552580537796578938e+03 1.007239278607453103e+00
6.552614614614718448e+03 1.006296561923984090e+00
6.552648691610075730e+03 1.015668210809516969e+00
6.552682768782649873e+03 1.020991328447218738e+00
6.552716846132444516e+03 1.018457936514542084e+00
6.552750923659457840e+03 1.018576211817501687e+00
6.552785001363692572e+03 1.021449335015417237e+00
6.552819079245148714e+03 1.020652481858945304e+00
6.552853157303828084e+03 1.018314220861148423e+00
6.552887235539730682e+03 1.017801278266287301e+00
6.552921313952857417e+03 1.016023372433727090e+00
6.552955392543210110e+03 1.018516517427449752e+00
6.552989471310788758e+03 1.023053323076449805e+00
6.553023550255595183e+03 1.013356995671097049e+00
6.553057629377629382e+03 1.007083104464514989e+00
6.553091708676892267e+03 9.926080960691919808e-01
6.553125788153386566e+03 9.406624372127833089e-01
6.553159867807110459e+03 9.013340099502539227e-01
6.553193947638066675e+03 9.238516356227656212e-01
6.553228027646256123e+03 9.727829264041585322e-01
6.553262107831678804e+03 9.944735039702815582e-01
6.553296188194336537e+03 9.978073438695106434e-01
6.553330268734229321e+03 1.008907086800439279e+00
6.553364349451358976e+03 1.015441207006293700e+00
6.553398430345725501e+03 1.014700886782854861e+00
6.553432511417330716e+03 1.019236666351256648e+00
6.553466592666175529e+03 1.017937788271366939e+00
6.553500674092259942e+03 1.021486866546689409e+00
6.553534755695585773e+03 1.018422895021931174e+00
6.553568837476153931e+03 1.018655046368055261e+00
6.553602919433964416e+03 1.022003548049989829e+00
6.553637001569019048e+03 1.020889269042785319e+00
6.553671083881318737e+03 1.019698537964437435e+00
6.553705166370863481e+03 1.022615971725152839e+00
6.553739249037656009e+03 1.021741130295723554e+00
6.553773331881694503e+03 1.017080969019442005e+00
6.553807414902982600e+03 1.013922918264025919e+00
6.553841498101519392e+03 1.022020350846287506e+00
6.553875581477307605e+03 1.023179084285739782e+00
6.553909665030346332e+03 1.019907623830131893e+00
6.553943748760636481e+03 1.022838720293480108e+00
6.553977832668180781e+03 1.021971916083083132e+00
6.554011916752978323e+03 1.014576005460022134e+00
6.554046001015031834e+03 1.013094589001779067e+00
6.554080085454340406e+03 1.013958334319165822e+00
6.554114170070905857e+03 1.018794454950631811e+00
6.554148254864729097e+03 1.015375625618580857e+00
6.554182339835810126e+03 1.022205346203798326e+00
6.554216424984151672e+03 1.012388535435365666e+00
6.554250510309753736e+03 1.004675073626255966e+00
6.554284595812616317e+03 9.887803715763268109e-01
6.554318681492742144e+03 9.780146184086695449e-01
6.554352767350131217e+03 9.878929647899628019e-01
6.554386853384783535e+03 1.004874135194119278e+00
6.554420939596701828e+03 1.017974766080231408e+00
6.554455025985885186e+03 1.020587438065355901e+00
6.554489112552336337e+03 1.017460875475499016e+00
6.554523199296054372e+03 1.018319372676592227e+00
6.554557286217042019e+03 1.015665686347843488e+00
6.554591373315299279e+03 1.018654916761518425e+00
6.554625460590826151e+03 1.020344285888016733e+00
6.554659548043625364e+03 1.021354917103240112e+00
6.554693635673696917e+03 1.021004573752160027e+00
6.554727723481041721e+03 1.018033431669038480e+00
6.554761811465661594e+03 1.017120371768552856e+00
6.554795899627555627e+03 1.015737403025782193e+00
6.554829987966726549e+03 1.013125001570528205e+00
6.554864076483173449e+03 1.007211381125950656e+00
6.554898165176899056e+03 1.019709145632488045e+00
6.554932254047903371e+03 1.020341975232700538e+00
6.554966343096188211e+03 1.019829829866423454e+00
6.555000432321752669e+03 1.017880344040730467e+00
6.555034521724599472e+03 1.019108722569564085e+00
6.555068611304728620e+03 1.020960915363356314e+00
6.555102701062141023e+03 1.017681870870926764e+00
6.555136790996838499e+03 1.017754167737220605e+00
6.555170881108821050e+03 1.014078930499039632e+00
6.555204971398089583e+03 1.013980239468984523e+00
6.555239061864645919e+03 1.010150542562467058e+00
6.555273152508490057e+03 1.009473420456447945e+00
6.555307243329622906e+03 1.013715091280201763e+00
6.555341334328046287e+03 1.018206127840728170e+00
6.555375425503760198e+03 1.021654124034246491e+00
6.555409516856765549e+03 1.022377528408602743e+00
6.555443608387064160e+03 1.020114533248674293e+00
6.555477700094656029e+03 1.017376306956915277e+00
6.555511791979542977e+03 1.014860545548764037e+00
6.555545884041725003e+03 1.017194498111237300e+00
6.555579976281203017e+03 1.022637999455358937e+00
6.555614068697978837e+03 1.010914007547200288e+00
6.555648161292053373e+03 1.011391528058013245e+00
6.555682254063426626e+03 1.019234701423857636e+00
6.555716347012100414e+03 1.016647558710528587e+00
6.555750440138074737e+03 1.016127601017777549e+00
6.555784533441350504e+03 1.018451118916400278e+00
6.555818626921930445e+03 1.014551064122517054e+00
6.555852720579812740e+03 1.014910177341922681e+00
6.555886814415001027e+03 1.015267080402544320e+00
6.555920908427494396e+03 1.012758416035672404e+00
6.555955002617293758e+03 1.013553411207330557e+00
6.555989096984401840e+03 1.017766399439136160e+00
6.556023191528817733e+03 1.022261366418433459e+00
6.556057286250542347e+03 1.018587004608304536e+00
6.556091381149577501e+03 1.016184089328032503e+00
6.556125476225924103e+03 1.019182750823184547e+00
6.556159571479583065e+03 1.021475141301411593e+00
6.556193666910554384e+03 1.019867852789061002e+00
6.556227762518839882e+03 1.018923458948599370e+00
6.556261858304440466e+03 1.025496397531185266e+00
6.556295954267356137e+03 1.019735148031237992e+00
6.556330050407589624e+03 1.024187061425312795e+00
6.556364146725140017e+03 1.016886670864900699e+00
6.556398243220009135e+03 1.019917675080456831e+00
6.556432339892196978e+03 1.022438592208165575e+00
6.556466436741706275e+03 1.021126595502561685e+00
6.556500533768536116e+03 1.021378251661988923e+00
6.556534630972688319e+03 1.021890290779367438e+00
6.556568728354163795e+03 1.022520041477361641e+00
6.556602825912963453e+03 1.025722213733629928e+00
6.556636923649088203e+03 1.025774948681723808e+00
6.556671021562538954e+03 1.026104675376033226e+00
6.556705119653316615e+03 1.028153818268681796e+00
6.556739217921421186e+03 1.025925742589996359e+00
6.556773316366855397e+03 1.027997784692110894e+00
6.556807414989618337e+03 1.025888393039673385e+00
6.556841513789712735e+03 1.025963271364179752e+00
6.556875612767137682e+03 1.027544352284274654e+00
6.556909711921895905e+03 1.027420108693207323e+00
6.556943811253986496e+03 1.030112531460169567e+00
6.556977910763412183e+03 1.029895534364984933e+00
6.557012010450172056e+03 1.027833282843085838e+00
6.557046110314268844e+03 1.023116054398436559e+00
6.557080210355702548e+03 1.021123605130814127e+00
6.557114310574473166e+03 1.028588836168461418e+00
6.557148410970583427e+03 1.029403348696716236e+00
6.557182511544033332e+03 1.029080756978225430e+00
6.557216612294824699e+03 1.025891426047357946e+00
6.557250713222956620e+03 1.027226447807930487e+00
6.557284814328430912e+03 1.031878800003635188e+00
6.557318915611249395e+03 1.027338816461299098e+00
6.557353017071412069e+03 1.026306255634792164e+00
6.557387118708919843e+03 1.031131693438482433e+00
6.557421220523773627e+03 1.028566711776566889e+00
6.557455322515975240e+03 1.027567589756141597e+00
6.557489424685523772e+03 1.026707548259657932e+00
6.557523527032421953e+03 1.028472623505125805e+00
6.557557629556670690e+03 1.023899106980744600e+00
6.557591732258269076e+03 1.020484717377380557e+00
6.557625835137219838e+03 1.016590547612924889e+00
6.557659938193522976e+03 9.969126655043710761e-01
6.557694041427180309e+03 9.712028097295658524e-01
6.557728144838190929e+03 9.685316757170673307e-01
6.557762248426558472e+03 9.877749361783676463e-01
6.557796352192281120e+03 1.007135228346164757e+00
6.557830456135361601e+03 1.017815744637106334e+00
6.557864560255799915e+03 1.021642112700393179e+00
6.557898664553597882e+03 1.018186913259214732e+00
6.557932769028755501e+03 1.018623875566347481e+00
6.557966873681274592e+03 1.016502709242022240e+00
6.558000978511155154e+03 1.014383322915958230e+00
6.558035083518399006e+03 1.018920545104019526e+00
6.558069188703006148e+03 1.022333408928419951e+00
6.558103294064977490e+03 1.022071667688208008e+00
6.558137399604314851e+03 1.022322381929984036e+00
6.558171505321019140e+03 1.018408554024471391e+00
6.558205611215090357e+03 1.021983475379327988e+00
6.558239717286529412e+03 1.014343660309598771e+00
6.558273823535339034e+03 1.015211044599942491e+00
6.558307929961518312e+03 1.015034468377106425e+00
6.558342036565068156e+03 1.011580155335174869e+00
6.558376143345990386e+03 1.009942073111286254e+00
6.558410250304285910e+03 1.011627776954275859e+00
6.558444357439954729e+03 1.008793303062527569e+00
6.558478464752998661e+03 9.999126515957200700e-01
6.558512572243417708e+03 1.005749907475552707e+00
6.558546679911214596e+03 1.008971127676913548e+00
6.558580787756388418e+03 1.000147501054521770e+00
6.558614895778940081e+03 9.887597775608731876e-01
6.558649003978872315e+03 9.805570180377309875e-01
6.558683112356184211e+03 9.786884582254392617e-01
6.558717220910877586e+03 9.831933254866327410e-01
6.558751329642953351e+03 9.905883537447546239e-01
6.558785438552411506e+03 9.926078033559085911e-01
6.558819547639253869e+03 9.928712360402728310e-01
6.558853656903482261e+03 9.965729787415666951e-01
6.558887766345094860e+03 9.927106119889199665e-01
6.558921875964095307e+03 9.984359885048376126e-01
6.558955985760483600e+03 9.906176437742679752e-01
6.558990095734259739e+03 9.858414221667941568e-01
6.559024205885426454e+03 9.930099284730823372e-01
6.559058316213982835e+03 9.877926662897472676e-01
6.559092426719930700e+03 9.855483579856801901e-01
6.559126537403270959e+03 9.820798618292144733e-01
6.559160648264004521e+03 9.753511023004921565e-01
6.559194759302132297e+03 9.781240707045645300e-01
6.559228870517655196e+03 9.837686837205585899e-01
6.559262981910574126e+03 9.804300587062537709e-01
6.559297093480889998e+03 9.775180506832742422e-01
6.559331205228603721e+03 9.815403464792815669e-01
6.559365317153716205e+03 9.782589047274982130e-01
6.559399429256228359e+03 9.778864205475358284e-01
6.559433541536141092e+03 9.746185115242822494e-01
6.559467653993455315e+03 9.726848426290436445e-01
6.559501766628171936e+03 9.743436876810316338e-01
6.559535879440292774e+03 9.709171605160284990e-01
6.559569992429816921e+03 9.641799946000749744e-01
6.559604105596747104e+03 9.646425996278665815e-01
6.559638218941083323e+03 9.670998388688921699e-01
6.559672332462825580e+03 9.627222780940876135e-01
6.559706446161976601e+03 9.615627704404040577e-01
6.559740560038537296e+03 9.608643149528546257e-01
6.559774674092506757e+03 9.564754785992304331e-01
6.559808788323887711e+03 9.537580251805535259e-01
6.559842902732680159e+03 9.569795688956127533e-01
6.559877017318885009e+03 9.550022831052256134e-01
6.559911132082503173e+03 9.521143188666916224e-01
6.559945247023536467e+03 9.508563251982514730e-01
6.559979362141984893e+03 9.493871968541252038e-01
6.560013477437849360e+03 9.492002689605459897e-01
6.560047592911130778e+03 9.461560881418673574e-01
6.560081708561830965e+03 9.439561244516644356e-01
6.560115824389949921e+03 9.410627448622659319e-01
6.560149940395489466e+03 9.403949902768031777e-01
6.560184056578449599e+03 9.400904883813542279e-01
6.560218172938831231e+03 9.407799210140197488e-01
6.560252289476636179e+03 9.412990799992160262e-01
6.560286406191864444e+03 9.385267132854372418e-01
6.560320523084517845e+03 9.335378316203513105e-01
6.560354640154596382e+03 9.298414161038428549e-01
6.560388757402100964e+03 9.299046446575052194e-01
6.560422874827033411e+03 9.319510099850903950e-01
6.560456992429393722e+03 9.305030637115856429e-01
6.560491110209183717e+03 9.282941325569934454e-01
6.560525228166404304e+03 9.295928761370915172e-01
6.560559346301055484e+03 9.241013227398705565e-01
6.560593464613138167e+03 9.283141802539556231e-01
6.560627583102655080e+03 9.227443755957734917e-01
6.560661701769604406e+03 9.217488344639881426e-01
6.560695820613989781e+03 9.259951312082761454e-01
6.560729939635809387e+03 9.263368811500055644e-01
6.560764058835066862e+03 9.234586153740748093e-01
6.560798178211761297e+03 9.195534071711638502e-01
6.560832297765894509e+03 9.163959445573124363e-01
6.560866417497466500e+03 9.166747089180977692e-01
6.560900537406479089e+03 9.098204766973831958e-01
6.560934657492933184e+03 9.090398747814042446e-01
6.560968777756829695e+03 9.081851046202361610e-01
6.561002898198168623e+03 8.923810536879351885e-01
6.561037018816951786e+03 8.882080394141510515e-01
6.561071139613180094e+03 8.921486599817044505e-01
6.561105260586853547e+03 9.004037012683329122e-01
6.561139381737973963e+03 9.085728449467525003e-01
6.561173503066542253e+03 9.079089032860341302e-01
6.561207624572559325e+03 9.041186661803498614e-01
6.561241746256026090e+03 9.060033577202966093e-01
6.561275868116943457e+03 9.047702361088304501e-01
6.561309990155311425e+03 9.032438080855059725e-01
6.561344112371131814e+03 8.994689105623788761e-01
6.561378234764405533e+03 8.981969864036817297e-01
6.561412357335134402e+03 9.020853677752337374e-01
6.561446480083316601e+03 9.019103034383414430e-01
6.561480603008955768e+03 9.011390674778221310e-01
6.561514726112051903e+03 8.977069180954223571e-01
6.561548849392605916e+03 8.915981567304950284e-01
6.561582972850618717e+03 8.868515225326959461e-01
6.561617096486091214e+03 8.803549360332738605e-01
6.561651220299023407e+03 8.749504932416557468e-01
6.561685344289418026e+03 8.827810225525926091e-01
6.561719468457275070e+03 8.872525970802338513e-01
6.561753592802595449e+03 8.928800973077136716e-01
6.561787717325380072e+03 8.894968228756278128e-01
6.561821842025629849e+03 8.924311193834721934e-01
6.561855966903345688e+03 8.889390828333972872e-01
6.561890091958528501e+03 8.856402062927973828e-01
6.561924217191179196e+03 8.845324591566272598e-01
6.561958342601298682e+03 8.829876228500258550e-01
6.561992468188888779e+03 8.806367012307513287e-01
6.562026593953949487e+03 8.790293057328036896e-01
6.562060719896481714e+03 8.809877149527530760e-01
6.562094846016486372e+03 8.829856908307657237e-01
6.562128972313964368e+03 8.842138624141686609e-01
6.562163098788917523e+03 8.832811934541003884e-01
6.562197225441344926e+03 8.775375046332343221e-01
6.562231352271249307e+03 8.813666597942667602e-01
6.562265479278631574e+03 8.752553396338549341e-01
6.562299606463490818e+03 8.714939695207133408e-01
6.562333733825829768e+03 8.740032405224928969e-01
6.562367861365648423e+03 8.764178154145197963e-01
6.562401989082948603e+03 8.766294223288689791e-01
6.562436116977730308e+03 8.751360972374307989e-01
6.562470245049994446e+03 8.747478195398132872e-01
6.562504373299742838e+03 8.752223713722407927e-01
6.562538501726974573e+03 8.695197145727056043e-01
6.562572630331693290e+03 8.698262357984776205e-01
6.562606759113898079e+03 8.672803084156714970e-01
6.562640888073589849e+03 8.674493977579144088e-01
6.562675017210769511e+03 8.693754660556515246e-01
6.562709146525439792e+03 8.712003247866690891e-01
6.562743276017598873e+03 8.713878664154544040e-01
6.562777405687249484e+03 8.692056116004285293e-01
6.562811535534392533e+03 8.696464757829660552e-01
6.562845665559028021e+03 8.693197467271546186e-01
6.562879795761157766e+03 8.627499929806388135e-01
6.562913926140781768e+03 8.596920914646026812e-01
6.562948056697900938e+03 8.545770402185685066e-01
6.562982187432518003e+03 8.499102494071436587e-01
6.563016318344632055e+03 8.549161560465885490e-01
6.563050449434244001e+03 8.579371914842032210e-01
6.563084580701355662e+03 8.575624246105431059e-01
6.563118712145967947e+03 8.620920143520857115e-01
6.563152843768081766e+03 8.610889993900946449e-01
6.563186975567697118e+03 8.590848431342088531e-01
6.563221107544815823e+03 8.565502969382587928e-01
6.563255239699437880e+03 8.567791847758734480e-01
6.563289372031565108e+03 8.642177223698056521e-01
6.563323504541198417e+03 8.624704328139988219e-01
6.563357637228338717e+03 8.559787444924825683e-01
6.563391770092986008e+03 8.561812899334519944e-01
6.563425903135143017e+03 8.626816287240811620e-01
6.563460036354808835e+03 8.616494792452056295e-01
6.563494169751984373e+03 8.628067662378081648e-01
6.563528303326672358e+03 8.599297879153406932e-01
6.563562437078871881e+03 8.577003450913173177e-01
6.563596571008585670e+03 8.601740241996985725e-01
6.563630705115812816e+03 8.625560967825941505e-01
6.563664839400555138e+03 8.603972927667388193e-01
6.563698973862813546e+03 8.572813682563977800e-01
6.563733108502588948e+03 8.595605356493495330e-01
6.563767243319882255e+03 8.660779306090716778e-01
6.563801378314693466e+03 8.684449065009524071e-01
6.563835513487025310e+03 8.666188116919908424e-01
6.563869648836877786e+03 8.686393040605293603e-01
6.563903784364250896e+03 8.684311168270893999e-01
6.563937920069147367e+03 8.718115328448795553e-01
6.563972055951566290e+03 8.665207518948603305e-01
6.564006192011510393e+03 8.578112525368272179e-01
6.564040328248979677e+03 8.542667989549285190e-01
6.564074464663975050e+03 8.583916724462381520e-01
6.564108601256496513e+03 8.682647184859613176e-01
6.564142738026546795e+03 8.777411550402770546e-01
6.564176874974125894e+03 8.822475765637992628e-01
6.564211012099235631e+03 8.822358928974354253e-01
6.564245149401875096e+03 8.804839523477292484e-01
6.564279286882046108e+03 8.903819680242219814e-01
6.564313424539750486e+03 8.903100765394861282e-01
6.564347562374988229e+03 8.911914647148625468e-01
6.564381700387760247e+03 8.928990041353421780e-01
6.564415838578067451e+03 8.935830856507844810e-01
6.564449976945910748e+03 8.933183511886920725e-01
6.564484115491291959e+03 8.904027299271204399e-01
6.564518254214211083e+03 8.881177645023319300e-01
6.564552393114669030e+03 8.882870031684058088e-01
6.564586532192667619e+03 8.873209555487313605e-01
6.564620671448205940e+03 8.892673580277482559e-01
6.564654810881287631e+03 8.944806761674918283e-01
6.564688950491910873e+03 8.808858767780911592e-01
6.564723090280078395e+03 8.611228528499595969e-01
6.564757230245790197e+03 8.639153422427831019e-01
6.564791370389047188e+03 8.906187604506761168e-01
6.564825510709851187e+03 9.079993588883165101e-01
6.564859651208203104e+03 9.215607277922722718e-01
6.564893791884102029e+03 9.301822661983288887e-01
6.564927932737551600e+03 9.309030353485407971e-01
6.564962073768549999e+03 9.326281590300716795e-01
6.564996214977099953e+03 9.387112080039216044e-01
6.565030356363202372e+03 9.423482004167271775e-01
6.565064497926857257e+03 9.445651435304134313e-01
6.565098639668066426e+03 9.508604569170602261e-01
6.565132781586829879e+03 9.490156733926328192e-01
6.565166923683148525e+03 9.553890303789007721e-01
6.565201065957025094e+03 9.529523235312563623e-01
6.565235208408457765e+03 9.558217058301339275e-01
6.565269351037450178e+03 9.592477179258092068e-01
6.565303493844001423e+03 9.627198416443683016e-01
6.565337636828113318e+03 9.664853766511616318e-01
6.565371779989785864e+03 9.692522426759828669e-01
6.565405923329020879e+03 9.712412715235976268e-01
6.565440066845818365e+03 9.733967966946562855e-01
6.565474210540181048e+03 9.756344718431846363e-01
6.565508354412108019e+03 9.782310543585494012e-01
6.565542498461600189e+03 9.811600438504812782e-01
6.565576642688660286e+03 9.823463344521671248e-01
6.565610787093287399e+03 9.857629799380994706e-01
6.565644931675483349e+03 9.940467300279202112e-01
6.565679076435248135e+03 9.876723436905678888e-01
6.565713221372584485e+03 9.885007222332484744e-01
6.565747366487491490e+03 9.892730979381882950e-01
6.565781511779970970e+03 9.941029008619327589e-01
6.565815657250023833e+03 1.003850667131112040e+00
6.565849802897650989e+03 1.006559878673355390e+00
6.565883948722853347e+03 1.003645434020243643e+00
6.565918094725630908e+03 1.003734149448469504e+00
6.565952240905986400e+03 1.005975885481517063e+00
6.565986387263918914e+03 1.011618307803525241e+00
6.566020533799430268e+03 1.010432139824994691e+00
6.566054680512522282e+03 1.008058926534730393e+00
6.566088827403194045e+03 1.016629800362064628e+00
6.566122974471447378e+03 1.020061962750804074e+00
6.566157121717283189e+03 1.020093022060347021e+00
6.566191269140702389e+03 1.021874783248994500e+00
6.566225416741706795e+03 1.026596892060062105e+00
6.566259564520295498e+03 1.026581871212841168e+00
6.566293712476470319e+03 1.028468880405437824e+00
6.566327860610232165e+03 1.031990869710489811e+00
6.566362008921582856e+03 1.033080006472768542e+00
6.566396157410521482e+03 1.040210047034656471e+00
6.566430306077050773e+03 1.044261373149243166e+00
6.566464454921170727e+03 1.040475998524422074e+00
6.566498603942882255e+03 1.037347552314422661e+00
6.566532753142186266e+03 1.050995052091566295e+00
6.566566902519083669e+03 1.046176201946965367e+00
6.566601052073575374e+03 1.044287562282900428e+00
6.566635201805663201e+03 1.052001578099764467e+00
6.566669351715347148e+03 1.051448049983325861e+00
6.566703501802628125e+03 1.051616543974239981e+00
6.566737652067507042e+03 1.056239860208422643e+00
6.566771802509985719e+03 1.062780855958578075e+00
6.566805953130064154e+03 1.062230243569726174e+00
6.566840103927743257e+03 1.056715558592023818e+00
6.566874254903024848e+03 1.064154876294214347e+00
6.566908406055908017e+03 1.062903571045448192e+00
6.566942557386396402e+03 1.065281698446474801e+00
6.566976708894488183e+03 1.072948506255985146e+00
6.567010860580186090e+03 1.063693602438188446e+00
6.567045012443491032e+03 1.067528323084738107e+00
6.567079164484402099e+03 1.061631699360771508e+00
6.567113316702922020e+03 1.063726361471399207e+00
6.567147469099051705e+03 1.072487441440629574e+00
6.567181621672791152e+03 1.073477314534223570e+00
6.567215774424142182e+03 1.070635299795240858e+00
6.567249927353104795e+03 1.072906230873186040e+00
6.567284080459679899e+03 1.077664459536822994e+00
6.567318233743869314e+03 1.079691402386489418e+00
6.567352387205673949e+03 1.079346765389771035e+00
6.567386540845093805e+03 1.081775098228761722e+00
6.567420694662130700e+03 1.085035825685520372e+00
6.567454848656784634e+03 1.075127617753534492e+00
6.567489002829057426e+03 1.081956512730329445e+00
6.567523157178949077e+03 1.087887626224933069e+00
6.567557311706461405e+03 1.088127553402576275e+00
6.567591466411595320e+03 1.086883924835902127e+00
6.567625621294351731e+03 1.086062058193898894e+00
6.567659776354730639e+03 1.086818354070114623e+00
6.567693931592732952e+03 1.089080666613338133e+00
6.567728087008361399e+03 1.089548643085147983e+00
6.567762242601615071e+03 1.089845936755613920e+00
6.567796398372495787e+03 1.092407641958096587e+00
6.567830554321004456e+03 1.091917310286961484e+00
6.567864710447141078e+03 1.091879788018235820e+00
6.567898866750907473e+03 1.090193947162250598e+00
6.567933023232304549e+03 1.091441684604072426e+00
6.567967179891333217e+03 1.089401716760447281e+00
6.568001336727994385e+03 1.093922818993727342e+00
6.568035493742288054e+03 1.084060440615179255e+00
6.568069650934216952e+03 1.087182394820196629e+00
6.568103808303780170e+03 1.093348017049968979e+00
6.568137965850979526e+03 1.092318893201894348e+00
6.568172123575815931e+03 1.090766395635106800e+00
6.568206281478290293e+03 1.089126077882283328e+00
6.568240439558403523e+03 1.084335324364628317e+00
6.568274597816156529e+03 1.081338654244775599e+00
6.568308756251550221e+03 1.084326234114491694e+00
6.568342914864585509e+03 1.082124271673796656e+00
6.568377073655263302e+03 1.084199606363628110e+00
6.568411232623584510e+03 1.085761367044859593e+00
6.568445391769549133e+03 1.082973422634098348e+00
6.568479551093159898e+03 1.077658765931141849e+00
6.568513710594416807e+03 1.080563201710951882e+00
6.568547870273321678e+03 1.082581051442138120e+00
6.568582030129873601e+03 1.080655622971046448e+00
6.568616190164074396e+03 1.074852903851593044e+00
6.568650350375925882e+03 1.075448162627637760e+00
6.568684510765427149e+03 1.078308211187029686e+00
6.568718671332580925e+03 1.076408139412649234e+00
6.568752832077387211e+03 1.078322659896074676e+00
6.568786992999846916e+03 1.076536877767818146e+00
6.568821154099960950e+03 1.071374212937727499e+00
6.568855315377731131e+03 1.070790503960188600e+00
6.568889476833157460e+03 1.069140142081708822e+00
6.568923638466240845e+03 1.068656732684751587e+00
6.568957800276982198e+03 1.071274416375342708e+00
6.568991962265383336e+03 1.066173976332700502e+00
6.569026124431444259e+03 1.062511016568291389e+00
6.569060286775165878e+03 1.065780851456132439e+00
6.569094449296549101e+03 1.062057065562640013e+00
6.569128611995595747e+03 1.059941964874242304e+00
6.569162774872306727e+03 1.062001952247211056e+00
6.569196937926681130e+03 1.057274538293280886e+00
6.569231101158721685e+03 1.051129073113824308e+00
6.569265264568429302e+03 1.046694756482870137e+00
6.569299428155803980e+03 1.043444141803377745e+00
6.569333591920846629e+03 1.042207548078668777e+00
6.569367755863559069e+03 1.037153158149127785e+00
6.569401919983941298e+03 1.033340763137691409e+00
6.569436084281995136e+03 1.037715134023087238e+00
6.569470248757721492e+03 1.043327571491188266e+00
6.569504413411119458e+03 1.046547113383674343e+00
6.569538578242192671e+03 1.049328316742882850e+00
6.569572743250940221e+03 1.040770072570635474e+00
6.569606908437363018e+03 1.036558714838701434e+00
6.569641073801462881e+03 1.039398941160701195e+00
6.569675239343240719e+03 1.042451846761808687e+00
6.569709405062696533e+03 1.042789406804592645e+00
6.569743570959832141e+03 1.039048204565518496e+00
6.569777737034648453e+03 1.044192810243553593e+00
6.569811903287145469e+03 1.038498099835716282e+00
6.569846069717325008e+03 1.040710532444907521e+00
6.569880236325187980e+03 1.035644739561245808e+00
6.569914403110735293e+03 1.033761262377245638e+00
6.569948570073966948e+03 1.026532718670180255e+00
6.569982737214884764e+03 1.023671727882486504e+00
6.570016904533488741e+03 1.030538841358822566e+00
6.570051072029781608e+03 1.033644371845798382e+00
6.570085239703762454e+03 1.034560465119273465e+00
6.570119407555433099e+03 1.032853913718329242e+00
6.570153575584794453e+03 1.029904056062647344e+00
6.570187743791847424e+03 1.030599937960909207e+00
6.570221912176592014e+03 1.030554831515245295e+00
6.570256080739030949e+03 1.028733125280120175e+00
6.570290249479163322e+03 1.030809616327722722e+00
6.570324418396990950e+03 1.033978788417118322e+00
6.570358587492515653e+03 1.030180512372516732e+00
6.570392756765736522e+03 1.025027802812442879e+00
6.570426926216655374e+03 1.023107911624667299e+00
6.570461095845273121e+03 1.025476482097900099e+00
6.570495265651590671e+03 1.026535682406299665e+00
6.570529435635608934e+03 1.024853372321836043e+00
6.570563605797328819e+03 1.026553986630120319e+00
6.570597776136751236e+03 1.024334695607957091e+00
6.570631946653878003e+03 1.021350842901300071e+00
6.570666117348708212e+03 1.025753689748486686e+00
6.570700288221243682e+03 1.030095353936759217e+00
6.570734459271486230e+03 1.028454952850475168e+00
6.570768630499434948e+03 1.026124047549515472e+00
6.570802801905092565e+03 1.023825134263796510e+00
6.570836973488459080e+03 1.020114790866644139e+00
6.570871145249535402e+03 1.015977537477325665e+00
6.570905317188322442e+03 1.018833183156845568e+00
6.570939489304822018e+03 1.017501717192085264e+00
6.570973661599033221e+03 1.015467419372251268e+00
6.571007834070958779e+03 1.019766391532761496e+00
6.571042006720598692e+03 1.021030683317322829e+00
6.571076179547954780e+03 1.017614541603287570e+00
6.571110352553027042e+03 1.013333376548878562e+00
6.571144525735815478e+03 1.012320879231934256e+00
6.571178699096323726e+03 1.014229872661580378e+00
6.571212872634549967e+03 1.014851534877777350e+00
6.571247046350496930e+03 1.015030973535334002e+00
6.571281220244165524e+03 1.015824905242551868e+00
6.571315394315554840e+03 1.013915532273298004e+00
6.571349568564668516e+03 1.015189890933548167e+00
6.571383742991504732e+03 1.017549631356433615e+00
6.571417917596066218e+03 1.016097824626584156e+00
6.571452092378352972e+03 1.015751056157166765e+00
6.571486267338366815e+03 1.011579433599992139e+00
6.571520442476108656e+03 1.009870606486415801e+00
6.571554617791577584e+03 1.010390847059436714e+00
6.571588793284777239e+03 1.012213854855675388e+00
6.571622968955706710e+03 1.015841805332921677e+00
6.571657144804366908e+03 1.019197014731614281e+00
6.571691320830759651e+03 1.017148906411440956e+00
6.571725497034884938e+03 1.011967691588252949e+00
6.571759673416745500e+03 1.013264105246538760e+00
6.571793849976339516e+03 1.016041947192601658e+00
6.571828026713670624e+03 1.012246822890826570e+00
6.571862203628737916e+03 1.015068225251831269e+00
6.571896380721542300e+03 1.015184405433898096e+00
6.571930557992086506e+03 1.012689656218048961e+00
6.571964735440369623e+03 1.014178209954772925e+00
6.571998913066392561e+03 1.014554536787439121e+00
6.572033090870158048e+03 1.012933854979555237e+00
6.572067268851665176e+03 1.014434172877651363e+00
6.572101447010915763e+03 1.018097743539974065e+00
6.572135625347910718e+03 1.011467604947902554e+00
6.572169803862650042e+03 1.012607376624844679e+00
6.572203982555135553e+03 1.012656805747674138e+00
6.572238161425368162e+03 1.010989541314340379e+00
6.572272340473348777e+03 1.013559024194379710e+00
6.572306519699078308e+03 1.012021048741923890e+00
6.572340699102557664e+03 1.014429876610041026e+00
6.572374878683786847e+03 1.017800441400260825e+00
6.572409058442768583e+03 1.013286497369181971e+00
6.572443238379501963e+03 1.012654640041434240e+00
6.572477418493988807e+03 1.004886874025205046e+00
6.572511598786230934e+03 1.000102274035915340e+00
6.572545779256227434e+03 9.899017513057606354e-01
6.572579959903980125e+03 9.608688246583632075e-01
6.572614140729489918e+03 9.414334229345536764e-01
6.572648321732757722e+03 9.486769307681397478e-01
6.572682502913784447e+03 9.711118974782084745e-01
6.572716684272571911e+03 9.913538996886692711e-01
6.572750865809119205e+03 1.002996420399328015e+00
6.572785047523429057e+03 1.002459175034505323e+00
6.572819229415500558e+03 1.005993269275018642e+00
6.572853411485336437e+03 1.015901333356669323e+00
6.572887593732935784e+03 1.013962361997459372e+00
6.572921776158301327e+03 1.014712881050285231e+00
6.572955958761433067e+03 1.014849911956872131e+00
6.572990141542332822e+03 1.017071673544209354e+00
6.573024324500999683e+03 1.012589909566189883e+00
6.573058507637436378e+03 1.010155716322470809e+00
6.573092690951642908e+03 1.011274474146917512e+00
6.573126874443620181e+03 1.009970733305043389e+00
6.573161058113369108e+03 1.015118679288045556e+00
6.573195241960891508e+03 1.014403703847100768e+00
6.573229425986187380e+03 1.009778096701509531e+00
6.573263610189257633e+03 1.011517285539017097e+00
6.573297794570104088e+03 1.016877392116805279e+00
6.573331979128726744e+03 1.017335487225913937e+00
6.573366163865126509e+03 1.015426356231692084e+00
6.573400348779305205e+03 1.014004584382261598e+00
6.573434533871262829e+03 1.010110216362051450e+00
6.573468719141000292e+03 1.009071578841985950e+00
6.573502904588519414e+03 1.014265831166826448e+00
6.573537090213821102e+03 1.017016728282399640e+00
6.573571276016904449e+03 1.010236202538797645e+00
6.573605461997773091e+03 1.008365257825583283e+00
6.573639648156426119e+03 1.013295783963978014e+00
6.573673834492864444e+03 1.017909973557141079e+00
6.573708021007089883e+03 1.016362890835626587e+00
6.573742207699102437e+03 1.014858077258149915e+00
6.573776394568903925e+03 1.015152759232807123e+00
6.573810581616495256e+03 1.010194955269974493e+00
6.573844768841876430e+03 1.012835711446526954e+00
6.573878956245048357e+03 1.013498522242543221e+00
6.573913143826013766e+03 1.012840798897424843e+00
6.573947331584771746e+03 1.013918143062578325e+00
6.573981519521323207e+03 1.010245181189893815e+00
6.574015707635670879e+03 1.012248911075390057e+00
6.574049895927813850e+03 1.010100295827574657e+00
6.574084084397753941e+03 1.010685622558997299e+00
6.574118273045491151e+03 1.011378698042650459e+00
6.574152461871027299e+03 1.013130484573520063e+00
6.574186650874363295e+03 1.009358816800150382e+00
6.574220840055500048e+03 1.013960885596213890e+00
6.574255029414438468e+03 1.016682505702707795e+00
6.574289218951178555e+03 1.015196446921210027e+00
6.574323408665722127e+03 1.014060871299892863e+00
6.574357598558070094e+03 1.018964980736698056e+00
6.574391788628223367e+03 1.017394095181332947e+00
6.574425978876182853e+03 1.013884242518264367e+00
6.574460169301948554e+03 1.014392317636593432e+00
6.574494359905523197e+03 1.014227524065953512e+00
6.574528550686905874e+03 1.014840732623180086e+00
6.574562741646099312e+03 1.018153395437184416e+00
6.574596932783102602e+03 1.020355105781117322e+00
6.574631124097918473e+03 1.019849034987983183e+00
6.574665315590546015e+03 1.018204044429642741e+00
6.574699507260987048e+03 1.016619854307087900e+00
6.574733699109243389e+03 1.018307587164852146e+00
6.574767891135314130e+03 1.019220630929010163e+00
6.574802083339201999e+03 1.017475053900251503e+00
6.574836275720906087e+03 1.012807183165495228e+00
6.574870468280429122e+03 1.015521285954039232e+00
6.574904661017771105e+03 1.017332443896474814e+00
6.574938853932932943e+03 1.018905442091390334e+00
6.574973047025915548e+03 1.016972997164369952e+00
6.575007240296719829e+03 1.016156689984937023e+00
6.575041433745346694e+03 1.017722092767887165e+00
6.575075627371797964e+03 1.017544261257657512e+00
6.575109821176073638e+03 1.016486439074732351e+00
6.575144015158174625e+03 1.015630678500394790e+00
6.575178209318101835e+03 1.015044400687602710e+00
6.575212403655856178e+03 1.015085147546899380e+00
6.575246598171439473e+03 1.013081589424149387e+00
6.575280792864851719e+03 1.005250791087609619e+00
6.575314987736094736e+03 9.864319689483922460e-01
6.575349182785167613e+03 9.420052907825837707e-01
6.575383378012073990e+03 9.103245734333970107e-01
6.575417573416812047e+03 9.206034740486063184e-01
6.575451768999384512e+03 9.551096403051064776e-01
6.575485964759791386e+03 9.850459890178803191e-01
6.575520160698034488e+03 1.001129550662360090e+00
6.575554356814113817e+03 1.009681354488177973e+00
6.575588553108030283e+03 1.013645101803997806e+00
6.575622749579785705e+03 1.015060348871683837e+00
6.575656946229380992e+03 1.016527423924060258e+00
6.575691143056816145e+03 1.014116629622044741e+00
6.575725340062092073e+03 1.013597902047765231e+00
6.575759537245210595e+03 1.017903270346949940e+00
6.575793734606172620e+03 1.016580704113115852e+00
6.575827932144978149e+03 1.017431855103902771e+00
6.575862129861629001e+03 1.013658874978775604e+00
6.575896327756125174e+03 1.015594083866399711e+00
6.575930525828468490e+03 1.013517779734589785e+00
6.575964724078658946e+03 1.017677490962237030e+00
6.575998922506699273e+03 1.017326505410691695e+00
6.576033121112588560e+03 1.016712080967198339e+00
6.576067319896327717e+03 1.013476406960890142e+00
6.576101518857918563e+03 1.017600397663080969e+00
6.576135717997362008e+03 1.018739919220937651e+00
6.576169917314658960e+03 1.019372980866450895e+00
6.576204116809810330e+03 1.018211364147456388e+00
6.576238316482816117e+03 1.018577740005456089e+00
6.576272516333678141e+03 1.018527160267042042e+00
6.576306716362397310e+03 1.017638480883507501e+00
6.576340916568973626e+03 1.016767602507339108e+00
6.576375116953409815e+03 1.012531131251969141e+00
6.576409317515704970e+03 1.015338298247755677e+00
6.576443518255860909e+03 1.021225080079641856e+00
6.576477719173878540e+03 1.019562804138033796e+00
6.576511920269758775e+03 1.017123458294381999e+00
6.576546121543502522e+03 1.018886740552656933e+00
6.576580322995110691e+03 1.016897101696404349e+00
6.576614524624584192e+03 1.016719455363085167e+00
6.576648726431923933e+03 1.017909252133826437e+00
6.576682928417130825e+03 1.013008034585512585e+00
6.576717130580204866e+03 1.013510536458511302e+00
6.576751332921148787e+03 1.016546392632783347e+00
6.576785535439962587e+03 1.012337843470348719e+00
6.576819738136647175e+03 1.015824841133034173e+00
6.576853941011203460e+03 1.017206529593013720e+00
6.576888144063632353e+03 1.013329988721543007e+00
6.576922347293934763e+03 1.009326399399523178e+00
6.576956550702112509e+03 1.008838054007108687e+00
6.576990754288164680e+03 1.012019156606192904e+00
6.577024958052094007e+03 1.008651271833993279e+00
6.577059161993899579e+03 1.012670345784356218e+00
6.577093366113584125e+03 1.013095658810464705e+00
6.577127570411148554e+03 1.009994153333258149e+00
6.577161774886591957e+03 1.014244506137489399e+00
6.577195979539917062e+03 1.017539640877113571e+00
6.577230184371123869e+03 1.017358429649505736e+00
6.577264389380213288e+03 1.018640056795558024e+00
6.577298594567186228e+03 1.015825399366059312e+00
6.577332799932044509e+03 1.016690132819837666e+00
6.577367005474788130e+03 1.013310606775818412e+00
6.577401211195418909e+03 1.014019140774208072e+00
6.577435417093936849e+03 1.014900230047802276e+00
6.577469623170342857e+03 1.010595449585127259e+00
6.577503829424638752e+03 1.012982495745814893e+00
6.577538035856824536e+03 1.014909290276863274e+00
6.577572242466901116e+03 1.012998925240699899e+00
6.577606449254870313e+03 1.014108618741549561e+00
6.577640656220733035e+03 1.011213414725481874e+00
6.577674863364489283e+03 1.011312996133647557e+00
6.577709070686139967e+03 1.015708385384078039e+00
6.577743278185686904e+03 1.014434285841469663e+00
6.577777485863131005e+03 1.017852195219810074e+00
6.577811693718472270e+03 1.017287409319474589e+00
6.577845901751711608e+03 1.018084139285261758e+00
6.577880109962851748e+03 1.010182760437742244e+00
6.577914318351890870e+03 1.008924303097693986e+00
6.577948526918832613e+03 1.012847505554926864e+00
6.577982735663676067e+03 1.013479216648824011e+00
6.578016944586423051e+03 1.009752808677455649e+00
6.578051153687073565e+03 1.005410141552826930e+00
6.578085362965629429e+03 1.006234195100634166e+00
6.578119572422091551e+03 1.010145280653253819e+00
6.578153782056460841e+03 1.010468114264789774e+00
6.578187991868737299e+03 1.006382634632027040e+00
6.578222201858922745e+03 1.004640055484033123e+00
6.578256412027018087e+03 1.009228409828668349e+00
6.578290622373023325e+03 1.012665749829726236e+00
6.578324832896941189e+03 1.010390150301067269e+00
6.578359043598770768e+03 1.010333107098214667e+00
6.578393254478513882e+03 1.009929806122809026e+00
6.578427465536171439e+03 1.003750410708674989e+00
6.578461676771744351e+03 1.006263208576571699e+00
6.578495888185233525e+03 1.002084499597340361e+00
6.578530099776639872e+03 1.005939494403424339e+00
6.578564311545963392e+03 1.006787096863985154e+00
6.578598523493206812e+03 1.006135625402836853e+00
6.578632735618370134e+03 1.008252247622468234e+00
6.578666947921453357e+03 1.006129287332239386e+00
6.578701160402459209e+03 1.009735344837209725e+00
6.578735373061386781e+03 1.008630481480817132e+00
6.578769585898238802e+03 1.006933373265103793e+00
6.578803798913015271e+03 1.009855309531429324e+00
6.578838012105716189e+03 1.011374510868624288e+00
6.578872225476344283e+03 1.011385535805067626e+00
6.578906439024899555e+03 1.007219686136277659e+00
6.578940652751382913e+03 1.002662816385167188e+00
6.578974866655795267e+03 1.006531271960563467e+00
6.579009080738138437e+03 1.010607784008964893e+00
6.579043294998411511e+03 1.011311487468271819e+00
6.579077509436617220e+03 1.008548785542211279e+00
6.579111724052755562e+03 1.008703211216851470e+00
6.579145938846827448e+03 1.005240344399461083e+00
6.579180153818834697e+03 1.014365251301807103e+00
6.579214368968776398e+03 1.014245289203680400e+00
6.579248584296655281e+03 1.010127527772293865e+00
6.579282799802472255e+03 1.008012492255501824e+00
6.579317015486226410e+03 1.005651832523477340e+00
6.579351231347920475e+03 1.011703619350491135e+00
6.579385447387555359e+03 1.014380965725589556e+00
6.579419663605130154e+03 1.012585703354963895e+00
6.579453880000647587e+03 1.011430289589505760e+00
6.579488096574108567e+03 1.007273291247380742e+00
6.579522313325513096e+03 1.005710201960510419e+00
6.579556530254862082e+03 1.005792368895970457e+00
6.579590747362157344e+03 1.007285949304599137e+00
6.579624964647398883e+03 1.011149490946447349e+00
6.579659182110588517e+03 1.009559595741198468e+00
6.579693399751726247e+03 1.008200691400341187e+00
6.579727617570813891e+03 1.010153808981188339e+00
6.579761835567851449e+03 1.008289684845449230e+00
6.579796053742840741e+03 1.008581290115795781e+00
6.579830272095782675e+03 1.010013923006668257e+00
6.579864490626677252e+03 1.012684142091768047e+00
6.579898709335526291e+03 1.005615573876594837e+00
6.579932928222329792e+03 1.011353356720007035e+00
6.579967147287089574e+03 1.016327499318235184e+00
6.580001366529806546e+03 1.013535711182062871e+00
6.580035585950480709e+03 1.015619829915467065e+00
6.580069805549113880e+03 1.011416906535930638e+00
6.580104025325706971e+03 1.010971015421361807e+00
6.580138245280259980e+03 1.016089850693268737e+00
6.580172465412775637e+03 1.016854967975009183e+00
6.580206685723253031e+03 1.013307713381572661e+00
6.580240906211693982e+03 1.011839798833111148e+00
6.580275126878098490e+03 1.012090754745825549e+00
6.580309347722469283e+03 1.013754896263466820e+00
6.580343568744805452e+03 1.013521545909949140e+00
6.580377789945108816e+03 1.009681442245208949e+00
6.580412011323380284e+03 1.011264745322503211e+00
6.580446232879620766e+03 1.014694372568404557e+00
6.580480454613831171e+03 1.011830574403547622e+00
6.580514676526012408e+03 1.009905347660080999e+00
6.580548898616165388e+03 1.010864254321715450e+00
6.580583120884290111e+03 1.013286156247925396e+00
6.580617343330389303e+03 1.012504140906369310e+00
6.580651565954462967e+03 1.015112650232146585e+00
6.580685788756511101e+03 1.012459499062293267e+00
6.580720011736536435e+03 1.008889578496956929e+00
6.580754234894538968e+03 1.013960830875281882e+00
6.580788458230519609e+03 1.014719733689064318e+00
6.580822681744479269e+03 1.008503737321459592e+00
6.580856905436418856e+03 1.008323143070245287e+00
6.580891129306339280e+03 1.011217568940520728e+00
6.580925353354242361e+03 1.009649595585747406e+00
6.580959577580127188e+03 1.008794197837240558e+00
6.580993801983996491e+03 1.012671916556427965e+00
6.581028026565850269e+03 1.010313689519631186e+00
6.581062251325689431e+03 1.005703637984875387e+00
6.581096476263514887e+03 1.010895065161856454e+00
6.581130701379328457e+03 1.013807827571290732e+00
6.581164926673130140e+03 1.013108321109998933e+00
6.581199152144920845e+03 1.013862878346810659e+00
6.581233377794701482e+03 1.002859626758748401e+00
6.581267603622473871e+03 9.986093171635915811e-01
6.581301829628238011e+03 9.827015636676752486e-01
6.581336055811995720e+03 9.708826306378225413e-01
6.581370282173747000e+03 9.855994413104254281e-01
6.581404508713492760e+03 1.004132222775816929e+00
6.581438735431234818e+03 1.007010196615488740e+00
6.581472962326973175e+03 1.004691080739121833e+00
6.581507189400708739e+03 1.011840183673306193e+00
6.581541416652443331e+03 1.007858912646050653e+00
6.581575644082177860e+03 1.007223138001593910e+00
6.581609871689912325e+03 1.007411918030004072e+00
6.581644099475647636e+03 1.007940661346379274e+00
6.581678327439385612e+03 1.013731534218537567e+00
6.581712555581127162e+03 1.008206057440050873e+00
6.581746783900872288e+03 1.003958684819585834e+00
6.581781012398622806e+03 1.007772949319976297e+00
6.581815241074378719e+03 1.008397990205513572e+00
6.581849469928141843e+03 1.008367704225897832e+00
6.581883698959913090e+03 1.010827320736174428e+00
6.581917928169692459e+03 1.014800475135705593e+00
6.581952157557481769e+03 1.013456680542581756e+00
6.581986387123281929e+03 1.011660464983387797e+00
6.582020616867092940e+03 1.010939267459496138e+00
6.582054846788916620e+03 1.006743489059525487e+00
6.582089076888753880e+03 1.008581283589899291e+00
6.582123307166605628e+03 1.011341478671958560e+00
6.582157537622471864e+03 1.013819807263558026e+00
6.582191768256354408e+03 1.009301052542054267e+00
6.582225999068254168e+03 1.013186548195008863e+00
6.582260230058172056e+03 1.009840449094050685e+00
6.582294461226108979e+03 1.009864407407520259e+00
6.582328692572065847e+03 1.008924823656733860e+00
6.582362924096042661e+03 1.007081483966671520e+00
6.582397155798042149e+03 1.009685307782630659e+00
6.582431387678063402e+03 1.014378791060949636e+00
6.582465619736108238e+03 1.009234096101306655e+00
6.582499851972177566e+03 1.006797331655734595e+00
6.582534084386273207e+03 1.006873293513837142e+00
6.582568316978394250e+03 1.005207877298194274e+00
6.582602549748542515e+03 1.005029953826755529e+00
6.582636782696718910e+03 1.006563253305586381e+00
6.582671015822925256e+03 1.007211710988875186e+00
6.582705249127160641e+03 1.006996070538584975e+00
6.582739482609427796e+03 1.010152547999090711e+00
6.582773716269725810e+03 1.006456921666798232e+00
6.582807950108057412e+03 1.003857854992437515e+00
6.582842184124422602e+03 1.004976587114451592e+00
6.582876418318822289e+03 1.009125687153256123e+00
6.582910652691257383e+03 1.001070358075565547e+00
6.582944887241729703e+03 1.002140676699462052e+00
6.582979121970238339e+03 1.004779871511630285e+00
6.583013356876786020e+03 1.000766932481881311e+00
6.583047591961372746e+03 1.008470159095131713e+00
6.583081827224000335e+03 1.010301978386829225e+00
6.583116062664667879e+03 1.008721345333529085e+00
6.583150298283378106e+03 1.005838870993894130e+00
6.583184534080131925e+03 1.004748806260881366e+00
6.583218770054928427e+03 1.005406831295959202e+00
6.583253006207770341e+03 1.002397284834068758e+00
6.583287242538658575e+03 1.002204023648187725e+00
6.583321479047593130e+03 1.006004233790436686e+00
6.583355715734574915e+03 1.005638212789547348e+00
6.583389952599605749e+03 1.005483227498199739e+00
6.583424189642685633e+03 1.003859152007274380e+00
6.583458426863815475e+03 1.000373292763246269e+00
6.583492664262997096e+03 1.002189351049239230e+00
6.583526901840231403e+03 1.002756798992505027e+00
6.583561139595518398e+03 1.001188278787991548e+00
6.583595377528859899e+03 1.002802031639456581e+00
6.583629615640255906e+03 1.003915936403299680e+00
6.583663853929707329e+03 1.001058686549296084e+00
6.583698092397216897e+03 1.002639820287669403e+00
6.583732331042783699e+03 1.001472662533608560e+00
6.583766569866408645e+03 1.000880631899939921e+00
6.583800808868094464e+03 9.934603279000876475e-01
6.583835048047840246e+03 9.907258782567411881e-01
6.583869287405646901e+03 9.898885602298194142e-01
6.583903526941517157e+03 9.962383650678644509e-01
6.583937766655450105e+03 1.002906193690624059e+00
6.583972006547446654e+03 1.000950478355961959e+00
6.584006246617509532e+03 9.976050964885607719e-01
6.584040486865637831e+03 9.875030202525365564e-01
6.584074727291833369e+03 9.850418098845098447e-01
6.584108967896097056e+03 9.891127826186175698e-01
6.584143208678429801e+03 9.982977703363985489e-01
6.584177449638832513e+03 1.003889974154114961e+00
6.584211690777305193e+03 1.004390792023593937e+00
6.584245932093849660e+03 1.007341489305464188e+00
6.584280173588467733e+03 1.010900079229533510e+00
6.584314415261158501e+03 1.007742159378652635e+00
6.584348657111923785e+03 1.005633712786603517e+00
6.584382899140764493e+03 1.005742241379356861e+00
6.584417141347681536e+03 1.000048150699003546e+00
6.584451383732675822e+03 1.001218409960631606e+00
6.584485626295748261e+03 1.004337361477347423e+00
6.584519869036899763e+03 1.005418593431762542e+00
6.584554111956132147e+03 1.007455800012246439e+00
6.584588355053444502e+03 1.004025636976391800e+00
6.584622598328838649e+03 1.004296465830941454e+00
6.584656841782316405e+03 1.005464878700001563e+00
6.584691085413876863e+03 1.006314967393844073e+00
6.584725329223522749e+03 1.007396179733167862e+00
6.584759573211254065e+03 1.006236196954711559e+00
6.584793817377071719e+03 1.009539126402540843e+00
6.584828061720976621e+03 1.006705218968139137e+00
6.584862306242969680e+03 1.005057540637052549e+00
6.584896550943052716e+03 1.005565150215147030e+00
6.584930795821225729e+03 1.004410499562517378e+00
6.584965040877489628e+03 1.004512386150149261e+00
6.584999286111846232e+03 1.009467356484479383e+00
6.585033531524295540e+03 1.010027278803659945e+00
6.585067777114838464e+03 1.004906577485196184e+00
6.585102022883475911e+03 1.006546816352563711e+00
6.585136268830209701e+03 1.009967733262266965e+00
6.585170514955039835e+03 1.008830791500918256e+00
6.585204761257968130e+03 1.006969424346955799e+00
6.585239007738994587e+03 1.007818914782418807e+00
6.585273254398120116e+03 1.005243174408485096e+00
6.585307501235346535e+03 1.000710332646043588e+00
6.585341748250674755e+03 1.003809262208789743e+00
6.585375995444103864e+03 1.004903019782574125e+00
6.585410242815637503e+03 1.008803851767974047e+00
6.585444490365274760e+03 1.009178458799045108e+00
6.585478738093016545e+03 1.004156943950840430e+00
6.585512985998864679e+03 1.003924824995941156e+00
6.585547234082820069e+03 1.005597306209309760e+00
6.585581482344882716e+03 1.006510827203330294e+00
6.585615730785054438e+03 1.002543747560039167e+00
6.585649979403335237e+03 1.000877209775278276e+00
6.585684228199727841e+03 1.003177627472987776e+00
6.585718477174230429e+03 1.003543590288840992e+00
6.585752726326846641e+03 1.002331640210718744e+00
6.585786975657575567e+03 1.007360081635143567e+00
6.585821225166419026e+03 1.005227762789318025e+00
6.585855474853377928e+03 1.001772025737712069e+00
6.585889724718452271e+03 1.007537465309428892e+00
6.585923974761643876e+03 1.009263741923185576e+00
6.585958224982953652e+03 1.008229576233181435e+00
6.585992475382382509e+03 1.007048527257924153e+00
6.586026725959931355e+03 1.000613243599692170e+00
6.586060976715601100e+03 1.000198079455035804e+00
6.586095227649391745e+03 1.003599519901238635e+00
6.586129478761305108e+03 1.003106260671740246e+00
6.586163730051343009e+03 1.003136577819587760e+00
6.586197981519504538e+03 1.001251543516453069e+00
6.586232233165791513e+03 9.986954667505474337e-01
6.586266484990204845e+03 9.976354976849872713e-01
6.586300736992745442e+03 9.952720143262320240e-01
6.586334989173414215e+03 9.980992823400354208e-01
6.586369241532212072e+03 1.002196931321026385e+00
6.586403494069140834e+03 1.002349081268918862e+00
6.586437746784199589e+03 1.001247241886268791e+00
6.586471999677390158e+03 9.998840031402604911e-01
6.586506252748714360e+03 1.001238417936794800e+00
6.586540505998171284e+03 1.003575985611030230e+00
6.586574759425763659e+03 1.005898581303258599e+00
6.586609013031491486e+03 1.004875140570358649e+00
6.586643266815355673e+03 1.002637404422526357e+00
6.586677520777357131e+03 1.002651502677975426e+00
6.586711774917496768e+03 1.007483669396956660e+00
6.586746029235776405e+03 1.001331205293241489e+00
6.586780283732196040e+03 1.003470699425603962e+00
6.586814538406756583e+03 1.001397838316242961e+00
6.586848793259458944e+03 1.002250045676928325e+00
6.586883048290304941e+03 1.001875338569012452e+00
6.586917303499294576e+03 1.001677816241888008e+00
6.586951558886429666e+03 9.989294930679976092e-01
6.586985814451709302e+03 9.923389198978335157e-01
6.587020070195137123e+03 9.731569099527205280e-01
6.587054326116711309e+03 9.654262619230007392e-01
6.587088582216434588e+03 9.749722734223701393e-01
6.587122838494307871e+03 9.911345290815444242e-01
6.587157094950330247e+03 9.970502681323127891e-01
6.587191351584505355e+03 9.887180677892352110e-01
6.587225608396832286e+03 9.858951573204970398e-01
6.587259865387311947e+03 9.939723340043103983e-01
6.587294122555946160e+03 9.994488285725973142e-01
6.587328379902734923e+03 1.002759900223681999e+00
6.587362637427680056e+03 1.005632311598801287e+00
6.587396895130782468e+03 9.963385589949587118e-01
6.587431153012042159e+03 9.985457623731435195e-01
6.587465411071460949e+03 1.000140605819427764e+00
6.587499669309038836e+03 1.000011103803730483e+00
6.587533927724777641e+03 9.986125983116623805e-01
6.587568186318678272e+03 1.001026393765388711e+00
6.587602445090741639e+03 1.003109339141015965e+00
6.587636704040967743e+03 1.000236604973869792e+00
6.587670963169358402e+03 1.000842989415003270e+00
6.587705222475913615e+03 1.001252559095084704e+00
6.587739481960636112e+03 1.003168953024154542e+00
6.587773741623524984e+03 1.000603652934497934e+00
6.587808001464582048e+03 1.001662109913115328e+00
6.587842261483808215e+03 1.001946831433133678e+00
6.587876521681204395e+03 1.002303331562745647e+00
6.587910782056770586e+03 1.002410083427586418e+00
6.587945042610509518e+03 1.000150235588148639e+00
6.587979303342420280e+03 1.004961904985710364e+00
6.588013564252505603e+03 1.003237248824666805e+00
6.588047825340764575e+03 1.003695105369558416e+00
6.588082086607199017e+03 1.002542456165863571e+00
6.588116348051809837e+03 9.982065112875747603e-01
6.588150609674598854e+03 9.989025405730461715e-01
6.588184871475565160e+03 9.995379747842519924e-01
6.588219133454710573e+03 1.000693100662005008e+00
6.588253395612036002e+03 1.004591770283287389e+00
6.588287657947543266e+03 1.006827189974348613e+00
6.588321920461231457e+03 1.004820656944190871e+00
6.588356183153103302e+03 1.001084478289416158e+00
6.588390446023157892e+03 1.003073581898728861e+00
6.588424709071397956e+03 1.003220432941652751e+00
6.588458972297823493e+03 9.982191059062665017e-01
6.588493235702435413e+03 1.000154830362675273e+00
6.588527499285235535e+03 1.002675456116033370e+00
6.588561763046222950e+03 1.005934318696852792e+00
6.588596026985400385e+03 1.002825457194609582e+00
6.588630291102768751e+03 1.003631983061795463e+00
6.588664555398327138e+03 1.000461665041656900e+00
6.588698819872078275e+03 1.001767504421208876e+00
6.588733084524022161e+03 1.001383691008802534e+00
6.588767349354159705e+03 1.006025715956521127e+00
6.588801614362492728e+03 1.002232434185154508e+00
6.588835879549021229e+03 1.008038188592331075e+00
6.588870144913746117e+03 9.997714558985973943e-01
6.588904410456669211e+03 9.981539818364606464e-01
6.588938676177791422e+03 9.979288212202803710e-01
6.588972942077111838e+03 1.000113917276090003e+00
6.589007208154634100e+03 1.003212585608948659e+00
6.589041474410356386e+03 9.997183103232870627e-01
6.589075740844282336e+03 9.931545216453702141e-01
6.589110007456411040e+03 9.937325358337428804e-01
6.589144274246743407e+03 9.955266067656011186e-01
6.589178541215281257e+03 1.002895510270770840e+00
6.589212808362024589e+03 1.000732926187199112e+00
6.589247075686975222e+03 9.988343530441573526e-01
6.589281343190134066e+03 1.001353035660689006e+00
6.589315610871501121e+03 1.001074408483496159e+00
6.589349878731078206e+03 1.001365880609567549e+00
6.589384146768866231e+03 9.987210142758451425e-01
6.589418414984866104e+03 9.974134701513552859e-01
6.589452683379077826e+03 1.005053073242696993e+00
6.589486951951502306e+03 1.005349199515584546e+00
6.589521220702142273e+03 1.000519311865843530e+00
6.589555489630996817e+03 9.992157081836854360e-01
6.589589758738068667e+03 1.000913305653110541e+00
6.589624028023356914e+03 1.004098358702052440e+00
6.589658297486862466e+03 1.000957985043468446e+00
6.589692567128588053e+03 1.000239086705783098e+00
6.589726836948533673e+03 9.980380950426177566e-01
6.589761106946699329e+03 1.001073819495566397e+00
6.589795377123086837e+03 1.002520794729046649e+00
6.589829647477698018e+03 1.004047175611611609e+00
6.589863918010531961e+03 1.003774921868332726e+00
6.589898188721590486e+03 1.002063503613026985e+00
6.589932459610874503e+03 1.002677523010428784e+00
6.589966730678384920e+03 9.970090402492183257e-01
6.590001001924122647e+03 1.001376544152704717e+00
6.590035273348089504e+03 9.977602618779308763e-01
6.590069544950284580e+03 1.002192021639551234e+00
6.590103816730709696e+03 9.949027430452467291e-01
6.590138088689366668e+03 9.989194044997593558e-01
6.590172360826254589e+03 9.969157688269849604e-01
6.590206633141376187e+03 1.001157121735033018e+00
6.590240905634731462e+03 9.970369290861430533e-01
6.590275178306321322e+03 1.002041953578456823e+00
6.590309451156146679e+03 1.002450464741663216e+00
6.590343724184208440e+03 9.998825959457698920e-01
6.590377997390508426e+03 1.000182780336307697e+00
6.590412270775046636e+03 1.001509461179633131e+00
6.590446544337823980e+03 1.001030309813931263e+00
6.590480818078842276e+03 9.988554116734247312e-01
6.590515091998101525e+03 9.998527270818164947e-01
6.590549366095602636e+03 1.005193451850777020e+00
6.590583640371346519e+03 1.003703291257264318e+00
6.590617914825334992e+03 1.000992187474226247e+00
6.590652189457568056e+03 1.000996264126218893e+00
6.590686464268047530e+03 1.001576599360596065e+00
6.590720739256773413e+03 9.964182382351185474e-01
6.590755014423746616e+03 9.966352251353320923e-01
6.590789289768968956e+03 9.986497227840489543e-01
6.590823565292441344e+03 9.984242350329134430e-01
6.590857840994163780e+03 9.987677874522278287e-01
6.590892116874137173e+03 1.000001428396878334e+00
6.590926392932363342e+03 1.001737273252696570e+00
6.590960669168843197e+03 9.989256829289990813e-01
6.590994945583576737e+03 9.998284480190047230e-01
6.591029222176565781e+03 9.998419611067363988e-01
6.591063498947810331e+03 1.000635375776969038e+00
6.591097775897312204e+03 1.002064517004337851e+00
6.591132053025072310e+03 9.981757098870190914e-01
6.591166330331090649e+03 1.001446024678915636e+00
6.591200607815369040e+03 1.000353538027082712e+00
6.591234885477908392e+03 9.994993885571161751e-01
6.591269163318708706e+03 1.002581525389979022e+00
6.591303441337771801e+03 1.002845451785254971e+00
6.591337719535098586e+03 1.000661462099548205e+00
6.591371997910689970e+03 9.976346316794257874e-01
6.591406276464546863e+03 9.997944869381000244e-01
6.591440555196669266e+03 1.000478206065777753e+00
6.591474834107058996e+03 1.003495830649017817e+00
6.591509113195716964e+03 9.995450455190544314e-01
6.591543392462644078e+03 9.974279950295705799e-01
6.591577671907841250e+03 1.002881577598212948e+00
6.591611951531309387e+03 9.959209163056628178e-01
6.591646231333049400e+03 9.989217987228088402e-01
6.591680511313062198e+03 9.949850525750844055e-01
6.591714791471347780e+03 9.928547762572915714e-01
6.591749071807908877e+03 9.975491968383710661e-01
6.591783352322745486e+03 9.999972425243450758e-01
6.591817633015858519e+03 9.999152365686378996e-01
6.591851913887248884e+03 9.952113987804936945e-01
6.591886194936917491e+03 1.002816546628628736e+00
6.591920476164865249e+03 1.003139554167175485e+00
6.591954757571093069e+03 9.966431452327479956e-01
6.591989039155601859e+03 1.002404917145635732e+00
6.592023320918393438e+03 1.001389743396551957e+00
6.592057602859466897e+03 9.980597187467540321e-01
6.592091884978824964e+03 9.990997832509233012e-01
6.592126167276467640e+03 1.000138358849409714e+00
6.592160449752395834e+03 1.001869079446926936e+00
6.592194732406611365e+03 1.001665296371791802e+00
6.592229015239114233e+03 1.002610681145857718e+00
6.592263298249905347e+03 1.001159121455101886e+00
6.592297581438985617e+03 9.983637790241240983e-01
6.592331864806356862e+03 9.981053310483264385e-01
6.592366148352019081e+03 9.975316919327748000e-01
6.592400432075974095e+03 9.999586199560210886e-01
6.592434715978221902e+03 1.002419250519608340e+00
6.592469000058763413e+03 1.000964510062315238e+00
6.592503284317600446e+03 1.001163651888642647e+00
6.592537568754733002e+03 1.001650118951662005e+00
6.592571853370161989e+03 9.988628121902242141e-01
6.592606138163890137e+03 9.976548933903024441e-01
6.592640423135915626e+03 9.993660789369404052e-01
6.592674708286241184e+03 9.984599456541636275e-01
6.592708993614867722e+03 9.979802793285694751e-01
6.592743279121795240e+03 9.997633132357646168e-01
6.592777564807025556e+03 9.992979073019067071e-01
6.592811850670559579e+03 1.001923868634924109e+00
6.592846136712397310e+03 9.986867459392521074e-01
6.592880422932540569e+03 1.000229714626746924e+00
6.592914709330989353e+03 1.002016304927419776e+00
6.592948995907745484e+03 9.969429842867675307e-01
6.592983282662809870e+03 9.953255243033871658e-01
6.593017569596182511e+03 9.977733271872117893e-01
6.593051856707866136e+03 1.000820542097914601e+00
6.593086143997859836e+03 9.951079105826335924e-01
6.593120431466165428e+03 1.001403899956527122e+00
6.593154719112782914e+03 9.976212448924992593e-01
6.593189006937715021e+03 1.001572443741792551e+00
6.593223294940960841e+03 9.996606032662613828e-01
6.593257583122522192e+03 9.948889620236182063e-01
6.593291871482399984e+03 1.004000582408873354e+00
6.593326160020595125e+03 1.003399555727337189e+00
6.593360448737108527e+03 1.002337705650403699e+00
6.593394737631941098e+03 9.952254723618574328e-01
6.593429026705092838e+03 9.949611234407469418e-01
6.593463315956566476e+03 9.993877546653786581e-01
6.593497605386362011e+03 9.951754298170172319e-01
6.593531894994480353e+03 9.950288453291555868e-01
6.593566184780921503e+03 9.939962890331991430e-01
6.593600474745688189e+03 9.947494294135362791e-01
6.593634764888780410e+03 9.985231781575529819e-01
6.593669055210199076e+03 9.967218494395293504e-01
6.593703345709945097e+03 9.972321528493044429e-01
6.593737636388020292e+03 1.002831234501199154e+00
6.593771927244423750e+03 1.002079359924074708e+00
6.593806218279158202e+03 9.979586416910054547e-01
6.593840509492222736e+03 1.000105195685188519e+00
6.593874800883620082e+03 1.002256612365949540e+00
6.593909092453351150e+03 9.993734232406107365e-01
6.593943384201415029e+03 9.932479228813270167e-01
6.593977676127814448e+03 9.930392391710599620e-01
