# star name zetOri, line HALPHA
# instrument: HERMES spectrograph @Mercator
# date of observation (midpoint)2018-10-11T04:29:31.189689
# BJD of observation (midpoint)2458402.6892312
# name of fits file: 00897638_HRF_OBJ_ext_CosmicsRemoved_log_merged_c.fits
# 
# wavelength(Angstrom,air) normalised_flux
6.538011917108175112e+03 1.003269722279957810e+00
6.538045918161929876e+03 1.003008364298346722e+00
6.538079919392506781e+03 9.940585918823532374e-01
6.538113920799908556e+03 9.941669751882327155e-01
6.538147922384134290e+03 9.963285927716993839e-01
6.538181924145186713e+03 9.989051979659898661e-01
6.538215926083065824e+03 1.000502432707674583e+00
6.538249928197772533e+03 1.004134284119432508e+00
6.538283930489307750e+03 1.004854117876613495e+00
6.538317932957672383e+03 1.006841351470181056e+00
6.538351935602868252e+03 1.006606904194615293e+00
6.538385938424895357e+03 1.007792652034522840e+00
6.538419941423754608e+03 1.004626762070477630e+00
6.538453944599446913e+03 1.001882160900144481e+00
6.538487947951973183e+03 1.004837071770015022e+00
6.538521951481334327e+03 1.000803001804976056e+00
6.538555955187532163e+03 9.975397293226941908e-01
6.538589959070566692e+03 1.003175244632511065e+00
6.538623963130438824e+03 1.003962268443015393e+00
6.538657967367150377e+03 1.001706620485902199e+00
6.538691971780700442e+03 1.001104209135299961e+00
6.538725976371091747e+03 9.975176934072899071e-01
6.538759981138325202e+03 9.954297191442157411e-01
6.538793986082399897e+03 9.959782818095028745e-01
6.538827991203318561e+03 9.969912879849656129e-01
6.538861996501082103e+03 9.992019661825590759e-01
6.538896001975689614e+03 9.957995443851234141e-01
6.538930007627143823e+03 9.932697265133345610e-01
6.538964013455444729e+03 9.941138859851174070e-01
6.538998019460594151e+03 9.981358010567170647e-01
6.539032025642592089e+03 1.004077109983541272e+00
6.539066032001440362e+03 1.001002895821652361e+00
6.539100038537138971e+03 1.001059775130099583e+00
6.539134045249688825e+03 1.006504336618635698e+00
6.539168052139091742e+03 9.994013005764169622e-01
6.539202059205347723e+03 9.936033338534808745e-01
6.539236066448458587e+03 9.957129551138240720e-01
6.539270073868424333e+03 9.989773928472232001e-01
6.539304081465245872e+03 1.000159594505310334e+00
6.539338089238925932e+03 1.001109787701773612e+00
6.539372097189462693e+03 9.954317611401353183e-01
6.539406105316858884e+03 9.977111263148656928e-01
6.539440113621115415e+03 9.994676203591214003e-01
6.539474122102232286e+03 9.961953846203003282e-01
6.539508130760211316e+03 9.984763182685043592e-01
6.539542139595052504e+03 9.998964709175840460e-01
6.539576148606757670e+03 9.972936463833443899e-01
6.539610157795326813e+03 9.995001654327997365e-01
6.539644167160761754e+03 9.977762986110438881e-01
6.539678176703063400e+03 1.003530820594679129e+00
6.539712186422231753e+03 1.003232454514328520e+00
6.539746196318268630e+03 9.997489518059244906e-01
6.539780206391174033e+03 9.979403016351697797e-01
6.539814216640950690e+03 9.990000888929360112e-01
6.539848227067596781e+03 9.956160850516343475e-01
6.539882237671115945e+03 9.941003684950431296e-01
6.539916248451507272e+03 9.994395785331356974e-01
6.539950259408772581e+03 9.910052972589566966e-01
6.539984270542911872e+03 9.974827307559334111e-01
6.540018281853926965e+03 9.975955267373566304e-01
6.540052293341818768e+03 9.944880587679694184e-01
6.540086305006588191e+03 9.987827359120783344e-01
6.540120316848236143e+03 9.995619442064515026e-01
6.540154328866762626e+03 9.952911635949802660e-01
6.540188341062169457e+03 1.002314214257981728e+00
6.540222353434457546e+03 1.001586332619687880e+00
6.540256365983626893e+03 9.988818062190081282e-01
6.540290378709679317e+03 9.951294804212357237e-01
6.540324391612616637e+03 9.964289687078629054e-01
6.540358404692437944e+03 9.990373518284465515e-01
6.540392417949145056e+03 1.002333157054869917e+00
6.540426431382737974e+03 1.003728566255943422e+00
6.540460444993219426e+03 1.002753367001051998e+00
6.540494458780588502e+03 1.001969099189027101e+00
6.540528472744847932e+03 1.004398240993052749e+00
6.540562486885996805e+03 1.001390969826335464e+00
6.540596501204036940e+03 1.001743864091916292e+00
6.540630515698969248e+03 1.003845850996378575e+00
6.540664530370794637e+03 1.005297401753399766e+00
6.540698545219514017e+03 1.002177409717946555e+00
6.540732560245128298e+03 9.963999273837683690e-01
6.540766575447638388e+03 9.964529843755419725e-01
6.540800590827044289e+03 1.000139512519947482e+00
6.540834606383348728e+03 1.006080477471372969e+00
6.540868622116551705e+03 1.002811708703155391e+00
6.540902638026654131e+03 9.976918347259434716e-01
6.540936654113656914e+03 9.983360413203545836e-01
6.540970670377560964e+03 9.961732369508894402e-01
6.541004686818367190e+03 9.921728611671026821e-01
6.541038703436076503e+03 9.998895459426130339e-01
6.541072720230689811e+03 9.991965050346640620e-01
6.541106737202208024e+03 1.000117362706670177e+00
6.541140754350632051e+03 1.004382433071782321e+00
6.541174771675962802e+03 1.006119750689848935e+00
6.541208789178202096e+03 1.002679770198700027e+00
6.541242806857349933e+03 9.993719968744749771e-01
6.541276824713406313e+03 9.990903247479664406e-01
6.541310842746373964e+03 9.997848842879214493e-01
6.541344860956252887e+03 1.002075009262924921e+00
6.541378879343043991e+03 1.000289615481562810e+00
6.541412897906749095e+03 9.989354859547009413e-01
6.541446916647367289e+03 9.978533620576790497e-01
6.541480935564901301e+03 9.977582333047636531e-01
6.541514954659351133e+03 1.001839862820853799e+00
6.541548973930718603e+03 1.005342327950491832e+00
6.541582993379002801e+03 1.001588253362888814e+00
6.541617013004206456e+03 9.966682069074651595e-01
6.541651032806329567e+03 1.001674324067945321e+00
6.541685052785373045e+03 1.000500588563173032e+00
6.541719072941338709e+03 1.001788017597049940e+00
6.541753093274226558e+03 9.994599584177709106e-01
6.541787113784037501e+03 1.003585841488099151e+00
6.541821134470772449e+03 1.004213586089723220e+00
6.541855155334433221e+03 1.000302829278091110e+00
6.541889176375020725e+03 1.002868451505058323e+00
6.541923197592534052e+03 1.003664539590956251e+00
6.541957218986975931e+03 1.000601770149249115e+00
6.541991240558346362e+03 9.987196850472305210e-01
6.542025262306647164e+03 1.000246934873383120e+00
6.542059284231878337e+03 1.002129162242846983e+00
6.542093306334041699e+03 9.988945216471075694e-01
6.542127328613137252e+03 1.000297922969199504e+00
6.542161351069165903e+03 1.006039128586573073e+00
6.542195373702129473e+03 1.004915981290319893e+00
6.542229396512028870e+03 1.007498977318120659e+00
6.542263419498863186e+03 1.004334408152448121e+00
6.542297442662636058e+03 1.006603852657138809e+00
6.542331466003346577e+03 1.003669287134248078e+00
6.542365489520995652e+03 1.002504905264883561e+00
6.542399513215585102e+03 1.001386745112311738e+00
6.542433537087114928e+03 1.001179830439762108e+00
6.542467561135586948e+03 1.003848232019217912e+00
6.542501585361002071e+03 1.003912933781594852e+00
6.542535609763360299e+03 1.003748428055730058e+00
6.542569634342662539e+03 9.973929043375435732e-01
6.542603659098911521e+03 9.951724530440624328e-01
6.542637684032105426e+03 9.969748884032750835e-01
6.542671709142247892e+03 9.962227161468103498e-01
6.542705734429338008e+03 9.997767518637030726e-01
6.542739759893377595e+03 1.002624047626885506e+00
6.542773785534366652e+03 9.927522746805015341e-01
6.542807811352306999e+03 9.804851079098861888e-01
6.542841837347199544e+03 9.707405646367002205e-01
6.542875863519044287e+03 9.725493455355824768e-01
6.542909889867843958e+03 9.828734415606023012e-01
6.542943916393596737e+03 9.973665153554764906e-01
6.542977943096306262e+03 1.001251751158140246e+00
6.543011969975971624e+03 1.002793797036414691e+00
6.543045997032594641e+03 1.006987146001599109e+00
6.543080024266176224e+03 1.003002115840059938e+00
6.543114051676717281e+03 9.995907264310976981e-01
6.543148079264217813e+03 1.000477625760768152e+00
6.543182107028679638e+03 1.006884262569428090e+00
6.543216134970103667e+03 1.006445749044043270e+00
6.543250163088490808e+03 1.005464924282452044e+00
6.543284191383841971e+03 1.007773860637423136e+00
6.543318219856157157e+03 1.003541068109869983e+00
6.543352248505438183e+03 9.965797309629860212e-01
6.543386277331686870e+03 1.000240312645332086e+00
6.543420306334902307e+03 9.987242917132559406e-01
6.543454335515086314e+03 9.999359335587376663e-01
6.543488364872239799e+03 9.986192289097366448e-01
6.543522394406362764e+03 1.000073837226211237e+00
6.543556424117457937e+03 9.987513266621763641e-01
6.543590454005525316e+03 9.932851987135533633e-01
6.543624484070564904e+03 9.970273775403144523e-01
6.543658514312579427e+03 1.005219872723362551e+00
6.543692544731567978e+03 9.985277302573611902e-01
6.543726575327533283e+03 1.001969129252723079e+00
6.543760606100474433e+03 1.011906439183342998e+00
6.543794637050394158e+03 1.001790220880561577e+00
6.543828668177291547e+03 9.990063002908732281e-01
6.543862699481169329e+03 1.000147425343767216e+00
6.543896730962027505e+03 9.997458860228497501e-01
6.543930762619866073e+03 9.971081192924674541e-01
6.543964794454687762e+03 9.957761023276407997e-01
6.543998826466492574e+03 1.002649334758960897e+00
6.544032858655281416e+03 1.007026231709652997e+00
6.544066891021055199e+03 1.001453408143650359e+00
6.544100923563814831e+03 1.005304914643534886e+00
6.544134956283561223e+03 9.996836899226136941e-01
6.544168989180296194e+03 1.003695921227632182e+00
6.544203022254018833e+03 1.002175641987737231e+00
6.544237055504731870e+03 9.943003219012951366e-01
6.544271088932435305e+03 1.000141474385793483e+00
6.544305122537130046e+03 9.975940478639392373e-01
6.544339156318817004e+03 9.860609938683297937e-01
6.544373190277497997e+03 9.658811245351084374e-01
6.544407224413173026e+03 9.277233043189880846e-01
6.544441258725842999e+03 8.962144934498156301e-01
6.544475293215508827e+03 9.133704812280634133e-01
6.544509327882172329e+03 9.524384723029379884e-01
6.544543362725832594e+03 9.762666167357604285e-01
6.544577397746492352e+03 9.930225118322988376e-01
6.544611432944152511e+03 1.004327757403244537e+00
6.544645468318812163e+03 1.000449922466822184e+00
6.544679503870474036e+03 9.994753850304223253e-01
6.544713539599139040e+03 1.001533832961528425e+00
6.544747575504806264e+03 1.003794619515081310e+00
6.544781611587479347e+03 1.007609647340209191e+00
6.544815647847156470e+03 1.005300423623261441e+00
6.544849684283840361e+03 1.000724298840746540e+00
6.544883720897531020e+03 1.004371678656546640e+00
6.544917757688230267e+03 1.004646153923090424e+00
6.544951794655938102e+03 1.001139131157685158e+00
6.544985831800655433e+03 9.994958309527736118e-01
6.545019869122384080e+03 9.982900811288707432e-01
6.545053906621124042e+03 1.000599806784561618e+00
6.545087944296877140e+03 1.005313514965585187e+00
6.545121982149643372e+03 1.005191088599358462e+00
6.545156020179424559e+03 1.005474139435960534e+00
6.545190058386221608e+03 1.010765721254397675e+00
6.545224096770033611e+03 1.006689657225076973e+00
6.545258135330864206e+03 1.008201179035168371e+00
6.545292174068712484e+03 1.007002143759606616e+00
6.545326212983579353e+03 9.995605173928925336e-01
6.545360252075466633e+03 9.962326442230503565e-01
6.545394291344375233e+03 9.992779410774326188e-01
6.545428330790305154e+03 1.002360378606236724e+00
6.545462370413258213e+03 9.993974297009386998e-01
6.545496410213234412e+03 9.945361302340138820e-01
6.545530450190235570e+03 9.977293661669605074e-01
6.545564490344262595e+03 1.001344747605253716e+00
6.545598530675315487e+03 1.002371959513726374e+00
6.545632571183396067e+03 1.000734070571782430e+00
6.545666611868505242e+03 1.001529005842175302e+00
6.545700652730643014e+03 1.000263055332161866e+00
6.545734693769811201e+03 1.002755085868540785e+00
6.545768734986010713e+03 1.004715192434167514e+00
6.545802776379241550e+03 9.998585177260722601e-01
6.545836817949505530e+03 1.004502766038925854e+00
6.545870859696803564e+03 1.005485330125764021e+00
6.545904901621136560e+03 1.009347980523681576e+00
6.545938943722505428e+03 1.006169743018452856e+00
6.545972986000910169e+03 1.007497712374133547e+00
6.546007028456352600e+03 1.009687393773608388e+00
6.546041071088833633e+03 1.007163266394653922e+00
6.546075113898354175e+03 1.001718599121774300e+00
6.546109156884914228e+03 9.991796360675666566e-01
6.546143200048516519e+03 1.004037747315040585e+00
6.546177243389160139e+03 1.011263794128346216e+00
6.546211286906846908e+03 1.002272866866688927e+00
6.546245330601577734e+03 1.000391142773985109e+00
6.546279374473353528e+03 9.934715524678584542e-01
6.546313418522175198e+03 9.891762009138881373e-01
6.546347462748043654e+03 9.939828380149015041e-01
6.546381507150958896e+03 1.000090134893117266e+00
6.546415551730923653e+03 1.003052687299450296e+00
6.546449596487937015e+03 1.006482031529849275e+00
6.546483641422001710e+03 1.002698374245514668e+00
6.546517686533117740e+03 1.003077508136156704e+00
6.546551731821285102e+03 1.006964196595704575e+00
6.546585777286506527e+03 1.005390297649269016e+00
6.546619822928781105e+03 1.003828355910988845e+00
6.546653868748111563e+03 1.000814674795740267e+00
6.546687914744497903e+03 9.994851164882955219e-01
6.546721960917940123e+03 1.004853246395501110e+00
6.546756007268440953e+03 1.007116692830371862e+00
6.546790053796000393e+03 9.995491099347849628e-01
6.546824100500619352e+03 1.004957044968500801e+00
6.546858147382298739e+03 1.009144001363507348e+00
6.546892194441039464e+03 1.005815861658449606e+00
6.546926241676842437e+03 1.005262624507644809e+00
6.546960289089709477e+03 1.004017167834939439e+00
6.546994336679640583e+03 1.003196942509657852e+00
6.547028384446635755e+03 1.006360088609331793e+00
6.547062432390697722e+03 1.007093773756955191e+00
6.547096480511827394e+03 1.005939015576885920e+00
6.547130528810023861e+03 1.006436995124658784e+00
6.547164577285288942e+03 1.001373909458424860e+00
6.547198625937624456e+03 1.005371867946103892e+00
6.547232674767030403e+03 1.007463435025427234e+00
6.547266723773508602e+03 1.003780207290630111e+00
6.547300772957058143e+03 1.002856727591290742e+00
6.547334822317681756e+03 1.006418120508010716e+00
6.547368871855379439e+03 1.006597843867274911e+00
6.547402921570153012e+03 1.003565990504310168e+00
6.547436971462002475e+03 1.005880300824968820e+00
6.547471021530928738e+03 1.009206314742125077e+00
6.547505071776932709e+03 1.009702420528699074e+00
6.547539122200016209e+03 1.007192395036282440e+00
6.547573172800179236e+03 1.007562333853832426e+00
6.547607223577423611e+03 1.010088445159412096e+00
6.547641274531749332e+03 1.007930498688888399e+00
6.547675325663157309e+03 1.003813851557102899e+00
6.547709376971649363e+03 1.006933227552345711e+00
6.547743428457226400e+03 1.009706647077057928e+00
6.547777480119887514e+03 1.005626163320878508e+00
6.547811531959635431e+03 1.006232001321136105e+00
6.547845583976471062e+03 1.006314199140999399e+00
6.547879636170394406e+03 1.005560755486662794e+00
6.547913688541407282e+03 1.006679474278065589e+00
6.547947741089509691e+03 1.007982519168749924e+00
6.547981793814703451e+03 1.007041767941006194e+00
6.548015846716988563e+03 1.005474486371541687e+00
6.548049899796365935e+03 1.004310035586130301e+00
6.548083953052838297e+03 1.005250755175127741e+00
6.548118006486404738e+03 1.008579555888206469e+00
6.548152060097066169e+03 9.988403048330386502e-01
6.548186113884824408e+03 9.819670227139445373e-01
6.548220167849680365e+03 9.706375856207146713e-01
6.548254221991634040e+03 9.688986359685534122e-01
6.548288276310687252e+03 9.811991684792649160e-01
6.548322330806840000e+03 9.992196395253662988e-01
6.548356385480095014e+03 1.001796426166372100e+00
6.548390440330451383e+03 1.013846472217996508e+00
6.548424495357910018e+03 1.010451021954148487e+00
6.548458550562472738e+03 1.009514744328953162e+00
6.548492605944140450e+03 1.009174781220622208e+00
6.548526661502914067e+03 1.006603448584823868e+00
6.548560717238793586e+03 1.004706364884818015e+00
6.548594773151781737e+03 1.006438112148308806e+00
6.548628829241877611e+03 1.014271626867958576e+00
6.548662885509082116e+03 1.020258800817551048e+00
6.548696941953397982e+03 1.005426231574675144e+00
6.548730998574824298e+03 1.016131910750609046e+00
6.548765055373362884e+03 1.013135427918436138e+00
6.548799112349014649e+03 1.008299116115539462e+00
6.548833169501780503e+03 1.012765566106030635e+00
6.548867226831661355e+03 1.014138891115561769e+00
6.548901284338657206e+03 1.011645140536598486e+00
6.548935342022769873e+03 1.011962552509688473e+00
6.548969399884001177e+03 1.011984448317836405e+00
6.549003457922350208e+03 1.011130657234975638e+00
6.549037516137818784e+03 1.006532208718212029e+00
6.549071574530407815e+03 9.972368251770975522e-01
6.549105633100118212e+03 9.718167941894035877e-01
6.549139691846950882e+03 9.419187212774885465e-01
6.549173750770906736e+03 9.347772616418322800e-01
6.549207809871986683e+03 9.569420201065094167e-01
6.549241869150190723e+03 9.839191816991770256e-01
6.549275928605521585e+03 9.948788153591747729e-01
6.549309988237979269e+03 9.971819655080049749e-01
6.549344048047564684e+03 1.003873797769445186e+00
6.549378108034278739e+03 1.011110702480201073e+00
6.549412168198122345e+03 1.008380681623700204e+00
6.549446228539096410e+03 1.011793535584341042e+00
6.549480289057201844e+03 1.010493106870044011e+00
6.549514349752439557e+03 1.007050099614228200e+00
6.549548410624811368e+03 1.007627726019015624e+00
6.549582471674316366e+03 1.008905564022341217e+00
6.549616532900957282e+03 1.007734490926536441e+00
6.549650594304733204e+03 1.007595328008062729e+00
6.549684655885646862e+03 1.008102028663204308e+00
6.549718717643698255e+03 1.006842350074928172e+00
6.549752779578889204e+03 1.008139747451644475e+00
6.549786841691218797e+03 1.009599453489905319e+00
6.549820903980689764e+03 1.011240786551975468e+00
6.549854966447302104e+03 1.015387489609690164e+00
6.549889029091056727e+03 1.017953425646774601e+00
6.549923091911954543e+03 1.015681871030265526e+00
6.549957154909997371e+03 1.013493108960495936e+00
6.549991218085185210e+03 1.014456112526115561e+00
6.550025281437518970e+03 1.016286564981444318e+00
6.550059344966999561e+03 1.014769688693230476e+00
6.550093408673628801e+03 1.016040184782513123e+00
6.550127472557406691e+03 1.013286341206312002e+00
6.550161536618335049e+03 1.014878336694326366e+00
6.550195600856412966e+03 1.015144709758443620e+00
6.550229665271644080e+03 1.011948767668036098e+00
6.550263729864026573e+03 1.010376584094899277e+00
6.550297794633563171e+03 1.009333345644192859e+00
6.550331859580254786e+03 1.015008289873677638e+00
6.550365924704100507e+03 1.015904436594196270e+00
6.550399990005103064e+03 1.020673287492948722e+00
6.550434055483263364e+03 1.021403518545012545e+00
6.550468121138581409e+03 1.019343057143217379e+00
6.550502186971059018e+03 1.019635226528073924e+00
6.550536252980696190e+03 1.015709172971118290e+00
6.550570319167493835e+03 1.009903758160295650e+00
6.550604385531453772e+03 1.011329039916086137e+00
6.550638452072576911e+03 1.014356889531570438e+00
6.550672518790863251e+03 1.017526971364926203e+00
6.550706585686314611e+03 1.013598190719297909e+00
6.550740652758930992e+03 1.010339786455547006e+00
6.550774720008714212e+03 1.016587561237131121e+00
6.550808787435664271e+03 1.015803960097309444e+00
6.550842855039782989e+03 1.013092605625804277e+00
6.550876922821071275e+03 1.012776817395169449e+00
6.550910990779529129e+03 1.014359743267051472e+00
6.550945058915158370e+03 1.017379005533959546e+00
6.550979127227958998e+03 1.015009230504835491e+00
6.551013195717932831e+03 1.016194140160183723e+00
6.551047264385080780e+03 1.016451687351102695e+00
6.551081333229403754e+03 1.012162481082966581e+00
6.551115402250901752e+03 1.015870589908248967e+00
6.551149471449576595e+03 1.014638608391061236e+00
6.551183540825429191e+03 1.015814485125331235e+00
6.551217610378459540e+03 1.017851056094939199e+00
6.551251680108669461e+03 1.014591733548920516e+00
6.551285750016059865e+03 1.016145464369772711e+00
6.551319820100631659e+03 1.021809096738547140e+00
6.551353890362384846e+03 1.017282944943774803e+00
6.551387960801322151e+03 1.012024738485945985e+00
6.551422031417442668e+03 1.018794706056299626e+00
6.551456102210748213e+03 1.017040577813629998e+00
6.551490173181239697e+03 1.018450342196740355e+00
6.551524244328917121e+03 1.013266056927611514e+00
6.551558315653783211e+03 1.010784660967141591e+00
6.551592387155837059e+03 1.019956155832450584e+00
6.551626458835081394e+03 1.020321080974636585e+00
6.551660530691515305e+03 1.016402304303900994e+00
6.551694602725140612e+03 1.023749913213354290e+00
6.551728674935958225e+03 1.018223076615637046e+00
6.551762747323969052e+03 1.015620363003865156e+00
6.551796819889174003e+03 1.014138420048800171e+00
6.551830892631573988e+03 1.014176188392163391e+00
6.551864965551169917e+03 1.014782731566461926e+00
6.551899038647962698e+03 1.016797631495339305e+00
6.551933111921954151e+03 1.016518599612124651e+00
6.551967185373143366e+03 1.013208563839363086e+00
6.552001259001532162e+03 1.017798509326904410e+00
6.552035332807121449e+03 1.015715420686446269e+00
6.552069406789912136e+03 1.013994055424939811e+00
6.552103480949906043e+03 1.019479525129649788e+00
6.552137555287102259e+03 1.019211787584515250e+00
6.552171629801503514e+03 1.018575072132298587e+00
6.552205704493108897e+03 1.022850700811968494e+00
6.552239779361921137e+03 1.025249504967415293e+00
6.552273854407940235e+03 1.019543877546768895e+00
6.552307929631167099e+03 1.012345429889998982e+00
6.552342005031602639e+03 1.013800985827700174e+00
6.552376080609248675e+03 1.019907004693195285e+00
6.552410156364105205e+03 1.015289509538478185e+00
6.552444232296173141e+03 1.014916267822041362e+00
6.552478308405453390e+03 1.012191161914701265e+00
6.552512384691946863e+03 1.014387358703953357e+00
6.552546461155655379e+03 1.011272958957277313e+00
6.552580537796578938e+03 1.007153798040863357e+00
6.552614614614718448e+03 1.010380673236183524e+00
6.552648691610075730e+03 1.014872627884991996e+00
6.552682768782649873e+03 1.021396102128961036e+00
6.552716846132444516e+03 1.015294938754031540e+00
6.552750923659457840e+03 1.011324585263832176e+00
6.552785001363692572e+03 1.011893830129105609e+00
6.552819079245148714e+03 1.019379215401950978e+00
6.552853157303828084e+03 1.022077192228591613e+00
6.552887235539730682e+03 1.017581491317278042e+00
6.552921313952857417e+03 1.012716578817251412e+00
6.552955392543210110e+03 1.013965445717358582e+00
6.552989471310788758e+03 1.016780153753669147e+00
6.553023550255595183e+03 1.010865213299381837e+00
6.553057629377629382e+03 1.005369069688726968e+00
6.553091708676892267e+03 9.950185957023426342e-01
6.553125788153386566e+03 9.624783863653222360e-01
6.553159867807110459e+03 9.337074841151143945e-01
6.553193947638066675e+03 9.398874119486662071e-01
6.553228027646256123e+03 9.655168952509639579e-01
6.553262107831678804e+03 9.903991494580483002e-01
6.553296188194336537e+03 1.005595626193654279e+00
6.553330268734229321e+03 1.007515033676218641e+00
6.553364349451358976e+03 1.007203597621736835e+00
6.553398430345725501e+03 1.014405024167123637e+00
6.553432511417330716e+03 1.021626451518537371e+00
6.553466592666175529e+03 1.017629332306170697e+00
6.553500674092259942e+03 1.013863325402340587e+00
6.553534755695585773e+03 1.016964528391467892e+00
6.553568837476153931e+03 1.015356115004387938e+00
6.553602919433964416e+03 1.016667863734685984e+00
6.553637001569019048e+03 1.018336870605616173e+00
6.553671083881318737e+03 1.015617190824018801e+00
6.553705166370863481e+03 1.021285924602605810e+00
6.553739249037656009e+03 1.020239837627662238e+00
6.553773331881694503e+03 1.014159515085578445e+00
6.553807414902982600e+03 1.015237506930069644e+00
6.553841498101519392e+03 1.016856069493649706e+00
6.553875581477307605e+03 1.014895147495562311e+00
6.553909665030346332e+03 1.013811140317588899e+00
6.553943748760636481e+03 1.016489268803753010e+00
6.553977832668180781e+03 1.018100599900234382e+00
6.554011916752978323e+03 1.017386499864609606e+00
6.554046001015031834e+03 1.016551565942952262e+00
6.554080085454340406e+03 1.012704215587076462e+00
6.554114170070905857e+03 1.013955722039622698e+00
6.554148254864729097e+03 1.017508184837261354e+00
6.554182339835810126e+03 1.015827826267437617e+00
6.554216424984151672e+03 1.012179260339145959e+00
6.554250510309753736e+03 1.005717644119134224e+00
6.554284595812616317e+03 9.947933807945769091e-01
6.554318681492742144e+03 9.862807805895978941e-01
6.554352767350131217e+03 9.898677553843945320e-01
6.554386853384783535e+03 1.001470647890747134e+00
6.554420939596701828e+03 1.010064658873944587e+00
6.554455025985885186e+03 1.019707214823530217e+00
6.554489112552336337e+03 1.023402858835536611e+00
6.554523199296054372e+03 1.021835964273919206e+00
6.554557286217042019e+03 1.020304257852785224e+00
6.554591373315299279e+03 1.015741515974411868e+00
6.554625460590826151e+03 1.014852547522002268e+00
6.554659548043625364e+03 1.016073882528796934e+00
6.554693635673696917e+03 1.015249171591945609e+00
6.554727723481041721e+03 1.014772018385156960e+00
6.554761811465661594e+03 1.014506988654063635e+00
6.554795899627555627e+03 1.011524153757106248e+00
6.554829987966726549e+03 1.011985213074129364e+00
6.554864076483173449e+03 1.012628158181152260e+00
6.554898165176899056e+03 1.012193615837163163e+00
6.554932254047903371e+03 1.016729899792437664e+00
6.554966343096188211e+03 1.012451625709775538e+00
6.555000432321752669e+03 1.016418384600876967e+00
6.555034521724599472e+03 1.018865772862900920e+00
6.555068611304728620e+03 1.012856469114427505e+00
6.555102701062141023e+03 1.012857173972971925e+00
6.555136790996838499e+03 1.009947291007723846e+00
6.555170881108821050e+03 1.010137164093220186e+00
6.555204971398089583e+03 1.007425671380368426e+00
6.555239061864645919e+03 1.014321951943624178e+00
6.555273152508490057e+03 1.015795222815792265e+00
6.555307243329622906e+03 1.017733551625380484e+00
6.555341334328046287e+03 1.018831861420063323e+00
6.555375425503760198e+03 1.016654893308334362e+00
6.555409516856765549e+03 1.019656185386860869e+00
6.555443608387064160e+03 1.023759755726405540e+00
6.555477700094656029e+03 1.019157043808590846e+00
6.555511791979542977e+03 1.019782140153088434e+00
6.555545884041725003e+03 1.018919182560428682e+00
6.555579976281203017e+03 1.019553642541931149e+00
6.555614068697978837e+03 1.018116873648847065e+00
6.555648161292053373e+03 1.017933834455274633e+00
6.555682254063426626e+03 1.014443997754271631e+00
6.555716347012100414e+03 1.014135401958882854e+00
6.555750440138074737e+03 1.011307717745201451e+00
6.555784533441350504e+03 1.012715854977527030e+00
6.555818626921930445e+03 1.021329666112276158e+00
6.555852720579812740e+03 1.017961174818059256e+00
6.555886814415001027e+03 1.016515699439597409e+00
6.555920908427494396e+03 1.020250931314771403e+00
6.555955002617293758e+03 1.020158590472407756e+00
6.555989096984401840e+03 1.017482941291924181e+00
6.556023191528817733e+03 1.016125042598474026e+00
6.556057286250542347e+03 1.015419152125896618e+00
6.556091381149577501e+03 1.015982171843207826e+00
6.556125476225924103e+03 1.018802828262198590e+00
6.556159571479583065e+03 1.019119496487477239e+00
6.556193666910554384e+03 1.016887213115345023e+00
6.556227762518839882e+03 1.018834170968880404e+00
6.556261858304440466e+03 1.017756388204894114e+00
6.556295954267356137e+03 1.017352390283335906e+00
6.556330050407589624e+03 1.013942582674117743e+00
6.556364146725140017e+03 1.015990673500462016e+00
6.556398243220009135e+03 1.016173031628227585e+00
6.556432339892196978e+03 1.013713341437362692e+00
6.556466436741706275e+03 1.011486973042030391e+00
6.556500533768536116e+03 1.014363123467609595e+00
6.556534630972688319e+03 1.018507882534211317e+00
6.556568728354163795e+03 1.016578239757817137e+00
6.556602825912963453e+03 1.015044850056610271e+00
6.556636923649088203e+03 1.018450315059866718e+00
6.556671021562538954e+03 1.021615834427228586e+00
6.556705119653316615e+03 1.019779440660865788e+00
6.556739217921421186e+03 1.014422935656768665e+00
6.556773316366855397e+03 1.013448079688207271e+00
6.556807414989618337e+03 1.017445269885010939e+00
6.556841513789712735e+03 1.020432531868455950e+00
6.556875612767137682e+03 1.015081846812049493e+00
6.556909711921895905e+03 1.011245705119627525e+00
6.556943811253986496e+03 1.016425371356655338e+00
6.556977910763412183e+03 1.015215520099420177e+00
6.557012010450172056e+03 1.021024600994618226e+00
6.557046110314268844e+03 1.017712541192123066e+00
6.557080210355702548e+03 1.021087178025101183e+00
6.557114310574473166e+03 1.022143972307848925e+00
6.557148410970583427e+03 1.017099506290304989e+00
6.557182511544033332e+03 1.015975913559501009e+00
6.557216612294824699e+03 1.019934717268941027e+00
6.557250713222956620e+03 1.020249498093021678e+00
6.557284814328430912e+03 1.017018506480183992e+00
6.557318915611249395e+03 1.018502442958326482e+00
6.557353017071412069e+03 1.021904491400018156e+00
6.557387118708919843e+03 1.015195123708260150e+00
6.557421220523773627e+03 1.013062985138200700e+00
6.557455322515975240e+03 1.010736963498032104e+00
6.557489424685523772e+03 1.016930058076173760e+00
6.557523527032421953e+03 1.020555907025104236e+00
6.557557629556670690e+03 1.016560471340756555e+00
6.557591732258269076e+03 1.013919690052523137e+00
6.557625835137219838e+03 1.009054785887094630e+00
6.557659938193522976e+03 9.921077180904853687e-01
6.557694041427180309e+03 9.707351055887011304e-01
6.557728144838190929e+03 9.628482681293637491e-01
6.557762248426558472e+03 9.807197038955274282e-01
6.557796352192281120e+03 9.992616038245200061e-01
6.557830456135361601e+03 1.008022932606340127e+00
6.557864560255799915e+03 1.008761422882604508e+00
6.557898664553597882e+03 1.007499914577314470e+00
6.557932769028755501e+03 1.013204179447241060e+00
6.557966873681274592e+03 1.012771664810651950e+00
6.558000978511155154e+03 1.008009415005850729e+00
6.558035083518399006e+03 1.009458064569655145e+00
6.558069188703006148e+03 1.010001009613253009e+00
6.558103294064977490e+03 1.007372560833856845e+00
6.558137399604314851e+03 1.006256726137055857e+00
6.558171505321019140e+03 1.010457133615969560e+00
6.558205611215090357e+03 1.013133479657589042e+00
6.558239717286529412e+03 1.008054378593884692e+00
6.558273823535339034e+03 1.004121197185092074e+00
6.558307929961518312e+03 1.002060525963426540e+00
6.558342036565068156e+03 1.002191397706481357e+00
6.558376143345990386e+03 1.002997512062106633e+00
6.558410250304285910e+03 1.004284826070642289e+00
6.558444357439954729e+03 1.006089972006570354e+00
6.558478464752998661e+03 1.003685589556917224e+00
6.558512572243417708e+03 9.988584033956107167e-01
6.558546679911214596e+03 9.970479716511334578e-01
6.558580787756388418e+03 9.937518218736320907e-01
6.558614895778940081e+03 9.919880631925080960e-01
6.558649003978872315e+03 9.804158607944516435e-01
6.558683112356184211e+03 9.753377520316106608e-01
6.558717220910877586e+03 9.795740891078973389e-01
6.558751329642953351e+03 9.866524890226032740e-01
6.558785438552411506e+03 9.898504290262978289e-01
6.558819547639253869e+03 9.880473354025263166e-01
6.558853656903482261e+03 9.884873293361569058e-01
6.558887766345094860e+03 9.913471214012198329e-01
6.558921875964095307e+03 9.929120016926087366e-01
6.558955985760483600e+03 9.911767007442501276e-01
6.558990095734259739e+03 9.853447003482292965e-01
6.559024205885426454e+03 9.860221609173909219e-01
6.559058316213982835e+03 9.851855970377024763e-01
6.559092426719930700e+03 9.832809262462284261e-01
6.559126537403270959e+03 9.803076342963009671e-01
6.559160648264004521e+03 9.785670454252911599e-01
6.559194759302132297e+03 9.804807407290221377e-01
6.559228870517655196e+03 9.826884909756913311e-01
6.559262981910574126e+03 9.834947566129911278e-01
6.559297093480889998e+03 9.804791761988789212e-01
6.559331205228603721e+03 9.785331047834132656e-01
6.559365317153716205e+03 9.808842099127673686e-01
6.559399429256228359e+03 9.815726040044531198e-01
6.559433541536141092e+03 9.795054740790242187e-01
6.559467653993455315e+03 9.802251793039434835e-01
6.559501766628171936e+03 9.756037969224145012e-01
6.559535879440292774e+03 9.733176697655323562e-01
6.559569992429816921e+03 9.748663639290455762e-01
6.559604105596747104e+03 9.693439364425940896e-01
6.559638218941083323e+03 9.672943068545092338e-01
6.559672332462825580e+03 9.738966274294063030e-01
6.559706446161976601e+03 9.758571111239379148e-01
6.559740560038537296e+03 9.657906802044228245e-01
6.559774674092506757e+03 9.704563777542078995e-01
6.559808788323887711e+03 9.736560421200556315e-01
6.559842902732680159e+03 9.679986403803541029e-01
6.559877017318885009e+03 9.625092727182821273e-01
6.559911132082503173e+03 9.637909309701619964e-01
6.559945247023536467e+03 9.634393739912707755e-01
6.559979362141984893e+03 9.596595040661383136e-01
6.560013477437849360e+03 9.563886551576769035e-01
6.560047592911130778e+03 9.509297697987716402e-01
6.560081708561830965e+03 9.600144333090984139e-01
6.560115824389949921e+03 9.574269359255976886e-01
6.560149940395489466e+03 9.550702860525415172e-01
6.560184056578449599e+03 9.554007436685322263e-01
6.560218172938831231e+03 9.484859273656772727e-01
6.560252289476636179e+03 9.503580463008950430e-01
6.560286406191864444e+03 9.492039249849207883e-01
6.560320523084517845e+03 9.452585537258804127e-01
6.560354640154596382e+03 9.453075890498056078e-01
6.560388757402100964e+03 9.423537939540470587e-01
6.560422874827033411e+03 9.392267520856107943e-01
6.560456992429393722e+03 9.409244796708953196e-01
6.560491110209183717e+03 9.397366502974191516e-01
6.560525228166404304e+03 9.361543143432973224e-01
6.560559346301055484e+03 9.357070347018374701e-01
6.560593464613138167e+03 9.363597010740899451e-01
6.560627583102655080e+03 9.311588935641806897e-01
6.560661701769604406e+03 9.309759768112461087e-01
6.560695820613989781e+03 9.301694229304352524e-01
6.560729939635809387e+03 9.274321922607013935e-01
6.560764058835066862e+03 9.284597954118694041e-01
6.560798178211761297e+03 9.285077602622581194e-01
6.560832297765894509e+03 9.223206450158227820e-01
6.560866417497466500e+03 9.142794867023721350e-01
6.560900537406479089e+03 9.219121067723898832e-01
6.560934657492933184e+03 9.170754085254604338e-01
6.560968777756829695e+03 9.125829946078369836e-01
6.561002898198168623e+03 9.082956332351047601e-01
6.561037018816951786e+03 8.999827693756476954e-01
6.561071139613180094e+03 8.987308855216279424e-01
6.561105260586853547e+03 9.058250284566172761e-01
6.561139381737973963e+03 9.125129542879433231e-01
6.561173503066542253e+03 9.133548536096693926e-01
6.561207624572559325e+03 9.099278188068695705e-01
6.561241746256026090e+03 9.078818509360351285e-01
6.561275868116943457e+03 9.081333757778891069e-01
6.561309990155311425e+03 9.093354360409339199e-01
6.561344112371131814e+03 9.063880844590330721e-01
6.561378234764405533e+03 9.042553675396641788e-01
6.561412357335134402e+03 9.019567742661188658e-01
6.561446480083316601e+03 9.003383425314545052e-01
6.561480603008955768e+03 8.997335750996707793e-01
6.561514726112051903e+03 8.968158864773952965e-01
6.561548849392605916e+03 8.935063902231217270e-01
6.561582972850618717e+03 8.923791505593255957e-01
6.561617096486091214e+03 8.863115476165751572e-01
6.561651220299023407e+03 8.771581361148245159e-01
6.561685344289418026e+03 8.842052529008369577e-01
6.561719468457275070e+03 8.904361835504742695e-01
6.561753592802595449e+03 8.960098768234615596e-01
6.561787717325380072e+03 8.855693236162140991e-01
6.561821842025629849e+03 8.859119244592507103e-01
6.561855966903345688e+03 8.857713737963207601e-01
6.561890091958528501e+03 8.842648827139001355e-01
6.561924217191179196e+03 8.855822138819918754e-01
6.561958342601298682e+03 8.891207923739387065e-01
6.561992468188888779e+03 8.873471139121565932e-01
6.562026593953949487e+03 8.802587428108088474e-01
6.562060719896481714e+03 8.824918299975600400e-01
6.562094846016486372e+03 8.902117755577115821e-01
6.562128972313964368e+03 8.848638043658452190e-01
6.562163098788917523e+03 8.785065034819093954e-01
6.562197225441344926e+03 8.812710985063206826e-01
6.562231352271249307e+03 8.832891312553823315e-01
6.562265479278631574e+03 8.815620730872694155e-01
6.562299606463490818e+03 8.790929168870104116e-01
6.562333733825829768e+03 8.797380513985207928e-01
6.562367861365648423e+03 8.802570825252211684e-01
6.562401989082948603e+03 8.796937244408010725e-01
6.562436116977730308e+03 8.797424878330731834e-01
6.562470245049994446e+03 8.796079590632096545e-01
6.562504373299742838e+03 8.834440283722898579e-01
6.562538501726974573e+03 8.830614119182657040e-01
6.562572630331693290e+03 8.852086963446154089e-01
6.562606759113898079e+03 8.821239126823395837e-01
6.562640888073589849e+03 8.805694590609937089e-01
6.562675017210769511e+03 8.831248813431096245e-01
6.562709146525439792e+03 8.853821514053830111e-01
6.562743276017598873e+03 8.848848052275103404e-01
6.562777405687249484e+03 8.826735590637698747e-01
6.562811535534392533e+03 8.839871180642335791e-01
6.562845665559028021e+03 8.863124700348871121e-01
6.562879795761157766e+03 8.844884933767107604e-01
6.562913926140781768e+03 8.859475457208950688e-01
6.562948056697900938e+03 8.816373512015940328e-01
6.562982187432518003e+03 8.757519248916199039e-01
6.563016318344632055e+03 8.864007332073515766e-01
6.563050449434244001e+03 8.857414536433751984e-01
6.563084580701355662e+03 8.939769991053452269e-01
6.563118712145967947e+03 8.932664889581566348e-01
6.563152843768081766e+03 8.952145051325499647e-01
6.563186975567697118e+03 9.002367655168929117e-01
6.563221107544815823e+03 8.980349119142747583e-01
6.563255239699437880e+03 8.969135807515663528e-01
6.563289372031565108e+03 9.026673345973703633e-01
6.563323504541198417e+03 9.058146282966887952e-01
6.563357637228338717e+03 9.038837705995893534e-01
6.563391770092986008e+03 9.057420024729859742e-01
6.563425903135143017e+03 9.111596690054337699e-01
6.563460036354808835e+03 9.083846330822583637e-01
6.563494169751984373e+03 9.150436808893529506e-01
6.563528303326672358e+03 9.142755758097240726e-01
6.563562437078871881e+03 9.148105484551427580e-01
6.563596571008585670e+03 9.212911401632809527e-01
6.563630705115812816e+03 9.251676875427778945e-01
6.563664839400555138e+03 9.233810147630271414e-01
6.563698973862813546e+03 9.211026620770244033e-01
6.563733108502588948e+03 9.218631027938618550e-01
6.563767243319882255e+03 9.246876148897499315e-01
6.563801378314693466e+03 9.307745204573413256e-01
6.563835513487025310e+03 9.375554058806807589e-01
6.563869648836877786e+03 9.273916055000148706e-01
6.563903784364250896e+03 9.286505015539274766e-01
6.563937920069147367e+03 9.316611675006496451e-01
6.563972055951566290e+03 9.342475876368314669e-01
6.564006192011510393e+03 9.320715559555468044e-01
6.564040328248979677e+03 9.256142773068068985e-01
6.564074464663975050e+03 9.267443750666720659e-01
6.564108601256496513e+03 9.379036559817833796e-01
6.564142738026546795e+03 9.459653358382247301e-01
6.564176874974125894e+03 9.466935058331454877e-01
6.564211012099235631e+03 9.496034858435348225e-01
6.564245149401875096e+03 9.581899786529478602e-01
6.564279286882046108e+03 9.625978559091743492e-01
6.564313424539750486e+03 9.645236357725782694e-01
6.564347562374988229e+03 9.606774902973349572e-01
6.564381700387760247e+03 9.657972661436287076e-01
6.564415838578067451e+03 9.714464703590215411e-01
6.564449976945910748e+03 9.765116853186064372e-01
6.564484115491291959e+03 9.773121793487696829e-01
6.564518254214211083e+03 9.734451495344360605e-01
6.564552393114669030e+03 9.729090180498318752e-01
6.564586532192667619e+03 9.703696826035872469e-01
6.564620671448205940e+03 9.629467366710640075e-01
6.564654810881287631e+03 9.695001090639305819e-01
6.564688950491910873e+03 9.608255583377671716e-01
6.564723090280078395e+03 9.471057841151246937e-01
6.564757230245790197e+03 9.377375290223814996e-01
6.564791370389047188e+03 9.636195447709180462e-01
6.564825510709851187e+03 9.817194966201264750e-01
6.564859651208203104e+03 9.919253165029895403e-01
6.564893791884102029e+03 9.970579343877505885e-01
6.564927932737551600e+03 1.002584942423865977e+00
6.564962073768549999e+03 1.010040196108331623e+00
6.564996214977099953e+03 1.009085061808451478e+00
6.565030356363202372e+03 1.005107188856156908e+00
6.565064497926857257e+03 1.010719618503967077e+00
6.565098639668066426e+03 1.011993604626603593e+00
6.565132781586829879e+03 1.006319438740211236e+00
6.565166923683148525e+03 1.015517524315362685e+00
6.565201065957025094e+03 1.014856161895388409e+00
6.565235208408457765e+03 1.015362485825772820e+00
6.565269351037450178e+03 1.018401074055893085e+00
6.565303493844001423e+03 1.016183721396092920e+00
6.565337636828113318e+03 1.018785855848767463e+00
6.565371779989785864e+03 1.025727959569650016e+00
6.565405923329020879e+03 1.027335729379253326e+00
6.565440066845818365e+03 1.028170850567007966e+00
6.565474210540181048e+03 1.031160104261512611e+00
6.565508354412108019e+03 1.028617682633073738e+00
6.565542498461600189e+03 1.026628298577988652e+00
6.565576642688660286e+03 1.029607183838495921e+00
6.565610787093287399e+03 1.025945330794724386e+00
6.565644931675483349e+03 1.028925945798041974e+00
6.565679076435248135e+03 1.027571931166563202e+00
6.565713221372584485e+03 1.029983459117720157e+00
6.565747366487491490e+03 1.030764889511262883e+00
6.565781511779970970e+03 1.034665927045218758e+00
6.565815657250023833e+03 1.035364242604898566e+00
6.565849802897650989e+03 1.030875005306069569e+00
6.565883948722853347e+03 1.030936911576508797e+00
6.565918094725630908e+03 1.036450119375737833e+00
6.565952240905986400e+03 1.039476786046580115e+00
6.565986387263918914e+03 1.033212562476735430e+00
6.566020533799430268e+03 1.035369870331515951e+00
6.566054680512522282e+03 1.034852698461211196e+00
6.566088827403194045e+03 1.041992603788651106e+00
6.566122974471447378e+03 1.038450147308915605e+00
6.566157121717283189e+03 1.042101324550013031e+00
6.566191269140702389e+03 1.040111397349756883e+00
6.566225416741706795e+03 1.036540583236372548e+00
6.566259564520295498e+03 1.040528279365167341e+00
6.566293712476470319e+03 1.045711599023578131e+00
6.566327860610232165e+03 1.046467555557317297e+00
6.566362008921582856e+03 1.045131861019535702e+00
6.566396157410521482e+03 1.043294509338186682e+00
6.566430306077050773e+03 1.043477476526189829e+00
6.566464454921170727e+03 1.045481818486847958e+00
6.566498603942882255e+03 1.045499749184603644e+00
6.566532753142186266e+03 1.046979758588505227e+00
6.566566902519083669e+03 1.048334316225107976e+00
6.566601052073575374e+03 1.041648520209144335e+00
6.566635201805663201e+03 1.044325869553715869e+00
6.566669351715347148e+03 1.044564774988992584e+00
6.566703501802628125e+03 1.042750783446073637e+00
6.566737652067507042e+03 1.045759894558108583e+00
6.566771802509985719e+03 1.047082274964248327e+00
6.566805953130064154e+03 1.043493006193827677e+00
6.566840103927743257e+03 1.043118404542420885e+00
6.566874254903024848e+03 1.047241286128031801e+00
6.566908406055908017e+03 1.046769627665368185e+00
6.566942557386396402e+03 1.046213250351855528e+00
6.566976708894488183e+03 1.048979046245488878e+00
6.567010860580186090e+03 1.044848202667571391e+00
6.567045012443491032e+03 1.044094291460268220e+00
6.567079164484402099e+03 1.038717116230606363e+00
6.567113316702922020e+03 1.036658354830400031e+00
6.567147469099051705e+03 1.035600122600834228e+00
6.567181621672791152e+03 1.036400605095734617e+00
6.567215774424142182e+03 1.040053557608070500e+00
6.567249927353104795e+03 1.044037626069581393e+00
6.567284080459679899e+03 1.048557581381867276e+00
6.567318233743869314e+03 1.049923593202533256e+00
6.567352387205673949e+03 1.045895541892161607e+00
6.567386540845093805e+03 1.046836688445505370e+00
6.567420694662130700e+03 1.042271682297414293e+00
6.567454848656784634e+03 1.038663618675980338e+00
6.567489002829057426e+03 1.046276097477646161e+00
6.567523157178949077e+03 1.049164844610867897e+00
6.567557311706461405e+03 1.044608229025489665e+00
6.567591466411595320e+03 1.040912905562673130e+00
6.567625621294351731e+03 1.041974509754736822e+00
6.567659776354730639e+03 1.045417796876410232e+00
6.567693931592732952e+03 1.049901513892521177e+00
6.567728087008361399e+03 1.051632003610381894e+00
6.567762242601615071e+03 1.050197339857061651e+00
6.567796398372495787e+03 1.049458682121607644e+00
6.567830554321004456e+03 1.044042132903501896e+00
6.567864710447141078e+03 1.040560744330837117e+00
6.567898866750907473e+03 1.047279517968184415e+00
6.567933023232304549e+03 1.050909348667046661e+00
6.567967179891333217e+03 1.044960076026685947e+00
6.568001336727994385e+03 1.047915485281425418e+00
6.568035493742288054e+03 1.045554173546375143e+00
6.568069650934216952e+03 1.046963195743653152e+00
6.568103808303780170e+03 1.045919789437874892e+00
6.568137965850979526e+03 1.044194541144211730e+00
6.568172123575815931e+03 1.045951299135075896e+00
6.568206281478290293e+03 1.045618762222533693e+00
6.568240439558403523e+03 1.045210541530830817e+00
6.568274597816156529e+03 1.047408873578534960e+00
6.568308756251550221e+03 1.044407069003313815e+00
6.568342914864585509e+03 1.037731149897466842e+00
6.568377073655263302e+03 1.045912537018049759e+00
6.568411232623584510e+03 1.041052933049631646e+00
6.568445391769549133e+03 1.052698332122702363e+00
6.568479551093159898e+03 1.046942632383334626e+00
6.568513710594416807e+03 1.043629470577861929e+00
6.568547870273321678e+03 1.046724410438341968e+00
6.568582030129873601e+03 1.050726774284799658e+00
6.568616190164074396e+03 1.049447654962486931e+00
6.568650350375925882e+03 1.047683324272207450e+00
6.568684510765427149e+03 1.046528438159904706e+00
6.568718671332580925e+03 1.044601526218157828e+00
6.568752832077387211e+03 1.047622843059822451e+00
6.568786992999846916e+03 1.047592984400166793e+00
6.568821154099960950e+03 1.043824710388131294e+00
6.568855315377731131e+03 1.042718759599725153e+00
6.568889476833157460e+03 1.045637787387378115e+00
6.568923638466240845e+03 1.050270582217046389e+00
6.568957800276982198e+03 1.048616747431883267e+00
6.568991962265383336e+03 1.047852177546293451e+00
6.569026124431444259e+03 1.048631694351346955e+00
6.569060286775165878e+03 1.048092411679401703e+00
6.569094449296549101e+03 1.044703566930652139e+00
6.569128611995595747e+03 1.043233974619377724e+00
6.569162774872306727e+03 1.044288201871064636e+00
6.569196937926681130e+03 1.043644334705303711e+00
6.569231101158721685e+03 1.039753796697524324e+00
6.569265264568429302e+03 1.032184042082638253e+00
6.569299428155803980e+03 1.028658843188820615e+00
6.569333591920846629e+03 1.033914267276781596e+00
6.569367755863559069e+03 1.029944572753368259e+00
6.569401919983941298e+03 1.027061661972461515e+00
6.569436084281995136e+03 1.028030707079736539e+00
6.569470248757721492e+03 1.034367620709154334e+00
6.569504413411119458e+03 1.035927035910043204e+00
6.569538578242192671e+03 1.037244676430523649e+00
6.569572743250940221e+03 1.038258287375485311e+00
6.569606908437363018e+03 1.033760707276078605e+00
6.569641073801462881e+03 1.033031811786730536e+00
6.569675239343240719e+03 1.037094209770898168e+00
6.569709405062696533e+03 1.036694622665566001e+00
6.569743570959832141e+03 1.036413708580476989e+00
6.569777737034648453e+03 1.037425108807129348e+00
6.569811903287145469e+03 1.038588287092705675e+00
6.569846069717325008e+03 1.033683038945275579e+00
6.569880236325187980e+03 1.036154347349496962e+00
6.569914403110735293e+03 1.037475225479455698e+00
6.569948570073966948e+03 1.032378325090106852e+00
6.569982737214884764e+03 1.027753546905809889e+00
6.570016904533488741e+03 1.025556283949533132e+00
6.570051072029781608e+03 1.033753470522351670e+00
6.570085239703762454e+03 1.036409410709955958e+00
6.570119407555433099e+03 1.034949964722244875e+00
6.570153575584794453e+03 1.037327473207701800e+00
6.570187743791847424e+03 1.036405842674877897e+00
6.570221912176592014e+03 1.032717411051265355e+00
6.570256080739030949e+03 1.031568160495218267e+00
6.570290249479163322e+03 1.033431714997187445e+00
6.570324418396990950e+03 1.035412979012372725e+00
6.570358587492515653e+03 1.034156202698695459e+00
6.570392756765736522e+03 1.036738515490875034e+00
6.570426926216655374e+03 1.039212876053875467e+00
6.570461095845273121e+03 1.035282200935434327e+00
6.570495265651590671e+03 1.034537032650206356e+00
6.570529435635608934e+03 1.036391964705571267e+00
6.570563605797328819e+03 1.035592801979316357e+00
6.570597776136751236e+03 1.029358222064437722e+00
6.570631946653878003e+03 1.025724618020273926e+00
6.570666117348708212e+03 1.028821268480955675e+00
6.570700288221243682e+03 1.037259813024145272e+00
6.570734459271486230e+03 1.040358737709618620e+00
6.570768630499434948e+03 1.031923953049094900e+00
6.570802801905092565e+03 1.033439009419331756e+00
6.570836973488459080e+03 1.027846899427644622e+00
6.570871145249535402e+03 1.028385081223817776e+00
6.570905317188322442e+03 1.034059023597251992e+00
6.570939489304822018e+03 1.031739818082152649e+00
6.570973661599033221e+03 1.032288747665481621e+00
6.571007834070958779e+03 1.032389897442710147e+00
6.571042006720598692e+03 1.036930281929991482e+00
6.571076179547954780e+03 1.034441944532478841e+00
6.571110352553027042e+03 1.030004245036311827e+00
6.571144525735815478e+03 1.022527506268777975e+00
6.571178699096323726e+03 1.023389189912582209e+00
6.571212872634549967e+03 1.030729962328556626e+00
6.571247046350496930e+03 1.028773923121445888e+00
6.571281220244165524e+03 1.028807917983867615e+00
6.571315394315554840e+03 1.027793049261956693e+00
6.571349568564668516e+03 1.032992427921763268e+00
6.571383742991504732e+03 1.026952340292327071e+00
6.571417917596066218e+03 1.026176922790076773e+00
6.571452092378352972e+03 1.025986653037282093e+00
6.571486267338366815e+03 1.025133196332961294e+00
6.571520442476108656e+03 1.022692753905461771e+00
6.571554617791577584e+03 1.031429819221491906e+00
6.571588793284777239e+03 1.030723620595485057e+00
6.571622968955706710e+03 1.029871018150787521e+00
6.571657144804366908e+03 1.033896121735310425e+00
6.571691320830759651e+03 1.033097745120278743e+00
6.571725497034884938e+03 1.029818329532531385e+00
6.571759673416745500e+03 1.029000573909626848e+00
6.571793849976339516e+03 1.028033592151776698e+00
6.571828026713670624e+03 1.026430500328715745e+00
6.571862203628737916e+03 1.027889646588461270e+00
6.571896380721542300e+03 1.030400338272363436e+00
6.571930557992086506e+03 1.024116778197748934e+00
6.571964735440369623e+03 1.023734428831182486e+00
6.571998913066392561e+03 1.025549145427107955e+00
6.572033090870158048e+03 1.024625560158079818e+00
6.572067268851665176e+03 1.028522991970107103e+00
6.572101447010915763e+03 1.031895776963862588e+00
6.572135625347910718e+03 1.029113165358518378e+00
6.572169803862650042e+03 1.026975582942648568e+00
6.572203982555135553e+03 1.028262874333373489e+00
6.572238161425368162e+03 1.029980841699067007e+00
6.572272340473348777e+03 1.029818298004405275e+00
6.572306519699078308e+03 1.026369548697298351e+00
6.572340699102557664e+03 1.021982068581117176e+00
6.572374878683786847e+03 1.022490560676784677e+00
6.572409058442768583e+03 1.027037525385355643e+00
6.572443238379501963e+03 1.019585993404257707e+00
6.572477418493988807e+03 1.026855824004234696e+00
6.572511598786230934e+03 1.022376000341446156e+00
6.572545779256227434e+03 1.008337547683474833e+00
6.572579959903980125e+03 9.903864072380771377e-01
6.572614140729489918e+03 9.748406831964535613e-01
6.572648321732757722e+03 9.744584888330275474e-01
6.572682502913784447e+03 9.874884668927510489e-01
6.572716684272571911e+03 1.004389946947538803e+00
6.572750865809119205e+03 1.018724232116268835e+00
6.572785047523429057e+03 1.022658687776251130e+00
6.572819229415500558e+03 1.020125658552677228e+00
6.572853411485336437e+03 1.022089904717454756e+00
6.572887593732935784e+03 1.024619609042805468e+00
6.572921776158301327e+03 1.025567104179701650e+00
6.572955958761433067e+03 1.029049885394633490e+00
6.572990141542332822e+03 1.029801702442669775e+00
6.573024324500999683e+03 1.030504470480262835e+00
6.573058507637436378e+03 1.019859713803843437e+00
6.573092690951642908e+03 1.027367622322909124e+00
6.573126874443620181e+03 1.026190451397476666e+00
6.573161058113369108e+03 1.027669664145855366e+00
6.573195241960891508e+03 1.024588917751313888e+00
6.573229425986187380e+03 1.024498279146669022e+00
6.573263610189257633e+03 1.022925917906045923e+00
6.573297794570104088e+03 1.022488326407180903e+00
6.573331979128726744e+03 1.026801367442196522e+00
6.573366163865126509e+03 1.029414965359886525e+00
6.573400348779305205e+03 1.028790915942313200e+00
6.573434533871262829e+03 1.025568304569241640e+00
6.573468719141000292e+03 1.021713249843184679e+00
6.573502904588519414e+03 1.020808422375721225e+00
6.573537090213821102e+03 1.020410126802642869e+00
6.573571276016904449e+03 1.031655737158819308e+00
6.573605461997773091e+03 1.029205250014216810e+00
6.573639648156426119e+03 1.027684803138149583e+00
6.573673834492864444e+03 1.025000473665740763e+00
6.573708021007089883e+03 1.027874111609994312e+00
6.573742207699102437e+03 1.027075838844185185e+00
6.573776394568903925e+03 1.024297449654155923e+00
6.573810581616495256e+03 1.028964142913644464e+00
6.573844768841876430e+03 1.029937885757023164e+00
6.573878956245048357e+03 1.025025733526372163e+00
6.573913143826013766e+03 1.023092410852890266e+00
6.573947331584771746e+03 1.023220243439560306e+00
6.573981519521323207e+03 1.023042478603263250e+00
6.574015707635670879e+03 1.023723255063966553e+00
6.574049895927813850e+03 1.023232566073488226e+00
6.574084084397753941e+03 1.018663327241911665e+00
6.574118273045491151e+03 1.027852336718144244e+00
6.574152461871027299e+03 1.024562409610795921e+00
6.574186650874363295e+03 1.019403198464159610e+00
6.574220840055500048e+03 1.020787620535399176e+00
6.574255029414438468e+03 1.023460927021158540e+00
6.574289218951178555e+03 1.022369318253769865e+00
6.574323408665722127e+03 1.018139421519067556e+00
6.574357598558070094e+03 1.019529357766403077e+00
6.574391788628223367e+03 1.021319493512837795e+00
6.574425978876182853e+03 1.022922308151026805e+00
6.574460169301948554e+03 1.018586549701529620e+00
6.574494359905523197e+03 1.019271125510059051e+00
6.574528550686905874e+03 1.028400778483713696e+00
6.574562741646099312e+03 1.030412398294751064e+00
6.574596932783102602e+03 1.031944457317367281e+00
6.574631124097918473e+03 1.026087782871997423e+00
6.574665315590546015e+03 1.026834620889316652e+00
6.574699507260987048e+03 1.028506278130941309e+00
6.574733699109243389e+03 1.023506076556956135e+00
6.574767891135314130e+03 1.026570888940290249e+00
6.574802083339201999e+03 1.021639804343093871e+00
6.574836275720906087e+03 1.026942875552514289e+00
6.574870468280429122e+03 1.027373766883053818e+00
6.574904661017771105e+03 1.025297896847266577e+00
6.574938853932932943e+03 1.023982821909823038e+00
6.574973047025915548e+03 1.022580505551219821e+00
6.575007240296719829e+03 1.023236094353493497e+00
6.575041433745346694e+03 1.023249576648365133e+00
6.575075627371797964e+03 1.021431783257432002e+00
6.575109821176073638e+03 1.019325523434329028e+00
6.575144015158174625e+03 1.018826654014918454e+00
6.575178209318101835e+03 1.021862660402273804e+00
6.575212403655856178e+03 1.021537977348714765e+00
6.575246598171439473e+03 1.018252385394937454e+00
6.575280792864851719e+03 1.010379367942851880e+00
6.575314987736094736e+03 1.007879531756111779e+00
6.575349182785167613e+03 9.810158009302952786e-01
6.575383378012073990e+03 9.387899530022812966e-01
6.575417573416812047e+03 9.398170430810076637e-01
6.575451768999384512e+03 9.616791321336159992e-01
6.575485964759791386e+03 9.860728669240189648e-01
6.575520160698034488e+03 1.008531159416000911e+00
6.575554356814113817e+03 1.019165000609983940e+00
6.575588553108030283e+03 1.019835115968439787e+00
6.575622749579785705e+03 1.021535555194226230e+00
6.575656946229380992e+03 1.021753408355737802e+00
6.575691143056816145e+03 1.021769096119486742e+00
6.575725340062092073e+03 1.026829724898022045e+00
6.575759537245210595e+03 1.025490515367951438e+00
6.575793734606172620e+03 1.021078285734272839e+00
6.575827932144978149e+03 1.027421404869742760e+00
6.575862129861629001e+03 1.023264213274137857e+00
6.575896327756125174e+03 1.022422606974580761e+00
6.575930525828468490e+03 1.023141199684296287e+00
6.575964724078658946e+03 1.019443995603426911e+00
6.575998922506699273e+03 1.018465821774293234e+00
6.576033121112588560e+03 1.024129431242315036e+00
6.576067319896327717e+03 1.019521880998249364e+00
6.576101518857918563e+03 1.019045166851740181e+00
6.576135717997362008e+03 1.024358158346290182e+00
6.576169917314658960e+03 1.021140845170539047e+00
6.576204116809810330e+03 1.018496910600092065e+00
6.576238316482816117e+03 1.023487843061226865e+00
6.576272516333678141e+03 1.023429244875251998e+00
6.576306716362397310e+03 1.021852131963841837e+00
6.576340916568973626e+03 1.024631990293817241e+00
6.576375116953409815e+03 1.022848961069110496e+00
6.576409317515704970e+03 1.022982011008854331e+00
6.576443518255860909e+03 1.025106753105448298e+00
6.576477719173878540e+03 1.023574587297848559e+00
6.576511920269758775e+03 1.019951687752266967e+00
6.576546121543502522e+03 1.022399134250320918e+00
6.576580322995110691e+03 1.020273180115382372e+00
6.576614524624584192e+03 1.020298254080717948e+00
6.576648726431923933e+03 1.019319507644604217e+00
6.576682928417130825e+03 1.018185817646213742e+00
6.576717130580204866e+03 1.018329968642763816e+00
6.576751332921148787e+03 1.018008405293308716e+00
6.576785535439962587e+03 1.016922086036265327e+00
6.576819738136647175e+03 1.017128012784079161e+00
6.576853941011203460e+03 1.014290583490142783e+00
6.576888144063632353e+03 1.013776277911001555e+00
6.576922347293934763e+03 1.014138810055633888e+00
6.576956550702112509e+03 1.014840862597972793e+00
6.576990754288164680e+03 1.017297628569450607e+00
6.577024958052094007e+03 1.013069612961548183e+00
6.577059161993899579e+03 1.017558857572450126e+00
6.577093366113584125e+03 1.015472434761500065e+00
6.577127570411148554e+03 1.015417253115985741e+00
6.577161774886591957e+03 1.013490467695393304e+00
6.577195979539917062e+03 1.016927826381634814e+00
6.577230184371123869e+03 1.009035106025154338e+00
6.577264389380213288e+03 1.013424976256346755e+00
6.577298594567186228e+03 1.015433585411548378e+00
6.577332799932044509e+03 1.016345659236088883e+00
6.577367005474788130e+03 1.016059639745541476e+00
6.577401211195418909e+03 1.017164609862240887e+00
6.577435417093936849e+03 1.017417747645926518e+00
6.577469623170342857e+03 1.016754929339400482e+00
6.577503829424638752e+03 1.016000366328181803e+00
6.577538035856824536e+03 1.016346493858868438e+00
6.577572242466901116e+03 1.016046174992273565e+00
6.577606449254870313e+03 1.012570872850030446e+00
6.577640656220733035e+03 1.012066894201296918e+00
6.577674863364489283e+03 1.016471245069511475e+00
6.577709070686139967e+03 1.017262161557311639e+00
6.577743278185686904e+03 1.015421451080991355e+00
6.577777485863131005e+03 1.017010361983305300e+00
6.577811693718472270e+03 1.019956178246985257e+00
6.577845901751711608e+03 1.014871028178357726e+00
6.577880109962851748e+03 1.014077873547403197e+00
6.577914318351890870e+03 1.014386249165975862e+00
6.577948526918832613e+03 1.014177475496614189e+00
6.577982735663676067e+03 1.008765317700538455e+00
6.578016944586423051e+03 1.016280034578234570e+00
6.578051153687073565e+03 1.013087119582058326e+00
6.578085362965629429e+03 1.007245553594880993e+00
6.578119572422091551e+03 1.011172473588741516e+00
6.578153782056460841e+03 1.011992669610613627e+00
6.578187991868737299e+03 1.009822365892818485e+00
6.578222201858922745e+03 1.010162222815465194e+00
6.578256412027018087e+03 1.009449691636469693e+00
6.578290622373023325e+03 1.009656674936984189e+00
6.578324832896941189e+03 1.010705077419667530e+00
6.578359043598770768e+03 1.009873646783318257e+00
6.578393254478513882e+03 1.009145897998066088e+00
6.578427465536171439e+03 1.010886899524443105e+00
6.578461676771744351e+03 1.009525759745946383e+00
6.578495888185233525e+03 1.004698726869760694e+00
6.578530099776639872e+03 1.004463438767662087e+00
6.578564311545963392e+03 1.011635211187283945e+00
6.578598523493206812e+03 1.009434973063027208e+00
6.578632735618370134e+03 1.007690322062700039e+00
6.578666947921453357e+03 1.007053756252018539e+00
6.578701160402459209e+03 1.010169006314089568e+00
6.578735373061386781e+03 1.013467141434206908e+00
6.578769585898238802e+03 1.012321556947289869e+00
6.578803798913015271e+03 1.010088282379348001e+00
6.578838012105716189e+03 1.009092125574386323e+00
6.578872225476344283e+03 1.008684030607329918e+00
6.578906439024899555e+03 1.010202579407304624e+00
6.578940652751382913e+03 1.013350992854836097e+00
6.578974866655795267e+03 1.014611276141550222e+00
6.579009080738138437e+03 1.012438287478545140e+00
6.579043294998411511e+03 1.007493476639670593e+00
6.579077509436617220e+03 1.005613605182060333e+00
6.579111724052755562e+03 1.017029898389227638e+00
6.579145938846827448e+03 1.006904863425055696e+00
6.579180153818834697e+03 1.008050339720992117e+00
6.579214368968776398e+03 1.008554346145945413e+00
6.579248584296655281e+03 1.006169819868856008e+00
6.579282799802472255e+03 1.008057446387105927e+00
6.579317015486226410e+03 1.013420050055541921e+00
6.579351231347920475e+03 1.010995234586382852e+00
6.579385447387555359e+03 1.007853135453805615e+00
6.579419663605130154e+03 1.007199531709927154e+00
6.579453880000647587e+03 1.012316854994059545e+00
6.579488096574108567e+03 1.012341712456855669e+00
6.579522313325513096e+03 1.009321462046306239e+00
6.579556530254862082e+03 1.006748299817319836e+00
6.579590747362157344e+03 1.003470270724415858e+00
6.579624964647398883e+03 1.004229252526515070e+00
6.579659182110588517e+03 1.006195257120121589e+00
6.579693399751726247e+03 1.006686776889529344e+00
6.579727617570813891e+03 1.006673710145027600e+00
6.579761835567851449e+03 1.009148877000382027e+00
6.579796053742840741e+03 1.014384951532739443e+00
6.579830272095782675e+03 1.009991134542741253e+00
6.579864490626677252e+03 1.011919337824994436e+00
6.579898709335526291e+03 1.005672212309977942e+00
6.579932928222329792e+03 1.013958631089037832e+00
6.579967147287089574e+03 1.014589351215134272e+00
6.580001366529806546e+03 1.013385038663948468e+00
6.580035585950480709e+03 1.013025850627474966e+00
6.580069805549113880e+03 1.015252928133577370e+00
6.580104025325706971e+03 1.013304237520260553e+00
6.580138245280259980e+03 1.012632229518601878e+00
6.580172465412775637e+03 1.012794553103814499e+00
6.580206685723253031e+03 1.013856726922010898e+00
6.580240906211693982e+03 1.017091079750609195e+00
6.580275126878098490e+03 1.017433384385611816e+00
6.580309347722469283e+03 1.013265606307072186e+00
6.580343568744805452e+03 1.011593495065647108e+00
6.580377789945108816e+03 1.011242145694925432e+00
6.580412011323380284e+03 1.009632010635021615e+00
6.580446232879620766e+03 1.014825917005788725e+00
6.580480454613831171e+03 1.015689885197705200e+00
6.580514676526012408e+03 1.012370734344549161e+00
6.580548898616165388e+03 1.013109618638993625e+00
6.580583120884290111e+03 1.016613168241309317e+00
6.580617343330389303e+03 1.020873544277437484e+00
6.580651565954462967e+03 1.022527617066288697e+00
6.580685788756511101e+03 1.017094138719114360e+00
6.580720011736536435e+03 1.022020010160896275e+00
6.580754234894538968e+03 1.018295120529495668e+00
6.580788458230519609e+03 1.015982376784124286e+00
6.580822681744479269e+03 1.017506965454080259e+00
6.580856905436418856e+03 1.016488428912777797e+00
6.580891129306339280e+03 1.015556571566816668e+00
6.580925353354242361e+03 1.012444986470893094e+00
6.580959577580127188e+03 1.014661646667271988e+00
6.580993801983996491e+03 1.017869378910307931e+00
6.581028026565850269e+03 1.015107675427008305e+00
6.581062251325689431e+03 1.016668739927818699e+00
6.581096476263514887e+03 1.020652018150405294e+00
6.581130701379328457e+03 1.017723869688046401e+00
6.581164926673130140e+03 1.012917084530773115e+00
6.581199152144920845e+03 1.012271481335236034e+00
6.581233377794701482e+03 1.012780029293626871e+00
6.581267603622473871e+03 1.003706266875084463e+00
6.581301829628238011e+03 9.948974212595138589e-01
6.581336055811995720e+03 9.891320374204753962e-01
6.581370282173747000e+03 9.995116910017340928e-01
6.581404508713492760e+03 1.007492684037071484e+00
6.581438735431234818e+03 1.006477978117985117e+00
6.581472962326973175e+03 1.012996892661390591e+00
6.581507189400708739e+03 1.008714979130200140e+00
6.581541416652443331e+03 1.008821582165685626e+00
6.581575644082177860e+03 1.012585273154533283e+00
6.581609871689912325e+03 1.019175535083234774e+00
6.581644099475647636e+03 1.017072920917438950e+00
6.581678327439385612e+03 1.015957798866975015e+00
6.581712555581127162e+03 1.014814631338677886e+00
6.581746783900872288e+03 1.012817434460492549e+00
6.581781012398622806e+03 1.014186535251919929e+00
6.581815241074378719e+03 1.013080822656148516e+00
6.581849469928141843e+03 1.011842710657642197e+00
6.581883698959913090e+03 1.012913683079461613e+00
6.581917928169692459e+03 1.011912562472698118e+00
6.581952157557481769e+03 1.011847286544815372e+00
6.581986387123281929e+03 1.011479225775819835e+00
6.582020616867092940e+03 1.011047633640150600e+00
6.582054846788916620e+03 1.012057871282818322e+00
6.582089076888753880e+03 1.010531284116407802e+00
6.582123307166605628e+03 1.006358305404431164e+00
6.582157537622471864e+03 1.010619006483369109e+00
6.582191768256354408e+03 1.007867108839758830e+00
6.582225999068254168e+03 1.013528011665698836e+00
6.582260230058172056e+03 1.013174224477450425e+00
6.582294461226108979e+03 1.008673326883644528e+00
6.582328692572065847e+03 1.010023713125693279e+00
6.582362924096042661e+03 1.009639191445296458e+00
6.582397155798042149e+03 1.008278632538542663e+00
6.582431387678063402e+03 1.010345035440850747e+00
6.582465619736108238e+03 1.012036014917314208e+00
6.582499851972177566e+03 1.008626686640546222e+00
6.582534084386273207e+03 1.007231942440526717e+00
6.582568316978394250e+03 1.008105285688785324e+00
6.582602549748542515e+03 1.008406645019948256e+00
6.582636782696718910e+03 1.006593752081198945e+00
6.582671015822925256e+03 1.006665158294293150e+00
6.582705249127160641e+03 1.011638232639306967e+00
6.582739482609427796e+03 1.009806758590923614e+00
6.582773716269725810e+03 1.011192850643466645e+00
6.582807950108057412e+03 1.009838235738755419e+00
6.582842184124422602e+03 1.004569839691464184e+00
6.582876418318822289e+03 1.004906091768176690e+00
6.582910652691257383e+03 1.003412702914028287e+00
6.582944887241729703e+03 1.006092588027787782e+00
6.582979121970238339e+03 1.012134200629625891e+00
6.583013356876786020e+03 1.009501146399848004e+00
6.583047591961372746e+03 1.011648174084667451e+00
6.583081827224000335e+03 1.012137063652931879e+00
6.583116062664667879e+03 1.007635262797089482e+00
6.583150298283378106e+03 1.007433103552320741e+00
6.583184534080131925e+03 1.006418082670687664e+00
6.583218770054928427e+03 1.003541623470710853e+00
6.583253006207770341e+03 1.002046231155810041e+00
6.583287242538658575e+03 1.006527979910963433e+00
6.583321479047593130e+03 1.010198772688742030e+00
6.583355715734574915e+03 1.006614544567459024e+00
6.583389952599605749e+03 1.004807217254927387e+00
6.583424189642685633e+03 1.004233541080917780e+00
6.583458426863815475e+03 1.001177606710837775e+00
6.583492664262997096e+03 1.001559153683313941e+00
6.583526901840231403e+03 1.001542514628404046e+00
6.583561139595518398e+03 1.001830696746563998e+00
6.583595377528859899e+03 1.005439005490708304e+00
6.583629615640255906e+03 1.002108806033166655e+00
6.583663853929707329e+03 9.992542874736598524e-01
6.583698092397216897e+03 1.003858461013469094e+00
6.583732331042783699e+03 1.000900601722038763e+00
6.583766569866408645e+03 1.003190606020998521e+00
6.583800808868094464e+03 9.979575126066659863e-01
6.583835048047840246e+03 9.934210669074596822e-01
6.583869287405646901e+03 9.974015242027552963e-01
6.583903526941517157e+03 1.003514990088124392e+00
6.583937766655450105e+03 1.005176055223747200e+00
6.583972006547446654e+03 1.003409818759250172e+00
6.584006246617509532e+03 9.978226034594563920e-01
6.584040486865637831e+03 9.935271088787052118e-01
6.584074727291833369e+03 9.915127747947598547e-01
6.584108967896097056e+03 9.937131390286425559e-01
6.584143208678429801e+03 9.971452056859839708e-01
6.584177449638832513e+03 1.001329806093825381e+00
6.584211690777305193e+03 1.004634083171938919e+00
6.584245932093849660e+03 1.006765188153204926e+00
6.584280173588467733e+03 1.008067038237540514e+00
6.584314415261158501e+03 1.004662026767642047e+00
6.584348657111923785e+03 1.001074075447687894e+00
6.584382899140764493e+03 1.003179147598204812e+00
6.584417141347681536e+03 1.003607922927158613e+00
6.584451383732675822e+03 1.001625665608901761e+00
6.584485626295748261e+03 1.004291730398875204e+00
6.584519869036899763e+03 1.005076796930373106e+00
6.584554111956132147e+03 1.001021181180668407e+00
6.584588355053444502e+03 1.001890946829239848e+00
6.584622598328838649e+03 1.008004311952667820e+00
6.584656841782316405e+03 1.007386832547553457e+00
6.584691085413876863e+03 1.008558846353520000e+00
6.584725329223522749e+03 1.000833255048904746e+00
6.584759573211254065e+03 1.001291018656147447e+00
6.584793817377071719e+03 9.991721473895099903e-01
6.584828061720976621e+03 1.004885653556573111e+00
6.584862306242969680e+03 1.003701605656222462e+00
6.584896550943052716e+03 1.002718276887696991e+00
6.584930795821225729e+03 1.005385392991796856e+00
6.584965040877489628e+03 1.006846869195310967e+00
6.584999286111846232e+03 1.003966543799698741e+00
6.585033531524295540e+03 1.005712246030364021e+00
6.585067777114838464e+03 1.004005632909227730e+00
6.585102022883475911e+03 1.001231961439211116e+00
6.585136268830209701e+03 1.003539868225669984e+00
6.585170514955039835e+03 1.008199485386136462e+00
6.585204761257968130e+03 1.007858518539346049e+00
6.585239007738994587e+03 1.004742704891099292e+00
6.585273254398120116e+03 1.005680741672651868e+00
6.585307501235346535e+03 1.005895327853413290e+00
6.585341748250674755e+03 1.007534836662415056e+00
6.585375995444103864e+03 1.006239881645801804e+00
6.585410242815637503e+03 1.003014129676573774e+00
6.585444490365274760e+03 1.007070340166478672e+00
6.585478738093016545e+03 1.003529229226369113e+00
6.585512985998864679e+03 1.004683305956850292e+00
6.585547234082820069e+03 1.001557320873340817e+00
6.585581482344882716e+03 1.004156133420016639e+00
6.585615730785054438e+03 1.004797869737454441e+00
6.585649979403335237e+03 1.008725290080079162e+00
6.585684228199727841e+03 1.009466844628929882e+00
6.585718477174230429e+03 1.011124385416108495e+00
6.585752726326846641e+03 1.003381264240569726e+00
6.585786975657575567e+03 1.004596379668617701e+00
6.585821225166419026e+03 1.008403368207105411e+00
6.585855474853377928e+03 1.007413513322011900e+00
6.585889724718452271e+03 1.008653046760337402e+00
6.585923974761643876e+03 1.012440878153495483e+00
6.585958224982953652e+03 1.011013671193612851e+00
6.585992475382382509e+03 1.008421529796291516e+00
6.586026725959931355e+03 1.010322338192007008e+00
6.586060976715601100e+03 1.006632966716769051e+00
6.586095227649391745e+03 1.003146427358337034e+00
6.586129478761305108e+03 1.002918415847826816e+00
6.586163730051343009e+03 1.002752053465339133e+00
6.586197981519504538e+03 1.004818298811912980e+00
6.586232233165791513e+03 1.003400115301156026e+00
6.586266484990204845e+03 9.960527987932858984e-01
6.586300736992745442e+03 9.929029861080211905e-01
6.586334989173414215e+03 9.984627845833171644e-01
6.586369241532212072e+03 9.994790044082897396e-01
6.586403494069140834e+03 1.004306765007793922e+00
6.586437746784199589e+03 1.001481334275067692e+00
6.586471999677390158e+03 1.002023790405560666e+00
6.586506252748714360e+03 1.007086242175183610e+00
6.586540505998171284e+03 1.005059921171957971e+00
6.586574759425763659e+03 1.001967049973484736e+00
6.586609013031491486e+03 1.003567219217827100e+00
6.586643266815355673e+03 1.006138571271304238e+00
6.586677520777357131e+03 1.000372046657823644e+00
6.586711774917496768e+03 1.006522501773784661e+00
6.586746029235776405e+03 1.003557980261875926e+00
6.586780283732196040e+03 1.005038486845956980e+00
6.586814538406756583e+03 1.002289324685814886e+00
6.586848793259458944e+03 1.007330775034450676e+00
6.586883048290304941e+03 1.007306805093289626e+00
6.586917303499294576e+03 1.000891052355374011e+00
6.586951558886429666e+03 9.955649257207811464e-01
6.586985814451709302e+03 9.929101496895952339e-01
6.587020070195137123e+03 9.819289982265416716e-01
6.587054326116711309e+03 9.753725219051523343e-01
6.587088582216434588e+03 9.830130492911219875e-01
6.587122838494307871e+03 9.910673556674085560e-01
6.587157094950330247e+03 9.932465216149066745e-01
6.587191351584505355e+03 9.936472283190638244e-01
6.587225608396832286e+03 9.932373181196259004e-01
6.587259865387311947e+03 9.949808006966676110e-01
6.587294122555946160e+03 1.003100887706691369e+00
6.587328379902734923e+03 1.007844027939460707e+00
6.587362637427680056e+03 1.004348628099138052e+00
6.587396895130782468e+03 1.003768469440948330e+00
6.587431153012042159e+03 1.001402391744604881e+00
6.587465411071460949e+03 1.002343705067801682e+00
6.587499669309038836e+03 1.002401673208593635e+00
6.587533927724777641e+03 1.001244618426686328e+00
6.587568186318678272e+03 1.000957247544049578e+00
6.587602445090741639e+03 9.986997007977882479e-01
6.587636704040967743e+03 1.001842358080837547e+00
6.587670963169358402e+03 1.006506815374230257e+00
6.587705222475913615e+03 1.002816765286951073e+00
6.587739481960636112e+03 1.004701317562493257e+00
6.587773741623524984e+03 1.003762117646437968e+00
6.587808001464582048e+03 1.006390044540210749e+00
6.587842261483808215e+03 1.003801294974367542e+00
6.587876521681204395e+03 1.003314962546232092e+00
6.587910782056770586e+03 1.005859216111548271e+00
6.587945042610509518e+03 1.000776569299338448e+00
6.587979303342420280e+03 1.001733038838763523e+00
6.588013564252505603e+03 9.984327086547846175e-01
6.588047825340764575e+03 9.979253170281854324e-01
6.588082086607199017e+03 1.001171209487262459e+00
6.588116348051809837e+03 1.005045615766303246e+00
6.588150609674598854e+03 1.004285872540907620e+00
6.588184871475565160e+03 1.002179677237388100e+00
6.588219133454710573e+03 1.008366765476825577e+00
6.588253395612036002e+03 1.010834609044268806e+00
6.588287657947543266e+03 1.007422667981612729e+00
6.588321920461231457e+03 1.003920090807566723e+00
6.588356183153103302e+03 1.002849286727756528e+00
6.588390446023157892e+03 1.003358741581145130e+00
6.588424709071397956e+03 9.991639468081010556e-01
6.588458972297823493e+03 9.994958550479823289e-01
6.588493235702435413e+03 9.973749592094670602e-01
6.588527499285235535e+03 9.974937199600432125e-01
6.588561763046222950e+03 1.000971592189588089e+00
6.588596026985400385e+03 1.003774799472753054e+00
6.588630291102768751e+03 1.000917488695306057e+00
6.588664555398327138e+03 1.001232666633109947e+00
6.588698819872078275e+03 1.007896538646658291e+00
6.588733084524022161e+03 1.006295727219743252e+00
6.588767349354159705e+03 1.002480746508447540e+00
6.588801614362492728e+03 1.001388400429710002e+00
6.588835879549021229e+03 1.000056755242732853e+00
6.588870144913746117e+03 1.000950942629284635e+00
6.588904410456669211e+03 9.958630970980043573e-01
6.588938676177791422e+03 9.978018836789899204e-01
6.588972942077111838e+03 9.994288941116589164e-01
6.589007208154634100e+03 9.978166299555925045e-01
6.589041474410356386e+03 9.983617516969841565e-01
6.589075740844282336e+03 9.930261332286507425e-01
6.589110007456411040e+03 9.940154101489452332e-01
6.589144274246743407e+03 9.954338437641098158e-01
6.589178541215281257e+03 9.960266278245250016e-01
6.589212808362024589e+03 9.989301838453548132e-01
6.589247075686975222e+03 1.002880602449784497e+00
6.589281343190134066e+03 1.001990463681923682e+00
6.589315610871501121e+03 1.000243593038087520e+00
6.589349878731078206e+03 9.988972108812093076e-01
6.589384146768866231e+03 9.993935606232078328e-01
6.589418414984866104e+03 1.000561627998219016e+00
6.589452683379077826e+03 1.000854144817890923e+00
6.589486951951502306e+03 9.992186504815335768e-01
6.589521220702142273e+03 1.000908139638904792e+00
6.589555489630996817e+03 1.003778190744667009e+00
6.589589758738068667e+03 1.000448872193018035e+00
6.589624028023356914e+03 1.000439282234011795e+00
6.589658297486862466e+03 1.002050464837780153e+00
6.589692567128588053e+03 9.995342577674629636e-01
6.589726836948533673e+03 9.978609911123541565e-01
6.589761106946699329e+03 1.000889548088985892e+00
6.589795377123086837e+03 1.000719850380611620e+00
6.589829647477698018e+03 1.000513138619763653e+00
6.589863918010531961e+03 1.001065025007167986e+00
6.589898188721590486e+03 1.000959635300436634e+00
6.589932459610874503e+03 1.002042738356502483e+00
6.589966730678384920e+03 9.983295820579340951e-01
6.590001001924122647e+03 1.001614412040597424e+00
6.590035273348089504e+03 1.000235584493644581e+00
6.590069544950284580e+03 1.000359133137848966e+00
6.590103816730709696e+03 9.961800316630878838e-01
6.590138088689366668e+03 9.987578795477547455e-01
6.590172360826254589e+03 9.994595967176335138e-01
6.590206633141376187e+03 9.976816544267506082e-01
6.590240905634731462e+03 9.979765951914795208e-01
6.590275178306321322e+03 1.002620960514922555e+00
6.590309451156146679e+03 1.000158225830212855e+00
6.590343724184208440e+03 9.997238546198695675e-01
6.590377997390508426e+03 9.977248363199814341e-01
6.590412270775046636e+03 9.982679118626983650e-01
6.590446544337823980e+03 9.997392977321656327e-01
6.590480818078842276e+03 1.001805192543364864e+00
6.590515091998101525e+03 1.000946679665752237e+00
6.590549366095602636e+03 9.990442018703468152e-01
6.590583640371346519e+03 1.000355210356427493e+00
6.590617914825334992e+03 1.002839725386015290e+00
6.590652189457568056e+03 1.005369536901178140e+00
6.590686464268047530e+03 1.001577265057316701e+00
6.590720739256773413e+03 9.982123167758395477e-01
6.590755014423746616e+03 9.998680401181762045e-01
6.590789289768968956e+03 1.001359796900716637e+00
6.590823565292441344e+03 9.993033048491255510e-01
6.590857840994163780e+03 9.990250655997434670e-01
6.590892116874137173e+03 1.001095719219574187e+00
6.590926392932363342e+03 1.001416257366855023e+00
6.590960669168843197e+03 1.005296362805858212e+00
6.590994945583576737e+03 1.004572032193583819e+00
6.591029222176565781e+03 9.987935800742676618e-01
6.591063498947810331e+03 9.991482791980639266e-01
6.591097775897312204e+03 1.001585274979068352e+00
6.591132053025072310e+03 1.002071895327313111e+00
6.591166330331090649e+03 1.002880648757210835e+00
6.591200607815369040e+03 1.001362715375574863e+00
6.591234885477908392e+03 9.966225477311163594e-01
6.591269163318708706e+03 9.973707941427721879e-01
6.591303441337771801e+03 1.003487350208296824e+00
6.591337719535098586e+03 1.002122858414834061e+00
6.591371997910689970e+03 1.002716019751606513e+00
6.591406276464546863e+03 9.995381880970370947e-01
6.591440555196669266e+03 1.002457244330758002e+00
6.591474834107058996e+03 9.978042022931379318e-01
6.591509113195716964e+03 1.003065462390236195e+00
6.591543392462644078e+03 1.001125526621715389e+00
6.591577671907841250e+03 9.961574635886943918e-01
6.591611951531309387e+03 9.969213309037098236e-01
6.591646231333049400e+03 1.000374382808722151e+00
6.591680511313062198e+03 9.951743595815423227e-01
6.591714791471347780e+03 9.965109281518886863e-01
6.591749071807908877e+03 9.946265871219800436e-01
6.591783352322745486e+03 9.956909958731315902e-01
6.591817633015858519e+03 9.962877011236452862e-01
6.591851913887248884e+03 9.947806866558346339e-01
6.591886194936917491e+03 9.985775768677712660e-01
6.591920476164865249e+03 9.999165392840079214e-01
6.591954757571093069e+03 9.979348877221292380e-01
6.591989039155601859e+03 9.969708227614194618e-01
6.592023320918393438e+03 1.000278316383067523e+00
6.592057602859466897e+03 9.984157227011939417e-01
6.592091884978824964e+03 1.000989237780364416e+00
6.592126167276467640e+03 1.005267338307612723e+00
6.592160449752395834e+03 1.004810318681579107e+00
6.592194732406611365e+03 1.000732239957365266e+00
6.592229015239114233e+03 9.953570119248196235e-01
6.592263298249905347e+03 9.952977227760358980e-01
6.592297581438985617e+03 9.957730222324341351e-01
6.592331864806356862e+03 9.971738470282883737e-01
6.592366148352019081e+03 1.002193748449440092e+00
6.592400432075974095e+03 1.004354424240980981e+00
6.592434715978221902e+03 1.002089893398153020e+00
6.592469000058763413e+03 1.000767494451748618e+00
6.592503284317600446e+03 1.003331779097372145e+00
6.592537568754733002e+03 1.003150622658972368e+00
6.592571853370161989e+03 1.000289108009957850e+00
6.592606138163890137e+03 9.978584685370786023e-01
6.592640423135915626e+03 9.995213601217848298e-01
6.592674708286241184e+03 1.002026164467420211e+00
6.592708993614867722e+03 1.000079977134118447e+00
6.592743279121795240e+03 9.997034348755847732e-01
6.592777564807025556e+03 9.923782970384927848e-01
6.592811850670559579e+03 9.975366062466142214e-01
6.592846136712397310e+03 1.000016682695301862e+00
6.592880422932540569e+03 1.001589080863522163e+00
6.592914709330989353e+03 1.005373840789596018e+00
6.592948995907745484e+03 1.003202429843931931e+00
6.592983282662809870e+03 9.993186644564016063e-01
6.593017569596182511e+03 1.001792547487672769e+00
6.593051856707866136e+03 9.998715041034346163e-01
6.593086143997859836e+03 9.957000586032181966e-01
6.593120431466165428e+03 1.001131798577402199e+00
6.593154719112782914e+03 1.001361210209201325e+00
6.593189006937715021e+03 9.978885279196295643e-01
6.593223294940960841e+03 1.000800970164604564e+00
6.593257583122522192e+03 9.950923222876542074e-01
6.593291871482399984e+03 1.001263236584321481e+00
6.593326160020595125e+03 9.964840481976993125e-01
6.593360448737108527e+03 9.955711828931063101e-01
6.593394737631941098e+03 1.001865374503372985e+00
6.593429026705092838e+03 9.999050921942005399e-01
6.593463315956566476e+03 9.996265683707548089e-01
6.593497605386362011e+03 9.979912119859348785e-01
6.593531894994480353e+03 9.968021021225922373e-01
6.593566184780921503e+03 9.989194354210543247e-01
6.593600474745688189e+03 9.956163646640910914e-01
6.593634764888780410e+03 9.953016787270319021e-01
6.593669055210199076e+03 9.997281684001350088e-01
6.593703345709945097e+03 9.966973599844458631e-01
6.593737636388020292e+03 9.998804545244683872e-01
6.593771927244423750e+03 9.989131346314374937e-01
6.593806218279158202e+03 9.992823530929726417e-01
6.593840509492222736e+03 1.000148751025147886e+00
6.593874800883620082e+03 1.001988258765167839e+00
6.593909092453351150e+03 1.002154606328529152e+00
6.593943384201415029e+03 9.960082068442547287e-01
6.593977676127814448e+03 9.967418182708716046e-01
