# star name zetOri, line HALPHA
# instrument: HERMES spectrograph @Mercator
# date of observation (midpoint)2018-10-14T06:19:29.305748
# BJD of observation (midpoint)2458405.7658485
# name of fits file: 00898036_HRF_OBJ_ext_CosmicsRemoved_log_merged_c.fits
# 
# wavelength(Angstrom,air) normalised_flux
6.538011917108175112e+03 1.001149450993358725e+00
6.538045918161929876e+03 1.003183448579810788e+00
6.538079919392506781e+03 1.004581243761803355e+00
6.538113920799908556e+03 1.001736451929041483e+00
6.538147922384134290e+03 1.002594529609982743e+00
6.538181924145186713e+03 1.003700139293201010e+00
6.538215926083065824e+03 9.963811689497018564e-01
6.538249928197772533e+03 9.969688114108796739e-01
6.538283930489307750e+03 1.003642684811226760e+00
6.538317932957672383e+03 9.939677985101320612e-01
6.538351935602868252e+03 1.002526859465259435e+00
6.538385938424895357e+03 1.000233134429252546e+00
6.538419941423754608e+03 9.974553696183632301e-01
6.538453944599446913e+03 1.001804077960170014e+00
6.538487947951973183e+03 1.005815063412599741e+00
6.538521951481334327e+03 1.001344892693998290e+00
6.538555955187532163e+03 1.001267722382333636e+00
6.538589959070566692e+03 9.987503802794210905e-01
6.538623963130438824e+03 9.900658704852199898e-01
6.538657967367150377e+03 9.966477960893090904e-01
6.538691971780700442e+03 1.002537763274429228e+00
6.538725976371091747e+03 1.000449012123070469e+00
6.538759981138325202e+03 9.958471851252586049e-01
6.538793986082399897e+03 9.978534814383410723e-01
6.538827991203318561e+03 1.001150866535248429e+00
6.538861996501082103e+03 1.001064713579220999e+00
6.538896001975689614e+03 1.004431675307118521e+00
6.538930007627143823e+03 1.010471017772581526e+00
6.538964013455444729e+03 1.005069955772552204e+00
6.538998019460594151e+03 9.935473270450171368e-01
6.539032025642592089e+03 9.894037948359637458e-01
6.539066032001440362e+03 9.945547584528088292e-01
6.539100038537138971e+03 9.974871012850157204e-01
6.539134045249688825e+03 1.001759165683717034e+00
6.539168052139091742e+03 9.986134341781788271e-01
6.539202059205347723e+03 9.998477504354107426e-01
6.539236066448458587e+03 1.000032752306738493e+00
6.539270073868424333e+03 9.976844115781101641e-01
6.539304081465245872e+03 9.986342528013518738e-01
6.539338089238925932e+03 9.995947743483271086e-01
6.539372097189462693e+03 9.989728710810105161e-01
6.539406105316858884e+03 1.000365722587329698e+00
6.539440113621115415e+03 9.953509491052034974e-01
6.539474122102232286e+03 1.000377319922725938e+00
6.539508130760211316e+03 9.938705389732966911e-01
6.539542139595052504e+03 1.000546505213357973e+00
6.539576148606757670e+03 1.004241906206153168e+00
6.539610157795326813e+03 1.008119760371562590e+00
6.539644167160761754e+03 1.007858049939115652e+00
6.539678176703063400e+03 1.002029443827941346e+00
6.539712186422231753e+03 1.001105279084964383e+00
6.539746196318268630e+03 1.007452107555285803e+00
6.539780206391174033e+03 1.002222937286014748e+00
6.539814216640950690e+03 9.984248684840346666e-01
6.539848227067596781e+03 1.005555298608522774e+00
6.539882237671115945e+03 1.002350124237666229e+00
6.539916248451507272e+03 9.978583273222797478e-01
6.539950259408772581e+03 9.998299758587532171e-01
6.539984270542911872e+03 9.952081539135203547e-01
6.540018281853926965e+03 9.964496497850480194e-01
6.540052293341818768e+03 9.980674172196715155e-01
6.540086305006588191e+03 1.010039002788171159e+00
6.540120316848236143e+03 1.010600239523857580e+00
6.540154328866762626e+03 1.002478848888345375e+00
6.540188341062169457e+03 9.972412649729998080e-01
6.540222353434457546e+03 1.001599201052517873e+00
6.540256365983626893e+03 1.004335420153726011e+00
6.540290378709679317e+03 1.000567760628130465e+00
6.540324391612616637e+03 1.000460199772224001e+00
6.540358404692437944e+03 1.003050618883897016e+00
6.540392417949145056e+03 1.005273664548512524e+00
6.540426431382737974e+03 1.006382982477021182e+00
6.540460444993219426e+03 1.006095477499981516e+00
6.540494458780588502e+03 1.004606304735952138e+00
6.540528472744847932e+03 1.002693866877296225e+00
6.540562486885996805e+03 1.000304763277048314e+00
6.540596501204036940e+03 9.990662311020429565e-01
6.540630515698969248e+03 9.977573503017743706e-01
6.540664530370794637e+03 9.893631081053700926e-01
6.540698545219514017e+03 9.907195873891289084e-01
6.540732560245128298e+03 9.953203395483746219e-01
6.540766575447638388e+03 9.956263438309090885e-01
6.540800590827044289e+03 9.974265435784760436e-01
6.540834606383348728e+03 1.000661886344244467e+00
6.540868622116551705e+03 9.938632728503812297e-01
6.540902638026654131e+03 9.954448181157294906e-01
6.540936654113656914e+03 9.956199312577787008e-01
6.540970670377560964e+03 9.893859455496216704e-01
6.541004686818367190e+03 9.934497776007643610e-01
6.541038703436076503e+03 9.977829805844621314e-01
6.541072720230689811e+03 9.984288357967138205e-01
6.541106737202208024e+03 1.001904893238810823e+00
6.541140754350632051e+03 1.001590714322092790e+00
6.541174771675962802e+03 9.983370083183416011e-01
6.541208789178202096e+03 9.957367904371678957e-01
6.541242806857349933e+03 9.939889604340071960e-01
6.541276824713406313e+03 9.948045654659356529e-01
6.541310842746373964e+03 9.989436925007085799e-01
6.541344860956252887e+03 9.963760773986454211e-01
6.541378879343043991e+03 9.954724863272346180e-01
6.541412897906749095e+03 1.001178476686019447e+00
6.541446916647367289e+03 9.964307257289237718e-01
6.541480935564901301e+03 9.991559285984995542e-01
6.541514954659351133e+03 1.000312986416639793e+00
6.541548973930718603e+03 9.968918112043522184e-01
6.541582993379002801e+03 9.985478540457972674e-01
6.541617013004206456e+03 1.007569303970373475e+00
6.541651032806329567e+03 1.009709691504861784e+00
6.541685052785373045e+03 1.002921449215150362e+00
6.541719072941338709e+03 1.000535292125917186e+00
6.541753093274226558e+03 1.001890369354828003e+00
6.541787113784037501e+03 1.011788556471219458e+00
6.541821134470772449e+03 1.006636489237169085e+00
6.541855155334433221e+03 9.978989829414415258e-01
6.541889176375020725e+03 9.961952361112802468e-01
6.541923197592534052e+03 9.988480010411129317e-01
6.541957218986975931e+03 9.963747435339906922e-01
6.541991240558346362e+03 9.962398657776925237e-01
6.542025262306647164e+03 1.007545607036108848e+00
6.542059284231878337e+03 1.003207354657965622e+00
6.542093306334041699e+03 1.001241645604217911e+00
6.542127328613137252e+03 9.991503333544441423e-01
6.542161351069165903e+03 1.004885763019744527e+00
6.542195373702129473e+03 1.003778140170642708e+00
6.542229396512028870e+03 1.001148171901841355e+00
6.542263419498863186e+03 9.995943925117636297e-01
6.542297442662636058e+03 9.973848623329595320e-01
6.542331466003346577e+03 1.009059092399050561e+00
6.542365489520995652e+03 1.011404201817603266e+00
6.542399513215585102e+03 1.011695049236602806e+00
6.542433537087114928e+03 1.004193059190527038e+00
6.542467561135586948e+03 9.988741876552411636e-01
6.542501585361002071e+03 1.001656249128105580e+00
6.542535609763360299e+03 1.002742068706323986e+00
6.542569634342662539e+03 9.933647288398598230e-01
6.542603659098911521e+03 9.864021128253277482e-01
6.542637684032105426e+03 9.992170446821340146e-01
6.542671709142247892e+03 1.003843979075625947e+00
6.542705734429338008e+03 9.980404425187204831e-01
6.542739759893377595e+03 9.958721962777647985e-01
6.542773785534366652e+03 9.644443915804866707e-01
6.542807811352306999e+03 9.277630725343025686e-01
6.542841837347199544e+03 9.199694666765219075e-01
6.542875863519044287e+03 9.391693155149019034e-01
6.542909889867843958e+03 9.693336920023132297e-01
6.542943916393596737e+03 9.891565261380740326e-01
6.542977943096306262e+03 9.925178119272535238e-01
6.543011969975971624e+03 1.005090492255403367e+00
6.543045997032594641e+03 1.001383292510039213e+00
6.543080024266176224e+03 1.001714609547421864e+00
6.543114051676717281e+03 1.002637611922686744e+00
6.543148079264217813e+03 1.001043202345167193e+00
6.543182107028679638e+03 1.004810089108702620e+00
6.543216134970103667e+03 1.002196961639782113e+00
6.543250163088490808e+03 1.000520329981491097e+00
6.543284191383841971e+03 1.003357385317521278e+00
6.543318219856157157e+03 1.000662190760436498e+00
6.543352248505438183e+03 9.982920393213143839e-01
6.543386277331686870e+03 1.001896952071867242e+00
6.543420306334902307e+03 1.000580416000822481e+00
6.543454335515086314e+03 9.915764042543835366e-01
6.543488364872239799e+03 9.875798725841574699e-01
6.543522394406362764e+03 9.905965144216611895e-01
6.543556424117457937e+03 9.983064396149891051e-01
6.543590454005525316e+03 1.000713485515619450e+00
6.543624484070564904e+03 9.970134867718015714e-01
6.543658514312579427e+03 9.975881612213066685e-01
6.543692544731567978e+03 9.971806405010548158e-01
6.543726575327533283e+03 9.975046830434989298e-01
6.543760606100474433e+03 1.002263068035433635e+00
6.543794637050394158e+03 1.004828909779742485e+00
6.543828668177291547e+03 1.003334349535550896e+00
6.543862699481169329e+03 9.953594235867926354e-01
6.543896730962027505e+03 9.969579693620844729e-01
6.543930762619866073e+03 9.990650357515898916e-01
6.543964794454687762e+03 1.006814431115423458e+00
6.543998826466492574e+03 1.005634634653530091e+00
6.544032858655281416e+03 9.934325617086930960e-01
6.544066891021055199e+03 9.914870904140838936e-01
6.544100923563814831e+03 1.003434342499464282e+00
6.544134956283561223e+03 1.003186579010913348e+00
6.544168989180296194e+03 1.001381953930636337e+00
6.544203022254018833e+03 9.909482048832142231e-01
6.544237055504731870e+03 9.926223615253747523e-01
6.544271088932435305e+03 9.857029545031196216e-01
6.544305122537130046e+03 9.722654432616958387e-01
6.544339156318817004e+03 9.401342194867647883e-01
6.544373190277497997e+03 8.725925100064885198e-01
6.544407224413173026e+03 7.953323746225272606e-01
6.544441258725842999e+03 7.539149949398074035e-01
6.544475293215508827e+03 8.311846999494080235e-01
6.544509327882172329e+03 9.179877463738987942e-01
6.544543362725832594e+03 9.642487509064183726e-01
6.544577397746492352e+03 9.805426505456037445e-01
6.544611432944152511e+03 9.852923601388707819e-01
6.544645468318812163e+03 9.902408397320158207e-01
6.544679503870474036e+03 9.963383509716280395e-01
6.544713539599139040e+03 9.949716676346503919e-01
6.544747575504806264e+03 9.928371807144246164e-01
6.544781611587479347e+03 9.981932234406113436e-01
6.544815647847156470e+03 9.862476546515371867e-01
6.544849684283840361e+03 1.000591643473021985e+00
6.544883720897531020e+03 1.009543490406143995e+00
6.544917757688230267e+03 1.005260798147209256e+00
6.544951794655938102e+03 1.002860443424353987e+00
6.544985831800655433e+03 1.000895075923776911e+00
6.545019869122384080e+03 9.964826049166742861e-01
6.545053906621124042e+03 1.001219038303940323e+00
6.545087944296877140e+03 1.012755415506373824e+00
6.545121982149643372e+03 1.001962204970334502e+00
6.545156020179424559e+03 1.004888513724804699e+00
6.545190058386221608e+03 1.003929111194219903e+00
6.545224096770033611e+03 1.003549120591353594e+00
6.545258135330864206e+03 1.009917974380720063e+00
6.545292174068712484e+03 1.004988477554727755e+00
6.545326212983579353e+03 9.916597802473964274e-01
6.545360252075466633e+03 1.004268839802445967e+00
6.545394291344375233e+03 1.004860434794940804e+00
6.545428330790305154e+03 1.000336593550107400e+00
6.545462370413258213e+03 9.957617526115027928e-01
6.545496410213234412e+03 9.934807675021163353e-01
6.545530450190235570e+03 9.960774235512167563e-01
6.545564490344262595e+03 9.996719147553358997e-01
6.545598530675315487e+03 9.992310410092239970e-01
6.545632571183396067e+03 9.973225643968950394e-01
6.545666611868505242e+03 9.966474022119463649e-01
6.545700652730643014e+03 1.001261889533059835e+00
6.545734693769811201e+03 1.005309616399479467e+00
6.545768734986010713e+03 1.005962138212729728e+00
6.545802776379241550e+03 1.001239126518529199e+00
6.545836817949505530e+03 9.948198239039910407e-01
6.545870859696803564e+03 9.943640775705397949e-01
6.545904901621136560e+03 9.980725308906113202e-01
6.545938943722505428e+03 9.993875753796218619e-01
6.545972986000910169e+03 1.004936838078361205e+00
6.546007028456352600e+03 1.000800523103168471e+00
6.546041071088833633e+03 1.012185455243156396e+00
6.546075113898354175e+03 1.012945303737031066e+00
6.546109156884914228e+03 1.004669994600843275e+00
6.546143200048516519e+03 1.004179209561198549e+00
6.546177243389160139e+03 1.003766757819508637e+00
6.546211286906846908e+03 9.968757983203164752e-01
6.546245330601577734e+03 9.910284937740422295e-01
6.546279374473353528e+03 9.729608653666429463e-01
6.546313418522175198e+03 9.762552545291492967e-01
6.546347462748043654e+03 9.872756874475531186e-01
6.546381507150958896e+03 9.886564313494780043e-01
6.546415551730923653e+03 9.935656355497323178e-01
6.546449596487937015e+03 9.969881069637476223e-01
6.546483641422001710e+03 9.959942349499559811e-01
6.546517686533117740e+03 9.988026230312233578e-01
6.546551731821285102e+03 1.004150410405856730e+00
6.546585777286506527e+03 1.003366846934436785e+00
6.546619822928781105e+03 1.001854953566230444e+00
6.546653868748111563e+03 9.974721817199950769e-01
6.546687914744497903e+03 9.994063466908806870e-01
6.546721960917940123e+03 1.006980786586326948e+00
6.546756007268440953e+03 1.009533836649260330e+00
6.546790053796000393e+03 1.007354297654665443e+00
6.546824100500619352e+03 1.007267058455913578e+00
6.546858147382298739e+03 1.008833731609423801e+00
6.546892194441039464e+03 1.008032563150903060e+00
6.546926241676842437e+03 1.002533734308515667e+00
6.546960289089709477e+03 1.001289373703876384e+00
6.546994336679640583e+03 1.005610696456267217e+00
6.547028384446635755e+03 1.003949691858946336e+00
6.547062432390697722e+03 1.001404966530961449e+00
6.547096480511827394e+03 1.003060712970069490e+00
6.547130528810023861e+03 1.007080645390237006e+00
6.547164577285288942e+03 1.008316368332932367e+00
6.547198625937624456e+03 1.005608413111814370e+00
6.547232674767030403e+03 1.010403480515001284e+00
6.547266723773508602e+03 1.013598422824035117e+00
6.547300772957058143e+03 1.009115233781920029e+00
6.547334822317681756e+03 1.000500259046080975e+00
6.547368871855379439e+03 1.002175256848426788e+00
6.547402921570153012e+03 1.001547941428477806e+00
6.547436971462002475e+03 1.001285946294329987e+00
6.547471021530928738e+03 1.007289595153027850e+00
6.547505071776932709e+03 1.005944064027052720e+00
6.547539122200016209e+03 1.010487813033106974e+00
6.547573172800179236e+03 1.011554903689484863e+00
6.547607223577423611e+03 1.009086673569423498e+00
6.547641274531749332e+03 1.006266861209077490e+00
6.547675325663157309e+03 1.010568777138387331e+00
6.547709376971649363e+03 1.009209723967256833e+00
6.547743428457226400e+03 1.006544517010509399e+00
6.547777480119887514e+03 1.013088607083955317e+00
6.547811531959635431e+03 1.016777297587447171e+00
6.547845583976471062e+03 1.009310420580550760e+00
6.547879636170394406e+03 1.008821548891815523e+00
6.547913688541407282e+03 1.014383119249702814e+00
6.547947741089509691e+03 1.011771323365741493e+00
6.547981793814703451e+03 1.003872799825274997e+00
6.548015846716988563e+03 1.001651287993676531e+00
6.548049899796365935e+03 1.005965977930231459e+00
6.548083953052838297e+03 1.005770047267862566e+00
6.548118006486404738e+03 9.968973948909187754e-01
6.548152060097066169e+03 9.781665890007327224e-01
6.548186113884824408e+03 9.321979190502631685e-01
6.548220167849680365e+03 9.038074980167343231e-01
6.548254221991634040e+03 9.295684636731184058e-01
6.548288276310687252e+03 9.635258932537493770e-01
6.548322330806840000e+03 9.895502888475131709e-01
6.548356385480095014e+03 9.998633871836557496e-01
6.548390440330451383e+03 1.000363218781022967e+00
6.548424495357910018e+03 1.004087744571594776e+00
6.548458550562472738e+03 1.009567860889225788e+00
6.548492605944140450e+03 1.009408773690331884e+00
6.548526661502914067e+03 1.012236514039256852e+00
6.548560717238793586e+03 1.011367169571268931e+00
6.548594773151781737e+03 1.016149571247189964e+00
6.548628829241877611e+03 1.011719879975278680e+00
6.548662885509082116e+03 1.011158221125568080e+00
6.548696941953397982e+03 1.014200110145486056e+00
6.548730998574824298e+03 1.012672098101504936e+00
6.548765055373362884e+03 1.007830104642471358e+00
6.548799112349014649e+03 1.002025876244600378e+00
6.548833169501780503e+03 1.009872585716831805e+00
6.548867226831661355e+03 1.007693476085915751e+00
6.548901284338657206e+03 1.002634445045640588e+00
6.548935342022769873e+03 9.947014699106488944e-01
6.548969399884001177e+03 1.003721357593662544e+00
6.549003457922350208e+03 1.002744862417529248e+00
6.549037516137818784e+03 9.835152717707638104e-01
6.549071574530407815e+03 9.549068461283114484e-01
6.549105633100118212e+03 8.954837457374771326e-01
6.549139691846950882e+03 8.217718822729841444e-01
6.549173750770906736e+03 8.461955478827419830e-01
6.549207809871986683e+03 9.166789085892230737e-01
6.549241869150190723e+03 9.686443494950197630e-01
6.549275928605521585e+03 9.897729050071962797e-01
6.549309988237979269e+03 1.007048826858107926e+00
6.549344048047564684e+03 1.008939322321039000e+00
6.549378108034278739e+03 1.001377191857078630e+00
6.549412168198122345e+03 1.008216596722893543e+00
6.549446228539096410e+03 1.008817812570891093e+00
6.549480289057201844e+03 1.004766604083600745e+00
6.549514349752439557e+03 1.011489472870292117e+00
6.549548410624811368e+03 9.986569066789674487e-01
6.549582471674316366e+03 9.982518383663280259e-01
6.549616532900957282e+03 9.944592446644177075e-01
6.549650594304733204e+03 9.957279824249837263e-01
6.549684655885646862e+03 9.966102966119536610e-01
6.549718717643698255e+03 9.919795082594808910e-01
6.549752779578889204e+03 1.000334258905670515e+00
6.549786841691218797e+03 1.013957640707938479e+00
6.549820903980689764e+03 1.010759605599825806e+00
6.549854966447302104e+03 1.018121997334532347e+00
6.549889029091056727e+03 1.009175440412986680e+00
6.549923091911954543e+03 1.010978263014677303e+00
6.549957154909997371e+03 1.011745414258448994e+00
6.549991218085185210e+03 1.012613113288831412e+00
6.550025281437518970e+03 1.013572956401811664e+00
6.550059344966999561e+03 1.009339242771211564e+00
6.550093408673628801e+03 1.008633821243632545e+00
6.550127472557406691e+03 1.010971060055827708e+00
6.550161536618335049e+03 1.017169542162424056e+00
6.550195600856412966e+03 1.025751708585548760e+00
6.550229665271644080e+03 1.020850685620920073e+00
6.550263729864026573e+03 1.025244774221917732e+00
6.550297794633563171e+03 1.016844165351233009e+00
6.550331859580254786e+03 1.014207659554840824e+00
6.550365924704100507e+03 1.019702058033889580e+00
6.550399990005103064e+03 1.014631251861513928e+00
6.550434055483263364e+03 1.017245730919446922e+00
6.550468121138581409e+03 1.002815206367241752e+00
6.550502186971059018e+03 1.012828781059624816e+00
6.550536252980696190e+03 1.013315911297136163e+00
6.550570319167493835e+03 1.012382606428180010e+00
6.550604385531453772e+03 1.013872956644487733e+00
6.550638452072576911e+03 1.012620618458887733e+00
6.550672518790863251e+03 1.005286393837886427e+00
6.550706585686314611e+03 1.002061021280260977e+00
6.550740652758930992e+03 1.009081924095974081e+00
6.550774720008714212e+03 1.013840357852950902e+00
6.550808787435664271e+03 1.014748993658963760e+00
6.550842855039782989e+03 1.020278917987517131e+00
6.550876922821071275e+03 1.022723292166128006e+00
6.550910990779529129e+03 1.018100750476133909e+00
6.550945058915158370e+03 1.014821792823492164e+00
6.550979127227958998e+03 1.017880960384422329e+00
6.551013195717932831e+03 1.022150965746161155e+00
6.551047264385080780e+03 1.019332238279595515e+00
6.551081333229403754e+03 1.012753013225923926e+00
6.551115402250901752e+03 1.015774830464281742e+00
6.551149471449576595e+03 1.022732027233608232e+00
6.551183540825429191e+03 1.014389190962585285e+00
6.551217610378459540e+03 1.015649913381596381e+00
6.551251680108669461e+03 1.017334233888960382e+00
6.551285750016059865e+03 1.012564716506783480e+00
6.551319820100631659e+03 1.015240060076072703e+00
6.551353890362384846e+03 1.020198329961741868e+00
6.551387960801322151e+03 1.016723773113101137e+00
6.551422031417442668e+03 1.013502238175203241e+00
6.551456102210748213e+03 1.013504746314685567e+00
6.551490173181239697e+03 1.028045101789792470e+00
6.551524244328917121e+03 1.027913431472133210e+00
6.551558315653783211e+03 1.025395572744644879e+00
6.551592387155837059e+03 1.015135254594204506e+00
6.551626458835081394e+03 1.011969872667809689e+00
6.551660530691515305e+03 1.015345900855836758e+00
6.551694602725140612e+03 1.020965365495974053e+00
6.551728674935958225e+03 1.023608609944824055e+00
6.551762747323969052e+03 1.018319666954149216e+00
6.551796819889174003e+03 1.018693146607481337e+00
6.551830892631573988e+03 1.018657158103650318e+00
6.551864965551169917e+03 1.026496767862338677e+00
6.551899038647962698e+03 1.024504740815420645e+00
6.551933111921954151e+03 1.024766949219345857e+00
6.551967185373143366e+03 1.022808625600698962e+00
6.552001259001532162e+03 1.020960036007661831e+00
6.552035332807121449e+03 1.018505194568686933e+00
6.552069406789912136e+03 1.019583671045452888e+00
6.552103480949906043e+03 1.025312385099304668e+00
6.552137555287102259e+03 1.014631018677999430e+00
6.552171629801503514e+03 1.022255150383570843e+00
6.552205704493108897e+03 1.028339304223484962e+00
6.552239779361921137e+03 1.024253976541486200e+00
6.552273854407940235e+03 1.021294456790366567e+00
6.552307929631167099e+03 1.015598107352884361e+00
6.552342005031602639e+03 1.015788400458136120e+00
6.552376080609248675e+03 1.021586075008221073e+00
6.552410156364105205e+03 1.020833630112853552e+00
6.552444232296173141e+03 1.014671366516643802e+00
6.552478308405453390e+03 1.011298374563513125e+00
6.552512384691946863e+03 1.011179722605252795e+00
6.552546461155655379e+03 9.934243976824083111e-01
6.552580537796578938e+03 9.955912563618158906e-01
6.552614614614718448e+03 1.008916030450281776e+00
6.552648691610075730e+03 1.017827768487901352e+00
6.552682768782649873e+03 1.024037219335781179e+00
6.552716846132444516e+03 1.024233977394271244e+00
6.552750923659457840e+03 1.014287799777431998e+00
6.552785001363692572e+03 1.009813065991942649e+00
6.552819079245148714e+03 1.020755211564160492e+00
6.552853157303828084e+03 1.022846645696153134e+00
6.552887235539730682e+03 1.026418178617344301e+00
6.552921313952857417e+03 1.017830445641815462e+00
6.552955392543210110e+03 1.008091564527422213e+00
6.552989471310788758e+03 1.011846879281611100e+00
6.553023550255595183e+03 9.989590008373588903e-01
6.553057629377629382e+03 9.737359433401883146e-01
6.553091708676892267e+03 9.271829836999407881e-01
6.553125788153386566e+03 8.426218759207756426e-01
6.553159867807110459e+03 7.989560707678332596e-01
6.553193947638066675e+03 8.499933705919575644e-01
6.553228027646256123e+03 9.479429358744297929e-01
6.553262107831678804e+03 9.663662531179381121e-01
6.553296188194336537e+03 9.731091671635420104e-01
6.553330268734229321e+03 9.955977133836686477e-01
6.553364349451358976e+03 1.012210115361644291e+00
6.553398430345725501e+03 1.014697225108641243e+00
6.553432511417330716e+03 1.019037049268977091e+00
6.553466592666175529e+03 1.028362282617279799e+00
6.553500674092259942e+03 1.029054539505665167e+00
6.553534755695585773e+03 1.020173660978886065e+00
6.553568837476153931e+03 1.014067992964738485e+00
6.553602919433964416e+03 1.007291146969705897e+00
6.553637001569019048e+03 1.024401721035061108e+00
6.553671083881318737e+03 1.021234926646672037e+00
6.553705166370863481e+03 1.012229556083053872e+00
6.553739249037656009e+03 1.017610138685924870e+00
6.553773331881694503e+03 1.020987962293855578e+00
6.553807414902982600e+03 1.017507690425418554e+00
6.553841498101519392e+03 1.021176268032231160e+00
6.553875581477307605e+03 1.018557420448796602e+00
6.553909665030346332e+03 1.017718774796729564e+00
6.553943748760636481e+03 1.022684838807223828e+00
6.553977832668180781e+03 1.018251040037022381e+00
6.554011916752978323e+03 1.022033992408141634e+00
6.554046001015031834e+03 1.014868605471741514e+00
6.554080085454340406e+03 1.018955019533229756e+00
6.554114170070905857e+03 1.020522825516490206e+00
6.554148254864729097e+03 1.010430627774703272e+00
6.554182339835810126e+03 1.012632622543140126e+00
6.554216424984151672e+03 9.974224383227051627e-01
6.554250510309753736e+03 9.759383318852089539e-01
6.554284595812616317e+03 9.447734230350048890e-01
6.554318681492742144e+03 9.405722084582929243e-01
6.554352767350131217e+03 9.615180560925736808e-01
6.554386853384783535e+03 9.916907401813859213e-01
6.554420939596701828e+03 1.013964668956088611e+00
6.554455025985885186e+03 1.015814470909280898e+00
6.554489112552336337e+03 1.012127729811697074e+00
6.554523199296054372e+03 1.018834250687214560e+00
6.554557286217042019e+03 1.020970130015733890e+00
6.554591373315299279e+03 1.015105826064227834e+00
6.554625460590826151e+03 1.008851507169528761e+00
6.554659548043625364e+03 1.014523575896306040e+00
6.554693635673696917e+03 1.009412477035946498e+00
6.554727723481041721e+03 1.007818116962176047e+00
6.554761811465661594e+03 1.008298874962094027e+00
6.554795899627555627e+03 1.008764596441077854e+00
6.554829987966726549e+03 1.008558550179882607e+00
6.554864076483173449e+03 1.013499778156317088e+00
6.554898165176899056e+03 1.020738596569018553e+00
6.554932254047903371e+03 1.010898554300407426e+00
6.554966343096188211e+03 1.011050318069477649e+00
6.555000432321752669e+03 1.018803455160415927e+00
6.555034521724599472e+03 1.013676502376662070e+00
6.555068611304728620e+03 1.016488370349414527e+00
6.555102701062141023e+03 1.015476717391044392e+00
6.555136790996838499e+03 1.007612661423336275e+00
6.555170881108821050e+03 1.005681355434689728e+00
6.555204971398089583e+03 1.007074234498232412e+00
6.555239061864645919e+03 1.006568960166670301e+00
6.555273152508490057e+03 1.009995732268762270e+00
6.555307243329622906e+03 1.007043378841943504e+00
6.555341334328046287e+03 1.020338667176809544e+00
6.555375425503760198e+03 1.013044465886215884e+00
6.555409516856765549e+03 1.011313879941201144e+00
6.555443608387064160e+03 1.014669233568481266e+00
6.555477700094656029e+03 1.025719423432915001e+00
6.555511791979542977e+03 1.019994185593310121e+00
6.555545884041725003e+03 1.006367421393538519e+00
6.555579976281203017e+03 1.002446982132892739e+00
6.555614068697978837e+03 9.990143364446858465e-01
6.555648161292053373e+03 1.002247602824408945e+00
6.555682254063426626e+03 1.007717956568017881e+00
6.555716347012100414e+03 1.007367170756114483e+00
6.555750440138074737e+03 1.003938168119575813e+00
6.555784533441350504e+03 1.007000528333115152e+00
6.555818626921930445e+03 1.008527927278549452e+00
6.555852720579812740e+03 1.009656171045612671e+00
6.555886814415001027e+03 1.003644574756005436e+00
6.555920908427494396e+03 9.994301204468400979e-01
6.555955002617293758e+03 1.005235133689944549e+00
6.555989096984401840e+03 1.008917188614053551e+00
6.556023191528817733e+03 1.011788485758257083e+00
6.556057286250542347e+03 1.007244080302721834e+00
6.556091381149577501e+03 1.011520413248826911e+00
6.556125476225924103e+03 1.007152308875014723e+00
6.556159571479583065e+03 1.005435998779790507e+00
6.556193666910554384e+03 1.008056367834560652e+00
6.556227762518839882e+03 1.017238687017546050e+00
6.556261858304440466e+03 1.012905487465382004e+00
6.556295954267356137e+03 1.004716052085903533e+00
6.556330050407589624e+03 1.010903067093650742e+00
6.556364146725140017e+03 1.007844737016325709e+00
6.556398243220009135e+03 9.975656470723849312e-01
6.556432339892196978e+03 9.952577782146510010e-01
6.556466436741706275e+03 1.001297372068860270e+00
6.556500533768536116e+03 1.002719460132003748e+00
6.556534630972688319e+03 9.992836159728687440e-01
6.556568728354163795e+03 9.996704634235977771e-01
6.556602825912963453e+03 1.000946645139958902e+00
6.556636923649088203e+03 1.002520216788753027e+00
6.556671021562538954e+03 1.003836042946790075e+00
6.556705119653316615e+03 1.001570628842912924e+00
6.556739217921421186e+03 1.000245382912563263e+00
6.556773316366855397e+03 1.001973779845481749e+00
6.556807414989618337e+03 9.993091759884884517e-01
6.556841513789712735e+03 9.963301563749635825e-01
6.556875612767137682e+03 9.979684512143648378e-01
6.556909711921895905e+03 1.006108525895408778e+00
6.556943811253986496e+03 1.010550601932901360e+00
6.556977910763412183e+03 1.002093322364164596e+00
6.557012010450172056e+03 9.987521636330934927e-01
6.557046110314268844e+03 1.000771134727850509e+00
6.557080210355702548e+03 9.976149263065029471e-01
6.557114310574473166e+03 1.002240535037435265e+00
6.557148410970583427e+03 9.981077686169428365e-01
6.557182511544033332e+03 1.003755025005902413e+00
6.557216612294824699e+03 9.850291522555602031e-01
6.557250713222956620e+03 9.976177881312956464e-01
6.557284814328430912e+03 9.960811533255555794e-01
6.557318915611249395e+03 9.975315923101260029e-01
6.557353017071412069e+03 9.983428218330294701e-01
6.557387118708919843e+03 9.947775595365028201e-01
6.557421220523773627e+03 9.949356712881709530e-01
6.557455322515975240e+03 9.913783177780945977e-01
6.557489424685523772e+03 9.845928096921210404e-01
6.557523527032421953e+03 9.897144382296566567e-01
6.557557629556670690e+03 9.800758430600361448e-01
6.557591732258269076e+03 9.800845045314154902e-01
6.557625835137219838e+03 9.566815277336646606e-01
6.557659938193522976e+03 9.149097745795643499e-01
6.557694041427180309e+03 8.715313770965883444e-01
6.557728144838190929e+03 8.828645158139836191e-01
6.557762248426558472e+03 9.293784005036307416e-01
6.557796352192281120e+03 9.603451937411745520e-01
6.557830456135361601e+03 9.765970932475076527e-01
6.557864560255799915e+03 9.821110711136108451e-01
6.557898664553597882e+03 9.793425453511044321e-01
6.557932769028755501e+03 9.867683844076672317e-01
6.557966873681274592e+03 9.849722823534808880e-01
6.558000978511155154e+03 9.879576889878146639e-01
6.558035083518399006e+03 9.807073232170668842e-01
6.558069188703006148e+03 9.849756061886200120e-01
6.558103294064977490e+03 9.875273973877702893e-01
6.558137399604314851e+03 9.835338271425055900e-01
6.558171505321019140e+03 9.806441151392797373e-01
6.558205611215090357e+03 9.790870659088056760e-01
6.558239717286529412e+03 9.807660647746507809e-01
6.558273823535339034e+03 9.807326366582189703e-01
6.558307929961518312e+03 9.869990528631139570e-01
6.558342036565068156e+03 9.777383533046327679e-01
6.558376143345990386e+03 9.734125701687255106e-01
6.558410250304285910e+03 9.804301887104818203e-01
6.558444357439954729e+03 9.706155598038489485e-01
6.558478464752998661e+03 9.735413614924521841e-01
6.558512572243417708e+03 9.805296765068803877e-01
6.558546679911214596e+03 9.724407205463101445e-01
6.558580787756388418e+03 9.595347382622704258e-01
6.558614895778940081e+03 9.460549180014850013e-01
6.558649003978872315e+03 9.366269902295978333e-01
6.558683112356184211e+03 9.262397628519669635e-01
6.558717220910877586e+03 9.439755895865991064e-01
6.558751329642953351e+03 9.524799295356084494e-01
6.558785438552411506e+03 9.681771928078181100e-01
6.558819547639253869e+03 9.640231356126305329e-01
6.558853656903482261e+03 9.615234981752697196e-01
6.558887766345094860e+03 9.674520054992370444e-01
6.558921875964095307e+03 9.707132667468698628e-01
6.558955985760483600e+03 9.722652610816792107e-01
6.558990095734259739e+03 9.728861636035736060e-01
6.559024205885426454e+03 9.686939695009848528e-01
6.559058316213982835e+03 9.661623298400977555e-01
6.559092426719930700e+03 9.671647128729239373e-01
6.559126537403270959e+03 9.531294953577382767e-01
6.559160648264004521e+03 9.487477505397056143e-01
6.559194759302132297e+03 9.568088279046692568e-01
6.559228870517655196e+03 9.640482876647605837e-01
6.559262981910574126e+03 9.621083142193883608e-01
6.559297093480889998e+03 9.637035000298583842e-01
6.559331205228603721e+03 9.696160370946996787e-01
6.559365317153716205e+03 9.680951166333113811e-01
6.559399429256228359e+03 9.632871200707449066e-01
6.559433541536141092e+03 9.589814503842168936e-01
6.559467653993455315e+03 9.597041210165613290e-01
6.559501766628171936e+03 9.696486824387779979e-01
6.559535879440292774e+03 9.674047773534852901e-01
6.559569992429816921e+03 9.656153521332112577e-01
6.559604105596747104e+03 9.642230653217280789e-01
6.559638218941083323e+03 9.629851932900442835e-01
6.559672332462825580e+03 9.623116802163180772e-01
6.559706446161976601e+03 9.598733991037124991e-01
6.559740560038537296e+03 9.623181620358868260e-01
6.559774674092506757e+03 9.663108123452944787e-01
6.559808788323887711e+03 9.575998040006237222e-01
6.559842902732680159e+03 9.652197332317771217e-01
6.559877017318885009e+03 9.683581607973597016e-01
6.559911132082503173e+03 9.640215349083233187e-01
6.559945247023536467e+03 9.642890187655043244e-01
6.559979362141984893e+03 9.676942900285516735e-01
6.560013477437849360e+03 9.680296366396827779e-01
6.560047592911130778e+03 9.693925879558661363e-01
6.560081708561830965e+03 9.662059974383838679e-01
6.560115824389949921e+03 9.630616735775037185e-01
6.560149940395489466e+03 9.655756410660718547e-01
6.560184056578449599e+03 9.640134630305882135e-01
6.560218172938831231e+03 9.648505913613800722e-01
6.560252289476636179e+03 9.623719571599238520e-01
6.560286406191864444e+03 9.635210922417084545e-01
6.560320523084517845e+03 9.652182194287822758e-01
6.560354640154596382e+03 9.659441861141953023e-01
6.560388757402100964e+03 9.650729176988135372e-01
6.560422874827033411e+03 9.683521083730001200e-01
6.560456992429393722e+03 9.677120731766044592e-01
6.560491110209183717e+03 9.631195610185392386e-01
6.560525228166404304e+03 9.647307345037554605e-01
6.560559346301055484e+03 9.679227391204734410e-01
6.560593464613138167e+03 9.643422870086436616e-01
6.560627583102655080e+03 9.644181352033011079e-01
6.560661701769604406e+03 9.694280724917623271e-01
6.560695820613989781e+03 9.664152873037772373e-01
6.560729939635809387e+03 9.634313632460903554e-01
6.560764058835066862e+03 9.653341670740607228e-01
6.560798178211761297e+03 9.701886059906820181e-01
6.560832297765894509e+03 9.663121017435322146e-01
6.560866417497466500e+03 9.636056035558401289e-01
6.560900537406479089e+03 9.652400256646106458e-01
6.560934657492933184e+03 9.593144470821236558e-01
6.560968777756829695e+03 9.425518896390638890e-01
6.561002898198168623e+03 9.214495596329114191e-01
6.561037018816951786e+03 9.148924781165103104e-01
6.561071139613180094e+03 9.393562526843162175e-01
6.561105260586853547e+03 9.620749686828661273e-01
6.561139381737973963e+03 9.731952289473566609e-01
6.561173503066542253e+03 9.742460269836431541e-01
6.561207624572559325e+03 9.743829877457481636e-01
6.561241746256026090e+03 9.708806956194033777e-01
6.561275868116943457e+03 9.729845061762800729e-01
6.561309990155311425e+03 9.767457690605978460e-01
6.561344112371131814e+03 9.751443300993801744e-01
6.561378234764405533e+03 9.743545201629997266e-01
6.561412357335134402e+03 9.703281966911700973e-01
6.561446480083316601e+03 9.716987837156655372e-01
6.561480603008955768e+03 9.785384381503825502e-01
6.561514726112051903e+03 9.692102037110870150e-01
6.561548849392605916e+03 9.718518589198756885e-01
6.561582972850618717e+03 9.596003611367022179e-01
6.561617096486091214e+03 9.449794224921880259e-01
6.561651220299023407e+03 9.432932747121177686e-01
6.561685344289418026e+03 9.556480246594970529e-01
6.561719468457275070e+03 9.698330373073161814e-01
6.561753592802595449e+03 9.758870675940904960e-01
6.561787717325380072e+03 9.767466427139654961e-01
6.561821842025629849e+03 9.756804894897088687e-01
6.561855966903345688e+03 9.730637014179031041e-01
6.561890091958528501e+03 9.778460961256487671e-01
6.561924217191179196e+03 9.711700302330048551e-01
6.561958342601298682e+03 9.675369371648494532e-01
6.561992468188888779e+03 9.771878802529218033e-01
6.562026593953949487e+03 9.768683989070833240e-01
6.562060719896481714e+03 9.750342529601044861e-01
6.562094846016486372e+03 9.795052793132084101e-01
6.562128972313964368e+03 9.827506854816079329e-01
6.562163098788917523e+03 9.789706331688219354e-01
6.562197225441344926e+03 9.740487234191059773e-01
6.562231352271249307e+03 9.759711172796334822e-01
6.562265479278631574e+03 9.752267534607168553e-01
6.562299606463490818e+03 9.748896349638161984e-01
6.562333733825829768e+03 9.650289612768752079e-01
6.562367861365648423e+03 9.712002895989908513e-01
6.562401989082948603e+03 9.651483335027831734e-01
6.562436116977730308e+03 9.633392100381336087e-01
6.562470245049994446e+03 9.612473624204620481e-01
6.562504373299742838e+03 9.601648986236388517e-01
6.562538501726974573e+03 9.649032696438410994e-01
6.562572630331693290e+03 9.647281676029777486e-01
6.562606759113898079e+03 9.622149889346217622e-01
6.562640888073589849e+03 9.665813460146757130e-01
6.562675017210769511e+03 9.588570157096284463e-01
6.562709146525439792e+03 9.620126904494111786e-01
6.562743276017598873e+03 9.549661271041800514e-01
6.562777405687249484e+03 9.479324301830610588e-01
6.562811535534392533e+03 9.571950440839752661e-01
6.562845665559028021e+03 9.502053564886449033e-01
6.562879795761157766e+03 9.442624106418138208e-01
6.562913926140781768e+03 9.400824984071364243e-01
6.562948056697900938e+03 9.355794495166813718e-01
6.562982187432518003e+03 9.282020567416219281e-01
6.563016318344632055e+03 9.240620208496151955e-01
6.563050449434244001e+03 9.352614754680588227e-01
6.563084580701355662e+03 9.390959016704512052e-01
6.563118712145967947e+03 9.393433912507377359e-01
6.563152843768081766e+03 9.380591268272125971e-01
6.563186975567697118e+03 9.385698622211060549e-01
6.563221107544815823e+03 9.425465881698490422e-01
6.563255239699437880e+03 9.333556776125979670e-01
6.563289372031565108e+03 9.318371808670034007e-01
6.563323504541198417e+03 9.289624684984764125e-01
6.563357637228338717e+03 9.296297718630363027e-01
6.563391770092986008e+03 9.319169367518037594e-01
6.563425903135143017e+03 9.299537083208159194e-01
6.563460036354808835e+03 9.299438084430045048e-01
6.563494169751984373e+03 9.262641963697858527e-01
6.563528303326672358e+03 9.294492510071657998e-01
6.563562437078871881e+03 9.306708776013939977e-01
6.563596571008585670e+03 9.275608067130554080e-01
6.563630705115812816e+03 9.235572335369283126e-01
6.563664839400555138e+03 9.228361775740010486e-01
6.563698973862813546e+03 9.229398794979402076e-01
6.563733108502588948e+03 9.202251554279501367e-01
6.563767243319882255e+03 9.177205796248698588e-01
6.563801378314693466e+03 9.152559435887188677e-01
6.563835513487025310e+03 9.171671983701766839e-01
6.563869648836877786e+03 9.204333192626372728e-01
6.563903784364250896e+03 9.152585495515201952e-01
6.563937920069147367e+03 9.107202316268481201e-01
6.563972055951566290e+03 8.995666787874264658e-01
6.564006192011510393e+03 8.801740854517779988e-01
6.564040328248979677e+03 8.767405460204820145e-01
6.564074464663975050e+03 8.820150241686018910e-01
6.564108601256496513e+03 8.953480649542934211e-01
6.564142738026546795e+03 9.100339080591427487e-01
6.564176874974125894e+03 9.152124679310000843e-01
6.564211012099235631e+03 9.195830482660289906e-01
6.564245149401875096e+03 9.174125906580190559e-01
6.564279286882046108e+03 9.134234653714060626e-01
6.564313424539750486e+03 9.191198080075719812e-01
6.564347562374988229e+03 9.203613448277515596e-01
6.564381700387760247e+03 9.252559376977937955e-01
6.564415838578067451e+03 9.265834791825098282e-01
6.564449976945910748e+03 9.213549335900065307e-01
6.564484115491291959e+03 9.172634488891390214e-01
6.564518254214211083e+03 9.025275201186903073e-01
6.564552393114669030e+03 8.890778244196114732e-01
6.564586532192667619e+03 8.803818469210976660e-01
6.564620671448205940e+03 8.891393281674003779e-01
6.564654810881287631e+03 8.816039747519277547e-01
6.564688950491910873e+03 8.340154385765767842e-01
6.564723090280078395e+03 7.992841104523663587e-01
6.564757230245790197e+03 8.237764798328112148e-01
6.564791370389047188e+03 8.752468100697062825e-01
6.564825510709851187e+03 9.115083024368070275e-01
6.564859651208203104e+03 9.220029044965222242e-01
6.564893791884102029e+03 9.350080891017978901e-01
6.564927932737551600e+03 9.454425524962127847e-01
6.564962073768549999e+03 9.396518540580580670e-01
6.564996214977099953e+03 9.415919034069465399e-01
6.565030356363202372e+03 9.413733874380011413e-01
6.565064497926857257e+03 9.416792764324816156e-01
6.565098639668066426e+03 9.452014564603695712e-01
6.565132781586829879e+03 9.514414333833772774e-01
6.565166923683148525e+03 9.560505789804522037e-01
6.565201065957025094e+03 9.530851196483711707e-01
6.565235208408457765e+03 9.519206023215061041e-01
6.565269351037450178e+03 9.587225891677880751e-01
6.565303493844001423e+03 9.626342442567977775e-01
6.565337636828113318e+03 9.550206535781372574e-01
6.565371779989785864e+03 9.634671248061074111e-01
6.565405923329020879e+03 9.690609641318367329e-01
6.565440066845818365e+03 9.708305280593125808e-01
6.565474210540181048e+03 9.736931508021724468e-01
6.565508354412108019e+03 9.794764107782862883e-01
6.565542498461600189e+03 9.789106232605794267e-01
6.565576642688660286e+03 9.785840266077416860e-01
6.565610787093287399e+03 9.861883549544409044e-01
6.565644931675483349e+03 9.879967733590312440e-01
6.565679076435248135e+03 9.827862014551078662e-01
6.565713221372584485e+03 9.868405275461865633e-01
6.565747366487491490e+03 9.912777624010817856e-01
6.565781511779970970e+03 9.925486722292894415e-01
6.565815657250023833e+03 9.939292323224343528e-01
6.565849802897650989e+03 9.931206256524839349e-01
6.565883948722853347e+03 9.926854559605806649e-01
6.565918094725630908e+03 9.950613724151800010e-01
6.565952240905986400e+03 1.003455754996584126e+00
6.565986387263918914e+03 1.011401491893936244e+00
6.566020533799430268e+03 1.012076326242736579e+00
6.566054680512522282e+03 1.010823628436974042e+00
6.566088827403194045e+03 1.013119870146546697e+00
6.566122974471447378e+03 1.015896236782605211e+00
6.566157121717283189e+03 1.019492135036086378e+00
6.566191269140702389e+03 1.024378071620801078e+00
6.566225416741706795e+03 1.022248377878753223e+00
6.566259564520295498e+03 1.023457334018273102e+00
6.566293712476470319e+03 1.023984659262519470e+00
6.566327860610232165e+03 1.036334596864751489e+00
6.566362008921582856e+03 1.034760512361479812e+00
6.566396157410521482e+03 1.035231940590660926e+00
6.566430306077050773e+03 1.036994439546895519e+00
6.566464454921170727e+03 1.037228829521154694e+00
6.566498603942882255e+03 1.038043656095086753e+00
6.566532753142186266e+03 1.042645710874333442e+00
6.566566902519083669e+03 1.049576993323154905e+00
6.566601052073575374e+03 1.048042522779618402e+00
6.566635201805663201e+03 1.052452468174407407e+00
6.566669351715347148e+03 1.044799160925334203e+00
6.566703501802628125e+03 1.056686291193308147e+00
6.566737652067507042e+03 1.054375615791954379e+00
6.566771802509985719e+03 1.060966198995718424e+00
6.566805953130064154e+03 1.064623371629063620e+00
6.566840103927743257e+03 1.054894266936662994e+00
6.566874254903024848e+03 1.048980801977933641e+00
6.566908406055908017e+03 1.051937008525105410e+00
6.566942557386396402e+03 1.057237943548059667e+00
6.566976708894488183e+03 1.060115575386443298e+00
6.567010860580186090e+03 1.060145222772491236e+00
6.567045012443491032e+03 1.058716566199458198e+00
6.567079164484402099e+03 1.054847530402612144e+00
6.567113316702922020e+03 1.062556311601185577e+00
6.567147469099051705e+03 1.066797968663578233e+00
6.567181621672791152e+03 1.068564400305839213e+00
6.567215774424142182e+03 1.065293319492571555e+00
6.567249927353104795e+03 1.068948270842292381e+00
6.567284080459679899e+03 1.072455794400740681e+00
6.567318233743869314e+03 1.076197273004826593e+00
6.567352387205673949e+03 1.072521962803989259e+00
6.567386540845093805e+03 1.074259872218122691e+00
6.567420694662130700e+03 1.076654369525725352e+00
6.567454848656784634e+03 1.076986386611166413e+00
6.567489002829057426e+03 1.084504525411880360e+00
6.567523157178949077e+03 1.085107380860136139e+00
6.567557311706461405e+03 1.089087404155593131e+00
6.567591466411595320e+03 1.085491080535117447e+00
6.567625621294351731e+03 1.082240103578703705e+00
6.567659776354730639e+03 1.078930004284072819e+00
6.567693931592732952e+03 1.075498425450544193e+00
6.567728087008361399e+03 1.086327951927060109e+00
6.567762242601615071e+03 1.092578272679318285e+00
6.567796398372495787e+03 1.090903386359018068e+00
6.567830554321004456e+03 1.084508915070604207e+00
6.567864710447141078e+03 1.084568103680074058e+00
6.567898866750907473e+03 1.086844156604921396e+00
6.567933023232304549e+03 1.082485205577899956e+00
6.567967179891333217e+03 1.083695067157542491e+00
6.568001336727994385e+03 1.091040881727261436e+00
6.568035493742288054e+03 1.088684563638330216e+00
6.568069650934216952e+03 1.084592520582873698e+00
6.568103808303780170e+03 1.076881117616812045e+00
6.568137965850979526e+03 1.080292794850513882e+00
6.568172123575815931e+03 1.082541064509722650e+00
6.568206281478290293e+03 1.085815646563865755e+00
6.568240439558403523e+03 1.081455183635349870e+00
6.568274597816156529e+03 1.074725348720091844e+00
6.568308756251550221e+03 1.082860354120270374e+00
6.568342914864585509e+03 1.087900216907332407e+00
6.568377073655263302e+03 1.083466566782646856e+00
6.568411232623584510e+03 1.085054328915812327e+00
6.568445391769549133e+03 1.086688343994582917e+00
6.568479551093159898e+03 1.085114862256319146e+00
6.568513710594416807e+03 1.087083876639438396e+00
6.568547870273321678e+03 1.082282497562941481e+00
6.568582030129873601e+03 1.078036112991483053e+00
6.568616190164074396e+03 1.075922737283957265e+00
6.568650350375925882e+03 1.078032949134339669e+00
6.568684510765427149e+03 1.087836858712613486e+00
6.568718671332580925e+03 1.080843616214410385e+00
6.568752832077387211e+03 1.070479922200767708e+00
6.568786992999846916e+03 1.074824262779511486e+00
6.568821154099960950e+03 1.076279152807735784e+00
6.568855315377731131e+03 1.075005013615275118e+00
6.568889476833157460e+03 1.076132761207152067e+00
6.568923638466240845e+03 1.070322167157216731e+00
6.568957800276982198e+03 1.067225850532650400e+00
6.568991962265383336e+03 1.067903688888879099e+00
6.569026124431444259e+03 1.066344304392981890e+00
6.569060286775165878e+03 1.057888647244714209e+00
6.569094449296549101e+03 1.061281698436703724e+00
6.569128611995595747e+03 1.059090825092778410e+00
6.569162774872306727e+03 1.062339136371251103e+00
6.569196937926681130e+03 1.051966831595921636e+00
6.569231101158721685e+03 1.041201219020680080e+00
6.569265264568429302e+03 1.033634272853030778e+00
6.569299428155803980e+03 1.033840150542485237e+00
6.569333591920846629e+03 1.027515696423251690e+00
6.569367755863559069e+03 1.017193147422436494e+00
6.569401919983941298e+03 1.020419958140257322e+00
6.569436084281995136e+03 1.034823650473621015e+00
6.569470248757721492e+03 1.053143135040762290e+00
6.569504413411119458e+03 1.048872795850537054e+00
6.569538578242192671e+03 1.045347611331322479e+00
6.569572743250940221e+03 1.049704446767755872e+00
6.569606908437363018e+03 1.043471885940252308e+00
6.569641073801462881e+03 1.045982131729400688e+00
6.569675239343240719e+03 1.044788810715923555e+00
6.569709405062696533e+03 1.043904370255663627e+00
6.569743570959832141e+03 1.043456319833814261e+00
6.569777737034648453e+03 1.048805434477466880e+00
6.569811903287145469e+03 1.049906566919275086e+00
6.569846069717325008e+03 1.042933853444524717e+00
6.569880236325187980e+03 1.038459476088134714e+00
6.569914403110735293e+03 1.035600528658194852e+00
6.569948570073966948e+03 1.029782426608356616e+00
6.569982737214884764e+03 1.026491495582922520e+00
6.570016904533488741e+03 1.029956879414007043e+00
6.570051072029781608e+03 1.043554414954132037e+00
6.570085239703762454e+03 1.044241703892495376e+00
6.570119407555433099e+03 1.038687091022987730e+00
6.570153575584794453e+03 1.034650175656480986e+00
6.570187743791847424e+03 1.041614164092728112e+00
6.570221912176592014e+03 1.042783211355062134e+00
6.570256080739030949e+03 1.032365580667528038e+00
6.570290249479163322e+03 1.028875013209650691e+00
6.570324418396990950e+03 1.034590960534086612e+00
6.570358587492515653e+03 1.037069030601929009e+00
6.570392756765736522e+03 1.038007111902655488e+00
6.570426926216655374e+03 1.039549380875348872e+00
6.570461095845273121e+03 1.035441221045582338e+00
6.570495265651590671e+03 1.032421145710739729e+00
6.570529435635608934e+03 1.032797270685117175e+00
6.570563605797328819e+03 1.028615336483672316e+00
6.570597776136751236e+03 1.029435501338867187e+00
6.570631946653878003e+03 1.028103185628890248e+00
6.570666117348708212e+03 1.040743157462989954e+00
6.570700288221243682e+03 1.041681614774664810e+00
6.570734459271486230e+03 1.035962794978112944e+00
6.570768630499434948e+03 1.031774797572611480e+00
6.570802801905092565e+03 1.029489751023686672e+00
6.570836973488459080e+03 1.030095936590241568e+00
6.570871145249535402e+03 1.027173478387085170e+00
6.570905317188322442e+03 1.031320416877417934e+00
6.570939489304822018e+03 1.039643637335866622e+00
6.570973661599033221e+03 1.033851190446567703e+00
6.571007834070958779e+03 1.038127643120128951e+00
6.571042006720598692e+03 1.029820517553241777e+00
6.571076179547954780e+03 1.033266375082243504e+00
6.571110352553027042e+03 1.014203264183657360e+00
6.571144525735815478e+03 1.007659283115662108e+00
6.571178699096323726e+03 1.013271082048994964e+00
6.571212872634549967e+03 1.019123068249099484e+00
6.571247046350496930e+03 1.021202330767558841e+00
6.571281220244165524e+03 1.027868925404914036e+00
6.571315394315554840e+03 1.025568305170922567e+00
6.571349568564668516e+03 1.025115098746631759e+00
6.571383742991504732e+03 1.026325302748249291e+00
6.571417917596066218e+03 1.023400399742192102e+00
6.571452092378352972e+03 1.021328749584103912e+00
6.571486267338366815e+03 1.019125376078735989e+00
6.571520442476108656e+03 1.025809509775596373e+00
6.571554617791577584e+03 1.027860741814564438e+00
6.571588793284777239e+03 1.030527770049069369e+00
6.571622968955706710e+03 1.033836262702534148e+00
6.571657144804366908e+03 1.030041912057989340e+00
6.571691320830759651e+03 1.026418144073416361e+00
6.571725497034884938e+03 1.026126736708401932e+00
6.571759673416745500e+03 1.024931346870062931e+00
6.571793849976339516e+03 1.024657292614506998e+00
6.571828026713670624e+03 1.026072328171274251e+00
6.571862203628737916e+03 1.029675414943938216e+00
6.571896380721542300e+03 1.031144650361207837e+00
6.571930557992086506e+03 1.027269151076876330e+00
6.571964735440369623e+03 1.024091958699064886e+00
6.571998913066392561e+03 1.023365540385217987e+00
6.572033090870158048e+03 1.021018427854908595e+00
6.572067268851665176e+03 1.022301947245465525e+00
6.572101447010915763e+03 1.025663834245937434e+00
6.572135625347910718e+03 1.027227566747085374e+00
6.572169803862650042e+03 1.028829422442562258e+00
6.572203982555135553e+03 1.021682872069553438e+00
6.572238161425368162e+03 1.023836883301361578e+00
6.572272340473348777e+03 1.026730915379003406e+00
6.572306519699078308e+03 1.021108200966319490e+00
6.572340699102557664e+03 1.019662964652900294e+00
6.572374878683786847e+03 1.022214903769410599e+00
6.572409058442768583e+03 1.023273189938745054e+00
6.572443238379501963e+03 1.017073279635980265e+00
6.572477418493988807e+03 1.009657927197159299e+00
6.572511598786230934e+03 1.002185153661795836e+00
6.572545779256227434e+03 9.688684275765380161e-01
6.572579959903980125e+03 9.133345782243692534e-01
6.572614140729489918e+03 8.908501524211256406e-01
6.572648321732757722e+03 9.153984985704810562e-01
6.572682502913784447e+03 9.558830951427401690e-01
6.572716684272571911e+03 9.945943492777796768e-01
6.572750865809119205e+03 1.016525883443922362e+00
6.572785047523429057e+03 1.021099064745699891e+00
6.572819229415500558e+03 1.027041698689933558e+00
6.572853411485336437e+03 1.023333795806572022e+00
6.572887593732935784e+03 1.028293319846706133e+00
6.572921776158301327e+03 1.032809880787399104e+00
6.572955958761433067e+03 1.033170151570186324e+00
6.572990141542332822e+03 1.028907267380925417e+00
6.573024324500999683e+03 1.022916715724524028e+00
6.573058507637436378e+03 1.018134253570191827e+00
6.573092690951642908e+03 1.014978519395932643e+00
6.573126874443620181e+03 1.022448489742912692e+00
6.573161058113369108e+03 1.029134923502232457e+00
6.573195241960891508e+03 1.031472003485014000e+00
6.573229425986187380e+03 1.027865679744194072e+00
6.573263610189257633e+03 1.021286136341554629e+00
6.573297794570104088e+03 1.026354393193884329e+00
6.573331979128726744e+03 1.031699899510811758e+00
6.573366163865126509e+03 1.025968736797752356e+00
6.573400348779305205e+03 1.024782253886540317e+00
6.573434533871262829e+03 1.026027496691064078e+00
6.573468719141000292e+03 1.026277397309423911e+00
6.573502904588519414e+03 1.021378252381330620e+00
6.573537090213821102e+03 1.022583604511570377e+00
6.573571276016904449e+03 1.027160266323242421e+00
6.573605461997773091e+03 1.028012676071464959e+00
6.573639648156426119e+03 1.027562404573286070e+00
6.573673834492864444e+03 1.023231154638331697e+00
6.573708021007089883e+03 1.027231698449688979e+00
6.573742207699102437e+03 1.033234082779244112e+00
6.573776394568903925e+03 1.030675489282553370e+00
6.573810581616495256e+03 1.029515645453991546e+00
6.573844768841876430e+03 1.030767120057990205e+00
6.573878956245048357e+03 1.025723754108613273e+00
6.573913143826013766e+03 1.024003328121596557e+00
6.573947331584771746e+03 1.021336765740512798e+00
6.573981519521323207e+03 1.017922487451992763e+00
6.574015707635670879e+03 1.020863417683238517e+00
6.574049895927813850e+03 1.018999405810749659e+00
6.574084084397753941e+03 1.015410683148018745e+00
6.574118273045491151e+03 1.021291653107195829e+00
6.574152461871027299e+03 1.022013258465436225e+00
6.574186650874363295e+03 1.019759916604979333e+00
6.574220840055500048e+03 1.028601177470777728e+00
6.574255029414438468e+03 1.031550283707096005e+00
6.574289218951178555e+03 1.029174220760995073e+00
6.574323408665722127e+03 1.024383287027189171e+00
6.574357598558070094e+03 1.029556099661418589e+00
6.574391788628223367e+03 1.020157722835255854e+00
6.574425978876182853e+03 1.026114693857067550e+00
6.574460169301948554e+03 1.021900901895759661e+00
6.574494359905523197e+03 1.027179569568168915e+00
6.574528550686905874e+03 1.025850655405787348e+00
6.574562741646099312e+03 1.025695574244095853e+00
6.574596932783102602e+03 1.028182695778994349e+00
6.574631124097918473e+03 1.023625470329291964e+00
6.574665315590546015e+03 1.025088635300685613e+00
6.574699507260987048e+03 1.027131410080152962e+00
6.574733699109243389e+03 1.027540625645621652e+00
6.574767891135314130e+03 1.030465693287524465e+00
6.574802083339201999e+03 1.029274322442125689e+00
6.574836275720906087e+03 1.029570491687823219e+00
6.574870468280429122e+03 1.024113813198071377e+00
6.574904661017771105e+03 1.027964273311463339e+00
6.574938853932932943e+03 1.026647952518909834e+00
6.574973047025915548e+03 1.022648269005601795e+00
6.575007240296719829e+03 1.028294025647717325e+00
6.575041433745346694e+03 1.015321706455424522e+00
6.575075627371797964e+03 1.011730301625693107e+00
6.575109821176073638e+03 1.018474508817563962e+00
6.575144015158174625e+03 1.020715875260835404e+00
6.575178209318101835e+03 1.016762587436735421e+00
6.575212403655856178e+03 1.014129203901300569e+00
6.575246598171439473e+03 1.005296139705504244e+00
6.575280792864851719e+03 9.813186872128394356e-01
6.575314987736094736e+03 9.339917227107950026e-01
6.575349182785167613e+03 8.550433553403349318e-01
6.575383378012073990e+03 8.043142689671886059e-01
6.575417573416812047e+03 8.443152382013143775e-01
6.575451768999384512e+03 9.118217423190551063e-01
6.575485964759791386e+03 9.659278653003056103e-01
6.575520160698034488e+03 1.003327016165958430e+00
6.575554356814113817e+03 1.010726968693373751e+00
6.575588553108030283e+03 1.010163582872608989e+00
6.575622749579785705e+03 1.014264210796150811e+00
6.575656946229380992e+03 1.024222792813516802e+00
6.575691143056816145e+03 1.021798956175026252e+00
6.575725340062092073e+03 1.028085432566928858e+00
6.575759537245210595e+03 1.032159473647769055e+00
6.575793734606172620e+03 1.032886191267664566e+00
6.575827932144978149e+03 1.029611766355297942e+00
6.575862129861629001e+03 1.029076024188255500e+00
6.575896327756125174e+03 1.023482748747708282e+00
6.575930525828468490e+03 1.019066003341551063e+00
6.575964724078658946e+03 1.026964247457515356e+00
6.575998922506699273e+03 1.029064791823006919e+00
6.576033121112588560e+03 1.027880838614190884e+00
6.576067319896327717e+03 1.030836302400679250e+00
6.576101518857918563e+03 1.023933003845014955e+00
6.576135717997362008e+03 1.024380548574582050e+00
6.576169917314658960e+03 1.020146532104521553e+00
6.576204116809810330e+03 1.032367068825036371e+00
6.576238316482816117e+03 1.034368157956568002e+00
6.576272516333678141e+03 1.029288290814572404e+00
6.576306716362397310e+03 1.027362286031986205e+00
6.576340916568973626e+03 1.025563916310311408e+00
6.576375116953409815e+03 1.025743749797686899e+00
6.576409317515704970e+03 1.027489299342212226e+00
6.576443518255860909e+03 1.031703228494024849e+00
6.576477719173878540e+03 1.034857572178291774e+00
6.576511920269758775e+03 1.035175935125998148e+00
6.576546121543502522e+03 1.028752240366761939e+00
6.576580322995110691e+03 1.028737593267337047e+00
6.576614524624584192e+03 1.034835158257492838e+00
6.576648726431923933e+03 1.027897771632720225e+00
6.576682928417130825e+03 1.028873637449435385e+00
6.576717130580204866e+03 1.023656874944254724e+00
6.576751332921148787e+03 1.029895849894540749e+00
6.576785535439962587e+03 1.027771921390249199e+00
6.576819738136647175e+03 1.028666993249147676e+00
6.576853941011203460e+03 1.023388596020526897e+00
6.576888144063632353e+03 1.026844728526720374e+00
6.576922347293934763e+03 1.017060529339802288e+00
6.576956550702112509e+03 1.020938234193508931e+00
6.576990754288164680e+03 1.026585550043506379e+00
6.577024958052094007e+03 1.022023335284871326e+00
6.577059161993899579e+03 1.023562912345315157e+00
6.577093366113584125e+03 1.022197828777960726e+00
6.577127570411148554e+03 1.023918165466394914e+00
6.577161774886591957e+03 1.030248833535575503e+00
6.577195979539917062e+03 1.030089917302093427e+00
6.577230184371123869e+03 1.031793332296559118e+00
6.577264389380213288e+03 1.029262156759510383e+00
6.577298594567186228e+03 1.019540852146749943e+00
6.577332799932044509e+03 1.026224042259919145e+00
6.577367005474788130e+03 1.034011553966181385e+00
6.577401211195418909e+03 1.025934736564187544e+00
6.577435417093936849e+03 1.028908958841173726e+00
6.577469623170342857e+03 1.027473819052884707e+00
6.577503829424638752e+03 1.027251842205748167e+00
6.577538035856824536e+03 1.027037952939774623e+00
6.577572242466901116e+03 1.026840195648248466e+00
6.577606449254870313e+03 1.027236134832854697e+00
6.577640656220733035e+03 1.026039502840799589e+00
6.577674863364489283e+03 1.025285128517207101e+00
6.577709070686139967e+03 1.023569201298288878e+00
6.577743278185686904e+03 1.022433764957199509e+00
6.577777485863131005e+03 1.027728471616757178e+00
6.577811693718472270e+03 1.026745193573617154e+00
6.577845901751711608e+03 1.021158997690798875e+00
6.577880109962851748e+03 1.021723937601735743e+00
6.577914318351890870e+03 1.020369077796262403e+00
6.577948526918832613e+03 1.019462076039739040e+00
6.577982735663676067e+03 1.014860396984800017e+00
6.578016944586423051e+03 1.018852156371122142e+00
6.578051153687073565e+03 1.021968201367227991e+00
6.578085362965629429e+03 1.016380563193941544e+00
6.578119572422091551e+03 1.018945028894604476e+00
6.578153782056460841e+03 1.020959204953514110e+00
6.578187991868737299e+03 1.018584391479258722e+00
6.578222201858922745e+03 1.019228043457331090e+00
6.578256412027018087e+03 1.011870133149142426e+00
6.578290622373023325e+03 1.019378571106367648e+00
6.578324832896941189e+03 1.021637529093871510e+00
6.578359043598770768e+03 1.024809688715116129e+00
6.578393254478513882e+03 1.015481215353240874e+00
6.578427465536171439e+03 1.009839320686815478e+00
6.578461676771744351e+03 1.015652893893726372e+00
6.578495888185233525e+03 1.016362008577935905e+00
6.578530099776639872e+03 1.017871688340269865e+00
6.578564311545963392e+03 1.017785147912573018e+00
6.578598523493206812e+03 1.011838971775406826e+00
6.578632735618370134e+03 1.011030498917429243e+00
6.578666947921453357e+03 1.016888174357372776e+00
6.578701160402459209e+03 1.022713376416017894e+00
6.578735373061386781e+03 1.009148779322989409e+00
6.578769585898238802e+03 1.011660333176208626e+00
6.578803798913015271e+03 1.008699366988965451e+00
6.578838012105716189e+03 1.013804159247007064e+00
6.578872225476344283e+03 1.007833267613455375e+00
6.578906439024899555e+03 1.004606187331916756e+00
6.578940652751382913e+03 1.013113944817892964e+00
6.578974866655795267e+03 1.009528119579912619e+00
6.579009080738138437e+03 1.015443581260875971e+00
6.579043294998411511e+03 1.020564452807355416e+00
6.579077509436617220e+03 1.014350654973123600e+00
6.579111724052755562e+03 1.012901539905237014e+00
6.579145938846827448e+03 1.013692719575971068e+00
6.579180153818834697e+03 1.008370800852832927e+00
6.579214368968776398e+03 1.006922467980987612e+00
6.579248584296655281e+03 1.014057579322164893e+00
6.579282799802472255e+03 1.017135483442127120e+00
6.579317015486226410e+03 1.008866549087112041e+00
6.579351231347920475e+03 1.005335690332504806e+00
6.579385447387555359e+03 1.008497570754277373e+00
6.579419663605130154e+03 1.010014792548074025e+00
6.579453880000647587e+03 1.007042792761051686e+00
6.579488096574108567e+03 1.013431521741665176e+00
6.579522313325513096e+03 1.006203960129559372e+00
6.579556530254862082e+03 1.006483192506160362e+00
6.579590747362157344e+03 1.004287742710257225e+00
6.579624964647398883e+03 1.001950708371587284e+00
6.579659182110588517e+03 9.935426458933178662e-01
6.579693399751726247e+03 9.931629738195750789e-01
6.579727617570813891e+03 1.003663910656578562e+00
6.579761835567851449e+03 1.005525373652820464e+00
6.579796053742840741e+03 1.008125768518391974e+00
6.579830272095782675e+03 1.007885704922189651e+00
6.579864490626677252e+03 1.012744835374139507e+00
6.579898709335526291e+03 1.018030800248381995e+00
6.579932928222329792e+03 1.016250648393676848e+00
6.579967147287089574e+03 1.023145242364424723e+00
6.580001366529806546e+03 1.019022796069830594e+00
6.580035585950480709e+03 1.018120942197075829e+00
6.580069805549113880e+03 1.011728876820970902e+00
6.580104025325706971e+03 1.013664907836739237e+00
6.580138245280259980e+03 1.013180004931942157e+00
6.580172465412775637e+03 1.013028124379737660e+00
6.580206685723253031e+03 1.015845868317323486e+00
6.580240906211693982e+03 1.012938678088566302e+00
6.580275126878098490e+03 1.018866164629744775e+00
6.580309347722469283e+03 1.016337060637918288e+00
6.580343568744805452e+03 1.017514522863375515e+00
6.580377789945108816e+03 1.010928846086838417e+00
6.580412011323380284e+03 1.016332131431789243e+00
6.580446232879620766e+03 1.015489064887003634e+00
6.580480454613831171e+03 1.011240484966293929e+00
6.580514676526012408e+03 1.019949662683027114e+00
6.580548898616165388e+03 1.020828662340153681e+00
6.580583120884290111e+03 1.016591234675749744e+00
6.580617343330389303e+03 1.019664090557677261e+00
6.580651565954462967e+03 1.019363818342172490e+00
6.580685788756511101e+03 1.018432016540270046e+00
6.580720011736536435e+03 1.016429610875078993e+00
6.580754234894538968e+03 1.010631737159593868e+00
6.580788458230519609e+03 1.009437476819833091e+00
6.580822681744479269e+03 1.015538006070279220e+00
6.580856905436418856e+03 1.018666444187086073e+00
6.580891129306339280e+03 1.019854702540840874e+00
6.580925353354242361e+03 1.009442793928925663e+00
6.580959577580127188e+03 1.017633878462409713e+00
6.580993801983996491e+03 1.012632982162622097e+00
6.581028026565850269e+03 1.015911036299884440e+00
6.581062251325689431e+03 1.019049626347396709e+00
6.581096476263514887e+03 1.013888563364687467e+00
6.581130701379328457e+03 1.011443908145223780e+00
6.581164926673130140e+03 1.016869405334257737e+00
6.581199152144920845e+03 1.007732314572893806e+00
6.581233377794701482e+03 9.999556772012139216e-01
6.581267603622473871e+03 9.792134302195569795e-01
6.581301829628238011e+03 9.536592528565779325e-01
6.581336055811995720e+03 9.596252740139600279e-01
6.581370282173747000e+03 9.880128710942172043e-01
6.581404508713492760e+03 1.008598924715646383e+00
6.581438735431234818e+03 1.009494507711305333e+00
6.581472962326973175e+03 1.003969260592466384e+00
6.581507189400708739e+03 1.003255732873916006e+00
6.581541416652443331e+03 1.006362002846747039e+00
6.581575644082177860e+03 1.013743801901036967e+00
6.581609871689912325e+03 1.015695950595068009e+00
6.581644099475647636e+03 1.022559918904997645e+00
6.581678327439385612e+03 1.018016326783336867e+00
6.581712555581127162e+03 1.021656301066597772e+00
6.581746783900872288e+03 1.020150058984954144e+00
6.581781012398622806e+03 1.014728563959692798e+00
6.581815241074378719e+03 1.014456221325723106e+00
6.581849469928141843e+03 1.015777404333869649e+00
6.581883698959913090e+03 1.017727567629201024e+00
6.581917928169692459e+03 1.014158740126288372e+00
6.581952157557481769e+03 1.018298085086363436e+00
6.581986387123281929e+03 1.019358545940989069e+00
6.582020616867092940e+03 1.020000182660909305e+00
6.582054846788916620e+03 1.022818408226974229e+00
6.582089076888753880e+03 1.026150543497526657e+00
6.582123307166605628e+03 1.022374159774485314e+00
6.582157537622471864e+03 1.014006939137152674e+00
6.582191768256354408e+03 1.012554076880259446e+00
6.582225999068254168e+03 1.014679309652984251e+00
6.582260230058172056e+03 1.019716038158411608e+00
6.582294461226108979e+03 1.017376356000952997e+00
6.582328692572065847e+03 1.010958114933011798e+00
6.582362924096042661e+03 1.007611735564045929e+00
6.582397155798042149e+03 1.013097928787958235e+00
6.582431387678063402e+03 1.011558927988202017e+00
6.582465619736108238e+03 1.011605177618684737e+00
6.582499851972177566e+03 1.007047789869966570e+00
6.582534084386273207e+03 1.011951166196334517e+00
6.582568316978394250e+03 1.016524597173944278e+00
6.582602549748542515e+03 1.014222367549413528e+00
6.582636782696718910e+03 1.013038965687003357e+00
6.582671015822925256e+03 1.010511030504016583e+00
6.582705249127160641e+03 1.006642337765016215e+00
6.582739482609427796e+03 1.004467083566089602e+00
6.582773716269725810e+03 1.011178546235910414e+00
6.582807950108057412e+03 1.010037744863710563e+00
6.582842184124422602e+03 1.006659198066929495e+00
6.582876418318822289e+03 1.000026652689904205e+00
6.582910652691257383e+03 9.949065932128843270e-01
6.582944887241729703e+03 1.004358563315759012e+00
6.582979121970238339e+03 1.009118965966232961e+00
6.583013356876786020e+03 1.004092921311283249e+00
6.583047591961372746e+03 1.006281744987916005e+00
6.583081827224000335e+03 1.008845921963863468e+00
6.583116062664667879e+03 1.008245244667729912e+00
6.583150298283378106e+03 1.011520353551018214e+00
6.583184534080131925e+03 1.009045119649475852e+00
6.583218770054928427e+03 1.003746468409605574e+00
6.583253006207770341e+03 1.003472321802024503e+00
6.583287242538658575e+03 1.008305922845008640e+00
6.583321479047593130e+03 1.000585381425173059e+00
6.583355715734574915e+03 1.005778365811443642e+00
6.583389952599605749e+03 1.000475770476625392e+00
6.583424189642685633e+03 1.007403539969818018e+00
6.583458426863815475e+03 1.001420631233421288e+00
6.583492664262997096e+03 1.005652617288398609e+00
6.583526901840231403e+03 1.009138087656674010e+00
6.583561139595518398e+03 1.000184473312078159e+00
6.583595377528859899e+03 1.001541790657092701e+00
6.583629615640255906e+03 9.995331863756987678e-01
6.583663853929707329e+03 9.978715948034283523e-01
6.583698092397216897e+03 1.001448024340008125e+00
6.583732331042783699e+03 1.002932449259530401e+00
6.583766569866408645e+03 9.946202398239599729e-01
6.583800808868094464e+03 9.788065167308970249e-01
6.583835048047840246e+03 9.792687215263372602e-01
6.583869287405646901e+03 9.914457563755928460e-01
6.583903526941517157e+03 9.918352796805264271e-01
6.583937766655450105e+03 9.920914060428354109e-01
6.583972006547446654e+03 9.914259581028199708e-01
6.584006246617509532e+03 9.791952867796747118e-01
6.584040486865637831e+03 9.721366163371573110e-01
6.584074727291833369e+03 9.773416951696902721e-01
6.584108967896097056e+03 9.865812995512340811e-01
6.584143208678429801e+03 1.002503453791441235e+00
6.584177449638832513e+03 9.998611688290912625e-01
6.584211690777305193e+03 9.988129869466561006e-01
6.584245932093849660e+03 1.005977628092764586e+00
6.584280173588467733e+03 1.004718737837723364e+00
6.584314415261158501e+03 1.013221140821867872e+00
6.584348657111923785e+03 1.014930721685387560e+00
6.584382899140764493e+03 1.011993723865224126e+00
6.584417141347681536e+03 1.002974784824249177e+00
6.584451383732675822e+03 1.008441895579339498e+00
6.584485626295748261e+03 1.010152706024463054e+00
6.584519869036899763e+03 1.004933422880148974e+00
6.584554111956132147e+03 1.010895867057679753e+00
6.584588355053444502e+03 1.009094534468501836e+00
6.584622598328838649e+03 9.995491469061233980e-01
6.584656841782316405e+03 1.006198190054032882e+00
6.584691085413876863e+03 1.013052033253418083e+00
6.584725329223522749e+03 1.009966676084866233e+00
6.584759573211254065e+03 1.004258057440970298e+00
6.584793817377071719e+03 9.984205089006854550e-01
6.584828061720976621e+03 1.004821442146172306e+00
6.584862306242969680e+03 1.002820991722689348e+00
6.584896550943052716e+03 1.002553415553702143e+00
6.584930795821225729e+03 1.008002416959782765e+00
6.584965040877489628e+03 1.004843172890768077e+00
6.584999286111846232e+03 1.000520194745323499e+00
6.585033531524295540e+03 1.000806824922869653e+00
6.585067777114838464e+03 1.005637426585273886e+00
6.585102022883475911e+03 1.007603365446885668e+00
6.585136268830209701e+03 1.006533405984764595e+00
6.585170514955039835e+03 1.001734858139068818e+00
6.585204761257968130e+03 1.002860258243259972e+00
6.585239007738994587e+03 1.009359366604666075e+00
6.585273254398120116e+03 1.002594285648564787e+00
6.585307501235346535e+03 1.007107290339493311e+00
6.585341748250674755e+03 1.013567950401983664e+00
6.585375995444103864e+03 1.009145886155533356e+00
6.585410242815637503e+03 1.005628199675842049e+00
6.585444490365274760e+03 1.004250527712791996e+00
6.585478738093016545e+03 1.007112737104581601e+00
6.585512985998864679e+03 1.007565944077496445e+00
6.585547234082820069e+03 1.001507351144137470e+00
6.585581482344882716e+03 1.003381655099843339e+00
6.585615730785054438e+03 1.007851238700829155e+00
6.585649979403335237e+03 1.005296354929460900e+00
6.585684228199727841e+03 1.001815240698510356e+00
6.585718477174230429e+03 9.963834648481637579e-01
6.585752726326846641e+03 9.940934256443216821e-01
6.585786975657575567e+03 9.971609725293785198e-01
6.585821225166419026e+03 1.001098225277185172e+00
6.585855474853377928e+03 1.000645223890331392e+00
6.585889724718452271e+03 1.002966836603811807e+00
6.585923974761643876e+03 1.006560909262101067e+00
6.585958224982953652e+03 1.003587673887393006e+00
6.585992475382382509e+03 1.007378932648257841e+00
6.586026725959931355e+03 9.979053546591245549e-01
6.586060976715601100e+03 1.010855473646616653e+00
6.586095227649391745e+03 1.002729099919513089e+00
6.586129478761305108e+03 9.976533123682821413e-01
6.586163730051343009e+03 9.977544782749960817e-01
6.586197981519504538e+03 9.925429303214520216e-01
6.586232233165791513e+03 9.966278534497111652e-01
6.586266484990204845e+03 9.874734912057694380e-01
6.586300736992745442e+03 9.859773586436311188e-01
6.586334989173414215e+03 9.884459361542776712e-01
6.586369241532212072e+03 9.993904620613767165e-01
6.586403494069140834e+03 1.007547856287995813e+00
6.586437746784199589e+03 1.007352576924267495e+00
6.586471999677390158e+03 1.003427460521040038e+00
6.586506252748714360e+03 1.003604630005019205e+00
6.586540505998171284e+03 1.008115146374068738e+00
6.586574759425763659e+03 1.003101844982708934e+00
6.586609013031491486e+03 1.001325144297336545e+00
6.586643266815355673e+03 1.007186891377990445e+00
6.586677520777357131e+03 1.000913075318493384e+00
6.586711774917496768e+03 9.975151680045469815e-01
6.586746029235776405e+03 1.002033019466881392e+00
6.586780283732196040e+03 1.002380352780948947e+00
6.586814538406756583e+03 1.004204947063314979e+00
6.586848793259458944e+03 1.004169173502237111e+00
6.586883048290304941e+03 1.002518237082395514e+00
6.586917303499294576e+03 9.987279797463353148e-01
6.586951558886429666e+03 9.912070645987762774e-01
6.586985814451709302e+03 9.683903282709029892e-01
6.587020070195137123e+03 9.369332462843873444e-01
6.587054326116711309e+03 9.263961651965878508e-01
6.587088582216434588e+03 9.538530719051803164e-01
6.587122838494307871e+03 9.730724507847481330e-01
6.587157094950330247e+03 9.806050537926307431e-01
6.587191351584505355e+03 9.711799453699911933e-01
6.587225608396832286e+03 9.691779380902799668e-01
6.587259865387311947e+03 9.790771039869008430e-01
6.587294122555946160e+03 1.002071284737442669e+00
6.587328379902734923e+03 9.998233770346434124e-01
6.587362637427680056e+03 9.959273696310368962e-01
6.587396895130782468e+03 9.963863671450723380e-01
6.587431153012042159e+03 9.996362202856429180e-01
6.587465411071460949e+03 1.004608922572424401e+00
6.587499669309038836e+03 1.003499354595876580e+00
6.587533927724777641e+03 9.990545462717630443e-01
6.587568186318678272e+03 1.002297996637619315e+00
6.587602445090741639e+03 9.994267381702054420e-01
6.587636704040967743e+03 9.980847734753384159e-01
6.587670963169358402e+03 1.002336430798639544e+00
6.587705222475913615e+03 1.001376335528004979e+00
6.587739481960636112e+03 1.003428745529825639e+00
6.587773741623524984e+03 1.000982479075157583e+00
6.587808001464582048e+03 1.002068448963439273e+00
6.587842261483808215e+03 1.005308819389560959e+00
6.587876521681204395e+03 1.003035758424047907e+00
6.587910782056770586e+03 1.001887879774504997e+00
6.587945042610509518e+03 1.002040960781220180e+00
6.587979303342420280e+03 1.005475087414243518e+00
6.588013564252505603e+03 1.004179939862070547e+00
6.588047825340764575e+03 1.001508962393113267e+00
6.588082086607199017e+03 1.006096088548021683e+00
6.588116348051809837e+03 9.993399605640338468e-01
6.588150609674598854e+03 1.008132172171247731e+00
6.588184871475565160e+03 1.003318391660547704e+00
6.588219133454710573e+03 1.002867215171480364e+00
6.588253395612036002e+03 1.006933845200276512e+00
6.588287657947543266e+03 1.006019072160858840e+00
6.588321920461231457e+03 9.986246826980544888e-01
6.588356183153103302e+03 1.004408997043029883e+00
6.588390446023157892e+03 1.000970660644661558e+00
6.588424709071397956e+03 1.001893133133392899e+00
6.588458972297823493e+03 9.970890698041005029e-01
6.588493235702435413e+03 9.973026897345120823e-01
6.588527499285235535e+03 9.936805217433858362e-01
6.588561763046222950e+03 1.002396509776466660e+00
6.588596026985400385e+03 1.004689880265308588e+00
6.588630291102768751e+03 1.002767344082853507e+00
6.588664555398327138e+03 1.003885350950375566e+00
6.588698819872078275e+03 1.005582080067828787e+00
6.588733084524022161e+03 1.004877968688641543e+00
6.588767349354159705e+03 9.991772616748495484e-01
6.588801614362492728e+03 9.961514533985239561e-01
6.588835879549021229e+03 1.003038809384467545e+00
6.588870144913746117e+03 1.005742814377047267e+00
6.588904410456669211e+03 1.000969285262088837e+00
6.588938676177791422e+03 1.005759092378235575e+00
6.588972942077111838e+03 1.003793567307311063e+00
6.589007208154634100e+03 9.988136665896583111e-01
6.589041474410356386e+03 9.929997797898242329e-01
6.589075740844282336e+03 9.817562744470377245e-01
6.589110007456411040e+03 9.889678012499170112e-01
6.589144274246743407e+03 9.954738066658505025e-01
6.589178541215281257e+03 9.956676456194538671e-01
6.589212808362024589e+03 1.003375129327942039e+00
6.589247075686975222e+03 9.980181745091734058e-01
6.589281343190134066e+03 1.000175744311213810e+00
6.589315610871501121e+03 9.999588020797358645e-01
6.589349878731078206e+03 9.944062463015878039e-01
6.589384146768866231e+03 9.972886994171049624e-01
6.589418414984866104e+03 1.004985373535505877e+00
6.589452683379077826e+03 9.963636391546738524e-01
6.589486951951502306e+03 1.001313170844571054e+00
6.589521220702142273e+03 1.004575002794245275e+00
6.589555489630996817e+03 1.003461978353492601e+00
6.589589758738068667e+03 1.005220877504309884e+00
6.589624028023356914e+03 1.000503108753602266e+00
6.589658297486862466e+03 1.002653924067015145e+00
6.589692567128588053e+03 1.003722602846024881e+00
6.589726836948533673e+03 9.963439476476808609e-01
6.589761106946699329e+03 1.000524383344354229e+00
6.589795377123086837e+03 9.980023674589310057e-01
6.589829647477698018e+03 9.937682296617772471e-01
6.589863918010531961e+03 9.988349581400054467e-01
6.589898188721590486e+03 9.994669588898196233e-01
6.589932459610874503e+03 1.002588252245342648e+00
6.589966730678384920e+03 1.006927106927246740e+00
6.590001001924122647e+03 1.002586125274266493e+00
6.590035273348089504e+03 1.000144970754862195e+00
6.590069544950284580e+03 1.000012406841204182e+00
6.590103816730709696e+03 1.000457644068035279e+00
6.590138088689366668e+03 1.002289031777461759e+00
6.590172360826254589e+03 1.003685361220794547e+00
6.590206633141376187e+03 1.003814094173586913e+00
6.590240905634731462e+03 1.000745910451169118e+00
6.590275178306321322e+03 1.005449801035215529e+00
6.590309451156146679e+03 1.003983856749632197e+00
6.590343724184208440e+03 1.006290157605811642e+00
6.590377997390508426e+03 1.003432669900132135e+00
6.590412270775046636e+03 9.994746780904141259e-01
6.590446544337823980e+03 1.004562719694984674e+00
6.590480818078842276e+03 1.002733454027068261e+00
6.590515091998101525e+03 9.987767883404022884e-01
6.590549366095602636e+03 9.967210710749848657e-01
6.590583640371346519e+03 1.005239707480346301e+00
6.590617914825334992e+03 1.000358831725007391e+00
6.590652189457568056e+03 1.000186562203045249e+00
6.590686464268047530e+03 9.999698967098490376e-01
6.590720739256773413e+03 1.006230686358062343e+00
6.590755014423746616e+03 1.006094587723801004e+00
6.590789289768968956e+03 9.989932724563054256e-01
6.590823565292441344e+03 9.990152152888090997e-01
6.590857840994163780e+03 1.005525151195856504e+00
6.590892116874137173e+03 9.999762530007285655e-01
6.590926392932363342e+03 1.006608786685881274e+00
6.590960669168843197e+03 1.004497992420637420e+00
6.590994945583576737e+03 1.004357022989462944e+00
6.591029222176565781e+03 1.008377359107933913e+00
6.591063498947810331e+03 1.001373461178770130e+00
6.591097775897312204e+03 9.992566922300277765e-01
6.591132053025072310e+03 1.000721013081453448e+00
6.591166330331090649e+03 9.973808433071685853e-01
6.591200607815369040e+03 1.003671398480638466e+00
6.591234885477908392e+03 1.001283242525357720e+00
6.591269163318708706e+03 9.966260157585439261e-01
6.591303441337771801e+03 9.980145316770413499e-01
6.591337719535098586e+03 9.995438693853344603e-01
6.591371997910689970e+03 1.003657878995724895e+00
6.591406276464546863e+03 1.001099832127348987e+00
6.591440555196669266e+03 9.986336652499054889e-01
6.591474834107058996e+03 9.972803391458145983e-01
6.591509113195716964e+03 9.932747884966607321e-01
6.591543392462644078e+03 9.924742545060284415e-01
6.591577671907841250e+03 9.947121654551576153e-01
6.591611951531309387e+03 1.000390561781332233e+00
6.591646231333049400e+03 9.952812027692859997e-01
6.591680511313062198e+03 9.932410778469926704e-01
6.591714791471347780e+03 1.000140368422642423e+00
6.591749071807908877e+03 9.995453685764956742e-01
6.591783352322745486e+03 9.988974653498472467e-01
6.591817633015858519e+03 1.001686707420009537e+00
6.591851913887248884e+03 9.948363057820205357e-01
6.591886194936917491e+03 9.946403359376760900e-01
6.591920476164865249e+03 1.002670447445367152e+00
6.591954757571093069e+03 1.003794758493207873e+00
6.591989039155601859e+03 1.000535319785684329e+00
6.592023320918393438e+03 1.004773499784401114e+00
6.592057602859466897e+03 1.003836443006955292e+00
6.592091884978824964e+03 1.000290770684514330e+00
6.592126167276467640e+03 1.000241260743161442e+00
6.592160449752395834e+03 9.977446986882458901e-01
6.592194732406611365e+03 9.927216451555616050e-01
6.592229015239114233e+03 1.002926689962616580e+00
6.592263298249905347e+03 9.983781919516327985e-01
6.592297581438985617e+03 1.000520689463989310e+00
6.592331864806356862e+03 1.000622331400180309e+00
6.592366148352019081e+03 1.000141527456688495e+00
6.592400432075974095e+03 9.986616450497589614e-01
6.592434715978221902e+03 1.001574444958157395e+00
6.592469000058763413e+03 1.000453480158836506e+00
6.592503284317600446e+03 9.986495832769428649e-01
6.592537568754733002e+03 1.005046190096380743e+00
6.592571853370161989e+03 1.000780841484270267e+00
6.592606138163890137e+03 9.974425896041175799e-01
6.592640423135915626e+03 1.004810006885772378e+00
6.592674708286241184e+03 9.999643453133267856e-01
6.592708993614867722e+03 1.000351305094233201e+00
6.592743279121795240e+03 1.002006405228522468e+00
6.592777564807025556e+03 9.934052484766094926e-01
6.592811850670559579e+03 9.952909434162287017e-01
6.592846136712397310e+03 1.003915174126859711e+00
6.592880422932540569e+03 9.998947143445082730e-01
6.592914709330989353e+03 9.999823031823243946e-01
6.592948995907745484e+03 1.003235689364439409e+00
6.592983282662809870e+03 1.002333945795546466e+00
6.593017569596182511e+03 1.000243083312196246e+00
6.593051856707866136e+03 9.978228563554377706e-01
6.593086143997859836e+03 9.990317001352204684e-01
6.593120431466165428e+03 1.001808069639434029e+00
6.593154719112782914e+03 9.979173995615642223e-01
6.593189006937715021e+03 9.946719734865688833e-01
6.593223294940960841e+03 9.955546699339460348e-01
6.593257583122522192e+03 9.992272767751109175e-01
6.593291871482399984e+03 1.005194805585280404e+00
6.593326160020595125e+03 1.000010318594422909e+00
6.593360448737108527e+03 9.988739381307086829e-01
6.593394737631941098e+03 1.001053584426946808e+00
6.593429026705092838e+03 1.001317101313284885e+00
6.593463315956566476e+03 9.938695980848837319e-01
6.593497605386362011e+03 9.833555672246513391e-01
6.593531894994480353e+03 9.818769346403224407e-01
6.593566184780921503e+03 9.883778812622729948e-01
6.593600474745688189e+03 9.981859934508034993e-01
6.593634764888780410e+03 9.984944327591573909e-01
6.593669055210199076e+03 9.924728240371912813e-01
6.593703345709945097e+03 1.002183377164989730e+00
6.593737636388020292e+03 1.001178026514373931e+00
6.593771927244423750e+03 9.972553963016439482e-01
6.593806218279158202e+03 9.980582781928551972e-01
6.593840509492222736e+03 1.000639750831688213e+00
6.593874800883620082e+03 1.001727269572235679e+00
6.593909092453351150e+03 9.994495733926597181e-01
6.593943384201415029e+03 9.914402544222546965e-01
6.593977676127814448e+03 9.940553127020632651e-01
