# star name zetOri, line HALPHA
# instrument: HERMES spectrograph @Mercator
# date of observation (midpoint)2018-10-11T04:25:49.979847
# BJD of observation (midpoint)2458402.6866706
# name of fits file: 00897637_HRF_OBJ_ext_CosmicsRemoved_log_merged_c.fits
# 
# wavelength(Angstrom,air) normalised_flux
6.538011917108175112e+03 1.002106989641989410e+00
6.538045918161929876e+03 9.996479153549592267e-01
6.538079919392506781e+03 9.988202586289050000e-01
6.538113920799908556e+03 9.980306100699840588e-01
6.538147922384134290e+03 9.987866826539777421e-01
6.538181924145186713e+03 9.976950049442985247e-01
6.538215926083065824e+03 9.996603328660955690e-01
6.538249928197772533e+03 1.001082344110970634e+00
6.538283930489307750e+03 1.002259381945767469e+00
6.538317932957672383e+03 1.004522265154560667e+00
6.538351935602868252e+03 1.006108563604474204e+00
6.538385938424895357e+03 1.003722457493320341e+00
6.538419941423754608e+03 9.989127580438992293e-01
6.538453944599446913e+03 9.968871241514516424e-01
6.538487947951973183e+03 9.979009178075290976e-01
6.538521951481334327e+03 9.935884708396101050e-01
6.538555955187532163e+03 9.954814205395803306e-01
6.538589959070566692e+03 9.952917140956492048e-01
6.538623963130438824e+03 9.947562467466329883e-01
6.538657967367150377e+03 9.979997463884656694e-01
6.538691971780700442e+03 1.005472360185330150e+00
6.538725976371091747e+03 1.003330081318775546e+00
6.538759981138325202e+03 9.980293212019951676e-01
6.538793986082399897e+03 1.000931621647033420e+00
6.538827991203318561e+03 9.972434907763925160e-01
6.538861996501082103e+03 1.000436972063393881e+00
6.538896001975689614e+03 1.001933435420854002e+00
6.538930007627143823e+03 9.957964790682278799e-01
6.538964013455444729e+03 9.945516595754242406e-01
6.538998019460594151e+03 1.000384665279051344e+00
6.539032025642592089e+03 1.002862789565317270e+00
6.539066032001440362e+03 1.003936643897368253e+00
6.539100038537138971e+03 9.993388657637769512e-01
6.539134045249688825e+03 1.002895432789866925e+00
6.539168052139091742e+03 1.000435047176063463e+00
6.539202059205347723e+03 9.993560040654896337e-01
6.539236066448458587e+03 1.000843398160403908e+00
6.539270073868424333e+03 1.000324802311419514e+00
6.539304081465245872e+03 1.002312436332871259e+00
6.539338089238925932e+03 1.001619031890669920e+00
6.539372097189462693e+03 9.978447429823485981e-01
6.539406105316858884e+03 1.000604720041198048e+00
6.539440113621115415e+03 1.000141139260813938e+00
6.539474122102232286e+03 1.007562403404993479e+00
6.539508130760211316e+03 1.008622601612300107e+00
6.539542139595052504e+03 1.002826379379647914e+00
6.539576148606757670e+03 1.000548300234030741e+00
6.539610157795326813e+03 1.000448664659242759e+00
6.539644167160761754e+03 1.001902965750296470e+00
6.539678176703063400e+03 1.003321515219532500e+00
6.539712186422231753e+03 1.002135103099601077e+00
6.539746196318268630e+03 1.001027737368552106e+00
6.539780206391174033e+03 1.000673193923382165e+00
6.539814216640950690e+03 1.000269396345080608e+00
6.539848227067596781e+03 1.000846739346859415e+00
6.539882237671115945e+03 1.005241503540311054e+00
6.539916248451507272e+03 1.004101939788542230e+00
6.539950259408772581e+03 1.002673623081990373e+00
6.539984270542911872e+03 1.000777961123029414e+00
6.540018281853926965e+03 9.952523167415991967e-01
6.540052293341818768e+03 9.927883777238956098e-01
6.540086305006588191e+03 9.954408621198727047e-01
6.540120316848236143e+03 9.964707514049615522e-01
6.540154328866762626e+03 9.961698330178114791e-01
6.540188341062169457e+03 1.005175151133089750e+00
6.540222353434457546e+03 1.000250160999849092e+00
6.540256365983626893e+03 1.000299753057751984e+00
6.540290378709679317e+03 9.968927712836411770e-01
6.540324391612616637e+03 9.942612266647034014e-01
6.540358404692437944e+03 9.960905883156671026e-01
6.540392417949145056e+03 1.000057123290015726e+00
6.540426431382737974e+03 9.984242309531838888e-01
6.540460444993219426e+03 9.955462333158723309e-01
6.540494458780588502e+03 1.004166440581566899e+00
6.540528472744847932e+03 1.000374971327180784e+00
6.540562486885996805e+03 1.000850017658297286e+00
6.540596501204036940e+03 9.980465405023322134e-01
6.540630515698969248e+03 1.000894459436211248e+00
6.540664530370794637e+03 1.001068465178793998e+00
6.540698545219514017e+03 9.984451181737087344e-01
6.540732560245128298e+03 1.004451370626431306e+00
6.540766575447638388e+03 1.003235316850882297e+00
6.540800590827044289e+03 1.002986618688870735e+00
6.540834606383348728e+03 1.000517839808373832e+00
6.540868622116551705e+03 1.000505727223111485e+00
6.540902638026654131e+03 1.001712264412460307e+00
6.540936654113656914e+03 1.001046718468489916e+00
6.540970670377560964e+03 9.970711800908295119e-01
6.541004686818367190e+03 9.943892716171812696e-01
6.541038703436076503e+03 1.000381713483052160e+00
6.541072720230689811e+03 9.995921898768437286e-01
6.541106737202208024e+03 9.975603635526020252e-01
6.541140754350632051e+03 1.000159293707822972e+00
6.541174771675962802e+03 1.002525131922864077e+00
6.541208789178202096e+03 1.004076401246134287e+00
6.541242806857349933e+03 1.003805424430472604e+00
6.541276824713406313e+03 9.978196687444266244e-01
6.541310842746373964e+03 9.915557524712427240e-01
6.541344860956252887e+03 9.959975270787884138e-01
6.541378879343043991e+03 9.914454834975829911e-01
6.541412897906749095e+03 9.930390410210765406e-01
6.541446916647367289e+03 1.001339965358775785e+00
6.541480935564901301e+03 1.003490535583735133e+00
6.541514954659351133e+03 1.000151980715650923e+00
6.541548973930718603e+03 9.965927158665874863e-01
6.541582993379002801e+03 9.973585068255615971e-01
6.541617013004206456e+03 1.002807693569569780e+00
6.541651032806329567e+03 1.000726827889422133e+00
6.541685052785373045e+03 1.002169545917289684e+00
6.541719072941338709e+03 1.000699553717291357e+00
6.541753093274226558e+03 1.001629217681233364e+00
6.541787113784037501e+03 1.000694105592125904e+00
6.541821134470772449e+03 9.968493315589821435e-01
6.541855155334433221e+03 9.983331553661356494e-01
6.541889176375020725e+03 1.004278285888165367e+00
6.541923197592534052e+03 1.001192970289063400e+00
6.541957218986975931e+03 9.972475007562567884e-01
6.541991240558346362e+03 9.996120100359721095e-01
6.542025262306647164e+03 1.004913763190177667e+00
6.542059284231878337e+03 1.006271396685925357e+00
6.542093306334041699e+03 1.001967813139786001e+00
6.542127328613137252e+03 1.000353997609211287e+00
6.542161351069165903e+03 1.006896404701691283e+00
6.542195373702129473e+03 1.011969969314120865e+00
6.542229396512028870e+03 1.005216265702496781e+00
6.542263419498863186e+03 1.008295061609010501e+00
6.542297442662636058e+03 1.005011069337343521e+00
6.542331466003346577e+03 1.002016649228048450e+00
6.542365489520995652e+03 1.003083135032004414e+00
6.542399513215585102e+03 1.001429119843203264e+00
6.542433537087114928e+03 9.986745457919419255e-01
6.542467561135586948e+03 1.000613374553544155e+00
6.542501585361002071e+03 1.001058688286710519e+00
6.542535609763360299e+03 9.963222232377946241e-01
6.542569634342662539e+03 1.002763838049972600e+00
6.542603659098911521e+03 1.001848898054410908e+00
6.542637684032105426e+03 9.995444323683747578e-01
6.542671709142247892e+03 9.966609365844165680e-01
6.542705734429338008e+03 9.993537222244145424e-01
6.542739759893377595e+03 1.000399960285512035e+00
6.542773785534366652e+03 9.893168494870107077e-01
6.542807811352306999e+03 9.775496828666483395e-01
6.542841837347199544e+03 9.659555679942741779e-01
6.542875863519044287e+03 9.656424861346900590e-01
6.542909889867843958e+03 9.795239639908618345e-01
6.542943916393596737e+03 9.922580871904845834e-01
6.542977943096306262e+03 9.958470363194353858e-01
6.543011969975971624e+03 9.989293679488933098e-01
6.543045997032594641e+03 1.001816425546546929e+00
6.543080024266176224e+03 1.001761589322755386e+00
6.543114051676717281e+03 1.011563041605326063e+00
6.543148079264217813e+03 9.981574903305667767e-01
6.543182107028679638e+03 1.001296345999339366e+00
6.543216134970103667e+03 9.984579703722008537e-01
6.543250163088490808e+03 9.996108009428757990e-01
6.543284191383841971e+03 1.000610845088328649e+00
6.543318219856157157e+03 9.965508220253760374e-01
6.543352248505438183e+03 9.964860055222038993e-01
6.543386277331686870e+03 1.003122706413909659e+00
6.543420306334902307e+03 1.001976462164329451e+00
6.543454335515086314e+03 9.985699318225491616e-01
6.543488364872239799e+03 9.987050651677864543e-01
6.543522394406362764e+03 9.996914609753791980e-01
6.543556424117457937e+03 1.000084639952297350e+00
6.543590454005525316e+03 9.966560933381218845e-01
6.543624484070564904e+03 9.950328368992843453e-01
6.543658514312579427e+03 9.992560610886119798e-01
6.543692544731567978e+03 1.001094524281457288e+00
6.543726575327533283e+03 9.999423587885870601e-01
6.543760606100474433e+03 9.961162580266023081e-01
6.543794637050394158e+03 9.926178317220529790e-01
6.543828668177291547e+03 9.939256835501814047e-01
6.543862699481169329e+03 9.992585555799521346e-01
6.543896730962027505e+03 1.002039637873739064e+00
6.543930762619866073e+03 1.000841107599067081e+00
6.543964794454687762e+03 1.000844478215346278e+00
6.543998826466492574e+03 1.002460459634434198e+00
6.544032858655281416e+03 9.990854463303883159e-01
6.544066891021055199e+03 9.951879855074402537e-01
6.544100923563814831e+03 1.005675621398961939e+00
6.544134956283561223e+03 1.003303022718706305e+00
6.544168989180296194e+03 1.005726833359631422e+00
6.544203022254018833e+03 1.005548428128974825e+00
6.544237055504731870e+03 9.963529175456504738e-01
6.544271088932435305e+03 9.935522136175491958e-01
6.544305122537130046e+03 9.905121632887393668e-01
6.544339156318817004e+03 9.832564775349394992e-01
6.544373190277497997e+03 9.617221155966713120e-01
6.544407224413173026e+03 9.223592578181655233e-01
6.544441258725842999e+03 8.929642296016089276e-01
6.544475293215508827e+03 9.087045297548315137e-01
6.544509327882172329e+03 9.539771445131300931e-01
6.544543362725832594e+03 9.833367807205486422e-01
6.544577397746492352e+03 9.882804266323730324e-01
6.544611432944152511e+03 9.953749980583859180e-01
6.544645468318812163e+03 9.975894930285851281e-01
6.544679503870474036e+03 9.991121500049138238e-01
6.544713539599139040e+03 1.003380087390121966e+00
6.544747575504806264e+03 1.004109997759824457e+00
6.544781611587479347e+03 1.000447435649695960e+00
6.544815647847156470e+03 9.937661051105867172e-01
6.544849684283840361e+03 9.924112595463527864e-01
6.544883720897531020e+03 1.000783315744744773e+00
6.544917757688230267e+03 1.004854580538819597e+00
6.544951794655938102e+03 1.001840341910148480e+00
6.544985831800655433e+03 1.002865751430000119e+00
6.545019869122384080e+03 9.985787906712471074e-01
6.545053906621124042e+03 9.970480698115655738e-01
6.545087944296877140e+03 1.000387089620654590e+00
6.545121982149643372e+03 1.002184619420855904e+00
6.545156020179424559e+03 1.000521588289878139e+00
6.545190058386221608e+03 1.000355933386484208e+00
6.545224096770033611e+03 1.001997766283868829e+00
6.545258135330864206e+03 9.994811289811155186e-01
6.545292174068712484e+03 1.000210636061884095e+00
6.545326212983579353e+03 1.002301775917657345e+00
6.545360252075466633e+03 1.000904547518080889e+00
6.545394291344375233e+03 1.000221599820943386e+00
6.545428330790305154e+03 1.002267239921723840e+00
6.545462370413258213e+03 1.003793632928370094e+00
6.545496410213234412e+03 1.002847984805670833e+00
6.545530450190235570e+03 9.999692341347565794e-01
6.545564490344262595e+03 9.968239616821739091e-01
6.545598530675315487e+03 9.975901577174129953e-01
6.545632571183396067e+03 9.995093829845145272e-01
6.545666611868505242e+03 1.005241783649850174e+00
6.545700652730643014e+03 1.001864816950793102e+00
6.545734693769811201e+03 1.000544186313755413e+00
6.545768734986010713e+03 1.002997740908649682e+00
6.545802776379241550e+03 9.987764072065111742e-01
6.545836817949505530e+03 1.005068593523219311e+00
6.545870859696803564e+03 1.006356253268654299e+00
6.545904901621136560e+03 1.003698069055820374e+00
6.545938943722505428e+03 1.006417227156382266e+00
6.545972986000910169e+03 1.006454335135342992e+00
6.546007028456352600e+03 1.003659821450162859e+00
6.546041071088833633e+03 1.002332879267116228e+00
6.546075113898354175e+03 1.001528877123582850e+00
6.546109156884914228e+03 1.001283089898582945e+00
6.546143200048516519e+03 1.005969458098964875e+00
6.546177243389160139e+03 1.007758137623757655e+00
6.546211286906846908e+03 1.004855636146286146e+00
6.546245330601577734e+03 1.000430974471933299e+00
6.546279374473353528e+03 9.956514571251051660e-01
6.546313418522175198e+03 9.902263684455734349e-01
6.546347462748043654e+03 9.951138338988427812e-01
6.546381507150958896e+03 1.002688811212572695e+00
6.546415551730923653e+03 1.000065243828304418e+00
6.546449596487937015e+03 1.000562201157737086e+00
6.546483641422001710e+03 1.003759546280496462e+00
6.546517686533117740e+03 1.002345029849254221e+00
6.546551731821285102e+03 1.004277269231702130e+00
6.546585777286506527e+03 1.002821949716627747e+00
6.546619822928781105e+03 1.003628534727711408e+00
6.546653868748111563e+03 1.003539015530324097e+00
6.546687914744497903e+03 9.999954086827393951e-01
6.546721960917940123e+03 1.002387233654090659e+00
6.546756007268440953e+03 1.009674000892405887e+00
6.546790053796000393e+03 1.000199056287190524e+00
6.546824100500619352e+03 1.000159585383946004e+00
6.546858147382298739e+03 1.004320152183521664e+00
6.546892194441039464e+03 1.003350064887705617e+00
6.546926241676842437e+03 1.003096422806420085e+00
6.546960289089709477e+03 1.007533474348280444e+00
6.546994336679640583e+03 1.006089038440639793e+00
6.547028384446635755e+03 1.000933208992408341e+00
6.547062432390697722e+03 1.005150830076230628e+00
6.547096480511827394e+03 1.005550241747859896e+00
6.547130528810023861e+03 1.006167930863094861e+00
6.547164577285288942e+03 1.006861294714489485e+00
6.547198625937624456e+03 1.002651106036722028e+00
6.547232674767030403e+03 1.001574425732173479e+00
6.547266723773508602e+03 1.005594038017331826e+00
6.547300772957058143e+03 1.007443623039852909e+00
6.547334822317681756e+03 1.005921671571269771e+00
6.547368871855379439e+03 1.005438263460833204e+00
6.547402921570153012e+03 1.004306807271660329e+00
6.547436971462002475e+03 1.006917564400348963e+00
6.547471021530928738e+03 1.007941640645160453e+00
6.547505071776932709e+03 1.006218893696825933e+00
6.547539122200016209e+03 1.000964052826732509e+00
6.547573172800179236e+03 1.002703979922720201e+00
6.547607223577423611e+03 1.007425724652147858e+00
6.547641274531749332e+03 1.008321830631248694e+00
6.547675325663157309e+03 1.010665154682214073e+00
6.547709376971649363e+03 1.014461614332114348e+00
6.547743428457226400e+03 1.007926412358003843e+00
6.547777480119887514e+03 1.008349648005207655e+00
6.547811531959635431e+03 1.006659945753787255e+00
6.547845583976471062e+03 1.006398672718931797e+00
6.547879636170394406e+03 1.005019133353837413e+00
6.547913688541407282e+03 1.003879223546954025e+00
6.547947741089509691e+03 1.003550100220344854e+00
6.547981793814703451e+03 1.002723840960328072e+00
6.548015846716988563e+03 1.001235045614626618e+00
6.548049899796365935e+03 9.981037252065267928e-01
6.548083953052838297e+03 1.001419456413521480e+00
6.548118006486404738e+03 1.001850676342025181e+00
6.548152060097066169e+03 1.000757193271904821e+00
6.548186113884824408e+03 9.901557382680574726e-01
6.548220167849680365e+03 9.726651221165479866e-01
6.548254221991634040e+03 9.712595831274971614e-01
6.548288276310687252e+03 9.852175387431267861e-01
6.548322330806840000e+03 9.963134031107649946e-01
6.548356385480095014e+03 1.008407926219654360e+00
6.548390440330451383e+03 1.002224625435194971e+00
6.548424495357910018e+03 1.002785780695533591e+00
6.548458550562472738e+03 1.005304192225069615e+00
6.548492605944140450e+03 1.005488919021756633e+00
6.548526661502914067e+03 1.007246651304586127e+00
6.548560717238793586e+03 1.008252157817608241e+00
6.548594773151781737e+03 1.009463634900976015e+00
6.548628829241877611e+03 1.009106604327521861e+00
6.548662885509082116e+03 1.003218619452545646e+00
6.548696941953397982e+03 1.008318150279568393e+00
6.548730998574824298e+03 1.011742355363277612e+00
6.548765055373362884e+03 1.009323592468154951e+00
6.548799112349014649e+03 1.011007927169872866e+00
6.548833169501780503e+03 1.012639844382329235e+00
6.548867226831661355e+03 1.009603129768307461e+00
6.548901284338657206e+03 1.008741835256800057e+00
6.548935342022769873e+03 1.010699739642378026e+00
6.548969399884001177e+03 1.009510312523281605e+00
6.549003457922350208e+03 1.009362515745103606e+00
6.549037516137818784e+03 1.004193456771008464e+00
6.549071574530407815e+03 9.988330025433520554e-01
6.549105633100118212e+03 9.759710053900882976e-01
6.549139691846950882e+03 9.420056316851298517e-01
6.549173750770906736e+03 9.315370129383765407e-01
6.549207809871986683e+03 9.593981915720215525e-01
6.549241869150190723e+03 9.927614021720259085e-01
6.549275928605521585e+03 1.003406138183076557e+00
6.549309988237979269e+03 1.005891326602038172e+00
6.549344048047564684e+03 1.011630604205308703e+00
6.549378108034278739e+03 1.011865221360700229e+00
6.549412168198122345e+03 1.012404330012476539e+00
6.549446228539096410e+03 1.010523035789394397e+00
6.549480289057201844e+03 1.010428599773324665e+00
6.549514349752439557e+03 1.013668039643718100e+00
6.549548410624811368e+03 1.011332182556000880e+00
6.549582471674316366e+03 1.006714450936419425e+00
6.549616532900957282e+03 1.007445579152539183e+00
6.549650594304733204e+03 1.004986634235357279e+00
6.549684655885646862e+03 1.006955948707695558e+00
6.549718717643698255e+03 1.005526766650014947e+00
6.549752779578889204e+03 1.006696634053388717e+00
6.549786841691218797e+03 1.007268670740405936e+00
6.549820903980689764e+03 1.008513467215694792e+00
6.549854966447302104e+03 1.011609568068858156e+00
6.549889029091056727e+03 1.013935717078633170e+00
6.549923091911954543e+03 1.013076834766760692e+00
6.549957154909997371e+03 1.012411164640836692e+00
6.549991218085185210e+03 1.016003735241650219e+00
6.550025281437518970e+03 1.015817794200036595e+00
6.550059344966999561e+03 1.014713667364269822e+00
6.550093408673628801e+03 1.017184949167949437e+00
6.550127472557406691e+03 1.009077768655045615e+00
6.550161536618335049e+03 1.014431581221125311e+00
6.550195600856412966e+03 1.019129212425876174e+00
6.550229665271644080e+03 1.015982331231110036e+00
6.550263729864026573e+03 1.016533739205085274e+00
6.550297794633563171e+03 1.012380756146576744e+00
6.550331859580254786e+03 1.013915728912976766e+00
6.550365924704100507e+03 1.014924119627864219e+00
6.550399990005103064e+03 1.013141711286587032e+00
6.550434055483263364e+03 1.013098677489509658e+00
6.550468121138581409e+03 1.017404510078355084e+00
6.550502186971059018e+03 1.017669473029348071e+00
6.550536252980696190e+03 1.014330789165557967e+00
6.550570319167493835e+03 1.011420803300127957e+00
6.550604385531453772e+03 1.010013025438305290e+00
6.550638452072576911e+03 1.014041318573577932e+00
6.550672518790863251e+03 1.019589685479722618e+00
6.550706585686314611e+03 1.016839904858123811e+00
6.550740652758930992e+03 1.010195391479564719e+00
6.550774720008714212e+03 1.015705808380344743e+00
6.550808787435664271e+03 1.016815313685902611e+00
6.550842855039782989e+03 1.018639464651904136e+00
6.550876922821071275e+03 1.019055697648379999e+00
6.550910990779529129e+03 1.012175864330890462e+00
6.550945058915158370e+03 1.009781479789152225e+00
6.550979127227958998e+03 1.016012082806023953e+00
6.551013195717932831e+03 1.016818268671233927e+00
6.551047264385080780e+03 1.014924068072762919e+00
6.551081333229403754e+03 1.019245249030588107e+00
6.551115402250901752e+03 1.016926824978402921e+00
6.551149471449576595e+03 1.014682373455326525e+00
6.551183540825429191e+03 1.014422006746257932e+00
6.551217610378459540e+03 1.014383680734468607e+00
6.551251680108669461e+03 1.014620271037963040e+00
6.551285750016059865e+03 1.015917453441206764e+00
6.551319820100631659e+03 1.019955284394356232e+00
6.551353890362384846e+03 1.022139444826120291e+00
6.551387960801322151e+03 1.021291005000163565e+00
6.551422031417442668e+03 1.020259401996612025e+00
6.551456102210748213e+03 1.021032361286303924e+00
6.551490173181239697e+03 1.017934918733537142e+00
6.551524244328917121e+03 1.014888951131716066e+00
6.551558315653783211e+03 1.015355931130916600e+00
6.551592387155837059e+03 1.018723019010216113e+00
6.551626458835081394e+03 1.020095510569986930e+00
6.551660530691515305e+03 1.012490830870138359e+00
6.551694602725140612e+03 1.017159542354907353e+00
6.551728674935958225e+03 1.014925500154384874e+00
6.551762747323969052e+03 1.017099088066705015e+00
6.551796819889174003e+03 1.015932691215484240e+00
6.551830892631573988e+03 1.013419452690027756e+00
6.551864965551169917e+03 1.014710793585168247e+00
6.551899038647962698e+03 1.016263698070172472e+00
6.551933111921954151e+03 1.015410314103090350e+00
6.551967185373143366e+03 1.017275040801312702e+00
6.552001259001532162e+03 1.020036020831007306e+00
6.552035332807121449e+03 1.012704724081615160e+00
6.552069406789912136e+03 1.016840312373690214e+00
6.552103480949906043e+03 1.018212967454399376e+00
6.552137555287102259e+03 1.019200409290272002e+00
6.552171629801503514e+03 1.021954121519835557e+00
6.552205704493108897e+03 1.022981643327926404e+00
6.552239779361921137e+03 1.020465279653901103e+00
6.552273854407940235e+03 1.017208185493284400e+00
6.552307929631167099e+03 1.012308550334265256e+00
6.552342005031602639e+03 1.005369409474364151e+00
6.552376080609248675e+03 1.015461603445195538e+00
6.552410156364105205e+03 1.016483262462095416e+00
6.552444232296173141e+03 1.018955579703870518e+00
6.552478308405453390e+03 1.017508875219363951e+00
6.552512384691946863e+03 1.011363077017183087e+00
6.552546461155655379e+03 1.009406856160038002e+00
6.552580537796578938e+03 1.005899839396234841e+00
6.552614614614718448e+03 1.001900859875027638e+00
6.552648691610075730e+03 1.009266128457602552e+00
6.552682768782649873e+03 1.015011471112283736e+00
6.552716846132444516e+03 1.015723841741472677e+00
6.552750923659457840e+03 1.019864200243090213e+00
6.552785001363692572e+03 1.016885597450147838e+00
6.552819079245148714e+03 1.018783968811260543e+00
6.552853157303828084e+03 1.020178681253313346e+00
6.552887235539730682e+03 1.018527742356886812e+00
6.552921313952857417e+03 1.013801829828673062e+00
6.552955392543210110e+03 1.011918237826177513e+00
6.552989471310788758e+03 1.014949456012755213e+00
6.553023550255595183e+03 1.010715745992783798e+00
6.553057629377629382e+03 1.003678578092594753e+00
6.553091708676892267e+03 9.902619473224837376e-01
6.553125788153386566e+03 9.596417807898558472e-01
6.553159867807110459e+03 9.237775190441241957e-01
6.553193947638066675e+03 9.341109528211041235e-01
6.553228027646256123e+03 9.684198678153234097e-01
6.553262107831678804e+03 9.900238055263663739e-01
6.553296188194336537e+03 9.997333548006932524e-01
6.553330268734229321e+03 1.005625418004016502e+00
6.553364349451358976e+03 1.008286563380512257e+00
6.553398430345725501e+03 1.015014345488720382e+00
6.553432511417330716e+03 1.017099690922750099e+00
6.553466592666175529e+03 1.014933210390140506e+00
6.553500674092259942e+03 1.017895945078238107e+00
6.553534755695585773e+03 1.021463570150468403e+00
6.553568837476153931e+03 1.019101270696188610e+00
6.553602919433964416e+03 1.014569166954189861e+00
6.553637001569019048e+03 1.014931603418798955e+00
6.553671083881318737e+03 1.015741404218789778e+00
6.553705166370863481e+03 1.012606307386368254e+00
6.553739249037656009e+03 1.015520912667239095e+00
6.553773331881694503e+03 1.008849705881575076e+00
6.553807414902982600e+03 1.013864497215823945e+00
6.553841498101519392e+03 1.013054240669957418e+00
6.553875581477307605e+03 1.015670858640759455e+00
6.553909665030346332e+03 1.016570472104907363e+00
6.553943748760636481e+03 1.016817430436896874e+00
6.553977832668180781e+03 1.014387533670740194e+00
6.554011916752978323e+03 1.012304292090168145e+00
6.554046001015031834e+03 1.017526278196702494e+00
6.554080085454340406e+03 1.018386351396377787e+00
6.554114170070905857e+03 1.021443731924256859e+00
6.554148254864729097e+03 1.017986569666448071e+00
6.554182339835810126e+03 1.010495208437037773e+00
6.554216424984151672e+03 1.008588540608366557e+00
6.554250510309753736e+03 1.005027517777818735e+00
6.554284595812616317e+03 9.914877799872886532e-01
6.554318681492742144e+03 9.840072151839065473e-01
6.554352767350131217e+03 9.892916636317246049e-01
6.554386853384783535e+03 9.983776754151684196e-01
6.554420939596701828e+03 1.011773016439283746e+00
6.554455025985885186e+03 1.014921969244106714e+00
6.554489112552336337e+03 1.016700239323320654e+00
6.554523199296054372e+03 1.020539874765717059e+00
6.554557286217042019e+03 1.016571395941312073e+00
6.554591373315299279e+03 1.021332871598309877e+00
6.554625460590826151e+03 1.021558773486484162e+00
6.554659548043625364e+03 1.018140327132531109e+00
6.554693635673696917e+03 1.017901774612173460e+00
6.554727723481041721e+03 1.015079059308588993e+00
6.554761811465661594e+03 1.011510468564610132e+00
6.554795899627555627e+03 1.013586551721688656e+00
6.554829987966726549e+03 1.008837727416149299e+00
6.554864076483173449e+03 1.011132254849724132e+00
6.554898165176899056e+03 1.014390280130139432e+00
6.554932254047903371e+03 1.015979840395763834e+00
6.554966343096188211e+03 1.018126060420062595e+00
6.555000432321752669e+03 1.020162413152349457e+00
6.555034521724599472e+03 1.019707356022417910e+00
6.555068611304728620e+03 1.019616628990194007e+00
6.555102701062141023e+03 1.020143116205595613e+00
6.555136790996838499e+03 1.015892969375071786e+00
6.555170881108821050e+03 1.012619784465802031e+00
6.555204971398089583e+03 1.008008153299112530e+00
6.555239061864645919e+03 1.005736820550139354e+00
6.555273152508490057e+03 1.018093089992768263e+00
6.555307243329622906e+03 1.014508286363525080e+00
6.555341334328046287e+03 1.012487393262375024e+00
6.555375425503760198e+03 1.015540111068279350e+00
6.555409516856765549e+03 1.018304495356664896e+00
6.555443608387064160e+03 1.021866024912281068e+00
6.555477700094656029e+03 1.020987937043912996e+00
6.555511791979542977e+03 1.018584063665534778e+00
6.555545884041725003e+03 1.018455156174400411e+00
6.555579976281203017e+03 1.021893095080578684e+00
6.555614068697978837e+03 1.012902080229738377e+00
6.555648161292053373e+03 1.014411537502966532e+00
6.555682254063426626e+03 1.017460868570854826e+00
6.555716347012100414e+03 1.020851545742266442e+00
6.555750440138074737e+03 1.019959920516344098e+00
6.555784533441350504e+03 1.016916734689492507e+00
6.555818626921930445e+03 1.019300549827734326e+00
6.555852720579812740e+03 1.021355929797256756e+00
6.555886814415001027e+03 1.021474573390198648e+00
6.555920908427494396e+03 1.019966413778222503e+00
6.555955002617293758e+03 1.016147273496623926e+00
6.555989096984401840e+03 1.013118739828700487e+00
6.556023191528817733e+03 1.016567752662969282e+00
6.556057286250542347e+03 1.022311899339811703e+00
6.556091381149577501e+03 1.019739442955535536e+00
6.556125476225924103e+03 1.015893106262053092e+00
6.556159571479583065e+03 1.016712524817493968e+00
6.556193666910554384e+03 1.016301817630334225e+00
6.556227762518839882e+03 1.017720303227177769e+00
6.556261858304440466e+03 1.020507143118807969e+00
6.556295954267356137e+03 1.014282380206957157e+00
6.556330050407589624e+03 1.015089980729126484e+00
6.556364146725140017e+03 1.013847837494632920e+00
6.556398243220009135e+03 1.011418313320099127e+00
6.556432339892196978e+03 1.011827068846484989e+00
6.556466436741706275e+03 1.014432530067625793e+00
6.556500533768536116e+03 1.016674654262017530e+00
6.556534630972688319e+03 1.020486092885676488e+00
6.556568728354163795e+03 1.023161540446188233e+00
6.556602825912963453e+03 1.017226007467764148e+00
6.556636923649088203e+03 1.014490801565991029e+00
6.556671021562538954e+03 1.014617916359746186e+00
6.556705119653316615e+03 1.015352382649008733e+00
6.556739217921421186e+03 1.011929998600082259e+00
6.556773316366855397e+03 1.014191359683119131e+00
6.556807414989618337e+03 1.017212397853989536e+00
6.556841513789712735e+03 1.017315810340469140e+00
6.556875612767137682e+03 1.018257090650519503e+00
6.556909711921895905e+03 1.017232973984872002e+00
6.556943811253986496e+03 1.013326717289798840e+00
6.556977910763412183e+03 1.015094456597278594e+00
6.557012010450172056e+03 1.011642040988622204e+00
6.557046110314268844e+03 1.014393541676980259e+00
6.557080210355702548e+03 1.021656873924660758e+00
6.557114310574473166e+03 1.022981672736207770e+00
6.557148410970583427e+03 1.017724233915479948e+00
6.557182511544033332e+03 1.018809139959229171e+00
6.557216612294824699e+03 1.020420543355554210e+00
6.557250713222956620e+03 1.018361333431393900e+00
6.557284814328430912e+03 1.017867291891639825e+00
6.557318915611249395e+03 1.019637180350998484e+00
6.557353017071412069e+03 1.023544052419669725e+00
6.557387118708919843e+03 1.018442324538749499e+00
6.557421220523773627e+03 1.013371918742622002e+00
6.557455322515975240e+03 1.011594699657243801e+00
6.557489424685523772e+03 1.020135495854006979e+00
6.557523527032421953e+03 1.017196640060044954e+00
6.557557629556670690e+03 1.014451570568148719e+00
6.557591732258269076e+03 1.011775683207909671e+00
6.557625835137219838e+03 1.006010198293616265e+00
6.557659938193522976e+03 9.959998772887793672e-01
6.557694041427180309e+03 9.769947476198149738e-01
6.557728144838190929e+03 9.664589600909263556e-01
6.557762248426558472e+03 9.791514755316965690e-01
6.557796352192281120e+03 9.979200846663269786e-01
6.557830456135361601e+03 1.003944662347584282e+00
6.557864560255799915e+03 1.008367099032779324e+00
6.557898664553597882e+03 1.011065430203251125e+00
6.557932769028755501e+03 1.010836590311945171e+00
6.557966873681274592e+03 1.013208735013563455e+00
6.558000978511155154e+03 1.014491723849189508e+00
6.558035083518399006e+03 1.009627750088071929e+00
6.558069188703006148e+03 1.008200832100704547e+00
6.558103294064977490e+03 1.012737921518787720e+00
6.558137399604314851e+03 1.005680051804128450e+00
6.558171505321019140e+03 1.002012625605041229e+00
6.558205611215090357e+03 1.002511856925707878e+00
6.558239717286529412e+03 1.011245972622201617e+00
6.558273823535339034e+03 1.010820686370243582e+00
6.558307929961518312e+03 1.010407402136412225e+00
6.558342036565068156e+03 1.008650561919770317e+00
6.558376143345990386e+03 1.003792971175675452e+00
6.558410250304285910e+03 1.002609281879490943e+00
6.558444357439954729e+03 1.003996525564117892e+00
6.558478464752998661e+03 1.001853809627327285e+00
6.558512572243417708e+03 9.977851738250296254e-01
6.558546679911214596e+03 9.984518551644844253e-01
6.558580787756388418e+03 9.923099240102629670e-01
6.558614895778940081e+03 9.875307635132747341e-01
6.558649003978872315e+03 9.799422333489038461e-01
6.558683112356184211e+03 9.764716272732654190e-01
6.558717220910877586e+03 9.771199867396426209e-01
6.558751329642953351e+03 9.841124210067783151e-01
6.558785438552411506e+03 9.892561211548153155e-01
6.558819547639253869e+03 9.876072747801605267e-01
6.558853656903482261e+03 9.902087771851656450e-01
6.558887766345094860e+03 9.899539115841282655e-01
6.558921875964095307e+03 9.907225481123882460e-01
6.558955985760483600e+03 9.860671470049967580e-01
6.558990095734259739e+03 9.868685315587885087e-01
6.559024205885426454e+03 9.889953720918411850e-01
6.559058316213982835e+03 9.838404261400969242e-01
6.559092426719930700e+03 9.816413211372856384e-01
6.559126537403270959e+03 9.763578363281302241e-01
6.559160648264004521e+03 9.751560786280957238e-01
6.559194759302132297e+03 9.828237288980787856e-01
6.559228870517655196e+03 9.843717079841892703e-01
6.559262981910574126e+03 9.867918014381675818e-01
6.559297093480889998e+03 9.839031453507349756e-01
6.559331205228603721e+03 9.813060311253032353e-01
6.559365317153716205e+03 9.825367946838876598e-01
6.559399429256228359e+03 9.841127704377042873e-01
6.559433541536141092e+03 9.816002607685014869e-01
6.559467653993455315e+03 9.851516706542073898e-01
6.559501766628171936e+03 9.820855379167051646e-01
6.559535879440292774e+03 9.739370187572857773e-01
6.559569992429816921e+03 9.709757418498060622e-01
6.559604105596747104e+03 9.712008848187577703e-01
6.559638218941083323e+03 9.721172917563960514e-01
6.559672332462825580e+03 9.649617000243809750e-01
6.559706446161976601e+03 9.658718982609426629e-01
6.559740560038537296e+03 9.719216476177289232e-01
6.559774674092506757e+03 9.756306833832895098e-01
6.559808788323887711e+03 9.698824540252871662e-01
6.559842902732680159e+03 9.666222900722569733e-01
6.559877017318885009e+03 9.662448515492161327e-01
6.559911132082503173e+03 9.670569472577776882e-01
6.559945247023536467e+03 9.642895049497988147e-01
6.559979362141984893e+03 9.602103255507963286e-01
6.560013477437849360e+03 9.625259499729629242e-01
6.560047592911130778e+03 9.626317082068522879e-01
6.560081708561830965e+03 9.592064543413606481e-01
6.560115824389949921e+03 9.588701781411493874e-01
6.560149940395489466e+03 9.575981698193453129e-01
6.560184056578449599e+03 9.502378471704691076e-01
6.560218172938831231e+03 9.512594488547820859e-01
6.560252289476636179e+03 9.505060489672980673e-01
6.560286406191864444e+03 9.478431332551564559e-01
6.560320523084517845e+03 9.451295474862050350e-01
6.560354640154596382e+03 9.440804732529390897e-01
6.560388757402100964e+03 9.430479357876525581e-01
6.560422874827033411e+03 9.401946248004888762e-01
6.560456992429393722e+03 9.464569167458855015e-01
6.560491110209183717e+03 9.429310175196828903e-01
6.560525228166404304e+03 9.401444730810105677e-01
6.560559346301055484e+03 9.378808423247759762e-01
6.560593464613138167e+03 9.355294453751750172e-01
6.560627583102655080e+03 9.290666054867826595e-01
6.560661701769604406e+03 9.273439929072667676e-01
6.560695820613989781e+03 9.300992462979423836e-01
6.560729939635809387e+03 9.305351339496422680e-01
6.560764058835066862e+03 9.328421419584284058e-01
6.560798178211761297e+03 9.348043639184829834e-01
6.560832297765894509e+03 9.243492991734224562e-01
6.560866417497466500e+03 9.159973113440988968e-01
6.560900537406479089e+03 9.201126247353751397e-01
6.560934657492933184e+03 9.175912810445439050e-01
6.560968777756829695e+03 9.115135073463125348e-01
6.561002898198168623e+03 9.023867308245974161e-01
6.561037018816951786e+03 8.982101892964601264e-01
6.561071139613180094e+03 8.974031955757375556e-01
6.561105260586853547e+03 9.020361088129713600e-01
6.561139381737973963e+03 9.107795153758384554e-01
6.561173503066542253e+03 9.138285612211588527e-01
6.561207624572559325e+03 9.110168519465511316e-01
6.561241746256026090e+03 9.101950865272936397e-01
6.561275868116943457e+03 9.061110816716266836e-01
6.561309990155311425e+03 9.023229381879465105e-01
6.561344112371131814e+03 9.049205416012990888e-01
6.561378234764405533e+03 9.048903631017813920e-01
6.561412357335134402e+03 9.033686687066067034e-01
6.561446480083316601e+03 8.987986804185715828e-01
6.561480603008955768e+03 8.976522218411222553e-01
6.561514726112051903e+03 8.987750272961763098e-01
6.561548849392605916e+03 8.987835097187655276e-01
6.561582972850618717e+03 8.945668342408106266e-01
6.561617096486091214e+03 8.845232415273202031e-01
6.561651220299023407e+03 8.792929256499960600e-01
6.561685344289418026e+03 8.863302788086458994e-01
6.561719468457275070e+03 8.914938667078411427e-01
6.561753592802595449e+03 8.930024800094478188e-01
6.561787717325380072e+03 8.932083296616385448e-01
6.561821842025629849e+03 8.970395430102091616e-01
6.561855966903345688e+03 8.896652299447989076e-01
6.561890091958528501e+03 8.861980683219579102e-01
6.561924217191179196e+03 8.879375038506808204e-01
6.561958342601298682e+03 8.851581803990340447e-01
6.561992468188888779e+03 8.824187763500392911e-01
6.562026593953949487e+03 8.845137494808277268e-01
6.562060719896481714e+03 8.869286327567130757e-01
6.562094846016486372e+03 8.867643392031528959e-01
6.562128972313964368e+03 8.793554338546926141e-01
6.562163098788917523e+03 8.797164181474872446e-01
6.562197225441344926e+03 8.850713524451664371e-01
6.562231352271249307e+03 8.831726132674281304e-01
6.562265479278631574e+03 8.773975333123791298e-01
6.562299606463490818e+03 8.781800840058183732e-01
6.562333733825829768e+03 8.798618843689849367e-01
6.562367861365648423e+03 8.777354872486599069e-01
6.562401989082948603e+03 8.790649664623577664e-01
6.562436116977730308e+03 8.830699417656979744e-01
6.562470245049994446e+03 8.840510835768723430e-01
6.562504373299742838e+03 8.884924233446557240e-01
6.562538501726974573e+03 8.854029792210793559e-01
6.562572630331693290e+03 8.857897343313025917e-01
6.562606759113898079e+03 8.840562223360497462e-01
6.562640888073589849e+03 8.785741303551483083e-01
6.562675017210769511e+03 8.813660617249406970e-01
6.562709146525439792e+03 8.864452716989237313e-01
6.562743276017598873e+03 8.870339132363194157e-01
6.562777405687249484e+03 8.822906772700469524e-01
6.562811535534392533e+03 8.820213900273163876e-01
6.562845665559028021e+03 8.858925385604323743e-01
6.562879795761157766e+03 8.835539171530032432e-01
6.562913926140781768e+03 8.869549892460959484e-01
6.562948056697900938e+03 8.915831515098201487e-01
6.562982187432518003e+03 8.877443698969521568e-01
6.563016318344632055e+03 8.883741518528408543e-01
6.563050449434244001e+03 8.946956334955193935e-01
6.563084580701355662e+03 8.935240066724825514e-01
6.563118712145967947e+03 8.982942619047386001e-01
6.563152843768081766e+03 8.984248269849117730e-01
6.563186975567697118e+03 8.967815244013743747e-01
6.563221107544815823e+03 8.985204326384833573e-01
6.563255239699437880e+03 9.002917089855583255e-01
6.563289372031565108e+03 9.016574766081795200e-01
6.563323504541198417e+03 8.990441251645293619e-01
6.563357637228338717e+03 9.026259925586330723e-01
6.563391770092986008e+03 9.042402133428033562e-01
6.563425903135143017e+03 9.096773839293917918e-01
6.563460036354808835e+03 9.158597484598065552e-01
6.563494169751984373e+03 9.178822475436183570e-01
6.563528303326672358e+03 9.173626609000816723e-01
6.563562437078871881e+03 9.156091958813041831e-01
6.563596571008585670e+03 9.157214133298815506e-01
6.563630705115812816e+03 9.220147072068267668e-01
6.563664839400555138e+03 9.271644066940192275e-01
6.563698973862813546e+03 9.234531304856360423e-01
6.563733108502588948e+03 9.201338708378029585e-01
6.563767243319882255e+03 9.228634529369201811e-01
6.563801378314693466e+03 9.237723938721741357e-01
6.563835513487025310e+03 9.304994181072283599e-01
6.563869648836877786e+03 9.347180550760947337e-01
6.563903784364250896e+03 9.358330280710237536e-01
6.563937920069147367e+03 9.378632640533286491e-01
6.563972055951566290e+03 9.366054927367294392e-01
6.564006192011510393e+03 9.335904418151474982e-01
6.564040328248979677e+03 9.270610798861268487e-01
6.564074464663975050e+03 9.243298305671017179e-01
6.564108601256496513e+03 9.310538930820381198e-01
6.564142738026546795e+03 9.399206479581995177e-01
6.564176874974125894e+03 9.491029618750547181e-01
6.564211012099235631e+03 9.559818462931987115e-01
6.564245149401875096e+03 9.556624558198379971e-01
6.564279286882046108e+03 9.657520160259865927e-01
6.564313424539750486e+03 9.633128668319712595e-01
6.564347562374988229e+03 9.652888953161546937e-01
6.564381700387760247e+03 9.674228524200253476e-01
6.564415838578067451e+03 9.702044274788010902e-01
6.564449976945910748e+03 9.714445621788074803e-01
6.564484115491291959e+03 9.726678514735357384e-01
6.564518254214211083e+03 9.748723500375626738e-01
6.564552393114669030e+03 9.717878233480206074e-01
6.564586532192667619e+03 9.658733100101832836e-01
6.564620671448205940e+03 9.667433622533209148e-01
6.564654810881287631e+03 9.663408534544759565e-01
6.564688950491910873e+03 9.668497068836419128e-01
6.564723090280078395e+03 9.457147965860438488e-01
6.564757230245790197e+03 9.432408271955854406e-01
6.564791370389047188e+03 9.664440554746263068e-01
6.564825510709851187e+03 9.855223482311893379e-01
6.564859651208203104e+03 9.972357330520102980e-01
6.564893791884102029e+03 1.000952740551203979e+00
6.564927932737551600e+03 1.005460956392224769e+00
6.564962073768549999e+03 1.010048205590060810e+00
6.564996214977099953e+03 1.008573624557985937e+00
6.565030356363202372e+03 1.010453960730640421e+00
6.565064497926857257e+03 1.014270424853785046e+00
6.565098639668066426e+03 1.013386884298919322e+00
6.565132781586829879e+03 1.017900673312920556e+00
6.565166923683148525e+03 1.015269097567579770e+00
6.565201065957025094e+03 1.017188691046152282e+00
6.565235208408457765e+03 1.019743779145040774e+00
6.565269351037450178e+03 1.020353111662002377e+00
6.565303493844001423e+03 1.021353657441831153e+00
6.565337636828113318e+03 1.024514710377495863e+00
6.565371779989785864e+03 1.023512491497715615e+00
6.565405923329020879e+03 1.021460565464248571e+00
6.565440066845818365e+03 1.026192078367465399e+00
6.565474210540181048e+03 1.030086684012897935e+00
6.565508354412108019e+03 1.027724598010595791e+00
6.565542498461600189e+03 1.028270188527300899e+00
6.565576642688660286e+03 1.027877191396113332e+00
6.565610787093287399e+03 1.033665129026510643e+00
6.565644931675483349e+03 1.029169611715728516e+00
6.565679076435248135e+03 1.033200620697132699e+00
6.565713221372584485e+03 1.034678250032618596e+00
6.565747366487491490e+03 1.033755176751108840e+00
6.565781511779970970e+03 1.038768829363115209e+00
6.565815657250023833e+03 1.037135999592148750e+00
6.565849802897650989e+03 1.032410159714080233e+00
6.565883948722853347e+03 1.033915106499168068e+00
6.565918094725630908e+03 1.036314959460753249e+00
6.565952240905986400e+03 1.042148175667645393e+00
6.565986387263918914e+03 1.040110126223069642e+00
6.566020533799430268e+03 1.041510183135018641e+00
6.566054680512522282e+03 1.039755150464422906e+00
6.566088827403194045e+03 1.039157762456563106e+00
6.566122974471447378e+03 1.035811481981478765e+00
6.566157121717283189e+03 1.036692668601645551e+00
6.566191269140702389e+03 1.037102075527112310e+00
6.566225416741706795e+03 1.037850330914176222e+00
6.566259564520295498e+03 1.037860789858803034e+00
6.566293712476470319e+03 1.040944436679797303e+00
6.566327860610232165e+03 1.042082804470197299e+00
6.566362008921582856e+03 1.036898800693446310e+00
6.566396157410521482e+03 1.040378060210353839e+00
6.566430306077050773e+03 1.049764524639722918e+00
6.566464454921170727e+03 1.051788344897863769e+00
6.566498603942882255e+03 1.041427690774902493e+00
6.566532753142186266e+03 1.038711804374271797e+00
6.566566902519083669e+03 1.047096848501888333e+00
6.566601052073575374e+03 1.042872663063123095e+00
6.566635201805663201e+03 1.037672327242843417e+00
6.566669351715347148e+03 1.046546437705706545e+00
6.566703501802628125e+03 1.048247471882749027e+00
6.566737652067507042e+03 1.041114508617255741e+00
6.566771802509985719e+03 1.039454496921419668e+00
6.566805953130064154e+03 1.041869294307742111e+00
6.566840103927743257e+03 1.043887290478040741e+00
6.566874254903024848e+03 1.043044959243897729e+00
6.566908406055908017e+03 1.042211029331759686e+00
6.566942557386396402e+03 1.043749880934768060e+00
6.566976708894488183e+03 1.046484677390152607e+00
6.567010860580186090e+03 1.048593385960342461e+00
6.567045012443491032e+03 1.042962979274705493e+00
6.567079164484402099e+03 1.040887959527743822e+00
6.567113316702922020e+03 1.042301899066328197e+00
6.567147469099051705e+03 1.044959796187456824e+00
6.567181621672791152e+03 1.042661928538608063e+00
6.567215774424142182e+03 1.041144991268909692e+00
6.567249927353104795e+03 1.042194405904883547e+00
6.567284080459679899e+03 1.041927193302667032e+00
6.567318233743869314e+03 1.045043114648736449e+00
6.567352387205673949e+03 1.046660040985712969e+00
6.567386540845093805e+03 1.048055279185120980e+00
6.567420694662130700e+03 1.041341899836311979e+00
6.567454848656784634e+03 1.041784582149985150e+00
6.567489002829057426e+03 1.043277242990176878e+00
6.567523157178949077e+03 1.044006301694195837e+00
6.567557311706461405e+03 1.044344840417939402e+00
6.567591466411595320e+03 1.045143839046668743e+00
6.567625621294351731e+03 1.046335773388910928e+00
6.567659776354730639e+03 1.048372565514486876e+00
6.567693931592732952e+03 1.047404915096522782e+00
6.567728087008361399e+03 1.044587942546401527e+00
6.567762242601615071e+03 1.046541542283526249e+00
6.567796398372495787e+03 1.048154920427133874e+00
6.567830554321004456e+03 1.045222935076587145e+00
6.567864710447141078e+03 1.050045264557493585e+00
6.567898866750907473e+03 1.048777005539703655e+00
6.567933023232304549e+03 1.042979406351610683e+00
6.567967179891333217e+03 1.042601570191727278e+00
6.568001336727994385e+03 1.044320040549504558e+00
6.568035493742288054e+03 1.053390859998789342e+00
6.568069650934216952e+03 1.055050142870061824e+00
6.568103808303780170e+03 1.048961530873022463e+00
6.568137965850979526e+03 1.043840688892848645e+00
6.568172123575815931e+03 1.045383089029113588e+00
6.568206281478290293e+03 1.049929757947496878e+00
6.568240439558403523e+03 1.051982632389764749e+00
6.568274597816156529e+03 1.053213074768553748e+00
6.568308756251550221e+03 1.050186771070432012e+00
6.568342914864585509e+03 1.046384511591332833e+00
6.568377073655263302e+03 1.046218091132405048e+00
6.568411232623584510e+03 1.050717454647124072e+00
6.568445391769549133e+03 1.048309304560518518e+00
6.568479551093159898e+03 1.047207830933195361e+00
6.568513710594416807e+03 1.048731912079619022e+00
6.568547870273321678e+03 1.049112382963005796e+00
6.568582030129873601e+03 1.050162430009903280e+00
6.568616190164074396e+03 1.047512772850712537e+00
6.568650350375925882e+03 1.047746293185201738e+00
6.568684510765427149e+03 1.052086022557486622e+00
6.568718671332580925e+03 1.050272106521004556e+00
6.568752832077387211e+03 1.046093503671809977e+00
6.568786992999846916e+03 1.045442264622457262e+00
6.568821154099960950e+03 1.051820840813454838e+00
6.568855315377731131e+03 1.046311168677081627e+00
6.568889476833157460e+03 1.049121406219392982e+00
6.568923638466240845e+03 1.043849761862444492e+00
6.568957800276982198e+03 1.042478312750256375e+00
6.568991962265383336e+03 1.045437594102626377e+00
6.569026124431444259e+03 1.047219076775484758e+00
6.569060286775165878e+03 1.044081805556868137e+00
6.569094449296549101e+03 1.043348219485053185e+00
6.569128611995595747e+03 1.043495889803378374e+00
6.569162774872306727e+03 1.043967811063182927e+00
6.569196937926681130e+03 1.046201584201249535e+00
6.569231101158721685e+03 1.043535956367963369e+00
6.569265264568429302e+03 1.037023060720915435e+00
6.569299428155803980e+03 1.030710488275857095e+00
6.569333591920846629e+03 1.035549156038552354e+00
6.569367755863559069e+03 1.029642011014081149e+00
6.569401919983941298e+03 1.032267048282269117e+00
6.569436084281995136e+03 1.035296961742746324e+00
6.569470248757721492e+03 1.039396494795653991e+00
6.569504413411119458e+03 1.036346225818788325e+00
6.569538578242192671e+03 1.036749993065807507e+00
6.569572743250940221e+03 1.040715776670723569e+00
6.569606908437363018e+03 1.037805748900862302e+00
6.569641073801462881e+03 1.034650393337410934e+00
6.569675239343240719e+03 1.035763235486587108e+00
6.569709405062696533e+03 1.035899645602966990e+00
6.569743570959832141e+03 1.039427384627468864e+00
6.569777737034648453e+03 1.042365458655686972e+00
6.569811903287145469e+03 1.039102793099971001e+00
6.569846069717325008e+03 1.040170471724762402e+00
6.569880236325187980e+03 1.033345296478273667e+00
6.569914403110735293e+03 1.036435606313121927e+00
6.569948570073966948e+03 1.035683687638264683e+00
6.569982737214884764e+03 1.035055750763470783e+00
6.570016904533488741e+03 1.034778012877280773e+00
6.570051072029781608e+03 1.035503777490521360e+00
6.570085239703762454e+03 1.036761079664991092e+00
6.570119407555433099e+03 1.038511379786755118e+00
6.570153575584794453e+03 1.039504148910905368e+00
6.570187743791847424e+03 1.039152966880996898e+00
6.570221912176592014e+03 1.037462617837511480e+00
6.570256080739030949e+03 1.034798049627977612e+00
6.570290249479163322e+03 1.035413269388248514e+00
6.570324418396990950e+03 1.033966330190722038e+00
6.570358587492515653e+03 1.035391053108899895e+00
6.570392756765736522e+03 1.031061199031027442e+00
6.570426926216655374e+03 1.031377840130612622e+00
6.570461095845273121e+03 1.031131183841319077e+00
6.570495265651590671e+03 1.031913641336579479e+00
6.570529435635608934e+03 1.034416174459335869e+00
6.570563605797328819e+03 1.036310940257910707e+00
6.570597776136751236e+03 1.032555062878572238e+00
6.570631946653878003e+03 1.034562449910598536e+00
6.570666117348708212e+03 1.036960577213725587e+00
6.570700288221243682e+03 1.034991999441190247e+00
6.570734459271486230e+03 1.038423454780703636e+00
6.570768630499434948e+03 1.037272267168499962e+00
6.570802801905092565e+03 1.037400244509060432e+00
6.570836973488459080e+03 1.038110746617381785e+00
6.570871145249535402e+03 1.037052126313489087e+00
6.570905317188322442e+03 1.037726288544387421e+00
6.570939489304822018e+03 1.029787140241150478e+00
6.570973661599033221e+03 1.030911974148157384e+00
6.571007834070958779e+03 1.036836994178574445e+00
6.571042006720598692e+03 1.037510470321993283e+00
6.571076179547954780e+03 1.034328535040861308e+00
6.571110352553027042e+03 1.032720019277154844e+00
6.571144525735815478e+03 1.028857006104331173e+00
6.571178699096323726e+03 1.024433301509349192e+00
6.571212872634549967e+03 1.024938827855344625e+00
6.571247046350496930e+03 1.029482305419541444e+00
6.571281220244165524e+03 1.032839571710451709e+00
6.571315394315554840e+03 1.026710995951895855e+00
6.571349568564668516e+03 1.021831048100368733e+00
6.571383742991504732e+03 1.025443923537094904e+00
6.571417917596066218e+03 1.034843973200514355e+00
6.571452092378352972e+03 1.028903947822087606e+00
6.571486267338366815e+03 1.030228159451204828e+00
6.571520442476108656e+03 1.028764005240035528e+00
6.571554617791577584e+03 1.029255290363561004e+00
6.571588793284777239e+03 1.027176174028536337e+00
6.571622968955706710e+03 1.031136817650023962e+00
6.571657144804366908e+03 1.032972333381388719e+00
6.571691320830759651e+03 1.028398325004142189e+00
6.571725497034884938e+03 1.027361864584934947e+00
6.571759673416745500e+03 1.030286022097414156e+00
6.571793849976339516e+03 1.030187939083647475e+00
6.571828026713670624e+03 1.026623086401006191e+00
6.571862203628737916e+03 1.030186788185009084e+00
6.571896380721542300e+03 1.031348789737307037e+00
6.571930557992086506e+03 1.030822720631177303e+00
6.571964735440369623e+03 1.030445991114254722e+00
6.571998913066392561e+03 1.031435296103166532e+00
6.572033090870158048e+03 1.024923155447037049e+00
6.572067268851665176e+03 1.021548989834964782e+00
6.572101447010915763e+03 1.027451466085565368e+00
6.572135625347910718e+03 1.030873396379379692e+00
6.572169803862650042e+03 1.028165722832447004e+00
6.572203982555135553e+03 1.027414897363193580e+00
6.572238161425368162e+03 1.026314836442092648e+00
6.572272340473348777e+03 1.022726958931754915e+00
6.572306519699078308e+03 1.023448857723512795e+00
6.572340699102557664e+03 1.024660747484593015e+00
6.572374878683786847e+03 1.022568222875666510e+00
6.572409058442768583e+03 1.026422403316670451e+00
6.572443238379501963e+03 1.027361292960739636e+00
6.572477418493988807e+03 1.026417717007117592e+00
6.572511598786230934e+03 1.021172734702059826e+00
6.572545779256227434e+03 1.013129662178830381e+00
6.572579959903980125e+03 9.907323538492533999e-01
6.572614140729489918e+03 9.747146439532560214e-01
6.572648321732757722e+03 9.740126436526866938e-01
6.572682502913784447e+03 9.849394150446516560e-01
6.572716684272571911e+03 1.003381598438330524e+00
6.572750865809119205e+03 1.015153409056914313e+00
6.572785047523429057e+03 1.021065821930672524e+00
6.572819229415500558e+03 1.023982327052251229e+00
6.572853411485336437e+03 1.022290622935440929e+00
6.572887593732935784e+03 1.025072033829292462e+00
6.572921776158301327e+03 1.025763458387316085e+00
6.572955958761433067e+03 1.029390694409304752e+00
6.572990141542332822e+03 1.029565264859065410e+00
6.573024324500999683e+03 1.029211667639260197e+00
6.573058507637436378e+03 1.029062386403532869e+00
6.573092690951642908e+03 1.021878868637741800e+00
6.573126874443620181e+03 1.029768597548338160e+00
6.573161058113369108e+03 1.028177088982330956e+00
6.573195241960891508e+03 1.028294289458127730e+00
6.573229425986187380e+03 1.029429418974695976e+00
6.573263610189257633e+03 1.022599617812463224e+00
6.573297794570104088e+03 1.026926195005679832e+00
6.573331979128726744e+03 1.033447941225167810e+00
6.573366163865126509e+03 1.030047701205881960e+00
6.573400348779305205e+03 1.030180067943534672e+00
6.573434533871262829e+03 1.029114179227432313e+00
6.573468719141000292e+03 1.026378827237172109e+00
6.573502904588519414e+03 1.024161137755265294e+00
6.573537090213821102e+03 1.026748610685381369e+00
6.573571276016904449e+03 1.030209259280506107e+00
6.573605461997773091e+03 1.027828315273516369e+00
6.573639648156426119e+03 1.030515577076973832e+00
6.573673834492864444e+03 1.026704974395389325e+00
6.573708021007089883e+03 1.027519205567495986e+00
6.573742207699102437e+03 1.025936657233187610e+00
6.573776394568903925e+03 1.024452488053222421e+00
6.573810581616495256e+03 1.027387278351052924e+00
6.573844768841876430e+03 1.030034967901017673e+00
6.573878956245048357e+03 1.027886767042537119e+00
6.573913143826013766e+03 1.023485137022860147e+00
6.573947331584771746e+03 1.023363895962188241e+00
6.573981519521323207e+03 1.024505609356753721e+00
6.574015707635670879e+03 1.022407667565034428e+00
6.574049895927813850e+03 1.025213123138348781e+00
6.574084084397753941e+03 1.022361536959605077e+00
6.574118273045491151e+03 1.019347827330001177e+00
6.574152461871027299e+03 1.023030000543066365e+00
6.574186650874363295e+03 1.022505988401719357e+00
6.574220840055500048e+03 1.024123065347565698e+00
6.574255029414438468e+03 1.018270887455014595e+00
6.574289218951178555e+03 1.026532749993972482e+00
6.574323408665722127e+03 1.026034719403712492e+00
6.574357598558070094e+03 1.024449712981256866e+00
6.574391788628223367e+03 1.027569993276384652e+00
6.574425978876182853e+03 1.030491514888466353e+00
6.574460169301948554e+03 1.027125188941584444e+00
6.574494359905523197e+03 1.021368060106643272e+00
6.574528550686905874e+03 1.021895951281373227e+00
6.574562741646099312e+03 1.026250008449259621e+00
6.574596932783102602e+03 1.029384039056839173e+00
6.574631124097918473e+03 1.028602139258428805e+00
6.574665315590546015e+03 1.027480510754038567e+00
6.574699507260987048e+03 1.025776901098899963e+00
6.574733699109243389e+03 1.025358272249119240e+00
6.574767891135314130e+03 1.023343535987589314e+00
6.574802083339201999e+03 1.022106774706952548e+00
6.574836275720906087e+03 1.030729601951424046e+00
6.574870468280429122e+03 1.031809914711806497e+00
6.574904661017771105e+03 1.028582334677184962e+00
6.574938853932932943e+03 1.029240186924810008e+00
6.574973047025915548e+03 1.030272000903007079e+00
6.575007240296719829e+03 1.024836725979003882e+00
6.575041433745346694e+03 1.021620466048109632e+00
6.575075627371797964e+03 1.021254789084599324e+00
6.575109821176073638e+03 1.020352418330370714e+00
6.575144015158174625e+03 1.021992366045672895e+00
6.575178209318101835e+03 1.020486319753786564e+00
6.575212403655856178e+03 1.021185878660652246e+00
6.575246598171439473e+03 1.021733295591585433e+00
6.575280792864851719e+03 1.015446986398969242e+00
6.575314987736094736e+03 1.004574765405483072e+00
6.575349182785167613e+03 9.772479303007973739e-01
6.575383378012073990e+03 9.388014843922045660e-01
6.575417573416812047e+03 9.371223183344696839e-01
6.575451768999384512e+03 9.611736069412620820e-01
6.575485964759791386e+03 9.923336196615091254e-01
6.575520160698034488e+03 1.007749849945837939e+00
6.575554356814113817e+03 1.014376713757561665e+00
6.575588553108030283e+03 1.019191751455537309e+00
6.575622749579785705e+03 1.024948571932422281e+00
6.575656946229380992e+03 1.025290594081473161e+00
6.575691143056816145e+03 1.022626822029832017e+00
6.575725340062092073e+03 1.023477659070880730e+00
6.575759537245210595e+03 1.021786320107225920e+00
6.575793734606172620e+03 1.025417276054788163e+00
6.575827932144978149e+03 1.030053540582982485e+00
6.575862129861629001e+03 1.026631671417713054e+00
6.575896327756125174e+03 1.025357310483357542e+00
6.575930525828468490e+03 1.018070128391281637e+00
6.575964724078658946e+03 1.020857560621086568e+00
6.575998922506699273e+03 1.018284889466978704e+00
6.576033121112588560e+03 1.027745076792558887e+00
6.576067319896327717e+03 1.025380761838599719e+00
6.576101518857918563e+03 1.021914613524611992e+00
6.576135717997362008e+03 1.026891520483392162e+00
6.576169917314658960e+03 1.023562496571617686e+00
6.576204116809810330e+03 1.021255772139692208e+00
6.576238316482816117e+03 1.023257774241053575e+00
6.576272516333678141e+03 1.021056071263970022e+00
6.576306716362397310e+03 1.020191951695314403e+00
6.576340916568973626e+03 1.021472118860516476e+00
6.576375116953409815e+03 1.021262729978809070e+00
6.576409317515704970e+03 1.021580080209225194e+00
6.576443518255860909e+03 1.019492732833085835e+00
6.576477719173878540e+03 1.019118316256232948e+00
6.576511920269758775e+03 1.020727766134361447e+00
6.576546121543502522e+03 1.021404101857586788e+00
6.576580322995110691e+03 1.019528278352089590e+00
6.576614524624584192e+03 1.020904453216086472e+00
6.576648726431923933e+03 1.020224696292215683e+00
6.576682928417130825e+03 1.021008894818565382e+00
6.576717130580204866e+03 1.018982977257538503e+00
6.576751332921148787e+03 1.012291164238581453e+00
6.576785535439962587e+03 1.012747796499999575e+00
6.576819738136647175e+03 1.016136652894402470e+00
6.576853941011203460e+03 1.014893000496042585e+00
6.576888144063632353e+03 1.013158657632526216e+00
6.576922347293934763e+03 1.015295399354638084e+00
6.576956550702112509e+03 1.019052386767800966e+00
6.576990754288164680e+03 1.017879070599349012e+00
6.577024958052094007e+03 1.014840317612133003e+00
6.577059161993899579e+03 1.018619291337272026e+00
6.577093366113584125e+03 1.019475842078495065e+00
6.577127570411148554e+03 1.024208967231470702e+00
6.577161774886591957e+03 1.018456555190141000e+00
6.577195979539917062e+03 1.012713598421146610e+00
6.577230184371123869e+03 1.008238107825767171e+00
6.577264389380213288e+03 1.018476209336580673e+00
6.577298594567186228e+03 1.014045935057956704e+00
6.577332799932044509e+03 1.014726642932689105e+00
6.577367005474788130e+03 1.015392119783668390e+00
6.577401211195418909e+03 1.020682021927499683e+00
6.577435417093936849e+03 1.023810312384691334e+00
6.577469623170342857e+03 1.020240488761875453e+00
6.577503829424638752e+03 1.016040281562850867e+00
6.577538035856824536e+03 1.010792400928367973e+00
6.577572242466901116e+03 1.011252872957792537e+00
6.577606449254870313e+03 1.015520564085496957e+00
6.577640656220733035e+03 1.015140106765688000e+00
6.577674863364489283e+03 1.018016884701420821e+00
6.577709070686139967e+03 1.011443168339352106e+00
6.577743278185686904e+03 1.011658851261894032e+00
6.577777485863131005e+03 1.014777820727782220e+00
6.577811693718472270e+03 1.014369474946145600e+00
6.577845901751711608e+03 1.017064799963097288e+00
6.577880109962851748e+03 1.011650498794862685e+00
6.577914318351890870e+03 1.011954441489462786e+00
6.577948526918832613e+03 1.014819392967055700e+00
6.577982735663676067e+03 1.014119517138795779e+00
6.578016944586423051e+03 1.013432616841503764e+00
6.578051153687073565e+03 1.012926483646973574e+00
6.578085362965629429e+03 1.011025766524424441e+00
6.578119572422091551e+03 1.009134778634998675e+00
6.578153782056460841e+03 1.010609938461668023e+00
6.578187991868737299e+03 1.014272867806669032e+00
6.578222201858922745e+03 1.016028376789195331e+00
6.578256412027018087e+03 1.015933314745324889e+00
6.578290622373023325e+03 1.015170374920547181e+00
6.578324832896941189e+03 1.013399282963446835e+00
6.578359043598770768e+03 1.012313124270004971e+00
6.578393254478513882e+03 1.011460980675634058e+00
6.578427465536171439e+03 1.010401385158272269e+00
6.578461676771744351e+03 1.015037222040989784e+00
6.578495888185233525e+03 1.011421419005704703e+00
6.578530099776639872e+03 1.009884347712712183e+00
6.578564311545963392e+03 1.014499638885357324e+00
6.578598523493206812e+03 1.012773316188593897e+00
6.578632735618370134e+03 1.010225656765694202e+00
6.578666947921453357e+03 1.015649193959402563e+00
6.578701160402459209e+03 1.015780691512359279e+00
6.578735373061386781e+03 1.014570699982396906e+00
6.578769585898238802e+03 1.014848325386767947e+00
6.578803798913015271e+03 1.010448258651396092e+00
6.578838012105716189e+03 1.008594389160926807e+00
6.578872225476344283e+03 1.015081038545785574e+00
6.578906439024899555e+03 1.017177919311546885e+00
6.578940652751382913e+03 1.012481060249139420e+00
6.578974866655795267e+03 1.011267226499924954e+00
6.579009080738138437e+03 1.009432250605935222e+00
6.579043294998411511e+03 1.006798186415777119e+00
6.579077509436617220e+03 1.007928116285800701e+00
6.579111724052755562e+03 1.007260032500628011e+00
6.579145938846827448e+03 1.010670143990058500e+00
6.579180153818834697e+03 1.014941509428950228e+00
6.579214368968776398e+03 1.013827231416382535e+00
6.579248584296655281e+03 1.012722930255832487e+00
6.579282799802472255e+03 1.014440248076357465e+00
6.579317015486226410e+03 1.012737737624544110e+00
6.579351231347920475e+03 1.009968369219615081e+00
6.579385447387555359e+03 1.008253655667334936e+00
6.579419663605130154e+03 1.005283351978410789e+00
6.579453880000647587e+03 1.006978410121714962e+00
6.579488096574108567e+03 1.008004871729771601e+00
6.579522313325513096e+03 1.005586106658318712e+00
6.579556530254862082e+03 1.003855112352022738e+00
6.579590747362157344e+03 1.006557197872957055e+00
6.579624964647398883e+03 1.010019491053655516e+00
6.579659182110588517e+03 1.007341588559886869e+00
6.579693399751726247e+03 1.005511418852270467e+00
6.579727617570813891e+03 1.008438537016642655e+00
6.579761835567851449e+03 1.011834939095785035e+00
6.579796053742840741e+03 1.012147115218049898e+00
6.579830272095782675e+03 1.013484882943841647e+00
6.579864490626677252e+03 1.014679371576329148e+00
6.579898709335526291e+03 1.015644756002711979e+00
6.579932928222329792e+03 1.009948799646202433e+00
6.579967147287089574e+03 1.011725467756742658e+00
6.580001366529806546e+03 1.013696821811484794e+00
6.580035585950480709e+03 1.020711449576352958e+00
6.580069805549113880e+03 1.020461006495786194e+00
6.580104025325706971e+03 1.013840874260144576e+00
6.580138245280259980e+03 1.014997084904617042e+00
6.580172465412775637e+03 1.015707918025751111e+00
6.580206685723253031e+03 1.015023232127897579e+00
6.580240906211693982e+03 1.020544844888593206e+00
6.580275126878098490e+03 1.019884332790764070e+00
6.580309347722469283e+03 1.013032818953461867e+00
6.580343568744805452e+03 1.014769617442928595e+00
6.580377789945108816e+03 1.015242175577701023e+00
6.580412011323380284e+03 1.013561063653548144e+00
6.580446232879620766e+03 1.019384375779395224e+00
6.580480454613831171e+03 1.012857203453067623e+00
6.580514676526012408e+03 1.012994488598698339e+00
6.580548898616165388e+03 1.014730260867326095e+00
6.580583120884290111e+03 1.017148323436133595e+00
6.580617343330389303e+03 1.018964888299116689e+00
6.580651565954462967e+03 1.012144979055605853e+00
6.580685788756511101e+03 1.013035908784767569e+00
6.580720011736536435e+03 1.016342314556817117e+00
6.580754234894538968e+03 1.017122092047968884e+00
6.580788458230519609e+03 1.019075908274146514e+00
6.580822681744479269e+03 1.011528710048437585e+00
6.580856905436418856e+03 1.012683876625799284e+00
6.580891129306339280e+03 1.017038406759954716e+00
6.580925353354242361e+03 1.018300608221267778e+00
6.580959577580127188e+03 1.018108076907765946e+00
6.580993801983996491e+03 1.017331694465789749e+00
6.581028026565850269e+03 1.016879182898037692e+00
6.581062251325689431e+03 1.014458599361647728e+00
6.581096476263514887e+03 1.011683169846487429e+00
6.581130701379328457e+03 1.015456063179934310e+00
6.581164926673130140e+03 1.019413353509806219e+00
6.581199152144920845e+03 1.012224768811423647e+00
6.581233377794701482e+03 1.008503340425272565e+00
6.581267603622473871e+03 1.004175346471576580e+00
6.581301829628238011e+03 9.932572135251607204e-01
6.581336055811995720e+03 9.873144774860828088e-01
6.581370282173747000e+03 9.992818015020674682e-01
6.581404508713492760e+03 1.004538021519018276e+00
6.581438735431234818e+03 1.012450706687575197e+00
6.581472962326973175e+03 1.017791322524764119e+00
6.581507189400708739e+03 1.010210792147074210e+00
6.581541416652443331e+03 1.009505319739633755e+00
6.581575644082177860e+03 1.013643596321319951e+00
6.581609871689912325e+03 1.016612742168095718e+00
6.581644099475647636e+03 1.013618064873947011e+00
6.581678327439385612e+03 1.015469271779184002e+00
6.581712555581127162e+03 1.016262019818146900e+00
6.581746783900872288e+03 1.013375175176602250e+00
6.581781012398622806e+03 1.012257405669203747e+00
6.581815241074378719e+03 1.012883071292240311e+00
6.581849469928141843e+03 1.016214433437548470e+00
6.581883698959913090e+03 1.017712072208613705e+00
6.581917928169692459e+03 1.014850903643612412e+00
6.581952157557481769e+03 1.011893238338469336e+00
6.581986387123281929e+03 1.013004205086129428e+00
6.582020616867092940e+03 1.015369459346533887e+00
6.582054846788916620e+03 1.008493218576099970e+00
6.582089076888753880e+03 1.008884273466839732e+00
6.582123307166605628e+03 1.014108215359628140e+00
6.582157537622471864e+03 1.008780485188863985e+00
6.582191768256354408e+03 1.011248249312220571e+00
6.582225999068254168e+03 1.011523439524670831e+00
6.582260230058172056e+03 1.009979002464121089e+00
6.582294461226108979e+03 1.012683981601000704e+00
6.582328692572065847e+03 1.009713069943496189e+00
6.582362924096042661e+03 1.013876780404117994e+00
6.582397155798042149e+03 1.012677745844686061e+00
6.582431387678063402e+03 1.008120201346951017e+00
6.582465619736108238e+03 1.013007117842268601e+00
6.582499851972177566e+03 1.012897199288590011e+00
6.582534084386273207e+03 1.005876474854679792e+00
6.582568316978394250e+03 1.005598271172255531e+00
6.582602549748542515e+03 1.007100838919359420e+00
6.582636782696718910e+03 1.006892348922450386e+00
6.582671015822925256e+03 1.009082453534250634e+00
6.582705249127160641e+03 1.007263117593241608e+00
6.582739482609427796e+03 1.005649327773104895e+00
6.582773716269725810e+03 1.012170568241625324e+00
6.582807950108057412e+03 1.010799465475213266e+00
6.582842184124422602e+03 1.006811798434423810e+00
6.582876418318822289e+03 1.008671479411801686e+00
6.582910652691257383e+03 1.007824256575242883e+00
6.582944887241729703e+03 1.004152947819982655e+00
6.582979121970238339e+03 1.007058336816191613e+00
6.583013356876786020e+03 1.004088676858730711e+00
6.583047591961372746e+03 1.007291743027045161e+00
6.583081827224000335e+03 1.007414552405603070e+00
6.583116062664667879e+03 1.008169281739144996e+00
6.583150298283378106e+03 1.008453082647614574e+00
6.583184534080131925e+03 1.011748295416323495e+00
6.583218770054928427e+03 1.005278903822363068e+00
6.583253006207770341e+03 1.000934680918737607e+00
6.583287242538658575e+03 1.001404441653112931e+00
6.583321479047593130e+03 1.002463467763720972e+00
6.583355715734574915e+03 1.003334948941246196e+00
6.583389952599605749e+03 1.005635489581245823e+00
6.583424189642685633e+03 1.008436139212624427e+00
6.583458426863815475e+03 1.008848407966375982e+00
6.583492664262997096e+03 1.006884805800338123e+00
6.583526901840231403e+03 1.002476260743387027e+00
6.583561139595518398e+03 9.986151487806579352e-01
6.583595377528859899e+03 9.984550286730954349e-01
6.583629615640255906e+03 1.003070486472942058e+00
6.583663853929707329e+03 1.001717853421883575e+00
6.583698092397216897e+03 1.000047756755825690e+00
6.583732331042783699e+03 1.001176054284765193e+00
6.583766569866408645e+03 9.943278588737430868e-01
6.583800808868094464e+03 1.000099579337048628e+00
6.583835048047840246e+03 9.939691060102758824e-01
6.583869287405646901e+03 9.928369700622886596e-01
6.583903526941517157e+03 9.985955925953361456e-01
6.583937766655450105e+03 1.005627864990524367e+00
6.583972006547446654e+03 1.000288258274334208e+00
6.584006246617509532e+03 9.949527888888864968e-01
6.584040486865637831e+03 9.946476412969186276e-01
6.584074727291833369e+03 9.910296388997535955e-01
6.584108967896097056e+03 9.933685949980322061e-01
6.584143208678429801e+03 1.000795509384923676e+00
6.584177449638832513e+03 1.006634433986183685e+00
6.584211690777305193e+03 1.010174985872096087e+00
6.584245932093849660e+03 1.010050446837506000e+00
6.584280173588467733e+03 1.006609492337024792e+00
6.584314415261158501e+03 1.004230085784066251e+00
6.584348657111923785e+03 1.004225449063414155e+00
6.584382899140764493e+03 1.003267485776949020e+00
6.584417141347681536e+03 1.002311277533197931e+00
6.584451383732675822e+03 1.005376756564011487e+00
6.584485626295748261e+03 1.008994147448000200e+00
6.584519869036899763e+03 1.008132026715325757e+00
6.584554111956132147e+03 1.006837688402584696e+00
6.584588355053444502e+03 1.004624812479435914e+00
6.584622598328838649e+03 9.998286859602872889e-01
6.584656841782316405e+03 1.003893516719133183e+00
6.584691085413876863e+03 1.005101690801936121e+00
6.584725329223522749e+03 1.006545738617887098e+00
6.584759573211254065e+03 1.000468091946202120e+00
6.584793817377071719e+03 9.966668245311178786e-01
6.584828061720976621e+03 1.001090460503816448e+00
6.584862306242969680e+03 1.007516515439749405e+00
6.584896550943052716e+03 1.007501725130270920e+00
6.584930795821225729e+03 1.005596580341978630e+00
6.584965040877489628e+03 1.004600817376432698e+00
6.584999286111846232e+03 1.002273846657594003e+00
6.585033531524295540e+03 1.002932418207851839e+00
6.585067777114838464e+03 1.006164773587680639e+00
6.585102022883475911e+03 1.005371624146460752e+00
6.585136268830209701e+03 1.005541206846993330e+00
6.585170514955039835e+03 1.006446544846284930e+00
6.585204761257968130e+03 1.005117615008983778e+00
6.585239007738994587e+03 1.003218604682208026e+00
6.585273254398120116e+03 1.005802777755624655e+00
6.585307501235346535e+03 1.011507875283367497e+00
6.585341748250674755e+03 1.009485121385738982e+00
6.585375995444103864e+03 1.009321195878409627e+00
6.585410242815637503e+03 1.007264276902146927e+00
6.585444490365274760e+03 1.005070676979235689e+00
6.585478738093016545e+03 1.004658984845123060e+00
6.585512985998864679e+03 1.005857009595249041e+00
6.585547234082820069e+03 1.005761691562266025e+00
6.585581482344882716e+03 1.007855071758639198e+00
6.585615730785054438e+03 1.010666456046174222e+00
6.585649979403335237e+03 1.010693194725327482e+00
6.585684228199727841e+03 1.007690194810941797e+00
6.585718477174230429e+03 1.007554457609039833e+00
6.585752726326846641e+03 1.000033467422779321e+00
6.585786975657575567e+03 1.002829475667621484e+00
6.585821225166419026e+03 1.001179668727948613e+00
6.585855474853377928e+03 1.004463474910659793e+00
6.585889724718452271e+03 1.007934234514059613e+00
6.585923974761643876e+03 1.010293971563671178e+00
6.585958224982953652e+03 1.005311497231368589e+00
6.585992475382382509e+03 1.006841862902064788e+00
6.586026725959931355e+03 1.010416507438400391e+00
6.586060976715601100e+03 1.005687031558183397e+00
6.586095227649391745e+03 1.000846875588249141e+00
6.586129478761305108e+03 1.002346796615806612e+00
6.586163730051343009e+03 1.002776723529704928e+00
6.586197981519504538e+03 1.000804188912829629e+00
6.586232233165791513e+03 1.000496273007061898e+00
6.586266484990204845e+03 9.988567552281730766e-01
6.586300736992745442e+03 9.983414115382688303e-01
6.586334989173414215e+03 1.000344768932092787e+00
6.586369241532212072e+03 1.002038203318324161e+00
6.586403494069140834e+03 9.989101301489109463e-01
6.586437746784199589e+03 1.001284569091815291e+00
6.586471999677390158e+03 1.002543331069238208e+00
6.586506252748714360e+03 1.003574450892738668e+00
6.586540505998171284e+03 1.006015644429449907e+00
6.586574759425763659e+03 1.001664099576778488e+00
6.586609013031491486e+03 1.002448076836515378e+00
6.586643266815355673e+03 1.004164291713270263e+00
6.586677520777357131e+03 1.002508234698376910e+00
6.586711774917496768e+03 1.007068542716811566e+00
6.586746029235776405e+03 1.000647824070482805e+00
6.586780283732196040e+03 1.004354032539459096e+00
6.586814538406756583e+03 1.003731252567606314e+00
6.586848793259458944e+03 1.007773275896495901e+00
6.586883048290304941e+03 1.003821070536548676e+00
6.586917303499294576e+03 1.001672234462304800e+00
6.586951558886429666e+03 1.002423357769793411e+00
6.586985814451709302e+03 9.959928022362403155e-01
6.587020070195137123e+03 9.810363385681080128e-01
6.587054326116711309e+03 9.724556192899334039e-01
6.587088582216434588e+03 9.822664971661597688e-01
6.587122838494307871e+03 9.960227478219085828e-01
6.587157094950330247e+03 9.986524578628965809e-01
6.587191351584505355e+03 9.935865833532330216e-01
6.587225608396832286e+03 9.909130390708970060e-01
6.587259865387311947e+03 9.946202586999450812e-01
6.587294122555946160e+03 9.993793764925608114e-01
6.587328379902734923e+03 1.001928555486397698e+00
6.587362637427680056e+03 1.001210233426517604e+00
6.587396895130782468e+03 1.000998163972004695e+00
6.587431153012042159e+03 1.005089279793824009e+00
6.587465411071460949e+03 1.004824710263954923e+00
6.587499669309038836e+03 1.000861325845433747e+00
6.587533927724777641e+03 9.977550305306737144e-01
6.587568186318678272e+03 1.000472342526107505e+00
6.587602445090741639e+03 1.005600642840087211e+00
6.587636704040967743e+03 1.006990249246452418e+00
6.587670963169358402e+03 1.008832101998546893e+00
6.587705222475913615e+03 1.002314484641992021e+00
6.587739481960636112e+03 9.991809373723752330e-01
6.587773741623524984e+03 9.984268019901979541e-01
6.587808001464582048e+03 1.003966321107167659e+00
6.587842261483808215e+03 1.004074397339664415e+00
6.587876521681204395e+03 1.004199871624496865e+00
6.587910782056770586e+03 1.005699689520243689e+00
6.587945042610509518e+03 1.003854393722622973e+00
6.587979303342420280e+03 1.003154756613506837e+00
6.588013564252505603e+03 1.004754424461331341e+00
6.588047825340764575e+03 9.992929795517990765e-01
6.588082086607199017e+03 9.957762186040808317e-01
6.588116348051809837e+03 9.990742176422473531e-01
6.588150609674598854e+03 1.001034550867175632e+00
6.588184871475565160e+03 1.001417429823707517e+00
6.588219133454710573e+03 9.997005878185185601e-01
6.588253395612036002e+03 1.000689407900413608e+00
6.588287657947543266e+03 1.004967641021849545e+00
6.588321920461231457e+03 1.003552793658433639e+00
6.588356183153103302e+03 1.003929701240981798e+00
6.588390446023157892e+03 1.006144076114032782e+00
6.588424709071397956e+03 1.002289221792877605e+00
6.588458972297823493e+03 1.002197880673014740e+00
6.588493235702435413e+03 1.004001927820761475e+00
6.588527499285235535e+03 1.005367878709262586e+00
6.588561763046222950e+03 1.002707232999632936e+00
6.588596026985400385e+03 9.978278683034139673e-01
6.588630291102768751e+03 1.001151793543374691e+00
6.588664555398327138e+03 1.005608799393912900e+00
6.588698819872078275e+03 1.001054563292749666e+00
6.588733084524022161e+03 1.003629387242354953e+00
6.588767349354159705e+03 1.001137623722040848e+00
6.588801614362492728e+03 1.004902825909378850e+00
6.588835879549021229e+03 1.002971678458628002e+00
6.588870144913746117e+03 1.005056234634878587e+00
6.588904410456669211e+03 9.969380862643099084e-01
6.588938676177791422e+03 9.996870012835161745e-01
6.588972942077111838e+03 9.969025654566093797e-01
6.589007208154634100e+03 1.001681292159176451e+00
6.589041474410356386e+03 1.002096048561889718e+00
6.589075740844282336e+03 9.944031504091570550e-01
6.589110007456411040e+03 9.899492952234127952e-01
6.589144274246743407e+03 9.954074398313667027e-01
6.589178541215281257e+03 9.987111631847340742e-01
6.589212808362024589e+03 9.999509182171334443e-01
6.589247075686975222e+03 1.001165495689974039e+00
6.589281343190134066e+03 9.962564715926017778e-01
6.589315610871501121e+03 9.967902699807837941e-01
6.589349878731078206e+03 1.000945508901447178e+00
6.589384146768866231e+03 1.003359390781461968e+00
6.589418414984866104e+03 1.001917172641690001e+00
6.589452683379077826e+03 9.988352582090300746e-01
6.589486951951502306e+03 1.001013185092301638e+00
6.589521220702142273e+03 1.003557913902290766e+00
6.589555489630996817e+03 1.000196483900781752e+00
6.589589758738068667e+03 9.994989799677387321e-01
6.589624028023356914e+03 1.002915005667875059e+00
6.589658297486862466e+03 1.000628414562118040e+00
6.589692567128588053e+03 1.001322025650265291e+00
6.589726836948533673e+03 1.003948495703385291e+00
6.589761106946699329e+03 1.002900622093245486e+00
6.589795377123086837e+03 9.994077071643212573e-01
6.589829647477698018e+03 9.954752750124208349e-01
6.589863918010531961e+03 1.002262198286878014e+00
6.589898188721590486e+03 1.003811855383501372e+00
6.589932459610874503e+03 9.969887502749928965e-01
6.589966730678384920e+03 9.998969262752456233e-01
6.590001001924122647e+03 1.001950589956401183e+00
6.590035273348089504e+03 1.004405010613255600e+00
6.590069544950284580e+03 1.000972858248240227e+00
6.590103816730709696e+03 9.975300415916172891e-01
6.590138088689366668e+03 1.002357223479866333e+00
6.590172360826254589e+03 1.001720528825145839e+00
6.590206633141376187e+03 1.001421101528833679e+00
6.590240905634731462e+03 9.997949239659302823e-01
6.590275178306321322e+03 1.005951108305400910e+00
6.590309451156146679e+03 1.006417097849690911e+00
6.590343724184208440e+03 1.003126669135088411e+00
6.590377997390508426e+03 9.986678910700147460e-01
6.590412270775046636e+03 1.001229174570012370e+00
6.590446544337823980e+03 1.003892606603535187e+00
6.590480818078842276e+03 1.001186761243506362e+00
6.590515091998101525e+03 1.002000902030506735e+00
6.590549366095602636e+03 9.995493679773509443e-01
6.590583640371346519e+03 1.001026146311356113e+00
6.590617914825334992e+03 1.003232126027379767e+00
6.590652189457568056e+03 1.001615251114405192e+00
6.590686464268047530e+03 1.000770011582351016e+00
6.590720739256773413e+03 1.000237702802811102e+00
6.590755014423746616e+03 1.000228607527177127e+00
6.590789289768968956e+03 1.002092705389164840e+00
6.590823565292441344e+03 9.978033958913560264e-01
6.590857840994163780e+03 9.946184964082993574e-01
6.590892116874137173e+03 9.994154131129359131e-01
6.590926392932363342e+03 1.001063422607306297e+00
6.590960669168843197e+03 1.001504456543299115e+00
6.590994945583576737e+03 1.002455079613023603e+00
6.591029222176565781e+03 1.000170242357140804e+00
6.591063498947810331e+03 9.980083460270572360e-01
6.591097775897312204e+03 1.000846481983101777e+00
6.591132053025072310e+03 1.000649192310123281e+00
6.591166330331090649e+03 1.003514893083566006e+00
6.591200607815369040e+03 1.000982276463893594e+00
6.591234885477908392e+03 1.001736814126966912e+00
6.591269163318708706e+03 1.003116098022154734e+00
6.591303441337771801e+03 1.004016374276676338e+00
6.591337719535098586e+03 9.996580508081115424e-01
6.591371997910689970e+03 9.963971090338473724e-01
6.591406276464546863e+03 1.002937786295015510e+00
6.591440555196669266e+03 1.008320043263807309e+00
6.591474834107058996e+03 1.003849418358562673e+00
6.591509113195716964e+03 1.002487338396830019e+00
6.591543392462644078e+03 1.005180532589842857e+00
6.591577671907841250e+03 9.979938742504460558e-01
6.591611951531309387e+03 9.988232419687380625e-01
6.591646231333049400e+03 9.957466134289009174e-01
6.591680511313062198e+03 9.925935612355968329e-01
6.591714791471347780e+03 9.935249977029120272e-01
6.591749071807908877e+03 9.999265328385594787e-01
6.591783352322745486e+03 9.968424937850821621e-01
6.591817633015858519e+03 9.926907966439572073e-01
6.591851913887248884e+03 9.986845437937100778e-01
6.591886194936917491e+03 9.981030630205793841e-01
6.591920476164865249e+03 9.951734284297222288e-01
6.591954757571093069e+03 9.972107060888210084e-01
6.591989039155601859e+03 9.977360700029518359e-01
6.592023320918393438e+03 1.000817992050127225e+00
6.592057602859466897e+03 1.001794673626203336e+00
6.592091884978824964e+03 1.000380917317286844e+00
6.592126167276467640e+03 9.998245640301539616e-01
6.592160449752395834e+03 1.000715717136791083e+00
6.592194732406611365e+03 9.987146285001757828e-01
6.592229015239114233e+03 9.954806205959745302e-01
6.592263298249905347e+03 9.966028780748129590e-01
6.592297581438985617e+03 1.000035313800037962e+00
6.592331864806356862e+03 1.001504235878018179e+00
6.592366148352019081e+03 9.988309626082789716e-01
6.592400432075974095e+03 9.993523183802138776e-01
6.592434715978221902e+03 1.001155768409909497e+00
6.592469000058763413e+03 9.996424755281071439e-01
6.592503284317600446e+03 1.002344051483482712e+00
6.592537568754733002e+03 1.005423715410228791e+00
6.592571853370161989e+03 1.002993429171982198e+00
6.592606138163890137e+03 1.000436407498822344e+00
6.592640423135915626e+03 1.004221630740764759e+00
6.592674708286241184e+03 9.991118695207926725e-01
6.592708993614867722e+03 9.989739879508715559e-01
6.592743279121795240e+03 1.004039789474368671e+00
6.592777564807025556e+03 1.000755415536334958e+00
6.592811850670559579e+03 9.994051867687248070e-01
6.592846136712397310e+03 1.004775885817843273e+00
6.592880422932540569e+03 9.983744432605037300e-01
6.592914709330989353e+03 1.001138117588843857e+00
6.592948995907745484e+03 9.979727117539822778e-01
6.592983282662809870e+03 1.000256251832008836e+00
6.593017569596182511e+03 9.950834897362899056e-01
6.593051856707866136e+03 9.965757449696958092e-01
6.593086143997859836e+03 9.956852214664961842e-01
6.593120431466165428e+03 9.993570099521051908e-01
6.593154719112782914e+03 9.959453553765480471e-01
6.593189006937715021e+03 9.994782401251143256e-01
6.593223294940960841e+03 1.002599965186738773e+00
6.593257583122522192e+03 9.988387180906126428e-01
6.593291871482399984e+03 9.986477087229128635e-01
6.593326160020595125e+03 9.940603127880655032e-01
6.593360448737108527e+03 9.969068066754898094e-01
6.593394737631941098e+03 9.976936344459745865e-01
6.593429026705092838e+03 1.001231409088077839e+00
6.593463315956566476e+03 9.998416863674972621e-01
6.593497605386362011e+03 9.977399058440407087e-01
6.593531894994480353e+03 9.929691170549879153e-01
6.593566184780921503e+03 9.898040123504797672e-01
6.593600474745688189e+03 9.926554137499469244e-01
6.593634764888780410e+03 9.936085187383629780e-01
6.593669055210199076e+03 9.975089471266117558e-01
6.593703345709945097e+03 9.988544854337669809e-01
6.593737636388020292e+03 9.985454525782639923e-01
6.593771927244423750e+03 9.964544905107108885e-01
6.593806218279158202e+03 9.965760465577598870e-01
6.593840509492222736e+03 9.984293773715484654e-01
6.593874800883620082e+03 9.980920532314732085e-01
6.593909092453351150e+03 9.978208591160132590e-01
6.593943384201415029e+03 9.986316352280281139e-01
6.593977676127814448e+03 9.981840523592613312e-01
