# star name zetOri, line HALPHA
# instrument: HERMES spectrograph @Mercator
# date of observation (midpoint)2018-10-13T06:35:36.061776
# BJD of observation (midpoint)2458404.7769581
# name of fits file: 00897909_HRF_OBJ_ext_CosmicsRemoved_log_merged_c.fits
# 
# wavelength(Angstrom,air) normalised_flux
6.538011917108175112e+03 9.995493485849109572e-01
6.538045918161929876e+03 9.984149534871887832e-01
6.538079919392506781e+03 1.002135987338503842e+00
6.538113920799908556e+03 1.001611604227153229e+00
6.538147922384134290e+03 1.004465829924485964e+00
6.538181924145186713e+03 9.991513942730881892e-01
6.538215926083065824e+03 9.929428955476424790e-01
6.538249928197772533e+03 9.978414857185303743e-01
6.538283930489307750e+03 9.970052487307001776e-01
6.538317932957672383e+03 1.000322566200925190e+00
6.538351935602868252e+03 1.003541775687627702e+00
6.538385938424895357e+03 1.001017806796934861e+00
6.538419941423754608e+03 1.002128914047851316e+00
6.538453944599446913e+03 1.002386772179944208e+00
6.538487947951973183e+03 1.002158022241466773e+00
6.538521951481334327e+03 1.008483865930475121e+00
6.538555955187532163e+03 1.001416983946962214e+00
6.538589959070566692e+03 1.001640728301802064e+00
6.538623963130438824e+03 1.000911631873075081e+00
6.538657967367150377e+03 9.970642631853636750e-01
6.538691971780700442e+03 9.939078085394105200e-01
6.538725976371091747e+03 9.928712422223248124e-01
6.538759981138325202e+03 9.948341926885975184e-01
6.538793986082399897e+03 9.982325435208615483e-01
6.538827991203318561e+03 1.002766259533953042e+00
6.538861996501082103e+03 1.001301392727365958e+00
6.538896001975689614e+03 1.002054335867527790e+00
6.538930007627143823e+03 9.987344626246789092e-01
6.538964013455444729e+03 1.000852105883808907e+00
6.538998019460594151e+03 1.003295459640957121e+00
6.539032025642592089e+03 9.969638195649030976e-01
6.539066032001440362e+03 9.964165368873435513e-01
6.539100038537138971e+03 1.002548232410672480e+00
6.539134045249688825e+03 9.974236369840496774e-01
6.539168052139091742e+03 9.999597607209931294e-01
6.539202059205347723e+03 1.000268412275404639e+00
6.539236066448458587e+03 9.957111203728614690e-01
6.539270073868424333e+03 9.963673943165145541e-01
6.539304081465245872e+03 9.997536545670709929e-01
6.539338089238925932e+03 1.003396056263088365e+00
6.539372097189462693e+03 1.004037263909365096e+00
6.539406105316858884e+03 9.984166249073278543e-01
6.539440113621115415e+03 9.952356275084505155e-01
6.539474122102232286e+03 9.995294929929733341e-01
6.539508130760211316e+03 1.000724265398463597e+00
6.539542139595052504e+03 9.996083233330332884e-01
6.539576148606757670e+03 9.988122385607445253e-01
6.539610157795326813e+03 9.994692241001700284e-01
6.539644167160761754e+03 1.000767356795289720e+00
6.539678176703063400e+03 9.994771943328986108e-01
6.539712186422231753e+03 9.987527083922144167e-01
6.539746196318268630e+03 1.003162922927549383e+00
6.539780206391174033e+03 1.003979918030989849e+00
6.539814216640950690e+03 9.987081632666477971e-01
6.539848227067596781e+03 1.000223268175649549e+00
6.539882237671115945e+03 1.000981977109019816e+00
6.539916248451507272e+03 9.983811377713582846e-01
6.539950259408772581e+03 9.982520545230679776e-01
6.539984270542911872e+03 9.910190196227923742e-01
6.540018281853926965e+03 1.001117437160194745e+00
6.540052293341818768e+03 9.984590533108071986e-01
6.540086305006588191e+03 9.970139215248947639e-01
6.540120316848236143e+03 9.994012632939581753e-01
6.540154328866762626e+03 1.000580787217324907e+00
6.540188341062169457e+03 9.987639117447396631e-01
6.540222353434457546e+03 9.978880878329348114e-01
6.540256365983626893e+03 9.930784333380751061e-01
6.540290378709679317e+03 9.983861326206798781e-01
6.540324391612616637e+03 9.984351880474300334e-01
6.540358404692437944e+03 9.989126475160982066e-01
6.540392417949145056e+03 9.969447962504859317e-01
6.540426431382737974e+03 9.972852131363768580e-01
6.540460444993219426e+03 1.000937299929322233e+00
6.540494458780588502e+03 1.003883092870332616e+00
6.540528472744847932e+03 1.001199244899446006e+00
6.540562486885996805e+03 1.002600753951250034e+00
6.540596501204036940e+03 1.002929498737128444e+00
6.540630515698969248e+03 1.004166363103763171e+00
6.540664530370794637e+03 1.006870735492051194e+00
6.540698545219514017e+03 1.002930958312179044e+00
6.540732560245128298e+03 1.000065721289336018e+00
6.540766575447638388e+03 1.002418623848340795e+00
6.540800590827044289e+03 1.001807439168987957e+00
6.540834606383348728e+03 1.000654760759340789e+00
6.540868622116551705e+03 1.002491793246228280e+00
6.540902638026654131e+03 9.978067009623591277e-01
6.540936654113656914e+03 9.950617724599305491e-01
6.540970670377560964e+03 9.992961463723224469e-01
6.541004686818367190e+03 9.974902594676092749e-01
6.541038703436076503e+03 9.932164223081518806e-01
6.541072720230689811e+03 9.958261215659769405e-01
6.541106737202208024e+03 9.954295598787588073e-01
6.541140754350632051e+03 9.985919831205507524e-01
6.541174771675962802e+03 1.004551143068048047e+00
6.541208789178202096e+03 1.005298451183570529e+00
6.541242806857349933e+03 1.007503159058130482e+00
6.541276824713406313e+03 1.001102016729938038e+00
6.541310842746373964e+03 9.983079448626035468e-01
6.541344860956252887e+03 1.004963238357281519e+00
6.541378879343043991e+03 1.004843611266807768e+00
6.541412897906749095e+03 1.006315072400379762e+00
6.541446916647367289e+03 1.004104718887567804e+00
6.541480935564901301e+03 1.003474849073306974e+00
6.541514954659351133e+03 1.007244289449663599e+00
6.541548973930718603e+03 1.003134499852085471e+00
6.541582993379002801e+03 9.977970359698222769e-01
6.541617013004206456e+03 9.969447208829865792e-01
6.541651032806329567e+03 9.966820685049527784e-01
6.541685052785373045e+03 9.974541037394999421e-01
6.541719072941338709e+03 9.954391050104149929e-01
6.541753093274226558e+03 9.958662577000497729e-01
6.541787113784037501e+03 9.976739581360362097e-01
6.541821134470772449e+03 9.983165888311468228e-01
6.541855155334433221e+03 9.996605491948565847e-01
6.541889176375020725e+03 9.970565733895019322e-01
6.541923197592534052e+03 9.963280152771504250e-01
6.541957218986975931e+03 1.005114793536600493e+00
6.541991240558346362e+03 1.007012802579256405e+00
6.542025262306647164e+03 9.989902785028899057e-01
6.542059284231878337e+03 9.992640793901647056e-01
6.542093306334041699e+03 1.010441578366955806e+00
6.542127328613137252e+03 1.006945960190452460e+00
6.542161351069165903e+03 9.982191744893390561e-01
6.542195373702129473e+03 1.001389973330476302e+00
6.542229396512028870e+03 1.008745152729272343e+00
6.542263419498863186e+03 1.007886135117266768e+00
6.542297442662636058e+03 1.005382131705728765e+00
6.542331466003346577e+03 1.002479108838534749e+00
6.542365489520995652e+03 1.003489049832434254e+00
6.542399513215585102e+03 1.003634920182553625e+00
6.542433537087114928e+03 1.004633108601675096e+00
6.542467561135586948e+03 1.002693838291888850e+00
6.542501585361002071e+03 1.000482620982757753e+00
6.542535609763360299e+03 9.992926763128820999e-01
6.542569634342662539e+03 9.944841370468380237e-01
6.542603659098911521e+03 1.008107714688304180e+00
6.542637684032105426e+03 9.993049740910947554e-01
6.542671709142247892e+03 9.995008104278462202e-01
6.542705734429338008e+03 9.941974542747118448e-01
6.542739759893377595e+03 9.836793137097907813e-01
6.542773785534366652e+03 9.709424895387908094e-01
6.542807811352306999e+03 9.540862264849536700e-01
6.542841837347199544e+03 9.435631700677680200e-01
6.542875863519044287e+03 9.580196308699914232e-01
6.542909889867843958e+03 9.816419834465388572e-01
6.542943916393596737e+03 9.953618486645193775e-01
6.542977943096306262e+03 9.957099363516703772e-01
6.543011969975971624e+03 9.950400122056494157e-01
6.543045997032594641e+03 9.981214218539551375e-01
6.543080024266176224e+03 1.001976197530227486e+00
6.543114051676717281e+03 1.001367434354050623e+00
6.543148079264217813e+03 9.986906363350539495e-01
6.543182107028679638e+03 1.006366986683559395e+00
6.543216134970103667e+03 1.005931410874979282e+00
6.543250163088490808e+03 1.000457202679682078e+00
6.543284191383841971e+03 9.987726185575899196e-01
6.543318219856157157e+03 9.981210746200130934e-01
6.543352248505438183e+03 9.956187327466811121e-01
6.543386277331686870e+03 9.966557744846951117e-01
6.543420306334902307e+03 9.999376907644866863e-01
6.543454335515086314e+03 9.952036471331138223e-01
6.543488364872239799e+03 9.899038857015867166e-01
6.543522394406362764e+03 9.994388110280200133e-01
6.543556424117457937e+03 9.994066206717170386e-01
6.543590454005525316e+03 9.988691968947176480e-01
6.543624484070564904e+03 9.998465135850640451e-01
6.543658514312579427e+03 1.003254178402019248e+00
6.543692544731567978e+03 1.005928132520380380e+00
6.543726575327533283e+03 1.004401431831401625e+00
6.543760606100474433e+03 1.003337793257648158e+00
6.543794637050394158e+03 1.005307076531061217e+00
6.543828668177291547e+03 1.002928676316413359e+00
6.543862699481169329e+03 1.001423479282111062e+00
6.543896730962027505e+03 1.001836164952294439e+00
6.543930762619866073e+03 1.009244666615234820e+00
6.543964794454687762e+03 1.006347720755772279e+00
6.543998826466492574e+03 9.964361763391930138e-01
6.544032858655281416e+03 9.974033807633989612e-01
6.544066891021055199e+03 9.965085046080635056e-01
6.544100923563814831e+03 1.005829020745642177e+00
6.544134956283561223e+03 1.000229969894575355e+00
6.544168989180296194e+03 9.965859707244365540e-01
6.544203022254018833e+03 9.979282782620028103e-01
6.544237055504731870e+03 9.953489675127165093e-01
6.544271088932435305e+03 9.915481967761626825e-01
6.544305122537130046e+03 9.853989896512912461e-01
6.544339156318817004e+03 9.652559727213162466e-01
6.544373190277497997e+03 9.272096850173815463e-01
6.544407224413173026e+03 8.577585142510294469e-01
6.544441258725842999e+03 8.256331055532089014e-01
6.544475293215508827e+03 8.735268653607815015e-01
6.544509327882172329e+03 9.386434850622970005e-01
6.544543362725832594e+03 9.710942036412111289e-01
6.544577397746492352e+03 9.858862091829632135e-01
6.544611432944152511e+03 9.974691315176141826e-01
6.544645468318812163e+03 9.958108255966031663e-01
6.544679503870474036e+03 9.971189271890150696e-01
6.544713539599139040e+03 1.006307183799581173e+00
6.544747575504806264e+03 1.003602665334521804e+00
6.544781611587479347e+03 1.005829908271730133e+00
6.544815647847156470e+03 1.003537422452136507e+00
6.544849684283840361e+03 9.970743603975845692e-01
6.544883720897531020e+03 9.987062468057383846e-01
6.544917757688230267e+03 1.000513612783411110e+00
6.544951794655938102e+03 9.938415351273065523e-01
6.544985831800655433e+03 1.001735524201226912e+00
6.545019869122384080e+03 9.984189210174411189e-01
6.545053906621124042e+03 1.002396632572510660e+00
6.545087944296877140e+03 1.001295727239756461e+00
6.545121982149643372e+03 9.968620060058339671e-01
6.545156020179424559e+03 9.991746437242956524e-01
6.545190058386221608e+03 1.002120725739038098e+00
6.545224096770033611e+03 9.998265219363247081e-01
6.545258135330864206e+03 9.995628976366544016e-01
6.545292174068712484e+03 9.998377120366306325e-01
6.545326212983579353e+03 9.982239623890287739e-01
6.545360252075466633e+03 9.986702355185157476e-01
6.545394291344375233e+03 1.000049844869519866e+00
6.545428330790305154e+03 9.953049822396360380e-01
6.545462370413258213e+03 9.958083308814841272e-01
6.545496410213234412e+03 1.000998853028044921e+00
6.545530450190235570e+03 1.001985278086816367e+00
6.545564490344262595e+03 1.000390851314429952e+00
6.545598530675315487e+03 9.990522627515550091e-01
6.545632571183396067e+03 1.005623559889386121e+00
6.545666611868505242e+03 1.003901277900431488e+00
6.545700652730643014e+03 1.002147663706282055e+00
6.545734693769811201e+03 1.000964070221033841e+00
6.545768734986010713e+03 1.003760923596325183e+00
6.545802776379241550e+03 1.006462643128639645e+00
6.545836817949505530e+03 1.006813245026162651e+00
6.545870859696803564e+03 1.008431190887851603e+00
6.545904901621136560e+03 1.006745050634321625e+00
6.545938943722505428e+03 9.981244844486873991e-01
6.545972986000910169e+03 1.002857124464402672e+00
6.546007028456352600e+03 1.005974398474289044e+00
6.546041071088833633e+03 1.004225508520910193e+00
6.546075113898354175e+03 1.004425637015376571e+00
6.546109156884914228e+03 1.005064799206443649e+00
6.546143200048516519e+03 1.002060584367683527e+00
6.546177243389160139e+03 9.993573850948163084e-01
6.546211286906846908e+03 1.000190855552880231e+00
6.546245330601577734e+03 1.000256047542535498e+00
6.546279374473353528e+03 9.861892862279715288e-01
6.546313418522175198e+03 9.809392567027770404e-01
6.546347462748043654e+03 9.901169990074777383e-01
6.546381507150958896e+03 9.979070242673777624e-01
6.546415551730923653e+03 1.000107065592185762e+00
6.546449596487937015e+03 9.988313602775334976e-01
6.546483641422001710e+03 9.991832246668425066e-01
6.546517686533117740e+03 1.008616250597887953e+00
6.546551731821285102e+03 1.005287019881638821e+00
6.546585777286506527e+03 1.001984737391041103e+00
6.546619822928781105e+03 9.968542558666347864e-01
6.546653868748111563e+03 1.000240986442966884e+00
6.546687914744497903e+03 1.001430974505147065e+00
6.546721960917940123e+03 1.004903119737402095e+00
6.546756007268440953e+03 1.007512273020213955e+00
6.546790053796000393e+03 1.005203315055522628e+00
6.546824100500619352e+03 1.009289904755019007e+00
6.546858147382298739e+03 1.004472137793626763e+00
6.546892194441039464e+03 1.003656128281144033e+00
6.546926241676842437e+03 1.006237746117513154e+00
6.546960289089709477e+03 1.012599212849160546e+00
6.546994336679640583e+03 1.009526788728762670e+00
6.547028384446635755e+03 1.004753548100523197e+00
6.547062432390697722e+03 1.006486422665517022e+00
6.547096480511827394e+03 1.008807809116046617e+00
6.547130528810023861e+03 1.007718720715304883e+00
6.547164577285288942e+03 1.006517457006435690e+00
6.547198625937624456e+03 1.009570033022259894e+00
6.547232674767030403e+03 1.008685897247070251e+00
6.547266723773508602e+03 1.011986677288360115e+00
6.547300772957058143e+03 1.007481001691247435e+00
6.547334822317681756e+03 1.004343248476793127e+00
6.547368871855379439e+03 1.001533795563009033e+00
6.547402921570153012e+03 9.999097862131708370e-01
6.547436971462002475e+03 1.005110565153047197e+00
6.547471021530928738e+03 1.001783355614848325e+00
6.547505071776932709e+03 1.007239610738447588e+00
6.547539122200016209e+03 1.009854717707308946e+00
6.547573172800179236e+03 1.004670996473872480e+00
6.547607223577423611e+03 1.001551821799626873e+00
6.547641274531749332e+03 1.008251067845193250e+00
6.547675325663157309e+03 1.011003593732557215e+00
6.547709376971649363e+03 1.007936394894770160e+00
6.547743428457226400e+03 1.006244132698728588e+00
6.547777480119887514e+03 1.000552251601656728e+00
6.547811531959635431e+03 1.008169317392615838e+00
6.547845583976471062e+03 1.009360062002413239e+00
6.547879636170394406e+03 1.004769031699707327e+00
6.547913688541407282e+03 1.005100293322166438e+00
6.547947741089509691e+03 1.004449663077254140e+00
6.547981793814703451e+03 1.006425402372537414e+00
6.548015846716988563e+03 1.007177508387785192e+00
6.548049899796365935e+03 1.003980042591055000e+00
6.548083953052838297e+03 1.006259895338597055e+00
6.548118006486404738e+03 1.004739060663058181e+00
6.548152060097066169e+03 9.855891795538019862e-01
6.548186113884824408e+03 9.568932998244197297e-01
6.548220167849680365e+03 9.340416001449071137e-01
6.548254221991634040e+03 9.428387214437055075e-01
6.548288276310687252e+03 9.764335408911695158e-01
6.548322330806840000e+03 9.990042843114536053e-01
6.548356385480095014e+03 9.987115092385093762e-01
6.548390440330451383e+03 9.991221545338272447e-01
6.548424495357910018e+03 1.009594031713576312e+00
6.548458550562472738e+03 1.008954661051876478e+00
6.548492605944140450e+03 1.015663465243644703e+00
6.548526661502914067e+03 1.009335355416548508e+00
6.548560717238793586e+03 1.002028688145053525e+00
6.548594773151781737e+03 1.000986400778728580e+00
6.548628829241877611e+03 1.002430051113904819e+00
6.548662885509082116e+03 1.005604566478204065e+00
6.548696941953397982e+03 1.008588743628752615e+00
6.548730998574824298e+03 1.006260144183844130e+00
6.548765055373362884e+03 1.006622188468716317e+00
6.548799112349014649e+03 1.004851621619605950e+00
6.548833169501780503e+03 1.002951472693415225e+00
6.548867226831661355e+03 1.007832580575642956e+00
6.548901284338657206e+03 1.006914599357555451e+00
6.548935342022769873e+03 1.003459423223825198e+00
6.548969399884001177e+03 1.002864593776980895e+00
6.549003457922350208e+03 1.000247344711576725e+00
6.549037516137818784e+03 9.918993918673361110e-01
6.549071574530407815e+03 9.740343754977445201e-01
6.549105633100118212e+03 9.278682373356429425e-01
6.549139691846950882e+03 8.842166671492845964e-01
6.549173750770906736e+03 8.949340349274120809e-01
6.549207809871986683e+03 9.419055696007682110e-01
6.549241869150190723e+03 9.784900371405264030e-01
6.549275928605521585e+03 9.908972473203327969e-01
6.549309988237979269e+03 9.949474928564746579e-01
6.549344048047564684e+03 1.001206623650117811e+00
6.549378108034278739e+03 1.008543063896367498e+00
6.549412168198122345e+03 1.014570081215995012e+00
6.549446228539096410e+03 1.008744798831673783e+00
6.549480289057201844e+03 1.006168252071254710e+00
6.549514349752439557e+03 1.009418569349058936e+00
6.549548410624811368e+03 1.008444732218773066e+00
6.549582471674316366e+03 1.006342534052761417e+00
6.549616532900957282e+03 1.000643618349577046e+00
6.549650594304733204e+03 9.990372656175648958e-01
6.549684655885646862e+03 1.005415438132484907e+00
6.549718717643698255e+03 1.003046054413593513e+00
6.549752779578889204e+03 1.009496787340923518e+00
6.549786841691218797e+03 1.003866410506481621e+00
6.549820903980689764e+03 1.004716419454066534e+00
6.549854966447302104e+03 1.008558042698328716e+00
6.549889029091056727e+03 1.008241320409629660e+00
6.549923091911954543e+03 1.008636787441382410e+00
6.549957154909997371e+03 1.011098513786013564e+00
6.549991218085185210e+03 1.012004425516296102e+00
6.550025281437518970e+03 1.012572690381761120e+00
6.550059344966999561e+03 1.013522262441524324e+00
6.550093408673628801e+03 1.013698231142137196e+00
6.550127472557406691e+03 1.013588682840669719e+00
6.550161536618335049e+03 1.013262732964805402e+00
6.550195600856412966e+03 1.014995772335361979e+00
6.550229665271644080e+03 1.012083257620212118e+00
6.550263729864026573e+03 1.010099951386310257e+00
6.550297794633563171e+03 1.012594362838016071e+00
6.550331859580254786e+03 1.016885463802533085e+00
6.550365924704100507e+03 1.018925599905255774e+00
6.550399990005103064e+03 1.008294362746294137e+00
6.550434055483263364e+03 1.008446492648118475e+00
6.550468121138581409e+03 1.014107496420693089e+00
6.550502186971059018e+03 1.020852175719221933e+00
6.550536252980696190e+03 1.014794836104041753e+00
6.550570319167493835e+03 1.011181542756193430e+00
6.550604385531453772e+03 1.010607076702236817e+00
6.550638452072576911e+03 1.007863597869914196e+00
6.550672518790863251e+03 1.006992828891953407e+00
6.550706585686314611e+03 1.006607998558683326e+00
6.550740652758930992e+03 1.009741282225208536e+00
6.550774720008714212e+03 1.011458086703820092e+00
6.550808787435664271e+03 1.018890233668297229e+00
6.550842855039782989e+03 1.008913058984627575e+00
6.550876922821071275e+03 1.009715368235925892e+00
6.550910990779529129e+03 1.016902264644653719e+00
6.550945058915158370e+03 1.020339624698218817e+00
6.550979127227958998e+03 1.019363028424394857e+00
6.551013195717932831e+03 1.013642988865429473e+00
6.551047264385080780e+03 1.010225310947174160e+00
6.551081333229403754e+03 1.011590419778567895e+00
6.551115402250901752e+03 1.007592303109658083e+00
6.551149471449576595e+03 1.010797862120092150e+00
6.551183540825429191e+03 1.014972272310822987e+00
6.551217610378459540e+03 1.013780532603350881e+00
6.551251680108669461e+03 1.012618125826685755e+00
6.551285750016059865e+03 1.013477266192612136e+00
6.551319820100631659e+03 1.013625568566801194e+00
6.551353890362384846e+03 1.013362095385450523e+00
6.551387960801322151e+03 1.013360199017340424e+00
6.551422031417442668e+03 1.015578124775827540e+00
6.551456102210748213e+03 1.017070638805784633e+00
6.551490173181239697e+03 1.019780799253206860e+00
6.551524244328917121e+03 1.016629628339181801e+00
6.551558315653783211e+03 1.017493462496521062e+00
6.551592387155837059e+03 1.018582041603084853e+00
6.551626458835081394e+03 1.011807084185960770e+00
6.551660530691515305e+03 1.009403055421488338e+00
6.551694602725140612e+03 1.017754144853720843e+00
6.551728674935958225e+03 1.017253020027095056e+00
6.551762747323969052e+03 1.018413911136738070e+00
6.551796819889174003e+03 1.019531317449095864e+00
6.551830892631573988e+03 1.017006909555921768e+00
6.551864965551169917e+03 1.011850201761388623e+00
6.551899038647962698e+03 1.012155319518349028e+00
6.551933111921954151e+03 1.013716918508781095e+00
6.551967185373143366e+03 1.011799903346853213e+00
6.552001259001532162e+03 1.011135202139113121e+00
6.552035332807121449e+03 1.015180998192748207e+00
6.552069406789912136e+03 1.018402260948040761e+00
6.552103480949906043e+03 1.014895572005381830e+00
6.552137555287102259e+03 1.017486582928694316e+00
6.552171629801503514e+03 1.019540423226943160e+00
6.552205704493108897e+03 1.014731346528902733e+00
6.552239779361921137e+03 1.011781785242006571e+00
6.552273854407940235e+03 1.009596239427239084e+00
6.552307929631167099e+03 1.012888125942793316e+00
6.552342005031602639e+03 1.016720461857631319e+00
6.552376080609248675e+03 1.014861428759080031e+00
6.552410156364105205e+03 1.022515616944719152e+00
6.552444232296173141e+03 1.016352534479868508e+00
6.552478308405453390e+03 1.015014316738970912e+00
6.552512384691946863e+03 1.009299591167004184e+00
6.552546461155655379e+03 1.006488973241778995e+00
6.552580537796578938e+03 1.004315757051083002e+00
6.552614614614718448e+03 1.009426418716478757e+00
6.552648691610075730e+03 1.017465881380600790e+00
6.552682768782649873e+03 1.019608089755112523e+00
6.552716846132444516e+03 1.018352814419358765e+00
6.552750923659457840e+03 1.016647695928013295e+00
6.552785001363692572e+03 1.016990288946780341e+00
6.552819079245148714e+03 1.020161906210336866e+00
6.552853157303828084e+03 1.016837162569659503e+00
6.552887235539730682e+03 1.012514842778078350e+00
6.552921313952857417e+03 1.012147569528288438e+00
6.552955392543210110e+03 1.008042583016462768e+00
6.552989471310788758e+03 1.006435231453024715e+00
6.553023550255595183e+03 1.009252118206275917e+00
6.553057629377629382e+03 9.940768476800622144e-01
6.553091708676892267e+03 9.507412938442614259e-01
6.553125788153386566e+03 9.055305403667062158e-01
6.553159867807110459e+03 8.712823104177063183e-01
6.553193947638066675e+03 9.036337887817896819e-01
6.553228027646256123e+03 9.535018557847693144e-01
6.553262107831678804e+03 9.902854337706034071e-01
6.553296188194336537e+03 1.004235159746582173e+00
6.553330268734229321e+03 1.004087202328600270e+00
6.553364349451358976e+03 1.006930299088644176e+00
6.553398430345725501e+03 1.014639249851897462e+00
6.553432511417330716e+03 1.016919200631754894e+00
6.553466592666175529e+03 1.019571556675408441e+00
6.553500674092259942e+03 1.017213245187302828e+00
6.553534755695585773e+03 1.018452688290592434e+00
6.553568837476153931e+03 1.019742611475390026e+00
6.553602919433964416e+03 1.017685017519792900e+00
6.553637001569019048e+03 1.014928415413796525e+00
6.553671083881318737e+03 1.011604803487094806e+00
6.553705166370863481e+03 1.012226622580594704e+00
6.553739249037656009e+03 1.017087239939297394e+00
6.553773331881694503e+03 1.017650259517011602e+00
6.553807414902982600e+03 1.016043185408309624e+00
6.553841498101519392e+03 1.016931268736483984e+00
6.553875581477307605e+03 1.015627347552258586e+00
6.553909665030346332e+03 1.019995878247777155e+00
6.553943748760636481e+03 1.019390692560300016e+00
6.553977832668180781e+03 1.017361576093358977e+00
6.554011916752978323e+03 1.016676891129481897e+00
6.554046001015031834e+03 1.019166305380974080e+00
6.554080085454340406e+03 1.021747667534485648e+00
6.554114170070905857e+03 1.018484703895338628e+00
6.554148254864729097e+03 1.015517875487965460e+00
6.554182339835810126e+03 1.020947285083203093e+00
6.554216424984151672e+03 1.009594032865391844e+00
6.554250510309753736e+03 9.916985704606073870e-01
6.554284595812616317e+03 9.702372896292360549e-01
6.554318681492742144e+03 9.598201756030774190e-01
6.554352767350131217e+03 9.775978755641764328e-01
6.554386853384783535e+03 1.001253845349815874e+00
6.554420939596701828e+03 1.010167884101103697e+00
6.554455025985885186e+03 1.012349006545983698e+00
6.554489112552336337e+03 1.013427285268946543e+00
6.554523199296054372e+03 1.014882378350930869e+00
6.554557286217042019e+03 1.015387016147397459e+00
6.554591373315299279e+03 1.011120362545196549e+00
6.554625460590826151e+03 1.013683701012615845e+00
6.554659548043625364e+03 1.018703238938862610e+00
6.554693635673696917e+03 1.017063418823981547e+00
6.554727723481041721e+03 1.012258626123848204e+00
6.554761811465661594e+03 1.012014653784961915e+00
6.554795899627555627e+03 1.008875560870698740e+00
6.554829987966726549e+03 1.003384875512441932e+00
6.554864076483173449e+03 1.013164700437812149e+00
6.554898165176899056e+03 1.014314734754972802e+00
6.554932254047903371e+03 1.018817498652385245e+00
6.554966343096188211e+03 1.016826944744824823e+00
6.555000432321752669e+03 1.017388740778357059e+00
6.555034521724599472e+03 1.014907376753047430e+00
6.555068611304728620e+03 1.013260185701707616e+00
6.555102701062141023e+03 1.015432765592654496e+00
6.555136790996838499e+03 1.018130337219802062e+00
6.555170881108821050e+03 1.018356439830750526e+00
6.555204971398089583e+03 1.015892163209176857e+00
6.555239061864645919e+03 1.013815711479042703e+00
6.555273152508490057e+03 1.015974457539319475e+00
6.555307243329622906e+03 1.015604550052383592e+00
6.555341334328046287e+03 1.018551733700279849e+00
6.555375425503760198e+03 1.021866630894392669e+00
6.555409516856765549e+03 1.024656418636497257e+00
6.555443608387064160e+03 1.024714708307225441e+00
6.555477700094656029e+03 1.021330832317513870e+00
6.555511791979542977e+03 1.019898136523899046e+00
6.555545884041725003e+03 1.020205914425436511e+00
6.555579976281203017e+03 1.015878933769363224e+00
6.555614068697978837e+03 1.016570939326094214e+00
6.555648161292053373e+03 1.011780613383756355e+00
6.555682254063426626e+03 1.015026781909838638e+00
6.555716347012100414e+03 1.017472034574379514e+00
6.555750440138074737e+03 1.018316747522246324e+00
6.555784533441350504e+03 1.020111006762310257e+00
6.555818626921930445e+03 1.021269825852362700e+00
6.555852720579812740e+03 1.020461145099792466e+00
6.555886814415001027e+03 1.017791131930025905e+00
6.555920908427494396e+03 1.017157677397290572e+00
6.555955002617293758e+03 1.023962010369403819e+00
6.555989096984401840e+03 1.023743875442293616e+00
6.556023191528817733e+03 1.021026529890396883e+00
6.556057286250542347e+03 1.026869419664479421e+00
6.556091381149577501e+03 1.031984870779201424e+00
6.556125476225924103e+03 1.023334070115619054e+00
6.556159571479583065e+03 1.020732703145617037e+00
6.556193666910554384e+03 1.026396753220385483e+00
6.556227762518839882e+03 1.028381360332474070e+00
6.556261858304440466e+03 1.024823371761803825e+00
6.556295954267356137e+03 1.019439479319669495e+00
6.556330050407589624e+03 1.021049456529211197e+00
6.556364146725140017e+03 1.021868231301889418e+00
6.556398243220009135e+03 1.025894969002481005e+00
6.556432339892196978e+03 1.028515917577573324e+00
6.556466436741706275e+03 1.026225975135254487e+00
6.556500533768536116e+03 1.023839227052126599e+00
6.556534630972688319e+03 1.025595631698808852e+00
6.556568728354163795e+03 1.030429158924383470e+00
6.556602825912963453e+03 1.031100132250304835e+00
6.556636923649088203e+03 1.028720314784998813e+00
6.556671021562538954e+03 1.032242705918814840e+00
6.556705119653316615e+03 1.033050996864975035e+00
6.556739217921421186e+03 1.027919268025873745e+00
6.556773316366855397e+03 1.031178095255308014e+00
6.556807414989618337e+03 1.028689324557275464e+00
6.556841513789712735e+03 1.030505657460871083e+00
6.556875612767137682e+03 1.031175403248564493e+00
6.556909711921895905e+03 1.032006348509199700e+00
6.556943811253986496e+03 1.035159134750976984e+00
6.556977910763412183e+03 1.036583083886712942e+00
6.557012010450172056e+03 1.032813289426530057e+00
6.557046110314268844e+03 1.028582199497835248e+00
6.557080210355702548e+03 1.032907865383863477e+00
6.557114310574473166e+03 1.025967392794625566e+00
6.557148410970583427e+03 1.030064522674796645e+00
6.557182511544033332e+03 1.038161451987765993e+00
6.557216612294824699e+03 1.030649619852060495e+00
6.557250713222956620e+03 1.031335377340178105e+00
6.557284814328430912e+03 1.035590414725265029e+00
6.557318915611249395e+03 1.030764896648504125e+00
6.557353017071412069e+03 1.026343652968112474e+00
6.557387118708919843e+03 1.027740349834924016e+00
6.557421220523773627e+03 1.027015879739460180e+00
6.557455322515975240e+03 1.026550804932229388e+00
6.557489424685523772e+03 1.028204028741123599e+00
6.557523527032421953e+03 1.021430014225380489e+00
6.557557629556670690e+03 1.016805652133518700e+00
6.557591732258269076e+03 1.010062962629056260e+00
6.557625835137219838e+03 9.974223024267716564e-01
6.557659938193522976e+03 9.706688262910257992e-01
6.557694041427180309e+03 9.448849925789253312e-01
6.557728144838190929e+03 9.471611760666426294e-01
6.557762248426558472e+03 9.770527699823297052e-01
6.557796352192281120e+03 1.006241497537995411e+00
6.557830456135361601e+03 1.013234951423504837e+00
6.557864560255799915e+03 1.010369806417049654e+00
6.557898664553597882e+03 1.015321586034211965e+00
6.557932769028755501e+03 1.018886363156977115e+00
6.557966873681274592e+03 1.017279946401524082e+00
6.558000978511155154e+03 1.015948734594738889e+00
6.558035083518399006e+03 1.016516936123323278e+00
6.558069188703006148e+03 1.012225142391835586e+00
6.558103294064977490e+03 1.008022830813630533e+00
6.558137399604314851e+03 1.010531386804546239e+00
6.558171505321019140e+03 1.012655852461647576e+00
6.558205611215090357e+03 1.014490670242910175e+00
6.558239717286529412e+03 1.008553372858438379e+00
6.558273823535339034e+03 1.012573885237288307e+00
6.558307929961518312e+03 1.007125041086916806e+00
6.558342036565068156e+03 1.006401435180579451e+00
6.558376143345990386e+03 1.005857400309427385e+00
6.558410250304285910e+03 1.002844882797202519e+00
6.558444357439954729e+03 1.001347726040328956e+00
6.558478464752998661e+03 1.003102084384966286e+00
6.558512572243417708e+03 1.006519787421795264e+00
6.558546679911214596e+03 1.004257615304097406e+00
6.558580787756388418e+03 9.894215954211319497e-01
6.558614895778940081e+03 9.805418739103860526e-01
6.558649003978872315e+03 9.677314821415972101e-01
6.558683112356184211e+03 9.675556132183508184e-01
6.558717220910877586e+03 9.754526985990235044e-01
6.558751329642953351e+03 9.800991745350657869e-01
6.558785438552411506e+03 9.864344391069187479e-01
6.558819547639253869e+03 9.925461424269856892e-01
6.558853656903482261e+03 9.941335302101481641e-01
6.558887766345094860e+03 9.923030899533813454e-01
6.558921875964095307e+03 9.872645087996114732e-01
6.558955985760483600e+03 9.835922522022877423e-01
6.558990095734259739e+03 9.880798438038678189e-01
6.559024205885426454e+03 9.801480394660837536e-01
6.559058316213982835e+03 9.814717870389069176e-01
6.559092426719930700e+03 9.777935400452081316e-01
6.559126537403270959e+03 9.684806908859874275e-01
6.559160648264004521e+03 9.639022953714081465e-01
6.559194759302132297e+03 9.705160156330923105e-01
6.559228870517655196e+03 9.773135142946335341e-01
6.559262981910574126e+03 9.764967321963907709e-01
6.559297093480889998e+03 9.753413405628709176e-01
6.559331205228603721e+03 9.769606097958960511e-01
6.559365317153716205e+03 9.752933867489224085e-01
6.559399429256228359e+03 9.685729395910913642e-01
6.559433541536141092e+03 9.657888268829800671e-01
6.559467653993455315e+03 9.648658346835138344e-01
6.559501766628171936e+03 9.654712244871865856e-01
6.559535879440292774e+03 9.690900110043350058e-01
6.559569992429816921e+03 9.667594878132621528e-01
6.559604105596747104e+03 9.641302873395477535e-01
6.559638218941083323e+03 9.625896032158880455e-01
6.559672332462825580e+03 9.604686835670556144e-01
6.559706446161976601e+03 9.620091110923429945e-01
6.559740560038537296e+03 9.573255232424990879e-01
6.559774674092506757e+03 9.479991412395174510e-01
6.559808788323887711e+03 9.559153100508714918e-01
6.559842902732680159e+03 9.519369555820482720e-01
6.559877017318885009e+03 9.489945312174556946e-01
6.559911132082503173e+03 9.529399997684819823e-01
6.559945247023536467e+03 9.498134267752260662e-01
6.559979362141984893e+03 9.490911530345916836e-01
6.560013477437849360e+03 9.450520275669705983e-01
6.560047592911130778e+03 9.377023542606738316e-01
6.560081708561830965e+03 9.388471779621005986e-01
6.560115824389949921e+03 9.387282035305185568e-01
6.560149940395489466e+03 9.387065678327967122e-01
6.560184056578449599e+03 9.382190266455442407e-01
6.560218172938831231e+03 9.382338786210866477e-01
6.560252289476636179e+03 9.319131768223533063e-01
6.560286406191864444e+03 9.317042601855872741e-01
6.560320523084517845e+03 9.340445409896043216e-01
6.560354640154596382e+03 9.306700867287183154e-01
6.560388757402100964e+03 9.301358806881062646e-01
6.560422874827033411e+03 9.301990390281730248e-01
6.560456992429393722e+03 9.279834910861370911e-01
6.560491110209183717e+03 9.276291167659832526e-01
6.560525228166404304e+03 9.241806709081477056e-01
6.560559346301055484e+03 9.270159262268896638e-01
6.560593464613138167e+03 9.191202520200961734e-01
6.560627583102655080e+03 9.199713118412962132e-01
6.560661701769604406e+03 9.156143429416495616e-01
6.560695820613989781e+03 9.153879411799261678e-01
6.560729939635809387e+03 9.173273481126162920e-01
6.560764058835066862e+03 9.163334936395644004e-01
6.560798178211761297e+03 9.108159924024105125e-01
6.560832297765894509e+03 9.074832349746069227e-01
6.560866417497466500e+03 9.079278603183692509e-01
6.560900537406479089e+03 9.080546657095638352e-01
6.560934657492933184e+03 9.081240811935816781e-01
6.560968777756829695e+03 8.947179929782586028e-01
6.561002898198168623e+03 8.729644715115192355e-01
6.561037018816951786e+03 8.725291916924176050e-01
6.561071139613180094e+03 8.781596075039895810e-01
6.561105260586853547e+03 8.902336161001396242e-01
6.561139381737973963e+03 9.019622219586549416e-01
6.561173503066542253e+03 9.034790475535225962e-01
6.561207624572559325e+03 8.975065850972019366e-01
6.561241746256026090e+03 8.949120118834125170e-01
6.561275868116943457e+03 8.949768988074012777e-01
6.561309990155311425e+03 8.935014572216113393e-01
6.561344112371131814e+03 8.959130876619644246e-01
6.561378234764405533e+03 8.937525248565020286e-01
6.561412357335134402e+03 8.944009958021320594e-01
6.561446480083316601e+03 8.894281864579349772e-01
6.561480603008955768e+03 8.888002435916505517e-01
6.561514726112051903e+03 8.887326388971797941e-01
6.561548849392605916e+03 8.853140248834941994e-01
6.561582972850618717e+03 8.754821064082149995e-01
6.561617096486091214e+03 8.637461859176784884e-01
6.561651220299023407e+03 8.623144035111529604e-01
6.561685344289418026e+03 8.741724166968429799e-01
6.561719468457275070e+03 8.833609211533364203e-01
6.561753592802595449e+03 8.790797920196344872e-01
6.561787717325380072e+03 8.775835529837945348e-01
6.561821842025629849e+03 8.763848265070374177e-01
6.561855966903345688e+03 8.736214658688656876e-01
6.561890091958528501e+03 8.793886765661083071e-01
6.561924217191179196e+03 8.778679543913031624e-01
6.561958342601298682e+03 8.781466925539159751e-01
6.561992468188888779e+03 8.795550046681541723e-01
6.562026593953949487e+03 8.770855709080680462e-01
6.562060719896481714e+03 8.758569485378092656e-01
6.562094846016486372e+03 8.775409764551481695e-01
6.562128972313964368e+03 8.779045607702624654e-01
6.562163098788917523e+03 8.778691571146243211e-01
6.562197225441344926e+03 8.738801032042935457e-01
6.562231352271249307e+03 8.709444245900871406e-01
6.562265479278631574e+03 8.722376746861604246e-01
6.562299606463490818e+03 8.724556191448035181e-01
6.562333733825829768e+03 8.645739992030168075e-01
6.562367861365648423e+03 8.634861023152942128e-01
6.562401989082948603e+03 8.624644921980827439e-01
6.562436116977730308e+03 8.622994606032362563e-01
6.562470245049994446e+03 8.674434994352957506e-01
6.562504373299742838e+03 8.704563775449319918e-01
6.562538501726974573e+03 8.682952736231240864e-01
6.562572630331693290e+03 8.667035112735805846e-01
6.562606759113898079e+03 8.668135196352685368e-01
6.562640888073589849e+03 8.643905167793871636e-01
6.562675017210769511e+03 8.570532960203732786e-01
6.562709146525439792e+03 8.580106345789960676e-01
6.562743276017598873e+03 8.606693454463770765e-01
6.562777405687249484e+03 8.610711685552450145e-01
6.562811535534392533e+03 8.627763029327497613e-01
6.562845665559028021e+03 8.625676060448981275e-01
6.562879795761157766e+03 8.590732959605349439e-01
6.562913926140781768e+03 8.552737542634238910e-01
6.562948056697900938e+03 8.489818769241486152e-01
6.562982187432518003e+03 8.430437265711786532e-01
6.563016318344632055e+03 8.471692418232664723e-01
6.563050449434244001e+03 8.467134253628557650e-01
6.563084580701355662e+03 8.533620081828671156e-01
6.563118712145967947e+03 8.511130500152020995e-01
6.563152843768081766e+03 8.519793607907544253e-01
6.563186975567697118e+03 8.570843012889804990e-01
6.563221107544815823e+03 8.586407248186411767e-01
6.563255239699437880e+03 8.562905765193276064e-01
6.563289372031565108e+03 8.584846644353342215e-01
6.563323504541198417e+03 8.604854999121173131e-01
6.563357637228338717e+03 8.598096498826565126e-01
6.563391770092986008e+03 8.632517104681816100e-01
6.563425903135143017e+03 8.622184945076404317e-01
6.563460036354808835e+03 8.606867448375545848e-01
6.563494169751984373e+03 8.612610606516923895e-01
6.563528303326672358e+03 8.628855656106478866e-01
6.563562437078871881e+03 8.652630840238976218e-01
6.563596571008585670e+03 8.618755991841938746e-01
6.563630705115812816e+03 8.628173537927426029e-01
6.563664839400555138e+03 8.614440259245140785e-01
6.563698973862813546e+03 8.625742135298283264e-01
6.563733108502588948e+03 8.667004624206962049e-01
6.563767243319882255e+03 8.658356580557288185e-01
6.563801378314693466e+03 8.630824207063763076e-01
6.563835513487025310e+03 8.651924435736150221e-01
6.563869648836877786e+03 8.710240386720923267e-01
6.563903784364250896e+03 8.690156963007141799e-01
6.563937920069147367e+03 8.708513953598647772e-01
6.563972055951566290e+03 8.678467115498840201e-01
6.564006192011510393e+03 8.566678035698664928e-01
6.564040328248979677e+03 8.490234011036349449e-01
6.564074464663975050e+03 8.565604422741761592e-01
6.564108601256496513e+03 8.700351375970393208e-01
6.564142738026546795e+03 8.820631357166058839e-01
6.564176874974125894e+03 8.885430187662209933e-01
6.564211012099235631e+03 8.897823421549894141e-01
6.564245149401875096e+03 8.899362184961225886e-01
6.564279286882046108e+03 8.872239982917513590e-01
6.564313424539750486e+03 8.876031947096536534e-01
6.564347562374988229e+03 8.865940683601561956e-01
6.564381700387760247e+03 8.919169992355938659e-01
6.564415838578067451e+03 8.939408676990259206e-01
6.564449976945910748e+03 8.906091131987849963e-01
6.564484115491291959e+03 8.982398989103609344e-01
6.564518254214211083e+03 8.922487772233446135e-01
6.564552393114669030e+03 8.853779039281148844e-01
6.564586532192667619e+03 8.832950862702915185e-01
6.564620671448205940e+03 8.830746678932116511e-01
6.564654810881287631e+03 8.782073966796259956e-01
6.564688950491910873e+03 8.531269545475965721e-01
6.564723090280078395e+03 8.318416822429769431e-01
6.564757230245790197e+03 8.427471652630553756e-01
6.564791370389047188e+03 8.796406859770651288e-01
6.564825510709851187e+03 8.989808880576557470e-01
6.564859651208203104e+03 9.183961490578740339e-01
6.564893791884102029e+03 9.269051941644868009e-01
6.564927932737551600e+03 9.245698021828177016e-01
6.564962073768549999e+03 9.297062343197916023e-01
6.564996214977099953e+03 9.362401621205314051e-01
6.565030356363202372e+03 9.416798605223885010e-01
6.565064497926857257e+03 9.433775786689767573e-01
6.565098639668066426e+03 9.419756077795730098e-01
6.565132781586829879e+03 9.455444705199295141e-01
6.565166923683148525e+03 9.439538634029679409e-01
6.565201065957025094e+03 9.471881986339769632e-01
6.565235208408457765e+03 9.456183408005751634e-01
6.565269351037450178e+03 9.492697665632781057e-01
6.565303493844001423e+03 9.501826323839873689e-01
6.565337636828113318e+03 9.588849910562993184e-01
6.565371779989785864e+03 9.619419650923485277e-01
6.565405923329020879e+03 9.626775544235643967e-01
6.565440066845818365e+03 9.699024598848713374e-01
6.565474210540181048e+03 9.712560622917026931e-01
6.565508354412108019e+03 9.668687382633612826e-01
6.565542498461600189e+03 9.691519272410491492e-01
6.565576642688660286e+03 9.738669009387909137e-01
6.565610787093287399e+03 9.763717968752251286e-01
6.565644931675483349e+03 9.746295023994516749e-01
6.565679076435248135e+03 9.805199864293828727e-01
6.565713221372584485e+03 9.828171486053487449e-01
6.565747366487491490e+03 9.891605028138169553e-01
6.565781511779970970e+03 9.900260532626624643e-01
6.565815657250023833e+03 9.933697561992876901e-01
6.565849802897650989e+03 9.961798952930583928e-01
6.565883948722853347e+03 9.985236834532578154e-01
6.565918094725630908e+03 1.002213219808606892e+00
6.565952240905986400e+03 1.003667366802076577e+00
6.565986387263918914e+03 1.002972745567079382e+00
6.566020533799430268e+03 1.003457539728028980e+00
6.566054680512522282e+03 1.006213081279261123e+00
6.566088827403194045e+03 1.013458517093104527e+00
6.566122974471447378e+03 1.010276397214455502e+00
6.566157121717283189e+03 1.012899311648915779e+00
6.566191269140702389e+03 1.016505690430529185e+00
6.566225416741706795e+03 1.015418704294253072e+00
6.566259564520295498e+03 1.016483840479164957e+00
6.566293712476470319e+03 1.016202610866496547e+00
6.566327860610232165e+03 1.016471455365660415e+00
6.566362008921582856e+03 1.019021582549039850e+00
6.566396157410521482e+03 1.024938583500131672e+00
6.566430306077050773e+03 1.029307528938145921e+00
6.566464454921170727e+03 1.026687958642449550e+00
6.566498603942882255e+03 1.024768488859793880e+00
6.566532753142186266e+03 1.030205656567691364e+00
6.566566902519083669e+03 1.037721017459332318e+00
6.566601052073575374e+03 1.031206100676925086e+00
6.566635201805663201e+03 1.030386307481095720e+00
6.566669351715347148e+03 1.037511070928000878e+00
6.566703501802628125e+03 1.042255450765478431e+00
6.566737652067507042e+03 1.037854627115656792e+00
6.566771802509985719e+03 1.039297378176122777e+00
6.566805953130064154e+03 1.040746387373221893e+00
6.566840103927743257e+03 1.041608664512761351e+00
6.566874254903024848e+03 1.045312024851071442e+00
6.566908406055908017e+03 1.046656470237509629e+00
6.566942557386396402e+03 1.048984124159739295e+00
6.566976708894488183e+03 1.053452210976183245e+00
6.567010860580186090e+03 1.052243758272552787e+00
6.567045012443491032e+03 1.055309843553157378e+00
6.567079164484402099e+03 1.042926072034418894e+00
6.567113316702922020e+03 1.046305956205875409e+00
6.567147469099051705e+03 1.051991650265869715e+00
6.567181621672791152e+03 1.059582686118405226e+00
6.567215774424142182e+03 1.058525484889676571e+00
6.567249927353104795e+03 1.056795038023860878e+00
6.567284080459679899e+03 1.059997475896676145e+00
6.567318233743869314e+03 1.061299562777189287e+00
6.567352387205673949e+03 1.065319408536826939e+00
6.567386540845093805e+03 1.070666871488172855e+00
6.567420694662130700e+03 1.068391145690410937e+00
6.567454848656784634e+03 1.069723776457670139e+00
6.567489002829057426e+03 1.063988746764440219e+00
6.567523157178949077e+03 1.069638726082568825e+00
6.567557311706461405e+03 1.075275221367018696e+00
6.567591466411595320e+03 1.066740113838675397e+00
6.567625621294351731e+03 1.073762763415706090e+00
6.567659776354730639e+03 1.073754032949350679e+00
6.567693931592732952e+03 1.072444741537452506e+00
6.567728087008361399e+03 1.077096174847255838e+00
6.567762242601615071e+03 1.079448096912615895e+00
6.567796398372495787e+03 1.077231563402236025e+00
6.567830554321004456e+03 1.073019652345639230e+00
6.567864710447141078e+03 1.070988558579526462e+00
6.567898866750907473e+03 1.075967321115568476e+00
6.567933023232304549e+03 1.077308081535632844e+00
6.567967179891333217e+03 1.072649638168770236e+00
6.568001336727994385e+03 1.079462864530752020e+00
6.568035493742288054e+03 1.078767805353084919e+00
6.568069650934216952e+03 1.075729106531589263e+00
6.568103808303780170e+03 1.077130410635190882e+00
6.568137965850979526e+03 1.077363357908323271e+00
6.568172123575815931e+03 1.080007546372685479e+00
6.568206281478290293e+03 1.080388569707851909e+00
6.568240439558403523e+03 1.074362925700662164e+00
6.568274597816156529e+03 1.068552770554302533e+00
6.568308756251550221e+03 1.068905485818526735e+00
6.568342914864585509e+03 1.072322239260669718e+00
6.568377073655263302e+03 1.073949087719034967e+00
6.568411232623584510e+03 1.074884586391196217e+00
6.568445391769549133e+03 1.079023249898293901e+00
6.568479551093159898e+03 1.082066345520796169e+00
6.568513710594416807e+03 1.075195834807806117e+00
6.568547870273321678e+03 1.074550498414761579e+00
6.568582030129873601e+03 1.071541880592692619e+00
6.568616190164074396e+03 1.075144719397698179e+00
6.568650350375925882e+03 1.078054220045766121e+00
6.568684510765427149e+03 1.073729032009122175e+00
6.568718671332580925e+03 1.072015535926010843e+00
6.568752832077387211e+03 1.073184859160917659e+00
6.568786992999846916e+03 1.069632448138619685e+00
6.568821154099960950e+03 1.068018450241436934e+00
6.568855315377731131e+03 1.066723480339607288e+00
6.568889476833157460e+03 1.058124996333474233e+00
6.568923638466240845e+03 1.066386288650857717e+00
6.568957800276982198e+03 1.066235730123530789e+00
6.568991962265383336e+03 1.063356454207719404e+00
6.569026124431444259e+03 1.060689179684292327e+00
6.569060286775165878e+03 1.057545660785787378e+00
6.569094449296549101e+03 1.052332511089207889e+00
6.569128611995595747e+03 1.052881525587850087e+00
6.569162774872306727e+03 1.059655352622185021e+00
6.569196937926681130e+03 1.053521467840567105e+00
6.569231101158721685e+03 1.038712836393473005e+00
6.569265264568429302e+03 1.034370751364879881e+00
6.569299428155803980e+03 1.037338088247382384e+00
6.569333591920846629e+03 1.032301840895824663e+00
6.569367755863559069e+03 1.024192276731775042e+00
6.569401919983941298e+03 1.032321269586386370e+00
6.569436084281995136e+03 1.040419312614471847e+00
6.569470248757721492e+03 1.041374763410547688e+00
6.569504413411119458e+03 1.043116220534783922e+00
6.569538578242192671e+03 1.048881956071097798e+00
6.569572743250940221e+03 1.040588446138706713e+00
6.569606908437363018e+03 1.036164017201786969e+00
6.569641073801462881e+03 1.041143353812123529e+00
6.569675239343240719e+03 1.048453542472029820e+00
6.569709405062696533e+03 1.045891761819839116e+00
6.569743570959832141e+03 1.041548850974887142e+00
6.569777737034648453e+03 1.041336195775052209e+00
6.569811903287145469e+03 1.040095694249651093e+00
6.569846069717325008e+03 1.037238326577579528e+00
6.569880236325187980e+03 1.030214156589529306e+00
6.569914403110735293e+03 1.030392196034619401e+00
6.569948570073966948e+03 1.021484471706269215e+00
6.569982737214884764e+03 1.030705492940275469e+00
6.570016904533488741e+03 1.030055954682917108e+00
6.570051072029781608e+03 1.035452166804352148e+00
6.570085239703762454e+03 1.037871019487017321e+00
6.570119407555433099e+03 1.035198793084268765e+00
6.570153575584794453e+03 1.037793709674190490e+00
6.570187743791847424e+03 1.035976337468702546e+00
6.570221912176592014e+03 1.031740527782077033e+00
6.570256080739030949e+03 1.032332363769287165e+00
6.570290249479163322e+03 1.032073283915089013e+00
6.570324418396990950e+03 1.032941652877862548e+00
6.570358587492515653e+03 1.037165477306721595e+00
6.570392756765736522e+03 1.033361152534618910e+00
6.570426926216655374e+03 1.030257611648787597e+00
6.570461095845273121e+03 1.036139438828348025e+00
6.570495265651590671e+03 1.032506322058161174e+00
6.570529435635608934e+03 1.029522788262967836e+00
6.570563605797328819e+03 1.028174458460711316e+00
6.570597776136751236e+03 1.029250088054338486e+00
6.570631946653878003e+03 1.029553176367257183e+00
6.570666117348708212e+03 1.032300351363191648e+00
6.570700288221243682e+03 1.029563303653316053e+00
6.570734459271486230e+03 1.026274480898375696e+00
6.570768630499434948e+03 1.027278056950095442e+00
6.570802801905092565e+03 1.026646013359748588e+00
6.570836973488459080e+03 1.023024807008530379e+00
6.570871145249535402e+03 1.023210970740214387e+00
6.570905317188322442e+03 1.029400786309329296e+00
6.570939489304822018e+03 1.025169005237315023e+00
6.570973661599033221e+03 1.025071699082393817e+00
6.571007834070958779e+03 1.025967087980094616e+00
6.571042006720598692e+03 1.026697339780412666e+00
6.571076179547954780e+03 1.026153085840282086e+00
6.571110352553027042e+03 1.012868458415145057e+00
6.571144525735815478e+03 1.010326716852269602e+00
6.571178699096323726e+03 1.014009577165610354e+00
6.571212872634549967e+03 1.016055198271172966e+00
6.571247046350496930e+03 1.018451062152521569e+00
6.571281220244165524e+03 1.017721924967242897e+00
6.571315394315554840e+03 1.014298213611341204e+00
6.571349568564668516e+03 1.013523665449399536e+00
6.571383742991504732e+03 1.013084279940189791e+00
6.571417917596066218e+03 1.013886199047992598e+00
6.571452092378352972e+03 1.018485539365595383e+00
6.571486267338366815e+03 1.016894990858536740e+00
6.571520442476108656e+03 1.011559482638928698e+00
6.571554617791577584e+03 1.014635229326382948e+00
6.571588793284777239e+03 1.018334124193964740e+00
6.571622968955706710e+03 1.018725407925994420e+00
6.571657144804366908e+03 1.013494216345294685e+00
6.571691320830759651e+03 1.014365973769535634e+00
6.571725497034884938e+03 1.013375334038975284e+00
6.571759673416745500e+03 1.015195478306907484e+00
6.571793849976339516e+03 1.017211494665249516e+00
6.571828026713670624e+03 1.017195527367441121e+00
6.571862203628737916e+03 1.017064022001303636e+00
6.571896380721542300e+03 1.016204965944113026e+00
6.571930557992086506e+03 1.019907206670862099e+00
6.571964735440369623e+03 1.018203330352150937e+00
6.571998913066392561e+03 1.011450843124505061e+00
6.572033090870158048e+03 1.010548710598396793e+00
6.572067268851665176e+03 1.022880054242723880e+00
6.572101447010915763e+03 1.014220742891386307e+00
6.572135625347910718e+03 1.013857298311187094e+00
6.572169803862650042e+03 1.017814340954330099e+00
6.572203982555135553e+03 1.016319085186017102e+00
6.572238161425368162e+03 1.017105005984821231e+00
6.572272340473348777e+03 1.020298080418213793e+00
6.572306519699078308e+03 1.016503904577900519e+00
6.572340699102557664e+03 1.013354772795775238e+00
6.572374878683786847e+03 1.012697346570871737e+00
6.572409058442768583e+03 1.010582728605471159e+00
6.572443238379501963e+03 1.011153878040706111e+00
6.572477418493988807e+03 1.007894642921518091e+00
6.572511598786230934e+03 9.995123642817691501e-01
6.572545779256227434e+03 9.797312935583577520e-01
6.572579959903980125e+03 9.430376618542039013e-01
6.572614140729489918e+03 9.215124239881380408e-01
6.572648321732757722e+03 9.352437859939395359e-01
6.572682502913784447e+03 9.586716122422958009e-01
6.572716684272571911e+03 9.799541006715093427e-01
6.572750865809119205e+03 9.934402661837592463e-01
6.572785047523429057e+03 1.000869493944194666e+00
6.572819229415500558e+03 1.011274504543450137e+00
6.572853411485336437e+03 1.012566127439889385e+00
6.572887593732935784e+03 1.009635899159235572e+00
6.572921776158301327e+03 1.012367154433435168e+00
6.572955958761433067e+03 1.014533536485621612e+00
6.572990141542332822e+03 1.016926905080778321e+00
6.573024324500999683e+03 1.017459757861963521e+00
6.573058507637436378e+03 1.012268522563232853e+00
6.573092690951642908e+03 1.007592842926055443e+00
6.573126874443620181e+03 1.009070726293808562e+00
6.573161058113369108e+03 1.014302931696590360e+00
6.573195241960891508e+03 1.011874955664373354e+00
6.573229425986187380e+03 1.010911854541154620e+00
6.573263610189257633e+03 1.012196469125480780e+00
6.573297794570104088e+03 1.012538911795364482e+00
6.573331979128726744e+03 1.010541789321234285e+00
6.573366163865126509e+03 1.010948240937078690e+00
6.573400348779305205e+03 1.012140431736854307e+00
6.573434533871262829e+03 1.010175132196692083e+00
6.573468719141000292e+03 1.009603397934586422e+00
6.573502904588519414e+03 1.010280540734187937e+00
6.573537090213821102e+03 1.011831681578841957e+00
6.573571276016904449e+03 1.015612826573679017e+00
6.573605461997773091e+03 1.011983956980873511e+00
6.573639648156426119e+03 1.013734394671485850e+00
6.573673834492864444e+03 1.016922973746318570e+00
6.573708021007089883e+03 1.016186305460917705e+00
6.573742207699102437e+03 1.011616983718641727e+00
6.573776394568903925e+03 1.023081654541043273e+00
6.573810581616495256e+03 1.012858643457131613e+00
6.573844768841876430e+03 1.010460287460573259e+00
6.573878956245048357e+03 1.015949431526112168e+00
6.573913143826013766e+03 1.011141219138282032e+00
6.573947331584771746e+03 1.006213667428038638e+00
6.573981519521323207e+03 1.007805219995106416e+00
6.574015707635670879e+03 1.006688944249465756e+00
6.574049895927813850e+03 1.005799356634890618e+00
6.574084084397753941e+03 1.008699242741565749e+00
6.574118273045491151e+03 1.011589642692852564e+00
6.574152461871027299e+03 1.018005043800865428e+00
6.574186650874363295e+03 1.019901575376714664e+00
6.574220840055500048e+03 1.012783982348188339e+00
6.574255029414438468e+03 1.009299637252813575e+00
6.574289218951178555e+03 1.010763558782491911e+00
6.574323408665722127e+03 1.009494804074396512e+00
6.574357598558070094e+03 1.013987234643607627e+00
6.574391788628223367e+03 1.016666973072927860e+00
6.574425978876182853e+03 1.016536561705567721e+00
6.574460169301948554e+03 1.009648277815568651e+00
6.574494359905523197e+03 1.011896612951461272e+00
6.574528550686905874e+03 1.014633986432628587e+00
6.574562741646099312e+03 1.016207999654130445e+00
6.574596932783102602e+03 1.019742868757487875e+00
6.574631124097918473e+03 1.021093101724216856e+00
6.574665315590546015e+03 1.019417882377416040e+00
6.574699507260987048e+03 1.015597051007851137e+00
6.574733699109243389e+03 1.016145440341759798e+00
6.574767891135314130e+03 1.019994665612644180e+00
6.574802083339201999e+03 1.021057368697860346e+00
6.574836275720906087e+03 1.020457193399758822e+00
6.574870468280429122e+03 1.021424276491040839e+00
6.574904661017771105e+03 1.024201682175431838e+00
6.574938853932932943e+03 1.014084249073573751e+00
6.574973047025915548e+03 1.013698610082060414e+00
6.575007240296719829e+03 1.018295570528727989e+00
6.575041433745346694e+03 1.019813451862143561e+00
6.575075627371797964e+03 1.014361792874171719e+00
6.575109821176073638e+03 1.013102588378644420e+00
6.575144015158174625e+03 1.016796695329408529e+00
6.575178209318101835e+03 1.014707817813456758e+00
6.575212403655856178e+03 1.010270050875172076e+00
6.575246598171439473e+03 1.006325583344238161e+00
6.575280792864851719e+03 9.945500943182098430e-01
6.575314987736094736e+03 9.636023803806389454e-01
6.575349182785167613e+03 9.066102856471529581e-01
6.575383378012073990e+03 8.713416374492618521e-01
6.575417573416812047e+03 8.984213393006927895e-01
6.575451768999384512e+03 9.456215419358782182e-01
6.575485964759791386e+03 9.788101158949981118e-01
6.575520160698034488e+03 9.997383763245301092e-01
6.575554356814113817e+03 1.009491079011366033e+00
6.575588553108030283e+03 1.015586598057617307e+00
6.575622749579785705e+03 1.015471502484220689e+00
6.575656946229380992e+03 1.016694269974367071e+00
6.575691143056816145e+03 1.020108426525484280e+00
6.575725340062092073e+03 1.017271946089041812e+00
6.575759537245210595e+03 1.015487482506908901e+00
6.575793734606172620e+03 1.017196651543632147e+00
6.575827932144978149e+03 1.015446925783628940e+00
6.575862129861629001e+03 1.016792177411345088e+00
6.575896327756125174e+03 1.019656956345551535e+00
6.575930525828468490e+03 1.014501570401412645e+00
6.575964724078658946e+03 1.014291866340774950e+00
6.575998922506699273e+03 1.015704208054992286e+00
6.576033121112588560e+03 1.018318665071286322e+00
6.576067319896327717e+03 1.018872780627764429e+00
6.576101518857918563e+03 1.016806130214159776e+00
6.576135717997362008e+03 1.018441186320402148e+00
6.576169917314658960e+03 1.015131932555122019e+00
6.576204116809810330e+03 1.018834301473180437e+00
6.576238316482816117e+03 1.017745394458390074e+00
6.576272516333678141e+03 1.016639261468684552e+00
6.576306716362397310e+03 1.017795542053545832e+00
6.576340916568973626e+03 1.019633678907041707e+00
6.576375116953409815e+03 1.020226638223258764e+00
6.576409317515704970e+03 1.020064824460583663e+00
6.576443518255860909e+03 1.019322852347625874e+00
6.576477719173878540e+03 1.017601344448072487e+00
6.576511920269758775e+03 1.017164037591547165e+00
6.576546121543502522e+03 1.015127142909534541e+00
6.576580322995110691e+03 1.011251519031376667e+00
6.576614524624584192e+03 1.014997486279836769e+00
6.576648726431923933e+03 1.021041263853837533e+00
6.576682928417130825e+03 1.011586620433248207e+00
6.576717130580204866e+03 1.017567795106021578e+00
6.576751332921148787e+03 1.019201252345957487e+00
6.576785535439962587e+03 1.016226901276474415e+00
6.576819738136647175e+03 1.021252132070658014e+00
6.576853941011203460e+03 1.017638008278549666e+00
6.576888144063632353e+03 1.012639637919882096e+00
6.576922347293934763e+03 1.011431231520633300e+00
6.576956550702112509e+03 1.012170506247620949e+00
6.576990754288164680e+03 1.008207944673800593e+00
6.577024958052094007e+03 1.010171201989317202e+00
6.577059161993899579e+03 1.017781863397543285e+00
6.577093366113584125e+03 1.020170643122930487e+00
6.577127570411148554e+03 1.021076316226787517e+00
6.577161774886591957e+03 1.019045523765865768e+00
6.577195979539917062e+03 1.017698289760222918e+00
6.577230184371123869e+03 1.016611786329362666e+00
6.577264389380213288e+03 1.020191351583412009e+00
6.577298594567186228e+03 1.018013216869459558e+00
6.577332799932044509e+03 1.021583593074678165e+00
6.577367005474788130e+03 1.015495039741469041e+00
6.577401211195418909e+03 1.018946671987368768e+00
6.577435417093936849e+03 1.015185442045458464e+00
6.577469623170342857e+03 1.014473879686373703e+00
6.577503829424638752e+03 1.014683137806446700e+00
6.577538035856824536e+03 1.012806824955341245e+00
6.577572242466901116e+03 1.012898518778900137e+00
6.577606449254870313e+03 1.017883320673668157e+00
6.577640656220733035e+03 1.019194035086024464e+00
6.577674863364489283e+03 1.017161497311323437e+00
6.577709070686139967e+03 1.017136244180877780e+00
6.577743278185686904e+03 1.015129066572504124e+00
6.577777485863131005e+03 1.012859297115174861e+00
6.577811693718472270e+03 1.014750448289264195e+00
6.577845901751711608e+03 1.015401823735545550e+00
6.577880109962851748e+03 1.013012815708751679e+00
6.577914318351890870e+03 1.011439549351589529e+00
6.577948526918832613e+03 1.003553600474714758e+00
6.577982735663676067e+03 1.012925814858865348e+00
6.578016944586423051e+03 1.012249718413896105e+00
6.578051153687073565e+03 1.013492411799281179e+00
6.578085362965629429e+03 1.013874863161789541e+00
6.578119572422091551e+03 1.015560191053459294e+00
6.578153782056460841e+03 1.013371168092483288e+00
6.578187991868737299e+03 1.008006487305966647e+00
6.578222201858922745e+03 1.010280413413374045e+00
6.578256412027018087e+03 1.009744777477467714e+00
6.578290622373023325e+03 1.007559100606415514e+00
6.578324832896941189e+03 1.007267114135974140e+00
6.578359043598770768e+03 1.009769325279338714e+00
6.578393254478513882e+03 1.012081691892756430e+00
6.578427465536171439e+03 1.008629743293242065e+00
6.578461676771744351e+03 1.008748211467709543e+00
6.578495888185233525e+03 1.010594471859465049e+00
6.578530099776639872e+03 1.010033146524061287e+00
6.578564311545963392e+03 1.009663816569932537e+00
6.578598523493206812e+03 1.007092606227358633e+00
6.578632735618370134e+03 1.010235956153659576e+00
6.578666947921453357e+03 1.007122397549934156e+00
6.578701160402459209e+03 1.013703490987778899e+00
6.578735373061386781e+03 1.009620509828741186e+00
6.578769585898238802e+03 1.009288191661710021e+00
6.578803798913015271e+03 1.011447108839536480e+00
6.578838012105716189e+03 1.007942621417059481e+00
6.578872225476344283e+03 1.008505355342950605e+00
6.578906439024899555e+03 1.012849015600422398e+00
6.578940652751382913e+03 1.010238371465379981e+00
6.578974866655795267e+03 1.009360362600016936e+00
6.579009080738138437e+03 1.011118727447791743e+00
6.579043294998411511e+03 1.009025649708685801e+00
6.579077509436617220e+03 1.006956499818818296e+00
6.579111724052755562e+03 1.005826467112172828e+00
6.579145938846827448e+03 1.006928052223908798e+00
6.579180153818834697e+03 1.011317795022685928e+00
6.579214368968776398e+03 1.013754545257700812e+00
6.579248584296655281e+03 1.009948944818965133e+00
6.579282799802472255e+03 1.009789263530121328e+00
6.579317015486226410e+03 1.012924975719529552e+00
6.579351231347920475e+03 1.008924053446976998e+00
6.579385447387555359e+03 1.011823835513428138e+00
6.579419663605130154e+03 1.012676846854862367e+00
6.579453880000647587e+03 1.011684308361316287e+00
6.579488096574108567e+03 1.008995749270296560e+00
6.579522313325513096e+03 1.008007750160519800e+00
6.579556530254862082e+03 1.007675038668514933e+00
6.579590747362157344e+03 1.012184232110993953e+00
6.579624964647398883e+03 1.008838598029436540e+00
6.579659182110588517e+03 1.002854156269827435e+00
6.579693399751726247e+03 1.004035068714516976e+00
6.579727617570813891e+03 1.004369660225042260e+00
6.579761835567851449e+03 1.005252184417866346e+00
6.579796053742840741e+03 1.009798739642607357e+00
6.579830272095782675e+03 1.010050268383122063e+00
6.579864490626677252e+03 1.009796093385530336e+00
6.579898709335526291e+03 1.011378831574905712e+00
6.579932928222329792e+03 1.008208579969563701e+00
6.579967147287089574e+03 1.010445390886455019e+00
6.580001366529806546e+03 1.011671238475357892e+00
6.580035585950480709e+03 1.009811230809199101e+00
6.580069805549113880e+03 1.016879301162190830e+00
6.580104025325706971e+03 1.017977343466718310e+00
6.580138245280259980e+03 1.018169837458993587e+00
6.580172465412775637e+03 1.013840927268188752e+00
6.580206685723253031e+03 1.012911001973241021e+00
6.580240906211693982e+03 1.011033359472853110e+00
6.580275126878098490e+03 1.008999715547925558e+00
6.580309347722469283e+03 1.009725818808515418e+00
6.580343568744805452e+03 1.011981505651839530e+00
6.580377789945108816e+03 1.014996434739535713e+00
6.580412011323380284e+03 1.015744921480206786e+00
6.580446232879620766e+03 1.013527576469549052e+00
6.580480454613831171e+03 1.014177951381817877e+00
6.580514676526012408e+03 1.013671707298831270e+00
6.580548898616165388e+03 1.009872894590345016e+00
6.580583120884290111e+03 1.013153386093172736e+00
6.580617343330389303e+03 1.016505643493692546e+00
6.580651565954462967e+03 1.014532273843101740e+00
6.580685788756511101e+03 1.009891018477636848e+00
6.580720011736536435e+03 1.014809294962451869e+00
6.580754234894538968e+03 1.016133145333290466e+00
6.580788458230519609e+03 1.010585171208928434e+00
6.580822681744479269e+03 1.004904392890709097e+00
6.580856905436418856e+03 1.010300361350001452e+00
6.580891129306339280e+03 1.014123040882975113e+00
6.580925353354242361e+03 1.012908527723850316e+00
6.580959577580127188e+03 1.011867299860589986e+00
6.580993801983996491e+03 1.012826067365038663e+00
6.581028026565850269e+03 1.016051601790848968e+00
6.581062251325689431e+03 1.011324508792878385e+00
6.581096476263514887e+03 1.011458462541528158e+00
6.581130701379328457e+03 1.010038127186543289e+00
6.581164926673130140e+03 1.006517768523499612e+00
6.581199152144920845e+03 1.006652543645450537e+00
6.581233377794701482e+03 1.000260177555343466e+00
6.581267603622473871e+03 9.872913286353431905e-01
6.581301829628238011e+03 9.733655869890682766e-01
6.581336055811995720e+03 9.715691431024432445e-01
6.581370282173747000e+03 9.888840842329926772e-01
6.581404508713492760e+03 1.002871077277417644e+00
6.581438735431234818e+03 1.007375656431757083e+00
6.581472962326973175e+03 1.010567533018375208e+00
6.581507189400708739e+03 1.007243389641971465e+00
6.581541416652443331e+03 1.005286718328996187e+00
6.581575644082177860e+03 1.007425986021634134e+00
6.581609871689912325e+03 1.011211741538644127e+00
6.581644099475647636e+03 1.017508527165470023e+00
6.581678327439385612e+03 1.015846834507798446e+00
6.581712555581127162e+03 1.012269283128228503e+00
6.581746783900872288e+03 1.013917517885553954e+00
6.581781012398622806e+03 1.015355930169693721e+00
6.581815241074378719e+03 1.012199711804057323e+00
6.581849469928141843e+03 1.012585382493954356e+00
6.581883698959913090e+03 1.016800084135097482e+00
6.581917928169692459e+03 1.013887254694789686e+00
6.581952157557481769e+03 1.015921435688887708e+00
6.581986387123281929e+03 1.017669505369776406e+00
6.582020616867092940e+03 1.011811140133245024e+00
6.582054846788916620e+03 1.014172671724747010e+00
6.582089076888753880e+03 1.013420629842915810e+00
6.582123307166605628e+03 1.009702821664717698e+00
6.582157537622471864e+03 1.008642349543724004e+00
6.582191768256354408e+03 1.007537932131874481e+00
6.582225999068254168e+03 1.015461920676571372e+00
6.582260230058172056e+03 1.014930861856780275e+00
6.582294461226108979e+03 1.014218404556721520e+00
6.582328692572065847e+03 1.011258566153712346e+00
6.582362924096042661e+03 1.006754002890159372e+00
6.582397155798042149e+03 1.004723548409830691e+00
6.582431387678063402e+03 1.007540088724116378e+00
6.582465619736108238e+03 1.007738245663819976e+00
6.582499851972177566e+03 1.007046475025221488e+00
6.582534084386273207e+03 1.010578460523535282e+00
6.582568316978394250e+03 1.007481280181578676e+00
6.582602549748542515e+03 1.008169397976858006e+00
6.582636782696718910e+03 1.008055466293116487e+00
6.582671015822925256e+03 1.007740052122072738e+00
6.582705249127160641e+03 1.007660705253432765e+00
6.582739482609427796e+03 1.005676446210032271e+00
6.582773716269725810e+03 1.005895229533909196e+00
6.582807950108057412e+03 1.004212061377503851e+00
6.582842184124422602e+03 1.000327966123594869e+00
6.582876418318822289e+03 1.000807133303643903e+00
6.582910652691257383e+03 9.987372385371408035e-01
6.582944887241729703e+03 9.971028212892856235e-01
6.582979121970238339e+03 1.007817821549123583e+00
6.583013356876786020e+03 1.011387815466256335e+00
6.583047591961372746e+03 1.009350354127053428e+00
6.583081827224000335e+03 1.006744051331425860e+00
6.583116062664667879e+03 1.001587305349325385e+00
6.583150298283378106e+03 1.001406010196373986e+00
6.583184534080131925e+03 1.002900425944626805e+00
6.583218770054928427e+03 1.000685362989375271e+00
6.583253006207770341e+03 1.006629067401042299e+00
6.583287242538658575e+03 1.005290352836452739e+00
6.583321479047593130e+03 1.001123516697985938e+00
6.583355715734574915e+03 1.000009407860430244e+00
6.583389952599605749e+03 1.002475757256486411e+00
6.583424189642685633e+03 1.005199969699662299e+00
6.583458426863815475e+03 1.001381206766100318e+00
6.583492664262997096e+03 1.001740725806931520e+00
6.583526901840231403e+03 1.004296335875536794e+00
6.583561139595518398e+03 1.000616012803305921e+00
6.583595377528859899e+03 9.997720227119815117e-01
6.583629615640255906e+03 1.002855674218396276e+00
6.583663853929707329e+03 1.003631287965524699e+00
6.583698092397216897e+03 1.003937898467971657e+00
6.583732331042783699e+03 1.002195147131098585e+00
6.583766569866408645e+03 9.968762928658847500e-01
6.583800808868094464e+03 9.903495650059188637e-01
6.583835048047840246e+03 9.899698349125151120e-01
6.583869287405646901e+03 9.990386750346536004e-01
6.583903526941517157e+03 1.004047717343124368e+00
6.583937766655450105e+03 9.936004952712467198e-01
6.583972006547446654e+03 9.995570935358867315e-01
6.584006246617509532e+03 9.975393778434528125e-01
6.584040486865637831e+03 9.849159175143776812e-01
6.584074727291833369e+03 9.863309509302358169e-01
6.584108967896097056e+03 9.925913445668338442e-01
6.584143208678429801e+03 9.980930640676549670e-01
6.584177449638832513e+03 1.001707241125113113e+00
6.584211690777305193e+03 1.004643935299038615e+00
6.584245932093849660e+03 1.002925176449592115e+00
6.584280173588467733e+03 1.002876507774444592e+00
6.584314415261158501e+03 1.004935665964704627e+00
6.584348657111923785e+03 1.008040236026196412e+00
6.584382899140764493e+03 1.009430201391312343e+00
6.584417141347681536e+03 1.006513505526068109e+00
6.584451383732675822e+03 1.007914994351317706e+00
6.584485626295748261e+03 1.011902590589651263e+00
6.584519869036899763e+03 1.007119417730584443e+00
6.584554111956132147e+03 1.003524478173763557e+00
6.584588355053444502e+03 1.006579492766875639e+00
6.584622598328838649e+03 1.008008000842260277e+00
6.584656841782316405e+03 1.009723529658532737e+00
6.584691085413876863e+03 1.006431759174139406e+00
6.584725329223522749e+03 1.008894001972266086e+00
6.584759573211254065e+03 1.008252203964971283e+00
6.584793817377071719e+03 1.002809107327271576e+00
6.584828061720976621e+03 1.002527591455804945e+00
6.584862306242969680e+03 1.007863365478688822e+00
6.584896550943052716e+03 1.008925409229033177e+00
6.584930795821225729e+03 1.006775236120974970e+00
6.584965040877489628e+03 1.008259055930137427e+00
6.584999286111846232e+03 1.009087833952733604e+00
6.585033531524295540e+03 1.008752025904380512e+00
6.585067777114838464e+03 1.010257005916321171e+00
6.585102022883475911e+03 1.004284035356356686e+00
6.585136268830209701e+03 1.000985430817340704e+00
6.585170514955039835e+03 1.002932359907035442e+00
6.585204761257968130e+03 1.005099446385728790e+00
6.585239007738994587e+03 1.006009056952076763e+00
6.585273254398120116e+03 1.004134030682661383e+00
6.585307501235346535e+03 1.008288215523083231e+00
6.585341748250674755e+03 1.007754291965920812e+00
6.585375995444103864e+03 1.006694508898149598e+00
6.585410242815637503e+03 1.006256847635087714e+00
6.585444490365274760e+03 1.002504769634063209e+00
6.585478738093016545e+03 1.007262947455981550e+00
6.585512985998864679e+03 1.009263334054592898e+00
6.585547234082820069e+03 1.006633116182243937e+00
6.585581482344882716e+03 1.007245212419376701e+00
6.585615730785054438e+03 1.009011753180351745e+00
6.585649979403335237e+03 1.011457283203404334e+00
6.585684228199727841e+03 1.006565956522310401e+00
6.585718477174230429e+03 9.980972745444237626e-01
6.585752726326846641e+03 1.000814705962024043e+00
6.585786975657575567e+03 1.000981434376064572e+00
6.585821225166419026e+03 1.006109674960923961e+00
6.585855474853377928e+03 1.007216788823689146e+00
6.585889724718452271e+03 1.002660352931648013e+00
6.585923974761643876e+03 1.007767162515086357e+00
6.585958224982953652e+03 1.004756639284708708e+00
6.585992475382382509e+03 1.004777615106417388e+00
6.586026725959931355e+03 1.003965989503839973e+00
6.586060976715601100e+03 1.008940730009318942e+00
6.586095227649391745e+03 1.001247163505067483e+00
6.586129478761305108e+03 9.989138985809646876e-01
6.586163730051343009e+03 9.985634054627373635e-01
6.586197981519504538e+03 9.997303707343558887e-01
6.586232233165791513e+03 1.000311207100606170e+00
6.586266484990204845e+03 9.912448611023454426e-01
6.586300736992745442e+03 9.928183377742617610e-01
6.586334989173414215e+03 1.001107515706764595e+00
6.586369241532212072e+03 1.002075023648466789e+00
6.586403494069140834e+03 1.004317619302692588e+00
6.586437746784199589e+03 1.005285377096355237e+00
6.586471999677390158e+03 1.003918370169751606e+00
6.586506252748714360e+03 1.005179637375894108e+00
6.586540505998171284e+03 1.004423031297339897e+00
6.586574759425763659e+03 1.004127981046761153e+00
6.586609013031491486e+03 1.007649603846025865e+00
6.586643266815355673e+03 1.001924506067939147e+00
6.586677520777357131e+03 1.004147005066181153e+00
6.586711774917496768e+03 1.006128388704118137e+00
6.586746029235776405e+03 1.007340498040020460e+00
6.586780283732196040e+03 1.005208333059066206e+00
6.586814538406756583e+03 1.003780259993725554e+00
6.586848793259458944e+03 1.000453089295001208e+00
6.586883048290304941e+03 9.999825788137873817e-01
6.586917303499294576e+03 1.002592539411748085e+00
6.586951558886429666e+03 9.930718360415852208e-01
6.586985814451709302e+03 9.781177399941302086e-01
6.587020070195137123e+03 9.574715193219544007e-01
6.587054326116711309e+03 9.550648465907470852e-01
6.587088582216434588e+03 9.727942632670666390e-01
6.587122838494307871e+03 9.859519786854669121e-01
6.587157094950330247e+03 9.904629970087320823e-01
6.587191351584505355e+03 9.842263611414633351e-01
6.587225608396832286e+03 9.809992819544656184e-01
6.587259865387311947e+03 9.841129951489379080e-01
6.587294122555946160e+03 9.890110476562199437e-01
6.587328379902734923e+03 9.988560498071600291e-01
6.587362637427680056e+03 1.002727110275066558e+00
6.587396895130782468e+03 1.003238970333273361e+00
6.587431153012042159e+03 1.003805958794774300e+00
6.587465411071460949e+03 9.981592892990440724e-01
6.587499669309038836e+03 9.976438579154705000e-01
6.587533927724777641e+03 1.003657800910940479e+00
6.587568186318678272e+03 1.005069223096050068e+00
6.587602445090741639e+03 1.003241716915750814e+00
6.587636704040967743e+03 1.003805929664113972e+00
6.587670963169358402e+03 1.002334871537750471e+00
6.587705222475913615e+03 1.002170859759731414e+00
6.587739481960636112e+03 1.004065834593918627e+00
6.587773741623524984e+03 1.006810191407101485e+00
6.587808001464582048e+03 1.006608671311083114e+00
6.587842261483808215e+03 1.001436803529165642e+00
6.587876521681204395e+03 1.000534346362688121e+00
6.587910782056770586e+03 1.000018292395754349e+00
6.587945042610509518e+03 1.005055952625278914e+00
6.587979303342420280e+03 9.973072514572984826e-01
6.588013564252505603e+03 1.003810055668283630e+00
6.588047825340764575e+03 1.001295580947149322e+00
6.588082086607199017e+03 1.000216805088247840e+00
6.588116348051809837e+03 9.975873229439152778e-01
6.588150609674598854e+03 9.997898239769453799e-01
6.588184871475565160e+03 1.002444176332345060e+00
6.588219133454710573e+03 1.001297540076911741e+00
6.588253395612036002e+03 1.000000484181746474e+00
6.588287657947543266e+03 1.001275622135743282e+00
6.588321920461231457e+03 1.001910664502320358e+00
6.588356183153103302e+03 1.003234371893704902e+00
6.588390446023157892e+03 9.986909925384159781e-01
6.588424709071397956e+03 9.970349511619364113e-01
6.588458972297823493e+03 1.000067355743796016e+00
6.588493235702435413e+03 1.002209242604797934e+00
6.588527499285235535e+03 1.004431219029480848e+00
6.588561763046222950e+03 1.004161812245323970e+00
6.588596026985400385e+03 1.003557195205940999e+00
6.588630291102768751e+03 1.003703390391930572e+00
6.588664555398327138e+03 9.996916441458422176e-01
6.588698819872078275e+03 9.966697942329663107e-01
6.588733084524022161e+03 1.000072199162644671e+00
6.588767349354159705e+03 1.002997043061748972e+00
6.588801614362492728e+03 1.003211420253751873e+00
6.588835879549021229e+03 1.001126974936910274e+00
6.588870144913746117e+03 1.000654244702738005e+00
6.588904410456669211e+03 1.004472117694272360e+00
6.588938676177791422e+03 1.000735843247890777e+00
6.588972942077111838e+03 9.940598610034085958e-01
6.589007208154634100e+03 1.000681215383199207e+00
6.589041474410356386e+03 9.986829011249883647e-01
6.589075740844282336e+03 9.980217699845340684e-01
6.589110007456411040e+03 9.907032180257396847e-01
6.589144274246743407e+03 9.929469707835975045e-01
6.589178541215281257e+03 9.995258203773929040e-01
6.589212808362024589e+03 9.991357178617960022e-01
6.589247075686975222e+03 1.003593020052198526e+00
6.589281343190134066e+03 9.958285253451641950e-01
6.589315610871501121e+03 9.946263405856815565e-01
6.589349878731078206e+03 9.990887316281066299e-01
6.589384146768866231e+03 9.997770975092257206e-01
6.589418414984866104e+03 1.002474904034120984e+00
6.589452683379077826e+03 1.004173104706390651e+00
6.589486951951502306e+03 1.001749428648753604e+00
6.589521220702142273e+03 1.004502737084558284e+00
6.589555489630996817e+03 1.002856192282765235e+00
6.589589758738068667e+03 1.004759048547903877e+00
6.589624028023356914e+03 1.001568339759453696e+00
6.589658297486862466e+03 1.001484916439980388e+00
6.589692567128588053e+03 1.005191722457545955e+00
6.589726836948533673e+03 1.005463771694153685e+00
6.589761106946699329e+03 1.003916278475006862e+00
6.589795377123086837e+03 9.988497965110237908e-01
6.589829647477698018e+03 9.963737159096294205e-01
6.589863918010531961e+03 1.003059090465897807e+00
6.589898188721590486e+03 1.008364045401303200e+00
6.589932459610874503e+03 1.001232453205505246e+00
6.589966730678384920e+03 9.995798934818163062e-01
6.590001001924122647e+03 1.002148063861918015e+00
6.590035273348089504e+03 1.000732088344665982e+00
6.590069544950284580e+03 1.006961288798878584e+00
6.590103816730709696e+03 1.008157215210228941e+00
6.590138088689366668e+03 1.004916332292331571e+00
6.590172360826254589e+03 9.998898205921259441e-01
6.590206633141376187e+03 9.951685412103790096e-01
6.590240905634731462e+03 9.990773795171552507e-01
6.590275178306321322e+03 1.003167249203533729e+00
6.590309451156146679e+03 9.991553725799321439e-01
6.590343724184208440e+03 9.981067337235566272e-01
6.590377997390508426e+03 1.001132337638204639e+00
6.590412270775046636e+03 9.964309197158764952e-01
6.590446544337823980e+03 1.001466097728068050e+00
6.590480818078842276e+03 9.958447659591213030e-01
6.590515091998101525e+03 1.000236647199598483e+00
6.590549366095602636e+03 9.977484233531147551e-01
6.590583640371346519e+03 9.973214210843326377e-01
6.590617914825334992e+03 9.992182185147412410e-01
6.590652189457568056e+03 9.980575915877303306e-01
6.590686464268047530e+03 1.000582919583164809e+00
6.590720739256773413e+03 1.001444718498391451e+00
6.590755014423746616e+03 1.000490281132498493e+00
6.590789289768968956e+03 9.981548074436491502e-01
6.590823565292441344e+03 9.992369418380350199e-01
6.590857840994163780e+03 9.999034110446419765e-01
6.590892116874137173e+03 1.005097265576667454e+00
6.590926392932363342e+03 1.005933768069906309e+00
6.590960669168843197e+03 1.004290470199656005e+00
6.590994945583576737e+03 1.003360315717780171e+00
6.591029222176565781e+03 1.000146679603192368e+00
6.591063498947810331e+03 9.969140162936670491e-01
6.591097775897312204e+03 9.990229611229298756e-01
6.591132053025072310e+03 9.996774035717391760e-01
6.591166330331090649e+03 9.994228807491638555e-01
6.591200607815369040e+03 1.002329475929855329e+00
6.591234885477908392e+03 1.004108574625612427e+00
6.591269163318708706e+03 1.003004845967609082e+00
6.591303441337771801e+03 9.982939719396145550e-01
6.591337719535098586e+03 1.001637822893835628e+00
6.591371997910689970e+03 1.005806783921677328e+00
6.591406276464546863e+03 9.980236681820977562e-01
6.591440555196669266e+03 9.969026507923308689e-01
6.591474834107058996e+03 1.002803612335515959e+00
6.591509113195716964e+03 9.980242545720369174e-01
6.591543392462644078e+03 1.003359848325036774e+00
6.591577671907841250e+03 1.008869418145251551e+00
6.591611951531309387e+03 9.996269575569910470e-01
6.591646231333049400e+03 9.966218990031079361e-01
6.591680511313062198e+03 9.978592387759800397e-01
6.591714791471347780e+03 9.949105999331675498e-01
6.591749071807908877e+03 9.978012228607865408e-01
6.591783352322745486e+03 9.982909052317699983e-01
6.591817633015858519e+03 9.941396852384536409e-01
6.591851913887248884e+03 9.988209607558503622e-01
6.591886194936917491e+03 9.972453862672584490e-01
6.591920476164865249e+03 9.970773265467729463e-01
6.591954757571093069e+03 1.001334593943070894e+00
6.591989039155601859e+03 1.003345093337133287e+00
6.592023320918393438e+03 1.000210586719115780e+00
6.592057602859466897e+03 9.944681018643610759e-01
6.592091884978824964e+03 9.960168249465833901e-01
6.592126167276467640e+03 9.981530805586776856e-01
6.592160449752395834e+03 1.002481624716085928e+00
6.592194732406611365e+03 9.992058207474723286e-01
6.592229015239114233e+03 9.969009942407953684e-01
6.592263298249905347e+03 1.000905747665723711e+00
6.592297581438985617e+03 1.000386981183409407e+00
6.592331864806356862e+03 1.003092216377054813e+00
6.592366148352019081e+03 1.000470733406803037e+00
6.592400432075974095e+03 1.000934968837402295e+00
6.592434715978221902e+03 1.006265318251985397e+00
6.592469000058763413e+03 1.002914628113029671e+00
6.592503284317600446e+03 9.999881677061218666e-01
6.592537568754733002e+03 9.969905748322362982e-01
6.592571853370161989e+03 1.000065800779957881e+00
6.592606138163890137e+03 1.003253972856327669e+00
6.592640423135915626e+03 1.003400997194658695e+00
6.592674708286241184e+03 9.990173092734899729e-01
6.592708993614867722e+03 9.938351663516374890e-01
6.592743279121795240e+03 9.983193436573205570e-01
6.592777564807025556e+03 1.001115909115284808e+00
6.592811850670559579e+03 9.973864372006803203e-01
6.592846136712397310e+03 9.972074017282825942e-01
6.592880422932540569e+03 1.002133152082553380e+00
6.592914709330989353e+03 1.005230996060976212e+00
6.592948995907745484e+03 1.003666864738074649e+00
6.592983282662809870e+03 1.001761408987652979e+00
6.593017569596182511e+03 1.002166587188061397e+00
6.593051856707866136e+03 1.003266530368433385e+00
6.593086143997859836e+03 1.001421949340105977e+00
6.593120431466165428e+03 9.957453304258927496e-01
6.593154719112782914e+03 9.975316028451746142e-01
6.593189006937715021e+03 9.995328615599230471e-01
6.593223294940960841e+03 1.000205885127348981e+00
6.593257583122522192e+03 1.001317958300057542e+00
6.593291871482399984e+03 9.945531665821808476e-01
6.593326160020595125e+03 9.950916989545274260e-01
6.593360448737108527e+03 1.000007378840402250e+00
6.593394737631941098e+03 9.978762340038704881e-01
6.593429026705092838e+03 9.968945635779501435e-01
6.593463315956566476e+03 9.980912962053836157e-01
6.593497605386362011e+03 9.997240996180584149e-01
6.593531894994480353e+03 9.888663080738935296e-01
6.593566184780921503e+03 9.850102294718517948e-01
6.593600474745688189e+03 9.921567370957425913e-01
6.593634764888780410e+03 9.923370872072566629e-01
6.593669055210199076e+03 9.983761328276505864e-01
6.593703345709945097e+03 9.996832286630481512e-01
6.593737636388020292e+03 9.991181031462692541e-01
6.593771927244423750e+03 9.997415847537649558e-01
6.593806218279158202e+03 1.001524196398016819e+00
6.593840509492222736e+03 1.001911626037987668e+00
6.593874800883620082e+03 9.994213490639987096e-01
6.593909092453351150e+03 9.970939191370865595e-01
6.593943384201415029e+03 9.966226043771676535e-01
6.593977676127814448e+03 9.959253788656200479e-01
