# Corrected for radial velocity of 20.55 km/s
# 
# star name zetOri, line HALPHA
# instrument: HERMES spectrograph @Mercator
# date of observation (midpoint)2018-10-12T06:12:39.903623
# BJD of observation (midpoint)2458403.7609477
# name of fits file: 00897772_HRF_OBJ_ext_CosmicsRemoved_log_merged_c.fits
# 
# wavelength(Angstrom,air) normalised_flux
6.537563753249107322e+03 9.988534186916239177e-01
6.537597751972178230e+03 9.944647356324590737e-01
6.537631750872058547e+03 9.944430165376126896e-01
6.537665749948750999e+03 9.890560105093582077e-01
6.537699749202255589e+03 9.928258127273221767e-01
6.537733748632575043e+03 9.968350365904765642e-01
6.537767748239709363e+03 1.002523951033590155e+00
6.537801748023658547e+03 1.002511876785779243e+00
6.537835747984424415e+03 9.988327561021219658e-01
6.537869748122007877e+03 9.994671451868382128e-01
6.537903748436409842e+03 9.957712146958394017e-01
6.537937748927631219e+03 1.000980257213090363e+00
6.537971749595672918e+03 1.001573511548293993e+00
6.538005750440534939e+03 9.990865018137319309e-01
6.538039751462219101e+03 9.975960485691175439e-01
6.538073752660725404e+03 1.000311099675494697e+00
6.538107754036057486e+03 9.922013253169711389e-01
6.538141755588213528e+03 9.944854887137876132e-01
6.538175757317194439e+03 9.960726169870672830e-01
6.538209759223003857e+03 1.001052796185600391e+00
6.538243761305639055e+03 1.002863061602527139e+00
6.538277763565102759e+03 9.976676041220177149e-01
6.538311766001397700e+03 9.973115259328710902e-01
6.538345768614521148e+03 9.952742998102981353e-01
6.538379771404475832e+03 9.924146821441144350e-01
6.538413774371264481e+03 9.980773071768613836e-01
6.538447777514884365e+03 1.001610375170739919e+00
6.538481780835338213e+03 1.002971611853467282e+00
6.538515784332627845e+03 1.000825744240614990e+00
6.538549788006753261e+03 9.969078103537497570e-01
6.538583791857715369e+03 9.979864341053393817e-01
6.538617795885515079e+03 1.003215825166327679e+00
6.538651800090153301e+03 1.006623029701589678e+00
6.538685804471630945e+03 1.006846334958683808e+00
6.538719809029948919e+03 1.001457878403899882e+00
6.538753813765108134e+03 1.000203906959127087e+00
6.538787818677110408e+03 9.970459296191224174e-01
6.538821823765954832e+03 9.947608966681584786e-01
6.538855829031643225e+03 9.986576945216421031e-01
6.538889834474178315e+03 1.001915756751368347e+00
6.538923840093558283e+03 1.002656507310681011e+00
6.538957845889784949e+03 9.992923227837632316e-01
6.538991851862859221e+03 1.001267200722073314e+00
6.539025858012782919e+03 1.001374193507174049e+00
6.539059864339556043e+03 1.002040760560316990e+00
6.539093870843179502e+03 1.000698905880264000e+00
6.539127877523654206e+03 9.983116320250358111e-01
6.539161884380981064e+03 1.001757765671987155e+00
6.539195891415161896e+03 1.009229747636434915e+00
6.539229898626196700e+03 9.986651138421183127e-01
6.539263906014087297e+03 1.003324245186029140e+00
6.539297913578832777e+03 1.005651754856412561e+00
6.539331921320435868e+03 9.979583866237907719e-01
6.539365929238897479e+03 9.956413458553436957e-01
6.539399937334216702e+03 1.000819528592251206e+00
6.539433945606396264e+03 1.000984453578836808e+00
6.539467954055436167e+03 9.977264978933971795e-01
6.539501962681338227e+03 1.001474818740337058e+00
6.539535971484102447e+03 9.996475263852759863e-01
6.539569980463729735e+03 9.992791382409894618e-01
6.539603989620221910e+03 9.979544247715989025e-01
6.539637998953578972e+03 9.990390863148083112e-01
6.539672008463802740e+03 9.999583167164627362e-01
6.539706018150893215e+03 1.000561993200810296e+00
6.539740028014852214e+03 9.988671691075081682e-01
6.539774038055679739e+03 9.897488529624639542e-01
6.539808048273376698e+03 9.918986779827605460e-01
6.539842058667944002e+03 1.000813692443637715e+00
6.539876069239384378e+03 9.991836075685387453e-01
6.539910079987696918e+03 1.000552978412583505e+00
6.539944090912883439e+03 1.001499124786192851e+00
6.539978102014943033e+03 1.000976381879997712e+00
6.540012113293879338e+03 1.001802067166936538e+00
6.540046124749690534e+03 1.000689624878775108e+00
6.540080136382380260e+03 1.007049381609977701e+00
6.540114148191947606e+03 1.000826063320039649e+00
6.540148160178394392e+03 9.999298249384539483e-01
6.540182172341720616e+03 9.989217547480795378e-01
6.540216184681928098e+03 9.979843008544985183e-01
6.540250197199016839e+03 9.976872878480986806e-01
6.540284209892988656e+03 9.984556724629964908e-01
6.540318222763844460e+03 9.995968087017040871e-01
6.540352235811584251e+03 9.991478159168856177e-01
6.540386249036209847e+03 1.002517899618779129e+00
6.540420262437722158e+03 1.005786133231767687e+00
6.540454276016121185e+03 9.985136155542816416e-01
6.540488289771408745e+03 1.001321047128215014e+00
6.540522303703585749e+03 9.975201199161307652e-01
6.540556317812653106e+03 9.936809932720531702e-01
6.540590332098610816e+03 1.001600625414478030e+00
6.540624346561460698e+03 1.005195932844814344e+00
6.540658361201202752e+03 1.007133108460211313e+00
6.540692376017838797e+03 1.008330143706240634e+00
6.540726391011369742e+03 1.001317530417080714e+00
6.540760406181797407e+03 9.986538934037250126e-01
6.540794421529120882e+03 1.001346246100613957e+00
6.540828437053341077e+03 1.000359399978335340e+00
6.540862452754459810e+03 1.001707768297176449e+00
6.540896468632478900e+03 1.007646933024466618e+00
6.540930484687396529e+03 1.003548235874047512e+00
6.540964500919217244e+03 1.005719216918240733e+00
6.540998517327938316e+03 9.976377452889643171e-01
6.541032533913563384e+03 9.978657031937971933e-01
6.541066550676091538e+03 1.001282619221867121e+00
6.541100567615526415e+03 9.997402628322978879e-01
6.541134584731865289e+03 1.000263423168590071e+00
6.541168602025110886e+03 1.002191241799513799e+00
6.541202619495264116e+03 9.980309570325618385e-01
6.541236637142325890e+03 1.001446873239737911e+00
6.541270654966298025e+03 1.004367107223320454e+00
6.541304672967179613e+03 9.991483085097154770e-01
6.541338691144972472e+03 1.001007294664985503e+00
6.541372709499676603e+03 1.002892287736856902e+00
6.541406728031294733e+03 1.000787690484441717e+00
6.541440746739827773e+03 9.983990875879954485e-01
6.541474765625274813e+03 9.994976614257090608e-01
6.541508784687637672e+03 1.003274350360528588e+00
6.541542803926917259e+03 1.003691865602885036e+00
6.541576823343114484e+03 1.000525003837187565e+00
6.541610842936230256e+03 1.001517835954781166e+00
6.541644862706266395e+03 1.001751183162958636e+00
6.541678882653222900e+03 9.991079592055012171e-01
6.541712902777099771e+03 9.974121634599172337e-01
6.541746923077899737e+03 9.991445611018875406e-01
6.541780943555622798e+03 1.001801420717911340e+00
6.541814964210268954e+03 1.003298444469122641e+00
6.541848985041841843e+03 1.005245626595674846e+00
6.541883006050340555e+03 1.006135268259424009e+00
6.541917027235765090e+03 9.990220344365940974e-01
6.541951048598117268e+03 9.991970794564365432e-01
6.541985070137398907e+03 1.003587695523943779e+00
6.542019091853610007e+03 1.002869931145785598e+00
6.542053113746752388e+03 1.000869280777423986e+00
6.542087135816825139e+03 1.003878988379386605e+00
6.542121158063830080e+03 1.004660984946713631e+00
6.542155180487769940e+03 9.985800295377671443e-01
6.542189203088642898e+03 9.988113667810293306e-01
6.542223225866451685e+03 1.000829503333120707e+00
6.542257248821196299e+03 1.000151434177912080e+00
6.542291271952877651e+03 9.963505091507030009e-01
6.542325295261496649e+03 9.864980474387182730e-01
6.542359318747055113e+03 9.744366615468073034e-01
6.542393342409553043e+03 9.726617663307086659e-01
6.542427366248992257e+03 9.780490036454615455e-01
6.542461390265372756e+03 9.916321270484429462e-01
6.542495414458695450e+03 9.994900619276605447e-01
6.542529438828962157e+03 1.002357363487741626e+00
6.542563463376172876e+03 1.003015507841418019e+00
6.542597488100328519e+03 9.984085198425783902e-01
6.542631513001430903e+03 9.977257732358993936e-01
6.542665538079480939e+03 1.004460806292751807e+00
6.542699563334477716e+03 1.000926591240947294e+00
6.542733588766423964e+03 1.006168403991697380e+00
6.542767614375320591e+03 1.011357697446465975e+00
6.542801640161167597e+03 1.009093767356704863e+00
6.542835666123966803e+03 1.003204272197882441e+00
6.542869692263718207e+03 1.003954388056008007e+00
6.542903718580423629e+03 1.004792645961483988e+00
6.542937745074083978e+03 1.001796133406334777e+00
6.542971771744698344e+03 9.978948094053773366e-01
6.543005798592270366e+03 9.868829987758388489e-01
6.543039825616799135e+03 1.002652060958941105e+00
6.543073852818284649e+03 1.002911889810965018e+00
6.543107880196731458e+03 1.000188201140028044e+00
6.543141907752137740e+03 9.969313133921723358e-01
6.543175935484503498e+03 9.986899041439677438e-01
6.543209963393833277e+03 1.002721024332942967e+00
6.543243991480124350e+03 1.004936582929287114e+00
6.543278019743379446e+03 1.006909516435268159e+00
6.543312048183599472e+03 1.003586279478247745e+00
6.543346076800785340e+03 9.957490186779222041e-01
6.543380105594936140e+03 1.001034790922366913e+00
6.543414134566056418e+03 9.982177083237465665e-01
6.543448163714144357e+03 1.000577328262326260e+00
6.543482193039199956e+03 1.007996852626267481e+00
6.543516222541227762e+03 1.004264785152039874e+00
6.543550252220225957e+03 9.959776558378847788e-01
6.543584282076195450e+03 1.001142705915946340e+00
6.543618312109138060e+03 1.000624817504615738e+00
6.543652342319054696e+03 1.003510801830039600e+00
6.543686372705946269e+03 1.000593950159718082e+00
6.543720403269813687e+03 1.001347923994349021e+00
6.543754434010656951e+03 9.983442924902067306e-01
6.543788464928478788e+03 9.940651654678626103e-01
6.543822496023278291e+03 9.934165720912910835e-01
6.543856527295057276e+03 9.937827932532271591e-01
6.543890558743815745e+03 9.882514331919860506e-01
6.543924590369557336e+03 9.636794497507088497e-01
6.543958622172280229e+03 9.202249883705267974e-01
6.543992654151985334e+03 9.010247038675789355e-01
6.544026686308674471e+03 9.284580495383055743e-01
6.544060718642349457e+03 9.614812846571361149e-01
6.544094751153009383e+03 9.839791265652422236e-01
6.544128783840656070e+03 9.977833980018672166e-01
6.544162816705291334e+03 1.000893383604525066e+00
6.544196849746913358e+03 1.001273590990235052e+00
6.544230882965525780e+03 9.980583487449651292e-01
6.544264916361129508e+03 9.938089557979887800e-01
6.544298949933723634e+03 9.977450326809227388e-01
6.544332983683310886e+03 9.987975042943252335e-01
6.544367017609890354e+03 9.986969005299616287e-01
6.544401051713463858e+03 1.001472725125288177e+00
6.544435085994032306e+03 1.002346907967922585e+00
6.544469120451597519e+03 9.994560597278310254e-01
6.544503155086158586e+03 9.998381749273983488e-01
6.544537189897717326e+03 1.000660022253915482e+00
6.544571224886275559e+03 1.005988468193083296e+00
6.544605260051833284e+03 1.003487196571584583e+00
6.544639295394391411e+03 1.006320296860985897e+00
6.544673330913949940e+03 1.004447773867058968e+00
6.544707366610512508e+03 1.002425416359869814e+00
6.544741402484078208e+03 1.004632482857880316e+00
6.544775438534646128e+03 1.005212161163084428e+00
6.544809474762221726e+03 1.007025164586250687e+00
6.544843511166802273e+03 1.008650163934571298e+00
6.544877547748389588e+03 1.010472529453156687e+00
6.544911584506984582e+03 1.006353055292328991e+00
6.544945621442589072e+03 9.997733632687715311e-01
6.544979658555203059e+03 9.969274516788921847e-01
6.545013695844827453e+03 9.982914355329112199e-01
6.545047733311463162e+03 1.000904229032665738e+00
6.545081770955111097e+03 1.001877279060503723e+00
6.545115808775773985e+03 9.998699254944003467e-01
6.545149846773450008e+03 9.988844476695794006e-01
6.545183884948140985e+03 9.991588818954399986e-01
6.545217923299849645e+03 1.003349114259890040e+00
6.545251961828573258e+03 1.005769307553932235e+00
6.545286000534316372e+03 1.007334402575358112e+00
6.545320039417078078e+03 1.008357758104083235e+00
6.545354078476859286e+03 1.006966489607680648e+00
6.545388117713661813e+03 1.005250962622536548e+00
6.545422157127485661e+03 1.005155283325252835e+00
6.545456196718332649e+03 1.000064693121851978e+00
6.545490236486202775e+03 1.006977289350724059e+00
6.545524276431096951e+03 1.005988735616366370e+00
6.545558316553016994e+03 1.004970477922572103e+00
6.545592356851963814e+03 1.006930076871322743e+00
6.545626397327937411e+03 1.007876920143234045e+00
6.545660437980938696e+03 1.005630026777196706e+00
6.545694478810969485e+03 1.005210344121551413e+00
6.545728519818029781e+03 1.008708073752144330e+00
6.545762561002121402e+03 1.005120488468657314e+00
6.545796602363244347e+03 9.922275798001179981e-01
6.545830643901400435e+03 9.930534046672304660e-01
6.545864685616590577e+03 9.998975811511210399e-01
6.545898727508815682e+03 9.986250842283048712e-01
6.545932769578074840e+03 9.969615245064835651e-01
6.545966811824370780e+03 1.000032215412377079e+00
6.546000854247704410e+03 1.001124692752293655e+00
6.546034896848076642e+03 1.000548342268828161e+00
6.546068939625487474e+03 1.003625977079019682e+00
6.546102982579938725e+03 1.006488634203555055e+00
6.546137025711431306e+03 1.005106099004078324e+00
6.546171069019964307e+03 1.003266839460822180e+00
6.546205112505542274e+03 1.004445620250924431e+00
6.546239156168163390e+03 1.008814477639576213e+00
6.546273200007827654e+03 1.008557036318628475e+00
6.546307244024539614e+03 1.001605514733478808e+00
6.546341288218296540e+03 9.984722988193919235e-01
6.546375332589102072e+03 1.004001101142361962e+00
6.546409377136955300e+03 1.008030741528810115e+00
6.546443421861858042e+03 1.010565895832622907e+00
6.546477466763811208e+03 1.007851912223687973e+00
6.546511511842815707e+03 1.008400661819738975e+00
6.546545557098872450e+03 1.010315339875603291e+00
6.546579602531980527e+03 1.009577698696412229e+00
6.546613648142143575e+03 1.007383179917371585e+00
6.546647693929362504e+03 1.005285447792329201e+00
6.546681739893636404e+03 1.004130147415882801e+00
6.546715786034966186e+03 1.008547250120327865e+00
6.546749832353354577e+03 1.003043958667037883e+00
6.546783878848800668e+03 1.004164647135471711e+00
6.546817925521307188e+03 1.008357690418198560e+00
6.546851972370873227e+03 1.009745606796574213e+00
6.546886019397500604e+03 1.007868923776631398e+00
6.546920066601190229e+03 1.006198070775754738e+00
6.546954113981943919e+03 1.005145948260240729e+00
6.546988161539760767e+03 1.001913850307956988e+00
6.547022209274642591e+03 9.993292095369783468e-01
6.547056257186590301e+03 1.007566035343148814e+00
6.547090305275604806e+03 1.009055900086750945e+00
6.547124353541687015e+03 1.002793306259946782e+00
6.547158401984838747e+03 9.999423145244553668e-01
6.547192450605059094e+03 1.002382829626843330e+00
6.547226499402349873e+03 1.006746523514966851e+00
6.547260548376712904e+03 1.009239602290117332e+00
6.547294597528148188e+03 1.006874384674543377e+00
6.547328646856655723e+03 1.004499772872940788e+00
6.547362696362237330e+03 1.006115748771215790e+00
6.547396746044895735e+03 1.007189562389920079e+00
6.547430795904628212e+03 1.012619127122947438e+00
6.547464845941439307e+03 1.008036921301966649e+00
6.547498896155327202e+03 1.007413781738376812e+00
6.547532946546294625e+03 1.010165793699062897e+00
6.547566997114340666e+03 1.005920717323781854e+00
6.547601047859467144e+03 1.001365778804082396e+00
6.547635098781676788e+03 1.001895851827036665e+00
6.547669149880968689e+03 1.003405980595730496e+00
6.547703201157342846e+03 9.949478615728646336e-01
6.547737252610801079e+03 9.776700400499063193e-01
6.547771304241346115e+03 9.647117858094086396e-01
6.547805356048976137e+03 9.682402624972259453e-01
6.547839408033693871e+03 9.831255511956683568e-01
6.547873460195498410e+03 9.958715681227642280e-01
6.547907512534393391e+03 1.002254119730108251e+00
6.547941565050377903e+03 1.007436590589288139e+00
6.547975617743451949e+03 1.012261270533617807e+00
6.548009670613618255e+03 1.004469671110210127e+00
6.548043723660876822e+03 1.004608471206712261e+00
6.548077776885230378e+03 1.005259453564685268e+00
6.548111830286677105e+03 1.004704101423107288e+00
6.548145883865219730e+03 1.005903320661743372e+00
6.548179937620858254e+03 1.007032150111179858e+00
6.548213991553593587e+03 1.008008679581075873e+00
6.548248045663428456e+03 1.010938851252043857e+00
6.548282099950361044e+03 1.010505069910755394e+00
6.548316154414394077e+03 1.008258061412345530e+00
6.548350209055527557e+03 1.006524807540942978e+00
6.548384263873763302e+03 1.009677960687332954e+00
6.548418318869102222e+03 1.005438118494186295e+00
6.548452374041543408e+03 1.000821529181486813e+00
6.548486429391089587e+03 1.000117562245630864e+00
6.548520484917742579e+03 1.002904875833406262e+00
6.548554540621500564e+03 1.005568494546688951e+00
6.548588596502367182e+03 1.001212173662592297e+00
6.548622652560340612e+03 9.923096412435423730e-01
6.548656708795423583e+03 9.663116211297532177e-01
6.548690765207617005e+03 9.438606350041475190e-01
6.548724821796921788e+03 9.461549042520341901e-01
6.548758878563337930e+03 9.734382976035956814e-01
6.548792935506866343e+03 9.926191868469773638e-01
6.548826992627509753e+03 9.978481928178075666e-01
6.548861049925267253e+03 1.003312718765043687e+00
6.548895107400140660e+03 1.008092009818356116e+00
6.548929165052129974e+03 1.009367726904405904e+00
6.548963222881237925e+03 1.003173968982829400e+00
6.548997280887462693e+03 1.004164468899248819e+00
6.549031339070807917e+03 1.008488513169741418e+00
6.549065397431272686e+03 1.012226465941189701e+00
6.549099455968859729e+03 1.009792015246993468e+00
6.549133514683567228e+03 1.000811262443091154e+00
6.549167573575398819e+03 9.973323711227330968e-01
6.549201632644353595e+03 9.976434216797095411e-01
6.549235691890433372e+03 9.928102661629091275e-01
6.549269751313639063e+03 1.002712952016366454e+00
6.549303810913972484e+03 9.993816127570800401e-01
6.549337870691431817e+03 1.005369906790762879e+00
6.549371930646020701e+03 1.018529995918050490e+00
6.549405990777739135e+03 1.018602232529265184e+00
6.549440051086587118e+03 1.013164667426349252e+00
6.549474111572566471e+03 1.008965636268767119e+00
6.549508172235679012e+03 1.008483605736256283e+00
6.549542233075923832e+03 1.012390128239442966e+00
6.549576294093302749e+03 1.011942010234149869e+00
6.549610355287815764e+03 1.010735522815705112e+00
6.549644416659465605e+03 1.013884058390909004e+00
6.549678478208252272e+03 1.014692017945442171e+00
6.549712539934177585e+03 1.014907751245505807e+00
6.549746601837239723e+03 1.016467946460342775e+00
6.549780663917443235e+03 1.015226472166107730e+00
6.549814726174785392e+03 1.013762098244460841e+00
6.549848788609269832e+03 1.015026452614141483e+00
6.549882851220897464e+03 1.016380098081404615e+00
6.549916914009666471e+03 1.018226634107722406e+00
6.549950976975580488e+03 1.015475724256142520e+00
6.549985040118640427e+03 1.017198289402509337e+00
6.550019103438845377e+03 1.020072477473757511e+00
6.550053166936198068e+03 1.017497332579912150e+00
6.550087230610697588e+03 1.010474740968442697e+00
6.550121294462346668e+03 1.006737632714948649e+00
6.550155358491145307e+03 1.010942661922192620e+00
6.550189422697094415e+03 1.014243121664342162e+00
6.550223487080194900e+03 1.010884746486500285e+00
6.550257551640448582e+03 1.013380323055566468e+00
6.550291616377854552e+03 1.009788819320077691e+00
6.550325681292416448e+03 1.009197544947955327e+00
6.550359746384131540e+03 1.003350681289878255e+00
6.550393811653004377e+03 1.011669032258799117e+00
6.550427877099034049e+03 1.018815745683127050e+00
6.550461942722221465e+03 1.014514454897156970e+00
6.550496008522567536e+03 1.007555455404467004e+00
6.550530074500073169e+03 1.008775314985963067e+00
6.550564140654740186e+03 1.015705605108335075e+00
6.550598206986568584e+03 1.012997096172205458e+00
6.550632273495560185e+03 1.015574168564971513e+00
6.550666340181714077e+03 1.019338536360661296e+00
6.550700407045033899e+03 1.018180843816637537e+00
6.550734474085517832e+03 1.016420542596282228e+00
6.550768541303168604e+03 1.011223916624526264e+00
6.550802608697986216e+03 1.010900847167859551e+00
6.550836676269972486e+03 1.014222791517752853e+00
6.550870744019127415e+03 1.013716476460826188e+00
6.550904811945451911e+03 1.015198544606718212e+00
6.550938880048948704e+03 1.013394622511538445e+00
6.550972948329616884e+03 1.017061441171841718e+00
6.551007016787457360e+03 1.015511564560444890e+00
6.551041085422471042e+03 1.009733394296322695e+00
6.551075154234659749e+03 1.013188981320584325e+00
6.551109223224024390e+03 1.015051617988403043e+00
6.551143292390564056e+03 1.016848146396110320e+00
6.551177361734283295e+03 1.017963349409987117e+00
6.551211431255178468e+03 1.015705394395363559e+00
6.551245500953254123e+03 1.020730365250385629e+00
6.551279570828509350e+03 1.017044765137264051e+00
6.551313640880945968e+03 1.014139332089905920e+00
6.551347711110564887e+03 1.013649849181861740e+00
6.551381781517366107e+03 1.016294204188573413e+00
6.551415852101350538e+03 1.017410581701332584e+00
6.551449922862520907e+03 1.016548525024393523e+00
6.551483993800877215e+03 1.019143166883287766e+00
6.551518064916419462e+03 1.021126470720244095e+00
6.551552136209148557e+03 1.020774423014282561e+00
6.551586207679066320e+03 1.024669328526354839e+00
6.551620279326173659e+03 1.017740670071154208e+00
6.551654351150471484e+03 1.016786572815494338e+00
6.551688423151959796e+03 1.012928357784896871e+00
6.551722495330641323e+03 1.013132688210787169e+00
6.551756567686514245e+03 1.014364915394586619e+00
6.551790640219582201e+03 1.012676018410693768e+00
6.551824712929844281e+03 1.014536936143548340e+00
6.551858785817302305e+03 1.018388423141654231e+00
6.551892858881957181e+03 1.018160920395797309e+00
6.551926932123810730e+03 1.017773924413682307e+00
6.551961005542862040e+03 1.012544093923718247e+00
6.551995079139112022e+03 1.013473333235118679e+00
6.552029152912563404e+03 1.014560665304186537e+00
6.552063226863215277e+03 1.012353029702051543e+00
6.552097300991070369e+03 1.012154587026282693e+00
6.552131375296127771e+03 1.012539070422980636e+00
6.552165449778389302e+03 1.013176907618294154e+00
6.552199524437855871e+03 1.016083419011469369e+00
6.552233599274528387e+03 1.017741827083725736e+00
6.552267674288408671e+03 1.015997700847623531e+00
6.552301749479494902e+03 1.019299995894081601e+00
6.552335824847790718e+03 1.021287496218904023e+00
6.552369900393296120e+03 1.018768479825525652e+00
6.552403976116012927e+03 1.018130008153506072e+00
6.552438052015940229e+03 1.017573549159076052e+00
6.552472128093078936e+03 1.023860725396743332e+00
6.552506204347432686e+03 1.021590721375298605e+00
6.552540280778999659e+03 1.017120665749092545e+00
6.552574357387781674e+03 1.018804203906447992e+00
6.552608434173780552e+03 1.007857720232732124e+00
6.552642511136995381e+03 9.947381742514135317e-01
6.552676588277428891e+03 9.580939091440462407e-01
6.552710665595081082e+03 9.420485310148264402e-01
6.552744743089951953e+03 9.557409298056278590e-01
6.552778820762045143e+03 9.823473179987898263e-01
6.552812898611358833e+03 9.989260293952868519e-01
6.552846976637895750e+03 1.005810195228258097e+00
6.552881054841654986e+03 1.012645412921080013e+00
6.552915133222640179e+03 1.018587033264935160e+00
6.552949211780848600e+03 1.019474924475770594e+00
6.552983290516284796e+03 1.019343613569599016e+00
6.553017369428947859e+03 1.024714472172544966e+00
6.553051448518837788e+03 1.019863091269158195e+00
6.553085527785958220e+03 1.018985201902428139e+00
6.553119607230308247e+03 1.017100701158047737e+00
6.553153686851887869e+03 1.019829042758775506e+00
6.553187766650699814e+03 1.022326826353564977e+00
6.553221846626744991e+03 1.023360233776920758e+00
6.553255926780023401e+03 1.021961521847264409e+00
6.553290007110536862e+03 1.019322635535364840e+00
6.553324087618284466e+03 1.024461830369880921e+00
6.553358168303268940e+03 1.020837711313454799e+00
6.553392249165490284e+03 1.023821813648009282e+00
6.553426330204951228e+03 1.029225060890978094e+00
6.553460411421649951e+03 1.030295009656645222e+00
6.553494492815588274e+03 1.025422519066231164e+00
6.553528574386768923e+03 1.026109447436040600e+00
6.553562656135190082e+03 1.026222580325187206e+00
6.553596738060855387e+03 1.022456003226267951e+00
6.553630820163763929e+03 1.023881408585147090e+00
6.553664902443916617e+03 1.028174095326332305e+00
6.553698984901315271e+03 1.031287640867077693e+00
6.553733067535958980e+03 1.026511804633279290e+00
6.553767150347851384e+03 1.021752992918368630e+00
6.553801233336992482e+03 1.011435479902781820e+00
6.553835316503382273e+03 9.975129875802544177e-01
6.553869399847022578e+03 9.915124865004658616e-01
6.553903483367913395e+03 1.001356172916153087e+00
6.553937567066056545e+03 1.016433060317475601e+00
6.553971650941452936e+03 1.022557146471934519e+00
6.554005734994101658e+03 1.023614910276488210e+00
6.554039819224006351e+03 1.027216668773456076e+00
6.554073903631166104e+03 1.021318260802680289e+00
6.554107988215583646e+03 1.020853167638667847e+00
6.554142072977258067e+03 1.026469920099747801e+00
6.554176157916190277e+03 1.027342593542702298e+00
6.554210243032382095e+03 1.023497258393186504e+00
6.554244328325834431e+03 1.023594311126235779e+00
6.554278413796548193e+03 1.026032744861208323e+00
6.554312499444524292e+03 1.022728997091868486e+00
6.554346585269762727e+03 1.020027572065999255e+00
6.554380671272266227e+03 1.026713934367086578e+00
6.554414757452032973e+03 1.026387371344583688e+00
6.554448843809066602e+03 1.020850787984372232e+00
6.554482930343367116e+03 1.025960785123190666e+00
6.554517017054935422e+03 1.030561941127319470e+00
6.554551103943771523e+03 1.027098993248366066e+00
6.554585191009877235e+03 1.023966739711570373e+00
6.554619278253253469e+03 1.025575840044083753e+00
6.554653365673901135e+03 1.026234123919841368e+00
6.554687453271821141e+03 1.022455850621110329e+00
6.554721541047014398e+03 1.020914182408597215e+00
6.554755628999481814e+03 1.026935053376664575e+00
6.554789717129224300e+03 1.027415532560697509e+00
6.554823805436242765e+03 1.028716168958888399e+00
6.554857893920538118e+03 1.030981282397587684e+00
6.554891982582111268e+03 1.027480609282390267e+00
6.554926071420963126e+03 1.026111479561692130e+00
6.554960160437093691e+03 1.024628241286611896e+00
6.554994249630505692e+03 1.025856457047228165e+00
6.555028339001199129e+03 1.027447983401258869e+00
6.555062428549175820e+03 1.025410228202244589e+00
6.555096518274434857e+03 1.026080531484003355e+00
6.555130608176977148e+03 1.022447481909242617e+00
6.555164698256806332e+03 1.020195973200385797e+00
6.555198788513921500e+03 1.023054688594541961e+00
6.555232878948322650e+03 1.024372149960856238e+00
6.555266969560012512e+03 1.029700100053428491e+00
6.555301060348991086e+03 1.032193803484454664e+00
6.555335151315259282e+03 1.028310389363329858e+00
6.555369242458818917e+03 1.025159009746356320e+00
6.555403333779669083e+03 1.024167789802924000e+00
6.555437425277812508e+03 1.022289911228361659e+00
6.555471516953249193e+03 1.023315884959517641e+00
6.555505608805980046e+03 1.022656596413430430e+00
6.555539700836006887e+03 1.021475124625682351e+00
6.555573793043329715e+03 1.023505889657071455e+00
6.555607885427949441e+03 1.030249239941514183e+00
6.555641977989866973e+03 1.034724265567362522e+00
6.555676070729084131e+03 1.029991242607379842e+00
6.555710163645600915e+03 1.028160004359744750e+00
6.555744256739418233e+03 1.030955670729265528e+00
6.555778350010537906e+03 1.031025339688789844e+00
6.555812443458960843e+03 1.031268316093338688e+00
6.555846537084686133e+03 1.029703989555621702e+00
6.555880630887716507e+03 1.026464222927934378e+00
6.555914724868052872e+03 1.028268963394586510e+00
6.555948819025695229e+03 1.031751002847987486e+00
6.555982913360643579e+03 1.028323365116208477e+00
6.556017007872901559e+03 1.033078580953538106e+00
6.556051102562468259e+03 1.035215627808713457e+00
6.556085197429345499e+03 1.031047080479580602e+00
6.556119292473533278e+03 1.027686485644399017e+00
6.556153387695033416e+03 1.028174522824054193e+00
6.556187483093845913e+03 1.032400420392318940e+00
6.556221578669972587e+03 1.033979413443187001e+00
6.556255674423414348e+03 1.031788848520596602e+00
6.556289770354170287e+03 1.031416961721437042e+00
6.556323866462244041e+03 1.032119394853856953e+00
6.556357962747633792e+03 1.025043724670138268e+00
6.556392059210344087e+03 1.025469702962479523e+00
6.556426155850371288e+03 1.026691804685245568e+00
6.556460252667720852e+03 1.030109932288625796e+00
6.556494349662390050e+03 1.032110532413587078e+00
6.556528446834382521e+03 1.027678043999721735e+00
6.556562544183696446e+03 1.030001111144127623e+00
6.556596641710335462e+03 1.033317175717381131e+00
6.556630739414299569e+03 1.028295953195144774e+00
6.556664837295587859e+03 1.027375878388282038e+00
6.556698935354203968e+03 1.030835137790831801e+00
6.556733033590147897e+03 1.029539969029836799e+00
6.556767132003420556e+03 1.033537078749680926e+00
6.556801230594021945e+03 1.035165410847026957e+00
6.556835329361952972e+03 1.030444415434422112e+00
6.556869428307216367e+03 1.025695128526484812e+00
6.556903527429812129e+03 1.025236650488837720e+00
6.556937626729740259e+03 1.028199069016604961e+00
6.556971726207002575e+03 1.027712277860695744e+00
6.557005825861600897e+03 1.025892831571280528e+00
6.557039925693533405e+03 1.023330982792632904e+00
6.557074025702803738e+03 1.020139129864126026e+00
6.557108125889412804e+03 1.025037878218222565e+00
6.557142226253358785e+03 1.024887139219669452e+00
6.557176326794644410e+03 1.012950489096775764e+00
6.557210427513271497e+03 9.950746666298994070e-01
6.557244528409240047e+03 9.814300161056671579e-01
6.557278629482550059e+03 9.815653166259816764e-01
6.557312730733204262e+03 9.936650953776885453e-01
6.557346832161201746e+03 1.004603722936207477e+00
6.557380933766544331e+03 1.019818432663387675e+00
6.557415035549233835e+03 1.020167619152202665e+00
6.557449137509270258e+03 1.008617842032543122e+00
6.557483239646653601e+03 1.009800183404323759e+00
6.557517341961386592e+03 1.015096280146000840e+00
6.557551444453469230e+03 1.020998221582702481e+00
6.557585547122902426e+03 1.018264750694699572e+00
6.557619649969687089e+03 1.011841628656991565e+00
6.557653752993824128e+03 1.012590575544435989e+00
6.557687856195314453e+03 1.011579746895767906e+00
6.557721959574159882e+03 1.006998257328334700e+00
6.557756063130360417e+03 1.007947383185020307e+00
6.557790166863916056e+03 1.014594849776666141e+00
6.557824270774830438e+03 1.012855039978740157e+00
6.557858374863101744e+03 1.011035292177643319e+00
6.557892479128731793e+03 1.007448895832810054e+00
6.557926583571722404e+03 1.007488278136605686e+00
6.557960688192073576e+03 1.006034076428411028e+00
6.557994792989786220e+03 1.000610951049476061e+00
6.558028897964862153e+03 9.990723194886282910e-01
6.558063003117300468e+03 1.000759360080606175e+00
6.558097108447104802e+03 9.985179497665166437e-01
6.558131213954273335e+03 9.964903420566322279e-01
6.558165319638807887e+03 9.878596331301389144e-01
6.558199425500711186e+03 9.860952982611822515e-01
6.558233531539982323e+03 9.816294244974925753e-01
6.558267637756622207e+03 9.847813717896461982e-01
6.558301744150631748e+03 9.919052141258299926e-01
6.558335850722012765e+03 9.920343482370639343e-01
6.558369957470764348e+03 9.888601579773188543e-01
6.558404064396891044e+03 9.922518087650261664e-01
6.558438171500389217e+03 9.956749768630334119e-01
6.558472278781263412e+03 9.889519182389467922e-01
6.558506386239512722e+03 9.853519483882388075e-01
6.558540493875138054e+03 9.944345279171300511e-01
6.558574601688142138e+03 9.932336903653008475e-01
6.558608709678523155e+03 9.862123724646916223e-01
6.558642817846283833e+03 9.863781091863018657e-01
6.558676926191425082e+03 9.874508670767352392e-01
6.558711034713946901e+03 9.848707261256998136e-01
6.558745143413851110e+03 9.804152627189123281e-01
6.558779252291138619e+03 9.814682422364636727e-01
6.558813361345809426e+03 9.857100789205056612e-01
6.558847470577864442e+03 9.843035138906295334e-01
6.558881579987306395e+03 9.832589329638662390e-01
6.558915689574134376e+03 9.748611249985781324e-01
6.558949799338349294e+03 9.764795119090425857e-01
6.558983909279953878e+03 9.774744275500636403e-01
6.559018019398946308e+03 9.736282428470778294e-01
6.559052129695330223e+03 9.710372065726056157e-01
6.559086240169105622e+03 9.691958065615028373e-01
6.559120350820272506e+03 9.686920876140723280e-01
6.559154461648832694e+03 9.705809249729262511e-01
6.559188572654787095e+03 9.685142675475852947e-01
6.559222683838135708e+03 9.647974875077602874e-01
6.559256795198880354e+03 9.684062766860178639e-01
6.559290906737022851e+03 9.646594128379863964e-01
6.559325018452562290e+03 9.723976442366025763e-01
6.559359130345500489e+03 9.660601903432947113e-01
6.559393242415838358e+03 9.641430310777063806e-01
6.559427354663575898e+03 9.628316653523562030e-01
6.559461467088714926e+03 9.639339516757732262e-01
6.559495579691257262e+03 9.662232564945275604e-01
6.559529692471201997e+03 9.644985328242413614e-01
6.559563805428550950e+03 9.635941246260597559e-01
6.559597918563305029e+03 9.653884131185357376e-01
6.559632031875465145e+03 9.623913263561175713e-01
6.559666145365032207e+03 9.594417587899543021e-01
6.559700259032007125e+03 9.584218493697810315e-01
6.559734372876390808e+03 9.648075167859506696e-01
6.559768486898184165e+03 9.643903931001596153e-01
6.559802601097388106e+03 9.601800522671719573e-01
6.559836715474003540e+03 9.557569003863027879e-01
6.559870830028032287e+03 9.540880335657062616e-01
6.559904944759473437e+03 9.533948152809819110e-01
6.559939059668328809e+03 9.508753220794257111e-01
6.559973174754599313e+03 9.494273399077099995e-01
6.560007290018285858e+03 9.509767518316403212e-01
6.560041405459390262e+03 9.514371888201713645e-01
6.560075521077913436e+03 9.494508567089415818e-01
6.560109636873854470e+03 9.421283376515879882e-01
6.560143752847214273e+03 9.463494416684836708e-01
6.560177868997996484e+03 9.495547889976936329e-01
6.560211985326199283e+03 9.489013110689096253e-01
6.560246101831826309e+03 9.466436014736487881e-01
6.560280218514874832e+03 9.426327923261607067e-01
6.560314335375349401e+03 9.434331543165118683e-01
6.560348452413248197e+03 9.435398761326726502e-01
6.560382569628573947e+03 9.384727390865776897e-01
6.560416687021326652e+03 9.358981993289284818e-01
6.560450804591507222e+03 9.355875117869948410e-01
6.560484922339117475e+03 9.379238762493926629e-01
6.560519040264157411e+03 9.330147220209659142e-01
6.560553158366627940e+03 9.230770091793309984e-01
6.560587276646530881e+03 9.193555132985817835e-01
6.560621395103867144e+03 9.257575913473417017e-01
6.560655513738635818e+03 9.326272856233566166e-01
6.560689632550838724e+03 9.377127758375457534e-01
6.560723751540477679e+03 9.355132350484636206e-01
6.560757870707553593e+03 9.309546758590818705e-01
6.560791990052067376e+03 9.308993098136976174e-01
6.560826109574019029e+03 9.299504281927228888e-01
6.560860229273409459e+03 9.286371392990705464e-01
6.560894349150239577e+03 9.285922156671673200e-01
6.560928469204511202e+03 9.270856200547773485e-01
6.560962589436226153e+03 9.228742231641885452e-01
6.560996709845381702e+03 9.228507784717160378e-01
6.561030830431982395e+03 9.236737832254019454e-01
6.561064951196028233e+03 9.227006971061735285e-01
6.561099072137519215e+03 9.202690223192500074e-01
6.561133193256456252e+03 9.187457127846845317e-01
6.561167314552842072e+03 9.125134877884714113e-01
6.561201436026674855e+03 9.076986977087135866e-01
6.561235557677958241e+03 9.140649049911517832e-01
6.561269679506691318e+03 9.165372536132119219e-01
6.561303801512875907e+03 9.160885093082353769e-01
6.561337923696512007e+03 9.147019732375467616e-01
6.561372046057601437e+03 9.125170229489543150e-01
6.561406168596145108e+03 9.118925564240277781e-01
6.561440291312143927e+03 9.125372160414797484e-01
6.561474414205597895e+03 9.170543515664016931e-01
6.561508537276507923e+03 9.158652577256823912e-01
6.561542660524876737e+03 9.153493113129398395e-01
6.561576783950704339e+03 9.144785243747574066e-01
6.561610907553991638e+03 9.110011474379654528e-01
6.561645031334738633e+03 9.138476141624496396e-01
6.561679155292947144e+03 9.158008987711387938e-01
6.561713279428618080e+03 9.150808611210893284e-01
6.561747403741751441e+03 9.159346506430513513e-01
6.561781528232349956e+03 9.114613571089600352e-01
6.561815652900413625e+03 9.100335440533260378e-01
6.561849777745942447e+03 9.086919527577140832e-01
6.561883902768938242e+03 9.097165132987314884e-01
6.561918027969402829e+03 9.133881284512156418e-01
6.561952153347335297e+03 9.158721465756380908e-01
6.561986278902738377e+03 9.145771653812658775e-01
6.562020404635611158e+03 9.120976726580036775e-01
6.562054530545955458e+03 9.128230935304947335e-01
6.562088656633772189e+03 9.172943099802242095e-01
6.562122782899062258e+03 9.207589062456206230e-01
6.562156909341827486e+03 9.161170933641286096e-01
6.562191035962066962e+03 9.150180149127129514e-01
6.562225162759782506e+03 9.182911088945734379e-01
6.562259289734975937e+03 9.186016127349695415e-01
6.562293416887646345e+03 9.208309795220126492e-01
6.562327544217796458e+03 9.218735667099278164e-01
6.562361671725426277e+03 9.186550018202085388e-01
6.562395799410536711e+03 9.191201769472969740e-01
6.562429927273128669e+03 9.214523668936294154e-01
6.562464055313203062e+03 9.163909993978291979e-01
6.562498183530760798e+03 9.112689502760058513e-01
6.562532311925804606e+03 9.144421867270152715e-01
6.562566440498331758e+03 9.192178110617178488e-01
6.562600569248345892e+03 9.233773999714727232e-01
6.562634698175847006e+03 9.213504336510389692e-01
6.562668827280836922e+03 9.177941236210827025e-01
6.562702956563316548e+03 9.245554735508039190e-01
6.562737086023284974e+03 9.198452600858244566e-01
6.562771215660744019e+03 9.216215412126130824e-01
6.562805345475695503e+03 9.292874867313434262e-01
6.562839475468139426e+03 9.298160407716218323e-01
6.562873605638076697e+03 9.262606682892772225e-01
6.562907735985509134e+03 9.266843144153147360e-01
6.562941866510436739e+03 9.364758088243605449e-01
6.562975997212862239e+03 9.349640498271741818e-01
6.563010128092783816e+03 9.365473219098903179e-01
6.563044259150202379e+03 9.318927423993099701e-01
6.563078390385122475e+03 9.430229263705212084e-01
6.563112521797540467e+03 9.403485243937244054e-01
6.563146653387461811e+03 9.379535116771869907e-01
6.563180785154883779e+03 9.434961995683724956e-01
6.563214917099809099e+03 9.426025520020273607e-01
6.563249049222237772e+03 9.421000354923775300e-01
6.563283181522171617e+03 9.471898922009651667e-01
6.563317313999611542e+03 9.478030340047779445e-01
6.563351446654556639e+03 9.496678000693024035e-01
6.563385579487010546e+03 9.547760456054267264e-01
6.563419712496973261e+03 9.564136124768962688e-01
6.563453845684443877e+03 9.549196897872558321e-01
6.563487979049426031e+03 9.549500988739024754e-01
6.563522112591917903e+03 9.478575750238492637e-01
6.563556246311923132e+03 9.438133120147418342e-01
6.563590380209440809e+03 9.413612818819153683e-01
6.563624514284473662e+03 9.464779915833750890e-01
6.563658648537019872e+03 9.593795409213371483e-01
6.563692782967082167e+03 9.655457062439742888e-01
6.563726917574661456e+03 9.657758266272499226e-01
6.563761052359759560e+03 9.721686999036773802e-01
6.563795187322374659e+03 9.774861165560349008e-01
6.563829322462509481e+03 9.776216094464978967e-01
6.563863457780165845e+03 9.778231190478483548e-01
6.563897593275342842e+03 9.812506914028092941e-01
6.563931728948042291e+03 9.735044912258329353e-01
6.563965864798264192e+03 9.717894694172328762e-01
6.564000000826010364e+03 9.753423586932581379e-01
6.564034137031282626e+03 9.776337462288468005e-01
6.564068273414080068e+03 9.724341827151227191e-01
6.564102409974404509e+03 9.678147516596246058e-01
6.564136546712256859e+03 9.683305099031265240e-01
6.564170683627637118e+03 9.710681341227929142e-01
6.564204820720548923e+03 9.713083004108665763e-01
6.564238957990990457e+03 9.589171941887865147e-01
6.564273095438963537e+03 9.446057193399194363e-01
6.564307233064468164e+03 9.488531641364142954e-01
6.564341370867506157e+03 9.734365229400664399e-01
6.564375508848079335e+03 9.911873915618963915e-01
6.564409647006188607e+03 9.892251956577392535e-01
6.564443785341832154e+03 9.873330346234849841e-01
6.564477923855014524e+03 9.905720622932857600e-01
6.564512062545732988e+03 9.961025369109455241e-01
6.564546201413991184e+03 9.998232393534886020e-01
6.564580340459789113e+03 1.001334104171467398e+00
6.564614479683127684e+03 1.002714623484759482e+00
6.564648619084008715e+03 1.003455800158019162e+00
6.564682758662432207e+03 1.001152153976336612e+00
6.564716898418398159e+03 9.966758417333253517e-01
6.564751038351909301e+03 1.014259660277387676e+00
6.564785178462965632e+03 1.008383649724613251e+00
6.564819318751568971e+03 1.008607581120862129e+00
6.564853459217718409e+03 1.010419590868895767e+00
6.564887599861416675e+03 1.013753881807969659e+00
6.564921740682663767e+03 1.011192596354009154e+00
6.564955881681460596e+03 1.007189930344521311e+00
6.564990022857808071e+03 1.009765699213432955e+00
6.565024164211708921e+03 1.017266982883492821e+00
6.565058305743161327e+03 1.023355913389190297e+00
6.565092447452167107e+03 1.020279328237303496e+00
6.565126589338728081e+03 1.011921957574152042e+00
6.565160731402844249e+03 1.019593816357045934e+00
6.565194873644517429e+03 1.019787479843039968e+00
6.565229016063746712e+03 1.021105029806523179e+00
6.565263158660535737e+03 1.022485793235473395e+00
6.565297301434883593e+03 1.022649817542642836e+00
6.565331444386791190e+03 1.021437320398498105e+00
6.565365587516260348e+03 1.020724733114156457e+00
6.565399730823291065e+03 1.024705918284794182e+00
6.565433874307885162e+03 1.024406895671284845e+00
6.565468017970041728e+03 1.025088168042221026e+00
6.565502161809765312e+03 1.027585651660337440e+00
6.565536305827053184e+03 1.026177912269902848e+00
6.565570450021907163e+03 1.032068574203714562e+00
6.565604594394329979e+03 1.029898170781406108e+00
6.565638738944320721e+03 1.032538112059211421e+00
6.565672883671880300e+03 1.031924151376964804e+00
6.565707028577010533e+03 1.038705428900709826e+00
6.565741173659711421e+03 1.039972836350993024e+00
6.565775318919986603e+03 1.036672540298195333e+00
6.565809464357832439e+03 1.033115109823550481e+00
6.565843609973253479e+03 1.038157913204581506e+00
6.565877755766248811e+03 1.041299913631583474e+00
6.565911901736820255e+03 1.038803709800796726e+00
6.565946047884968721e+03 1.038789313371357270e+00
6.565980194210694208e+03 1.039493578083214631e+00
6.566014340713999445e+03 1.039515473597716122e+00
6.566048487394883523e+03 1.041236952989592845e+00
6.566082634253348260e+03 1.038453726270446742e+00
6.566116781289393657e+03 1.047279249388781475e+00
6.566150928503021532e+03 1.043935447613207890e+00
6.566185075894232796e+03 1.046862478696409804e+00
6.566219223463029266e+03 1.044552377395000953e+00
6.566253371209409124e+03 1.042384501084169690e+00
6.566287519133376009e+03 1.041338041826493921e+00
6.566321667234929919e+03 1.046416514519901142e+00
6.566355815514070855e+03 1.047224666982730534e+00
6.566389963970800636e+03 1.044942207294814462e+00
6.566424112605121081e+03 1.047200714645018627e+00
6.566458261417031281e+03 1.048188412074899212e+00
6.566492410406533963e+03 1.049821940051595570e+00
6.566526559573627310e+03 1.047849846424485420e+00
6.566560708918315868e+03 1.052008407558176817e+00
6.566594858440598728e+03 1.045142133981661781e+00
6.566629008140474980e+03 1.039989163234253278e+00
6.566663158017948263e+03 1.044053291738020750e+00
6.566697308073019485e+03 1.048246562135264348e+00
6.566731458305687738e+03 1.055991871669403448e+00
6.566765608715955750e+03 1.051905016486962996e+00
6.566799759303823521e+03 1.048927681931581146e+00
6.566833910069291051e+03 1.050931907931750287e+00
6.566868061012361068e+03 1.046263714281694845e+00
6.566902212133033572e+03 1.041205636527158473e+00
6.566936363431309474e+03 1.043041514558482152e+00
6.566970514907190591e+03 1.047155954140932099e+00
6.567004666560676014e+03 1.046930954425633553e+00
6.567038818391768473e+03 1.047119296145300860e+00
6.567072970400467966e+03 1.048296943759036370e+00
6.567107122586775404e+03 1.044260748640407188e+00
6.567141274950692605e+03 1.048139998320199551e+00
6.567175427492219569e+03 1.050656091348958432e+00
6.567209580211357206e+03 1.053229382893832389e+00
6.567243733108105516e+03 1.049539252960864033e+00
6.567277886182469047e+03 1.047058746911815552e+00
6.567312039434444159e+03 1.047451607200247103e+00
6.567346192864035402e+03 1.047549937339948167e+00
6.567380346471241864e+03 1.046609714297566329e+00
6.567414500256063548e+03 1.043863188645544948e+00
6.567448654218504089e+03 1.049867902133227338e+00
6.567482808358561670e+03 1.049821678230550726e+00
6.567516962676239928e+03 1.047194681542330752e+00
6.567551117171537953e+03 1.054180689339297317e+00
6.567585271844456656e+03 1.041083087639312454e+00
6.567619426694997856e+03 1.046150046554652935e+00
6.567653581723161551e+03 1.042805856988250124e+00
6.567687736928948652e+03 1.048882957034603880e+00
6.567721892312360978e+03 1.045859066511973134e+00
6.567756047873399439e+03 1.040879309230384075e+00
6.567790203612064943e+03 1.043367073414432467e+00
6.567824359528356581e+03 1.042292541358059488e+00
6.567858515622277991e+03 1.040155655285641911e+00
6.567892671893828265e+03 1.040666530679022150e+00
6.567926828343009220e+03 1.042233891928674661e+00
6.567960984969820856e+03 1.043212837269519078e+00
6.567995141774264084e+03 1.046595660171451003e+00
6.568029298756341632e+03 1.042870876954919535e+00
6.568063455916052590e+03 1.037075450465926751e+00
6.568097613253399686e+03 1.033502989919066195e+00
6.568131770768382012e+03 1.038138021295319957e+00
6.568165928461000476e+03 1.036926650879349099e+00
6.568200086331256898e+03 1.037055607206724961e+00
6.568234244379152187e+03 1.040075836233683715e+00
6.568268402604687253e+03 1.038243574055059959e+00
6.568302561007862096e+03 1.035518593072022764e+00
6.568336719588678534e+03 1.035367501641855759e+00
6.568370878347137477e+03 1.033889020670506254e+00
6.568405037283239835e+03 1.033605539869731693e+00
6.568439196396986517e+03 1.034004094409690655e+00
6.568473355688378433e+03 1.034556654938376230e+00
6.568507515157415583e+03 1.035098492884479970e+00
6.568541674804100694e+03 1.032792252393682997e+00
6.568575834628432858e+03 1.025831458060775470e+00
6.568609994630413894e+03 1.026664087644872936e+00
6.568644154810044711e+03 1.030701927899468018e+00
6.568678315167326218e+03 1.030204815451713385e+00
6.568712475702260235e+03 1.030478252708939113e+00
6.568746636414844943e+03 1.028769355043392064e+00
6.568780797305083979e+03 1.022008227088662569e+00
6.568814958372978253e+03 1.019191482060583187e+00
6.568849119618526856e+03 1.020668975694617453e+00
6.568883281041731607e+03 1.016967069210860553e+00
6.568917442642594324e+03 1.011367061375540999e+00
6.568951604421114098e+03 1.010898187822821814e+00
6.568985766377293658e+03 1.016812453493307622e+00
6.569019928511133003e+03 1.028445261829645130e+00
6.569054090822632133e+03 1.025214965795638644e+00
6.569088253311793778e+03 1.025232827521397549e+00
6.569122415978617937e+03 1.024319320489423424e+00
6.569156578823105519e+03 1.020765144296543525e+00
6.569190741845258344e+03 1.020474150017778747e+00
6.569224905045076412e+03 1.022911352947336816e+00
6.569259068422559722e+03 1.024911217617234138e+00
6.569293231977711002e+03 1.024857067946592482e+00
6.569327395710531164e+03 1.021673269940438500e+00
6.569361559621020206e+03 1.017443590317553825e+00
6.569395723709179038e+03 1.015478218811188382e+00
6.569429887975008569e+03 1.017605341951281606e+00
6.569464052418510619e+03 1.021175241388343258e+00
6.569498217039685187e+03 1.013030130571695775e+00
6.569532381838534093e+03 1.014974446040116440e+00
6.569566546815056427e+03 1.018782233729277120e+00
6.569600711969254917e+03 1.025420711245448091e+00
6.569634877301130473e+03 1.019296879855365434e+00
6.569669042810683095e+03 1.017094267767721938e+00
6.569703208497913693e+03 1.019064911853623689e+00
6.569737374362824085e+03 1.021910083349789389e+00
6.569771540405414271e+03 1.024365781122503760e+00
6.569805706625686071e+03 1.021927409791103969e+00
6.569839873023639484e+03 1.017363711264726023e+00
6.569874039599276330e+03 1.015298778765045595e+00
6.569908206352597517e+03 1.014085633191634583e+00
6.569942373283602137e+03 1.011470850653205078e+00
6.569976540392293828e+03 1.019488370949404699e+00
6.570010707678671679e+03 1.018885797322439002e+00
6.570044875142736601e+03 1.020269034314910117e+00
6.570079042784491321e+03 1.015487211068224926e+00
6.570113210603934021e+03 1.016261091628537949e+00
6.570147378601068340e+03 1.013731659479296443e+00
6.570181546775894276e+03 1.009752395759330401e+00
6.570215715128410920e+03 1.013168306119164086e+00
6.570249883658621002e+03 1.016646778734886514e+00
6.570284052366526339e+03 1.017971665499730838e+00
6.570318221252126023e+03 1.017696951954113027e+00
6.570352390315421871e+03 1.011678951629113143e+00
6.570386559556413886e+03 1.009452585896090770e+00
6.570420728975104794e+03 1.013754846935700060e+00
6.570454898571492777e+03 1.012714027235829928e+00
6.570489068345582382e+03 1.018972416258224101e+00
6.570523238297370881e+03 1.015316764258596516e+00
6.570557408426861912e+03 1.018545921784031139e+00
6.570591578734054565e+03 1.015493429521879820e+00
6.570625749218951569e+03 1.015063671740628726e+00
6.570659919881552014e+03 1.014677996202790311e+00
6.570694090721856810e+03 1.009976459295985007e+00
6.570728261739869595e+03 1.013865373067685649e+00
6.570762432935587640e+03 1.018927082473386259e+00
6.570796604309014583e+03 1.013365000291473583e+00
6.570830775860151334e+03 1.010551866695006851e+00
6.570864947588996074e+03 1.013351372640898695e+00
6.570899119495552441e+03 1.011468964821784278e+00
6.570933291579820434e+03 1.015078722743859796e+00
6.570967463841800964e+03 1.017956000465926270e+00
6.571001636281494029e+03 1.008273584581758531e+00
6.571035808898902360e+03 1.011820250542610600e+00
6.571069981694026865e+03 1.015372944543772693e+00
6.571104154666865725e+03 1.013237133994598915e+00
6.571138327817423487e+03 1.015509484413614771e+00
6.571172501145699243e+03 1.018384308872867683e+00
6.571206674651692992e+03 1.019174027199239996e+00
6.571240848335407463e+03 1.020418274188001462e+00
6.571275022196841746e+03 1.021508740042775587e+00
6.571309196235999480e+03 1.022223994576563433e+00
6.571343370452878844e+03 1.018239607249981749e+00
6.571377544847482568e+03 1.018237436522566375e+00
6.571411719419810652e+03 1.023009891457185239e+00
6.571445894169863095e+03 1.016022685167287554e+00
6.571480069097643536e+03 1.015925580082709834e+00
6.571514244203151065e+03 1.014026475079732981e+00
6.571548419486385683e+03 1.011801684188854189e+00
6.571582594947351026e+03 1.010030390177861781e+00
6.571616770586045277e+03 1.016197137361267266e+00
6.571650946402471163e+03 1.019090180717297622e+00
6.571685122396629595e+03 1.015132532552513123e+00
6.571719298568519662e+03 1.011163281537479808e+00
6.571753474918144093e+03 1.012943593975656809e+00
6.571787651445502888e+03 1.014223316272857556e+00
6.571821828150597867e+03 1.012194659584838785e+00
6.571856005033429938e+03 1.012541642684639864e+00
6.571890182093999101e+03 1.015422198864354586e+00
6.571924359332306267e+03 1.014658377059012073e+00
6.571958536748353254e+03 1.012639716087675223e+00
6.571992714342140061e+03 1.014985317803156706e+00
6.572026892113668509e+03 1.013881819107252058e+00
6.572061070062939507e+03 1.005537462461354226e+00
6.572095248189953054e+03 9.927685080422529174e-01
6.572129426494710970e+03 9.762959710294512039e-01
6.572163604977213254e+03 9.670965008725942447e-01
6.572197783637460816e+03 9.735491625612493483e-01
6.572231962475456385e+03 9.840493348981926847e-01
6.572266141491199051e+03 9.944224518124401557e-01
6.572300320684690632e+03 1.004248979471083825e+00
6.572334500055932040e+03 1.012494807201737901e+00
6.572368679604923273e+03 1.016477659926533272e+00
6.572402859331666150e+03 1.016462970398190668e+00
6.572437039236160672e+03 1.013868656482653341e+00
6.572471219318408657e+03 1.013026081722825378e+00
6.572505399578411016e+03 1.014376192358422246e+00
6.572539580016169566e+03 1.014221783564541068e+00
6.572573760631682489e+03 1.017862862366300858e+00
6.572607941424953424e+03 1.010297357371804816e+00
6.572642122395982369e+03 1.008106486764255738e+00
6.572676303544769326e+03 1.016815996427034019e+00
6.572710484871316112e+03 1.018025782210192354e+00
6.572744666375623638e+03 1.013839163374431918e+00
6.572778848057692812e+03 1.019145317945745921e+00
6.572813029917523636e+03 1.016684379591513920e+00
6.572847211955118837e+03 1.017481539346247965e+00
6.572881394170478416e+03 1.014211813139410445e+00
6.572915576563602372e+03 1.015020259010966930e+00
6.572949759134493434e+03 1.014932246682741956e+00
6.572983941883151601e+03 1.015909023168185543e+00
6.573018124809576875e+03 1.022734189015182427e+00
6.573052307913771983e+03 1.022123938722246939e+00
6.573086491195736926e+03 1.020417050817356008e+00
6.573120674655471703e+03 1.016147362962858347e+00
6.573154858292979043e+03 1.015470921791457259e+00
6.573189042108258946e+03 1.016989969945101047e+00
6.573223226101312321e+03 1.017117820378100390e+00
6.573257410272140078e+03 1.020793031401913575e+00
6.573291594620743126e+03 1.018297776153910261e+00
6.573325779147123285e+03 1.017118969361513248e+00
6.573359963851280554e+03 1.013802015753520802e+00
6.573394148733215843e+03 1.016630229457169632e+00
6.573428333792929152e+03 1.019867033923544275e+00
6.573462519030424119e+03 1.019780775013659602e+00
6.573496704445698924e+03 1.016953727649418049e+00
6.573530890038755388e+03 1.010599619618016698e+00
6.573565075809596237e+03 1.006985081916590197e+00
6.573599261758219654e+03 1.007428224572595399e+00
6.573633447884628367e+03 1.007510000060967581e+00
6.573667634188822376e+03 1.011981575248039888e+00
6.573701820670802590e+03 1.015120268299738227e+00
6.573736007330570828e+03 1.016346531551465926e+00
6.573770194168127091e+03 1.020862607279018341e+00
6.573804381183473197e+03 1.019638594625111860e+00
6.573838568376608237e+03 1.013172126386628458e+00
6.573872755747534939e+03 1.018462772168142738e+00
6.573906943296254212e+03 1.014318477138822505e+00
6.573941131022766058e+03 1.014176052980002130e+00
6.573975318927072294e+03 1.015509069868786085e+00
6.574009507009172921e+03 1.015217000932587821e+00
6.574043695269069758e+03 1.013693390292931040e+00
6.574077883706762805e+03 1.013244566135078628e+00
6.574112072322253880e+03 1.012727367486584873e+00
6.574146261115542984e+03 1.013792249837612625e+00
6.574180450086631936e+03 1.019267098269345029e+00
6.574214639235520735e+03 1.021967395543203150e+00
6.574248828562211202e+03 1.019481183435510196e+00
6.574283018066704244e+03 1.017470271190880515e+00
6.574317207748999863e+03 1.014757401806444248e+00
6.574351397609100786e+03 1.015583875355401178e+00
6.574385587647005195e+03 1.018145603053032699e+00
6.574419777862716728e+03 1.021518522710842092e+00
6.574453968256234475e+03 1.018285293694850990e+00
6.574488158827560255e+03 1.020140065737387580e+00
6.574522349576694069e+03 1.023982821512745334e+00
6.574556540503637734e+03 1.015305155812044724e+00
6.574590731608392161e+03 1.011930344391771097e+00
6.574624922890958260e+03 1.017391516909047944e+00
6.574659114351336939e+03 1.015900154027931324e+00
6.574693305989529108e+03 1.011141686024532138e+00
6.574727497805534767e+03 1.010919927198892232e+00
6.574761689799354826e+03 1.010851643021908108e+00
6.574795881970992923e+03 1.010536468310063940e+00
6.574830074320446329e+03 1.008094151912057423e+00
6.574864266847719591e+03 9.928285132837678661e-01
6.574898459552809982e+03 9.618786815496266351e-01
6.574932652435722048e+03 9.418957990299234861e-01
6.574966845496453061e+03 9.465171888313006487e-01
6.575001038735006659e+03 9.769251478433415015e-01
6.575035232151381933e+03 1.000574666228208454e+00
6.575069425745581611e+03 1.013498891221268128e+00
6.575103619517605694e+03 1.017736479570439778e+00
6.575137813467454180e+03 1.013704925844074456e+00
6.575172007595129799e+03 1.012797009195052000e+00
6.575206201900632550e+03 1.012192664092140815e+00
6.575240396383963343e+03 1.012461763249883573e+00
6.575274591045123088e+03 1.012054999291399859e+00
6.575308785884112694e+03 1.011530323345108950e+00
6.575342980900933981e+03 1.015230742687670107e+00
6.575377176095586037e+03 1.016836563200756327e+00
6.575411371468071593e+03 1.014998671414033105e+00
6.575445567018390648e+03 1.014292262752616969e+00
6.575479762746544111e+03 1.011063920615013156e+00
6.575513958652532892e+03 1.017297952093400015e+00
6.575548154736358811e+03 1.017817014518547669e+00
6.575582350998021866e+03 1.016664889285113338e+00
6.575616547437522968e+03 1.022483901698855613e+00
6.575650744054863026e+03 1.020308782062288477e+00
6.575684940850043859e+03 1.019953892204711332e+00
6.575719137823065466e+03 1.015880902348245352e+00
6.575753334973929668e+03 1.018324491665705933e+00
6.575787532302635555e+03 1.017282308918535660e+00
6.575821729809186763e+03 1.019037490147894909e+00
6.575855927493581476e+03 1.019159732159303777e+00
6.575890125355822420e+03 1.013527907484430113e+00
6.575924323395910505e+03 1.010822309678389708e+00
6.575958521613844823e+03 1.014584634258861584e+00
6.575992720009628101e+03 1.017565166921146291e+00
6.576026918583261249e+03 1.016214768873566765e+00
6.576061117334744267e+03 1.017562624532119209e+00
6.576095316264078974e+03 1.013921656933755466e+00
6.576129515371266280e+03 1.012846848328484706e+00
6.576163714656306183e+03 1.018369248434599639e+00
6.576197914119199595e+03 1.014397417357557174e+00
6.576232113759949243e+03 1.017606110913872541e+00
6.576266313578553309e+03 1.009709777315187962e+00
6.576300513575014520e+03 1.012109058677580720e+00
6.576334713749333787e+03 1.011278881748601144e+00
6.576368914101512019e+03 1.016223441035108532e+00
6.576403114631549215e+03 1.019717134806287229e+00
6.576437315339447196e+03 1.011153198445240875e+00
6.576471516225205960e+03 1.014128117465245227e+00
6.576505717288828237e+03 1.021601570382734137e+00
6.576539918530313116e+03 1.019717589125476609e+00
6.576574119949662418e+03 1.016598156237862094e+00
6.576608321546876141e+03 1.016181490491385730e+00
6.576642523321956105e+03 1.018424950181360478e+00
6.576676725274904129e+03 1.017586567074908688e+00
6.576710927405719303e+03 1.017846624384405541e+00
6.576745129714403447e+03 1.020443003322902831e+00
6.576779332200957469e+03 1.015201434272085868e+00
6.576813534865381371e+03 1.009991332156390920e+00
6.576847737707676970e+03 1.011923311462990194e+00
6.576881940727846086e+03 1.013426112551659708e+00
6.576916143925887809e+03 1.017607147189546035e+00
6.576950347301804868e+03 1.018792529431774563e+00
6.576984550855596353e+03 1.018745040491244813e+00
6.577018754587264084e+03 1.019434113631008110e+00
6.577052958496809879e+03 1.020492052145298700e+00
6.577087162584232829e+03 1.018204735577740605e+00
6.577121366849533842e+03 1.018745090686323573e+00
6.577155571292716559e+03 1.016537446355639140e+00
6.577189775913780068e+03 1.014966857403647227e+00
6.577223980712724369e+03 1.014958434434160672e+00
6.577258185689551283e+03 1.013736984244725470e+00
6.577292390844262627e+03 1.021341945650239946e+00
6.577326596176858402e+03 1.024613577292722955e+00
6.577360801687339517e+03 1.022109880608947474e+00
6.577395007375705973e+03 1.020856167225877353e+00
6.577429213241961406e+03 1.021671590719800626e+00
6.577463419286103999e+03 1.020530814078498993e+00
6.577497625508136480e+03 1.018412367425314269e+00
6.577531831908058848e+03 1.022576301416388889e+00
6.577566038485872923e+03 1.014660529604621830e+00
6.577600245241577795e+03 1.012358993463377654e+00
6.577634452175175284e+03 1.015167131215479746e+00
6.577668659286667207e+03 1.017990851366515903e+00
6.577702866576054475e+03 1.018294731622922278e+00
6.577737074043336179e+03 1.016526336758931892e+00
6.577771281688515046e+03 1.012273903478453585e+00
6.577805489511591986e+03 1.010182211554738974e+00
6.577839697512566090e+03 1.011993811674969157e+00
6.577873905691440996e+03 1.009042350119372378e+00
6.577908114048214884e+03 1.010657258847516005e+00
6.577942322582890483e+03 1.020801770538654729e+00
6.577976531295468703e+03 1.019462961862185102e+00
6.578010740185949544e+03 1.016919610200939905e+00
6.578044949254333915e+03 1.014163599148914185e+00
6.578079158500624544e+03 1.015773413329359443e+00
6.578113367924818704e+03 1.011103804766878334e+00
6.578147577526921850e+03 1.011874359063672957e+00
6.578181787306932165e+03 1.014660404949804917e+00
6.578215997264850557e+03 1.014212631952359445e+00
6.578250207400678846e+03 1.011572879769827349e+00
6.578284417714417032e+03 1.011747354220241757e+00
6.578318628206066933e+03 1.017764476641181526e+00
6.578352838875629459e+03 1.017048858479163931e+00
6.578387049723104610e+03 1.013109684592306659e+00
6.578421260748494205e+03 1.009641286920868852e+00
6.578455471951799154e+03 1.012240926248746842e+00
6.578489683333019457e+03 1.014252151574085881e+00
6.578523894892156932e+03 1.011853494527073183e+00
6.578558106629212489e+03 1.011587072718337810e+00
6.578592318544186128e+03 1.012691434820634839e+00
6.578626530637080577e+03 1.018107732668851240e+00
6.578660742907895838e+03 1.023662067430961109e+00
6.578694955356630999e+03 1.016928219873043382e+00
6.578729167983290608e+03 1.013954923139388953e+00
6.578763380787871938e+03 1.008983733919947667e+00
6.578797593770378626e+03 1.018462575658819480e+00
6.578831806930810671e+03 1.016556506066579546e+00
6.578866020269168075e+03 1.014409145000979784e+00
6.578900233785452656e+03 1.011791481045118068e+00
6.578934447479666233e+03 1.013253246689364673e+00
6.578968661351807896e+03 1.014228356751242233e+00
6.579002875401879464e+03 1.011886899072924839e+00
6.579037089629882757e+03 1.005946550345210522e+00
6.579071304035816866e+03 1.007746738644382134e+00
6.579105518619683608e+03 1.007607584704208525e+00
6.579139733381484803e+03 1.008872239957436134e+00
6.579173948321219541e+03 1.011366357485855350e+00
6.579208163438889642e+03 1.010443579691755245e+00
6.579242378734496924e+03 1.011138275175277323e+00
6.579276594208041388e+03 1.011415806243985305e+00
6.579310809859523033e+03 1.007620033696326578e+00
6.579345025688944588e+03 1.007229679103253561e+00
6.579379241696306963e+03 1.011366752023588944e+00
6.579413457881609247e+03 1.009420454779363707e+00
6.579447674244854170e+03 1.009398643118383454e+00
6.579481890786040822e+03 1.014501455354892334e+00
6.579516107505171931e+03 1.008510227666782555e+00
6.579550324402248407e+03 1.014783264852807454e+00
6.579584541477269340e+03 1.012750210461774270e+00
6.579618758730237460e+03 1.008168841688549255e+00
6.579652976161152765e+03 1.008163016393629485e+00
6.579687193770016165e+03 1.010317144945925838e+00
6.579721411556830390e+03 1.014220708218809497e+00
6.579755629521593619e+03 1.014452336468598670e+00
6.579789847664308581e+03 1.012555919521503478e+00
6.579824065984974368e+03 1.014076581071780447e+00
6.579858284483594616e+03 1.008961369328754909e+00
6.579892503160167507e+03 1.006395744786038327e+00
6.579926722014695770e+03 1.008386574069481290e+00
6.579960941047180313e+03 1.009253654153046575e+00
6.579995160257621137e+03 1.009104916799316465e+00
6.580029379646020061e+03 1.004184969196180832e+00
6.580063599212377994e+03 1.004835291894520699e+00
6.580097818956694937e+03 1.009435667799827963e+00
6.580132038878970889e+03 1.007069674353039179e+00
6.580166258979209488e+03 1.008863534733499545e+00
6.580200479257410734e+03 1.011924457132611810e+00
6.580234699713573718e+03 1.008903473464948686e+00
6.580268920347702078e+03 1.007841894062540211e+00
6.580303141159795814e+03 1.012159719681102521e+00
6.580337362149854926e+03 1.014668492867974336e+00
6.580371583317881232e+03 1.010476954355939760e+00
6.580405804663874733e+03 1.008639807843967118e+00
6.580440026187837248e+03 1.012423841152266579e+00
6.580474247889769686e+03 1.007626211033638919e+00
6.580508469769672047e+03 1.005255917256559828e+00
6.580542691827547060e+03 1.009186239012018538e+00
6.580576914063393815e+03 1.010511276919492829e+00
6.580611136477214131e+03 1.008078256632605640e+00
6.580645359069008009e+03 1.004731989057275898e+00
6.580679581838778176e+03 1.005270900616393570e+00
6.580713804786524634e+03 1.006485596332957977e+00
6.580748027912247380e+03 1.004981049099904489e+00
6.580782251215948236e+03 1.004461822703713203e+00
6.580816474697628109e+03 9.969759151548684972e-01
6.580850698357287911e+03 9.833151639854866843e-01
6.580884922194928549e+03 9.829236184729938097e-01
6.580919146210550934e+03 9.982521762294462864e-01
6.580953370404155976e+03 1.006186399343754978e+00
6.580987594775744583e+03 1.007738153512834023e+00
6.581021819325317665e+03 1.006327443042594583e+00
6.581056044052875222e+03 1.002661529224934567e+00
6.581090268958419983e+03 1.007299369625985097e+00
6.581124494041952858e+03 1.010146699476055066e+00
6.581158719303472935e+03 1.009336139863241666e+00
6.581192944742982036e+03 1.009052173602081659e+00
6.581227170360481068e+03 1.008036413497350514e+00
6.581261396155971852e+03 1.008731326509944681e+00
6.581295622129453477e+03 1.006475653068582554e+00
6.581329848280928672e+03 1.005325847086312896e+00
6.581364074610397438e+03 1.004640416587011975e+00
6.581398301117860683e+03 1.006804332609119834e+00
6.581432527803320227e+03 1.008378515777803353e+00
6.581466754666776069e+03 1.009735083860805238e+00
6.581500981708229119e+03 1.013573437150821821e+00
6.581535208927680287e+03 1.012302377822564159e+00
6.581569436325130482e+03 1.012925475847929579e+00
6.581603663900581523e+03 1.018220270269438288e+00
6.581637891654033410e+03 1.012312128921952104e+00
6.581672119585487962e+03 1.004632153837758946e+00
6.581706347694945180e+03 1.007059725577032383e+00
6.581740575982405971e+03 1.004566005085754332e+00
6.581774804447871247e+03 1.006404093024520829e+00
6.581809033091343736e+03 1.001687773095820244e+00
6.581843261912821617e+03 1.009924880669699654e+00
6.581877490912308531e+03 1.006913295393778496e+00
6.581911720089802657e+03 1.000567054984903281e+00
6.581945949445306724e+03 1.006100504343855340e+00
6.581980178978821641e+03 1.006910042984109577e+00
6.582014408690346499e+03 1.006974324556553668e+00
6.582048638579884937e+03 1.006169131219948110e+00
6.582082868647436953e+03 1.002203611278843054e+00
6.582117098893001639e+03 1.005937096851997170e+00
6.582151329316581723e+03 1.010093854676145542e+00
6.582185559918178114e+03 1.010105069628611130e+00
6.582219790697791723e+03 1.006119769158844157e+00
6.582254021655422548e+03 1.003187867238267028e+00
6.582288252791072409e+03 1.005994850310163446e+00
6.582322484104741307e+03 1.006991318411308178e+00
6.582356715596431968e+03 1.005987028821607288e+00
6.582390947266143485e+03 1.007991280232530817e+00
6.582425179113876766e+03 1.008424075885237414e+00
6.582459411139634540e+03 1.005233600659880100e+00
6.582493643343416807e+03 1.007709719716032515e+00
6.582527875725222657e+03 1.012787529560088107e+00
6.582562108285055729e+03 1.011452794242553743e+00
6.582596341022916022e+03 1.004703295637950244e+00
6.582630573938804446e+03 1.008112751958194053e+00
6.582664807032721001e+03 1.000039047550174587e+00
6.582699040304667506e+03 9.997142643149774521e-01
6.582733273754645779e+03 1.009422989112709557e+00
6.582767507382654912e+03 1.012502308561060715e+00
6.582801741188696724e+03 1.002131546898675118e+00
6.582835975172772123e+03 1.001762725800050768e+00
6.582870209334882929e+03 1.003441050519183309e+00
6.582904443675028233e+03 1.002505120328596400e+00
6.582938678193209853e+03 1.001278663909847655e+00
6.582972912889428699e+03 9.986651824268154565e-01
6.583007147763685680e+03 1.000809107728981351e+00
6.583041382815981706e+03 1.004836556558927230e+00
6.583075618046318596e+03 1.007039852736465013e+00
6.583109853454695440e+03 1.007941045772533961e+00
6.583144089041114967e+03 1.004550930360408101e+00
6.583178324805576267e+03 1.001591087071066033e+00
6.583212560748081160e+03 1.002378630668199433e+00
6.583246796868632373e+03 1.003061519489760967e+00
6.583281033167228088e+03 1.003320981573804227e+00
6.583315269643870124e+03 1.001749777495348548e+00
6.583349506298560300e+03 1.001386434266071213e+00
6.583383743131298615e+03 9.989785362291144777e-01
6.583417980142085980e+03 1.002220154741293667e+00
6.583452217330924213e+03 9.968224268815208955e-01
6.583486454697813315e+03 1.003362354876727647e+00
6.583520692242753285e+03 1.005666464194304499e+00
6.583554929965747760e+03 9.996770555996434826e-01
6.583589167866794924e+03 9.964184510607289047e-01
6.583623405945897503e+03 9.970790269899497682e-01
6.583657644203056407e+03 9.980030208189030194e-01
6.583691882638271636e+03 1.002747753689319676e+00
6.583726121251545010e+03 1.003320842115670297e+00
6.583760360042875618e+03 1.004760238707069764e+00
6.583794599012266190e+03 1.004506693474373824e+00
6.583828838159718543e+03 1.005879956858023672e+00
6.583863077485230860e+03 1.006629613369385057e+00
6.583897316988805869e+03 1.008322108113084203e+00
6.583931556670443570e+03 1.008407831081366224e+00
6.583965796530145781e+03 1.006824105729076324e+00
6.584000036567912503e+03 1.006116537907444597e+00
6.584034276783745554e+03 1.005989130644582730e+00
6.584068517177645845e+03 1.009749734072489691e+00
6.584102757749614284e+03 1.009004010431214127e+00
6.584136998499649962e+03 1.003800756130610372e+00
6.584171239427756518e+03 1.005753218571447283e+00
6.584205480533933951e+03 1.009210572565202080e+00
6.584239721818181351e+03 1.005034511517181262e+00
6.584273963280502358e+03 1.008516678065898953e+00
6.584308204920896969e+03 1.003352531749672538e+00
6.584342446739365187e+03 1.005611195278221626e+00
6.584376688735908829e+03 1.005912037699599804e+00
6.584410930910527895e+03 1.004529050927022382e+00
6.584445173263225115e+03 1.006743164022917192e+00
6.584479415793999578e+03 1.004479505983707499e+00
6.584513658502853104e+03 1.004807515372900806e+00
6.584547901389787512e+03 1.004227810061091741e+00
6.584582144454801892e+03 1.012071272487062412e+00
6.584616387697898062e+03 1.007869423509620388e+00
6.584650631119076934e+03 1.007093707087239887e+00
6.584684874718338506e+03 1.009152599866522948e+00
6.584719118495685507e+03 1.007455870474526005e+00
6.584753362451117937e+03 1.004434740725531405e+00
6.584787606584636706e+03 1.000101741935266908e+00
6.584821850896241813e+03 9.991067289104863525e-01
6.584856095385935987e+03 1.000681328867188746e+00
6.584890340053719228e+03 1.002109179778509551e+00
6.584924584899591537e+03 1.004667720286728461e+00
6.584958829923556550e+03 1.007718694087198053e+00
6.584993075125612449e+03 1.006445136555573550e+00
6.585027320505761054e+03 1.001481078553438930e+00
6.585061566064003273e+03 1.002563479397776014e+00
6.585095811800340925e+03 1.003818548470782002e+00
6.585130057714773102e+03 1.008192480815268466e+00
6.585164303807302531e+03 1.007229767120442210e+00
6.585198550077929212e+03 1.002897262031957615e+00
6.585232796526654965e+03 9.988120499743420311e-01
6.585267043153478880e+03 1.004983082187682841e+00
6.585301289958403686e+03 1.001108412420818272e+00
6.585335536941429382e+03 1.000180573884823065e+00
6.585369784102557787e+03 1.005398701763456915e+00
6.585404031441788902e+03 1.007945418525783010e+00
6.585438278959122727e+03 1.006076742834430826e+00
6.585472526654562898e+03 1.003641923854248663e+00
6.585506774528107599e+03 1.003889068439739685e+00
6.585541022579760465e+03 1.007337250330857970e+00
6.585575270809520589e+03 1.004865000902725791e+00
6.585609519217388879e+03 1.003890138528882536e+00
6.585643767803366245e+03 1.001705994234837416e+00
6.585678016567454506e+03 1.000840198562117145e+00
6.585712265509654571e+03 9.983675388290446095e-01
6.585746514629966441e+03 9.948376375813940964e-01
6.585780763928391025e+03 9.951213308630387777e-01
6.585815013404930141e+03 9.959829439908154392e-01
6.585849263059584700e+03 9.972387163862540538e-01
6.585883512892354702e+03 1.001924163548545632e+00
6.585917762903241965e+03 1.002638109358367613e+00
6.585952013092247398e+03 1.000194815552784000e+00
6.585986263459371003e+03 9.996967879222590225e-01
6.586020514004613688e+03 9.975147486489264192e-01
6.586054764727978181e+03 1.000267676625616886e+00
6.586089015629463574e+03 1.000788980436599029e+00
6.586123266709071686e+03 1.000900011891595609e+00
6.586157517966803425e+03 9.983321833776015453e-01
6.586191769402658792e+03 9.996011668282641649e-01
6.586226021016639606e+03 1.000780405879128532e+00
6.586260272808745867e+03 1.002809392144961675e+00
6.586294524778980303e+03 1.002218520326882301e+00
6.586328776927342915e+03 1.005892164455749027e+00
6.586363029253833702e+03 1.006210881117820755e+00
6.586397281758454483e+03 1.000979364002875460e+00
6.586431534441206168e+03 9.989519647357316678e-01
6.586465787302089666e+03 1.004251038027383469e+00
6.586500040341105887e+03 1.003081817451775271e+00
6.586534293558254831e+03 9.915755019772897194e-01
6.586568546953540135e+03 9.756030696523492196e-01
6.586602800526959072e+03 9.760967529698220124e-01
6.586637054278515279e+03 9.853275255062216020e-01
6.586671308208208757e+03 9.912938075488405554e-01
6.586705562316039504e+03 9.944285938826087357e-01
6.586739816602010251e+03 9.929080488975573493e-01
6.586774071066121905e+03 9.888113494975869777e-01
6.586808325708372649e+03 9.939326082281954022e-01
6.586842580528766121e+03 9.983308738892308076e-01
6.586876835527302319e+03 9.951965375729872054e-01
6.586911090703982154e+03 9.977306967808700078e-01
6.586945346058807445e+03 1.001233202607753059e+00
6.586979601591778192e+03 1.001761978372139428e+00
6.587013857302895303e+03 1.002416304869068187e+00
6.587048113192158780e+03 9.983251374329035199e-01
6.587082369259572260e+03 9.980572380731862481e-01
6.587116625505133925e+03 1.000196497311425681e+00
6.587150881928847411e+03 9.971720739886839047e-01
6.587185138530710901e+03 9.923555408381036225e-01
6.587219395310726213e+03 1.000793556122159256e+00
6.587253652268894257e+03 1.000809511726379331e+00
6.587287909405217761e+03 1.000745871905925455e+00
6.587322166719694906e+03 1.004360910745319968e+00
6.587356424212328420e+03 1.004923148062604188e+00
6.587390681883118305e+03 1.006419910122234418e+00
6.587424939732066377e+03 1.006551459477994737e+00
6.587459197759171730e+03 1.005937044149481929e+00
6.587493455964437999e+03 1.003220229362277838e+00
6.587527714347864276e+03 1.000361932254628661e+00
6.587561972909452379e+03 1.005430245244772758e+00
6.587596231649202309e+03 1.009251745122635935e+00
6.587630490567114975e+03 1.005892759312603024e+00
6.587664749663192197e+03 1.005506786270184527e+00
6.587699008937435792e+03 1.004036650455693902e+00
6.587733268389843943e+03 1.001732766989733348e+00
6.587767528020418467e+03 9.956751118480514640e-01
6.587801787829162095e+03 1.001544658425873813e+00
6.587836047816073915e+03 1.007577213093970636e+00
6.587870307981155747e+03 1.004313602833871721e+00
6.587904568324408501e+03 9.999299076363393768e-01
6.587938828845831267e+03 1.000300715933995166e+00
6.587973089545427683e+03 9.999748384028942505e-01
6.588007350423197749e+03 9.996918577669586803e-01
6.588041611479141466e+03 1.000285243407248004e+00
6.588075872713261560e+03 1.001580091834104902e+00
6.588110134125556215e+03 1.003796762322262115e+00
6.588144395716029067e+03 1.001560113257524032e+00
6.588178657484680116e+03 1.002395868080001806e+00
6.588212919431509363e+03 1.002549472775378536e+00
6.588247181556519536e+03 9.998023990242296266e-01
6.588281443859709725e+03 1.000105330648807467e+00
6.588315706341081750e+03 1.002873151902866633e+00
6.588349969000636520e+03 1.002544171145114182e+00
6.588384231838374944e+03 1.006679793049221505e+00
6.588418494854297023e+03 1.002128072267611136e+00
6.588452758048405485e+03 9.948061167978845543e-01
6.588487021420701240e+03 9.961841531161143015e-01
6.588521284971182467e+03 1.000314599716398689e+00
6.588555548699853716e+03 9.979913841392603624e-01
6.588589812606712258e+03 9.963282531885886417e-01
6.588624076691762639e+03 9.966688247737027773e-01
6.588658340955003041e+03 9.984595459444293164e-01
6.588692605396435283e+03 1.001097743262489015e+00
6.588726870016061184e+03 9.980106434551668793e-01
6.588761134813879835e+03 1.001195858679618800e+00
6.588795399789893963e+03 1.002519534760518249e+00
6.588829664944103570e+03 9.992262620696047426e-01
6.588863930276509564e+03 9.990531715930385248e-01
6.588898195787112854e+03 1.000677640725966766e+00
6.588932461475915261e+03 9.966697534655162283e-01
6.588966727342917693e+03 9.983039552937736927e-01
6.589000993388119241e+03 1.000927778428812642e+00
6.589035259611521724e+03 1.003535375659289963e+00
6.589069526013126961e+03 1.003716690548984269e+00
6.589103792592934951e+03 1.001517243523522449e+00
6.589138059350947515e+03 1.003131567637370214e+00
6.589172326287164651e+03 1.002194483321077412e+00
6.589206593401587270e+03 9.995153128372811224e-01
6.589240860694217190e+03 1.002419487500037842e+00
6.589275128165055321e+03 1.003995846719126339e+00
6.589309395814100753e+03 1.000099169512106423e+00
6.589343663641356216e+03 9.976762573276077850e-01
6.589377931646822617e+03 1.000649015929316876e+00
6.589412199830499958e+03 1.002562190955854193e+00
6.589446468192389148e+03 9.999297927688243215e-01
6.589480736732492005e+03 1.001025442063467663e+00
6.589515005450809440e+03 1.003304689515557291e+00
6.589549274347341452e+03 1.000980082462328058e+00
6.589583543422090770e+03 9.988407821886712279e-01
6.589617812675055575e+03 9.977664590680647150e-01
6.589652082106238595e+03 1.003603882661014524e+00
6.589686351715641649e+03 9.995067539998353512e-01
6.589720621503262919e+03 1.008618050235198904e+00
6.589754891469105132e+03 1.002074050853790643e+00
6.589789161613170108e+03 1.005771628780910421e+00
6.589823431935456028e+03 9.993072914655567462e-01
6.589857702435966530e+03 9.939948378366144643e-01
6.589891973114700704e+03 9.948619552078104000e-01
6.589926243971660369e+03 9.982891888743451458e-01
6.589960515006846435e+03 9.945222364201316001e-01
6.589994786220259812e+03 1.000412957935912006e+00
6.590029057611901408e+03 1.000092146668961846e+00
6.590063329181771223e+03 1.002377037094900558e+00
6.590097600929871987e+03 1.002864334390648704e+00
6.590131872856201880e+03 9.989639952936570921e-01
6.590166144960765450e+03 1.003593951578090504e+00
6.590200417243560878e+03 1.006671834235401963e+00
6.590234689704589982e+03 1.000012599263883528e+00
6.590268962343853673e+03 9.971630772405247756e-01
6.590303235161352859e+03 1.001122040128745505e+00
6.590337508157088450e+03 1.001756124858528496e+00
6.590371781331062266e+03 9.970109487190514930e-01
6.590406054683274306e+03 9.934784014549620235e-01
6.590440328213723660e+03 9.961114716782412115e-01
6.590474601922414877e+03 1.003759212442841831e+00
6.590508875809347046e+03 1.006825224055469592e+00
6.590543149874521077e+03 1.001030766584215748e+00
6.590577424117937881e+03 9.973901174378518864e-01
6.590611698539598365e+03 9.987407426235352936e-01
6.590645973139503440e+03 9.975320368212312605e-01
6.590680247917654924e+03 9.971776287121965066e-01
6.590714522874051909e+03 9.994919756616391648e-01
6.590748798008697122e+03 9.964416517069065726e-01
6.590783073321591473e+03 9.950765107896832884e-01
6.590817348812734053e+03 1.002953107763505214e+00
6.590851624482127590e+03 1.004190173587421242e+00
6.590885900329772085e+03 1.000343586449161659e+00
6.590920176355669355e+03 9.975426401164644297e-01
6.590954452559819401e+03 9.932758195318327488e-01
6.590988728942223133e+03 1.002271778305711569e+00
6.591023005502882370e+03 1.002480054904161477e+00
6.591057282241797111e+03 9.975451185356177808e-01
6.591091559158968266e+03 9.975976191147697403e-01
6.591125836254398564e+03 9.958501206865261191e-01
6.591160113528086185e+03 1.002907140479144088e+00
6.591194390980034768e+03 9.961652085153380742e-01
6.591228668610243403e+03 9.975452589544231419e-01
6.591262946418712090e+03 9.987377429244717053e-01
6.591297224405444467e+03 9.980429851436070088e-01
6.591331502570440534e+03 9.981577650549235958e-01
6.591365780913700291e+03 9.934850544460755994e-01
6.591400059435225558e+03 9.978128559809708031e-01
6.591434338135016333e+03 1.001125959054038228e+00
6.591468617013074436e+03 9.996767061431214296e-01
6.591502896069399867e+03 1.000240799730517605e+00
6.591537175303994445e+03 1.001309424085687683e+00
6.591571454716859989e+03 1.000376367900849495e+00
6.591605734307994680e+03 1.001397275923651353e+00
6.591640014077402157e+03 1.000042564686934643e+00
6.591674294025081508e+03 9.975241025956925744e-01
6.591708574151034554e+03 9.969695742565065633e-01
6.591742854455262204e+03 1.002249115828163228e+00
6.591777134937765368e+03 1.004306378382428200e+00
6.591811415598544045e+03 1.001807080135177941e+00
6.591845696437600964e+03 9.993645339054072485e-01
6.591879977454935215e+03 9.995447622225568374e-01
6.591914258650548618e+03 9.982085438607843919e-01
6.591948540024442991e+03 9.946654258271576676e-01
6.591982821576617425e+03 9.982640664492612448e-01
6.592017103307073739e+03 1.002422064512084265e+00
6.592051385215813752e+03 1.002758484609932443e+00
6.592085667302836555e+03 9.964693691478293536e-01
6.592119949568143056e+03 9.941783285039396123e-01
6.592154232011736894e+03 1.001048328631101159e+00
6.592188514633616251e+03 1.000614232129090730e+00
6.592222797433782944e+03 9.923912293512314742e-01
6.592257080412238793e+03 9.949531634304288330e-01
6.592291363568982888e+03 1.000326771607535470e+00
6.592325646904017958e+03 9.948039721448713735e-01
6.592359930417344913e+03 9.985339995536718360e-01
6.592394214108962842e+03 1.004989914725682887e+00
6.592428497978873565e+03 1.004176507668182339e+00
6.592462782027078902e+03 1.000901176778984603e+00
6.592497066253577941e+03 9.966877877393186536e-01
6.592531350658374322e+03 9.983971959129835927e-01
6.592565635241465316e+03 1.000616447997914937e+00
6.592599920002856379e+03 1.001678032179140976e+00
6.592634204942544784e+03 1.000169142819166357e+00
6.592668490060532349e+03 9.965533603030173326e-01
6.592702775356819984e+03 9.989635329872688096e-01
6.592737060831410417e+03 9.996215753496665579e-01
6.592771346484301830e+03 9.995419068396818041e-01
6.592805632315496950e+03 1.003611978963789619e+00
6.592839918324995779e+03 1.001208542880948515e+00
6.592874204512800134e+03 9.995728151236588088e-01
6.592908490878910925e+03 9.939743358608577051e-01
6.592942777423328153e+03 9.979657863090072301e-01
6.592977064146051816e+03 9.995751709871797397e-01
6.593011351047085554e+03 9.968247258389472121e-01
6.593045638126429367e+03 9.989299592845146680e-01
6.593079925384083253e+03 9.995390942390794953e-01
6.593114212820048124e+03 9.965771578880397996e-01
6.593148500434326706e+03 9.951291915506449426e-01
6.593182788226918092e+03 9.946724371002340082e-01
6.593217076197823189e+03 9.983154435505179336e-01
6.593251364347043818e+03 1.000506211383703103e+00
6.593285652674581797e+03 9.978192401129879485e-01
6.593319941180435308e+03 1.000661202959525209e+00
6.593354229864607987e+03 1.003723126380788644e+00
6.593388518727098017e+03 1.004451224517195262e+00
6.593422807767909035e+03 1.006669964198304568e+00
6.593457096987041041e+03 9.997949032244169976e-01
6.593491386384494035e+03 9.991538290797696842e-01
6.593525675960270746e+03 9.944860180798660299e-01
