# Corrected for radial velocity of 20.55 km/s
# 
# star name zetOri, line HALPHA
# instrument: HERMES spectrograph @Mercator
# date of observation (midpoint)2018-10-11T04:29:31.189689
# BJD of observation (midpoint)2458402.6892312
# name of fits file: 00897638_HRF_OBJ_ext_CosmicsRemoved_log_merged_c.fits
# 
# wavelength(Angstrom,air) normalised_flux
6.537563753249107322e+03 1.003269722279957810e+00
6.537597751972178230e+03 1.003008364298346722e+00
6.537631750872058547e+03 9.940585918823532374e-01
6.537665749948750999e+03 9.941669751882327155e-01
6.537699749202255589e+03 9.963285927716993839e-01
6.537733748632575043e+03 9.989051979659898661e-01
6.537767748239709363e+03 1.000502432707674583e+00
6.537801748023658547e+03 1.004134284119432508e+00
6.537835747984424415e+03 1.004854117876613495e+00
6.537869748122007877e+03 1.006841351470181056e+00
6.537903748436409842e+03 1.006606904194615293e+00
6.537937748927631219e+03 1.007792652034522840e+00
6.537971749595672918e+03 1.004626762070477630e+00
6.538005750440534939e+03 1.001882160900144481e+00
6.538039751462219101e+03 1.004837071770015022e+00
6.538073752660725404e+03 1.000803001804976056e+00
6.538107754036057486e+03 9.975397293226941908e-01
6.538141755588213528e+03 1.003175244632511065e+00
6.538175757317194439e+03 1.003962268443015393e+00
6.538209759223003857e+03 1.001706620485902199e+00
6.538243761305639055e+03 1.001104209135299961e+00
6.538277763565102759e+03 9.975176934072899071e-01
6.538311766001397700e+03 9.954297191442157411e-01
6.538345768614521148e+03 9.959782818095028745e-01
6.538379771404475832e+03 9.969912879849656129e-01
6.538413774371264481e+03 9.992019661825590759e-01
6.538447777514884365e+03 9.957995443851234141e-01
6.538481780835338213e+03 9.932697265133345610e-01
6.538515784332627845e+03 9.941138859851174070e-01
6.538549788006753261e+03 9.981358010567170647e-01
6.538583791857715369e+03 1.004077109983541272e+00
6.538617795885515079e+03 1.001002895821652361e+00
6.538651800090153301e+03 1.001059775130099583e+00
6.538685804471630945e+03 1.006504336618635698e+00
6.538719809029948919e+03 9.994013005764169622e-01
6.538753813765108134e+03 9.936033338534808745e-01
6.538787818677110408e+03 9.957129551138240720e-01
6.538821823765954832e+03 9.989773928472232001e-01
6.538855829031643225e+03 1.000159594505310334e+00
6.538889834474178315e+03 1.001109787701773612e+00
6.538923840093558283e+03 9.954317611401353183e-01
6.538957845889784949e+03 9.977111263148656928e-01
6.538991851862859221e+03 9.994676203591214003e-01
6.539025858012782919e+03 9.961953846203003282e-01
6.539059864339556043e+03 9.984763182685043592e-01
6.539093870843179502e+03 9.998964709175840460e-01
6.539127877523654206e+03 9.972936463833443899e-01
6.539161884380981064e+03 9.995001654327997365e-01
6.539195891415161896e+03 9.977762986110438881e-01
6.539229898626196700e+03 1.003530820594679129e+00
6.539263906014087297e+03 1.003232454514328520e+00
6.539297913578832777e+03 9.997489518059244906e-01
6.539331921320435868e+03 9.979403016351697797e-01
6.539365929238897479e+03 9.990000888929360112e-01
6.539399937334216702e+03 9.956160850516343475e-01
6.539433945606396264e+03 9.941003684950431296e-01
6.539467954055436167e+03 9.994395785331356974e-01
6.539501962681338227e+03 9.910052972589566966e-01
6.539535971484102447e+03 9.974827307559334111e-01
6.539569980463729735e+03 9.975955267373566304e-01
6.539603989620221910e+03 9.944880587679694184e-01
6.539637998953578972e+03 9.987827359120783344e-01
6.539672008463802740e+03 9.995619442064515026e-01
6.539706018150893215e+03 9.952911635949802660e-01
6.539740028014852214e+03 1.002314214257981728e+00
6.539774038055679739e+03 1.001586332619687880e+00
6.539808048273376698e+03 9.988818062190081282e-01
6.539842058667944002e+03 9.951294804212357237e-01
6.539876069239384378e+03 9.964289687078629054e-01
6.539910079987696918e+03 9.990373518284465515e-01
6.539944090912883439e+03 1.002333157054869917e+00
6.539978102014943033e+03 1.003728566255943422e+00
6.540012113293879338e+03 1.002753367001051998e+00
6.540046124749690534e+03 1.001969099189027101e+00
6.540080136382380260e+03 1.004398240993052749e+00
6.540114148191947606e+03 1.001390969826335464e+00
6.540148160178394392e+03 1.001743864091916292e+00
6.540182172341720616e+03 1.003845850996378575e+00
6.540216184681928098e+03 1.005297401753399766e+00
6.540250197199016839e+03 1.002177409717946555e+00
6.540284209892988656e+03 9.963999273837683690e-01
6.540318222763844460e+03 9.964529843755419725e-01
6.540352235811584251e+03 1.000139512519947482e+00
6.540386249036209847e+03 1.006080477471372969e+00
6.540420262437722158e+03 1.002811708703155391e+00
6.540454276016121185e+03 9.976918347259434716e-01
6.540488289771408745e+03 9.983360413203545836e-01
6.540522303703585749e+03 9.961732369508894402e-01
6.540556317812653106e+03 9.921728611671026821e-01
6.540590332098610816e+03 9.998895459426130339e-01
6.540624346561460698e+03 9.991965050346640620e-01
6.540658361201202752e+03 1.000117362706670177e+00
6.540692376017838797e+03 1.004382433071782321e+00
6.540726391011369742e+03 1.006119750689848935e+00
6.540760406181797407e+03 1.002679770198700027e+00
6.540794421529120882e+03 9.993719968744749771e-01
6.540828437053341077e+03 9.990903247479664406e-01
6.540862452754459810e+03 9.997848842879214493e-01
6.540896468632478900e+03 1.002075009262924921e+00
6.540930484687396529e+03 1.000289615481562810e+00
6.540964500919217244e+03 9.989354859547009413e-01
6.540998517327938316e+03 9.978533620576790497e-01
6.541032533913563384e+03 9.977582333047636531e-01
6.541066550676091538e+03 1.001839862820853799e+00
6.541100567615526415e+03 1.005342327950491832e+00
6.541134584731865289e+03 1.001588253362888814e+00
6.541168602025110886e+03 9.966682069074651595e-01
6.541202619495264116e+03 1.001674324067945321e+00
6.541236637142325890e+03 1.000500588563173032e+00
6.541270654966298025e+03 1.001788017597049940e+00
6.541304672967179613e+03 9.994599584177709106e-01
6.541338691144972472e+03 1.003585841488099151e+00
6.541372709499676603e+03 1.004213586089723220e+00
6.541406728031294733e+03 1.000302829278091110e+00
6.541440746739827773e+03 1.002868451505058323e+00
6.541474765625274813e+03 1.003664539590956251e+00
6.541508784687637672e+03 1.000601770149249115e+00
6.541542803926917259e+03 9.987196850472305210e-01
6.541576823343114484e+03 1.000246934873383120e+00
6.541610842936230256e+03 1.002129162242846983e+00
6.541644862706266395e+03 9.988945216471075694e-01
6.541678882653222900e+03 1.000297922969199504e+00
6.541712902777099771e+03 1.006039128586573073e+00
6.541746923077899737e+03 1.004915981290319893e+00
6.541780943555622798e+03 1.007498977318120659e+00
6.541814964210268954e+03 1.004334408152448121e+00
6.541848985041841843e+03 1.006603852657138809e+00
6.541883006050340555e+03 1.003669287134248078e+00
6.541917027235765090e+03 1.002504905264883561e+00
6.541951048598117268e+03 1.001386745112311738e+00
6.541985070137398907e+03 1.001179830439762108e+00
6.542019091853610007e+03 1.003848232019217912e+00
6.542053113746752388e+03 1.003912933781594852e+00
6.542087135816825139e+03 1.003748428055730058e+00
6.542121158063830080e+03 9.973929043375435732e-01
6.542155180487769940e+03 9.951724530440624328e-01
6.542189203088642898e+03 9.969748884032750835e-01
6.542223225866451685e+03 9.962227161468103498e-01
6.542257248821196299e+03 9.997767518637030726e-01
6.542291271952877651e+03 1.002624047626885506e+00
6.542325295261496649e+03 9.927522746805015341e-01
6.542359318747055113e+03 9.804851079098861888e-01
6.542393342409553043e+03 9.707405646367002205e-01
6.542427366248992257e+03 9.725493455355824768e-01
6.542461390265372756e+03 9.828734415606023012e-01
6.542495414458695450e+03 9.973665153554764906e-01
6.542529438828962157e+03 1.001251751158140246e+00
6.542563463376172876e+03 1.002793797036414691e+00
6.542597488100328519e+03 1.006987146001599109e+00
6.542631513001430903e+03 1.003002115840059938e+00
6.542665538079480939e+03 9.995907264310976981e-01
6.542699563334477716e+03 1.000477625760768152e+00
6.542733588766423964e+03 1.006884262569428090e+00
6.542767614375320591e+03 1.006445749044043270e+00
6.542801640161167597e+03 1.005464924282452044e+00
6.542835666123966803e+03 1.007773860637423136e+00
6.542869692263718207e+03 1.003541068109869983e+00
6.542903718580423629e+03 9.965797309629860212e-01
6.542937745074083978e+03 1.000240312645332086e+00
6.542971771744698344e+03 9.987242917132559406e-01
6.543005798592270366e+03 9.999359335587376663e-01
6.543039825616799135e+03 9.986192289097366448e-01
6.543073852818284649e+03 1.000073837226211237e+00
6.543107880196731458e+03 9.987513266621763641e-01
6.543141907752137740e+03 9.932851987135533633e-01
6.543175935484503498e+03 9.970273775403144523e-01
6.543209963393833277e+03 1.005219872723362551e+00
6.543243991480124350e+03 9.985277302573611902e-01
6.543278019743379446e+03 1.001969129252723079e+00
6.543312048183599472e+03 1.011906439183342998e+00
6.543346076800785340e+03 1.001790220880561577e+00
6.543380105594936140e+03 9.990063002908732281e-01
6.543414134566056418e+03 1.000147425343767216e+00
6.543448163714144357e+03 9.997458860228497501e-01
6.543482193039199956e+03 9.971081192924674541e-01
6.543516222541227762e+03 9.957761023276407997e-01
6.543550252220225957e+03 1.002649334758960897e+00
6.543584282076195450e+03 1.007026231709652997e+00
6.543618312109138060e+03 1.001453408143650359e+00
6.543652342319054696e+03 1.005304914643534886e+00
6.543686372705946269e+03 9.996836899226136941e-01
6.543720403269813687e+03 1.003695921227632182e+00
6.543754434010656951e+03 1.002175641987737231e+00
6.543788464928478788e+03 9.943003219012951366e-01
6.543822496023278291e+03 1.000141474385793483e+00
6.543856527295057276e+03 9.975940478639392373e-01
6.543890558743815745e+03 9.860609938683297937e-01
6.543924590369557336e+03 9.658811245351084374e-01
6.543958622172280229e+03 9.277233043189880846e-01
6.543992654151985334e+03 8.962144934498156301e-01
6.544026686308674471e+03 9.133704812280634133e-01
6.544060718642349457e+03 9.524384723029379884e-01
6.544094751153009383e+03 9.762666167357604285e-01
6.544128783840656070e+03 9.930225118322988376e-01
6.544162816705291334e+03 1.004327757403244537e+00
6.544196849746913358e+03 1.000449922466822184e+00
6.544230882965525780e+03 9.994753850304223253e-01
6.544264916361129508e+03 1.001533832961528425e+00
6.544298949933723634e+03 1.003794619515081310e+00
6.544332983683310886e+03 1.007609647340209191e+00
6.544367017609890354e+03 1.005300423623261441e+00
6.544401051713463858e+03 1.000724298840746540e+00
6.544435085994032306e+03 1.004371678656546640e+00
6.544469120451597519e+03 1.004646153923090424e+00
6.544503155086158586e+03 1.001139131157685158e+00
6.544537189897717326e+03 9.994958309527736118e-01
6.544571224886275559e+03 9.982900811288707432e-01
6.544605260051833284e+03 1.000599806784561618e+00
6.544639295394391411e+03 1.005313514965585187e+00
6.544673330913949940e+03 1.005191088599358462e+00
6.544707366610512508e+03 1.005474139435960534e+00
6.544741402484078208e+03 1.010765721254397675e+00
6.544775438534646128e+03 1.006689657225076973e+00
6.544809474762221726e+03 1.008201179035168371e+00
6.544843511166802273e+03 1.007002143759606616e+00
6.544877547748389588e+03 9.995605173928925336e-01
6.544911584506984582e+03 9.962326442230503565e-01
6.544945621442589072e+03 9.992779410774326188e-01
6.544979658555203059e+03 1.002360378606236724e+00
6.545013695844827453e+03 9.993974297009386998e-01
6.545047733311463162e+03 9.945361302340138820e-01
6.545081770955111097e+03 9.977293661669605074e-01
6.545115808775773985e+03 1.001344747605253716e+00
6.545149846773450008e+03 1.002371959513726374e+00
6.545183884948140985e+03 1.000734070571782430e+00
6.545217923299849645e+03 1.001529005842175302e+00
6.545251961828573258e+03 1.000263055332161866e+00
6.545286000534316372e+03 1.002755085868540785e+00
6.545320039417078078e+03 1.004715192434167514e+00
6.545354078476859286e+03 9.998585177260722601e-01
6.545388117713661813e+03 1.004502766038925854e+00
6.545422157127485661e+03 1.005485330125764021e+00
6.545456196718332649e+03 1.009347980523681576e+00
6.545490236486202775e+03 1.006169743018452856e+00
6.545524276431096951e+03 1.007497712374133547e+00
6.545558316553016994e+03 1.009687393773608388e+00
6.545592356851963814e+03 1.007163266394653922e+00
6.545626397327937411e+03 1.001718599121774300e+00
6.545660437980938696e+03 9.991796360675666566e-01
6.545694478810969485e+03 1.004037747315040585e+00
6.545728519818029781e+03 1.011263794128346216e+00
6.545762561002121402e+03 1.002272866866688927e+00
6.545796602363244347e+03 1.000391142773985109e+00
6.545830643901400435e+03 9.934715524678584542e-01
6.545864685616590577e+03 9.891762009138881373e-01
6.545898727508815682e+03 9.939828380149015041e-01
6.545932769578074840e+03 1.000090134893117266e+00
6.545966811824370780e+03 1.003052687299450296e+00
6.546000854247704410e+03 1.006482031529849275e+00
6.546034896848076642e+03 1.002698374245514668e+00
6.546068939625487474e+03 1.003077508136156704e+00
6.546102982579938725e+03 1.006964196595704575e+00
6.546137025711431306e+03 1.005390297649269016e+00
6.546171069019964307e+03 1.003828355910988845e+00
6.546205112505542274e+03 1.000814674795740267e+00
6.546239156168163390e+03 9.994851164882955219e-01
6.546273200007827654e+03 1.004853246395501110e+00
6.546307244024539614e+03 1.007116692830371862e+00
6.546341288218296540e+03 9.995491099347849628e-01
6.546375332589102072e+03 1.004957044968500801e+00
6.546409377136955300e+03 1.009144001363507348e+00
6.546443421861858042e+03 1.005815861658449606e+00
6.546477466763811208e+03 1.005262624507644809e+00
6.546511511842815707e+03 1.004017167834939439e+00
6.546545557098872450e+03 1.003196942509657852e+00
6.546579602531980527e+03 1.006360088609331793e+00
6.546613648142143575e+03 1.007093773756955191e+00
6.546647693929362504e+03 1.005939015576885920e+00
6.546681739893636404e+03 1.006436995124658784e+00
6.546715786034966186e+03 1.001373909458424860e+00
6.546749832353354577e+03 1.005371867946103892e+00
6.546783878848800668e+03 1.007463435025427234e+00
6.546817925521307188e+03 1.003780207290630111e+00
6.546851972370873227e+03 1.002856727591290742e+00
6.546886019397500604e+03 1.006418120508010716e+00
6.546920066601190229e+03 1.006597843867274911e+00
6.546954113981943919e+03 1.003565990504310168e+00
6.546988161539760767e+03 1.005880300824968820e+00
6.547022209274642591e+03 1.009206314742125077e+00
6.547056257186590301e+03 1.009702420528699074e+00
6.547090305275604806e+03 1.007192395036282440e+00
6.547124353541687015e+03 1.007562333853832426e+00
6.547158401984838747e+03 1.010088445159412096e+00
6.547192450605059094e+03 1.007930498688888399e+00
6.547226499402349873e+03 1.003813851557102899e+00
6.547260548376712904e+03 1.006933227552345711e+00
6.547294597528148188e+03 1.009706647077057928e+00
6.547328646856655723e+03 1.005626163320878508e+00
6.547362696362237330e+03 1.006232001321136105e+00
6.547396746044895735e+03 1.006314199140999399e+00
6.547430795904628212e+03 1.005560755486662794e+00
6.547464845941439307e+03 1.006679474278065589e+00
6.547498896155327202e+03 1.007982519168749924e+00
6.547532946546294625e+03 1.007041767941006194e+00
6.547566997114340666e+03 1.005474486371541687e+00
6.547601047859467144e+03 1.004310035586130301e+00
6.547635098781676788e+03 1.005250755175127741e+00
6.547669149880968689e+03 1.008579555888206469e+00
6.547703201157342846e+03 9.988403048330386502e-01
6.547737252610801079e+03 9.819670227139445373e-01
6.547771304241346115e+03 9.706375856207146713e-01
6.547805356048976137e+03 9.688986359685534122e-01
6.547839408033693871e+03 9.811991684792649160e-01
6.547873460195498410e+03 9.992196395253662988e-01
6.547907512534393391e+03 1.001796426166372100e+00
6.547941565050377903e+03 1.013846472217996508e+00
6.547975617743451949e+03 1.010451021954148487e+00
6.548009670613618255e+03 1.009514744328953162e+00
6.548043723660876822e+03 1.009174781220622208e+00
6.548077776885230378e+03 1.006603448584823868e+00
6.548111830286677105e+03 1.004706364884818015e+00
6.548145883865219730e+03 1.006438112148308806e+00
6.548179937620858254e+03 1.014271626867958576e+00
6.548213991553593587e+03 1.020258800817551048e+00
6.548248045663428456e+03 1.005426231574675144e+00
6.548282099950361044e+03 1.016131910750609046e+00
6.548316154414394077e+03 1.013135427918436138e+00
6.548350209055527557e+03 1.008299116115539462e+00
6.548384263873763302e+03 1.012765566106030635e+00
6.548418318869102222e+03 1.014138891115561769e+00
6.548452374041543408e+03 1.011645140536598486e+00
6.548486429391089587e+03 1.011962552509688473e+00
6.548520484917742579e+03 1.011984448317836405e+00
6.548554540621500564e+03 1.011130657234975638e+00
6.548588596502367182e+03 1.006532208718212029e+00
6.548622652560340612e+03 9.972368251770975522e-01
6.548656708795423583e+03 9.718167941894035877e-01
6.548690765207617005e+03 9.419187212774885465e-01
6.548724821796921788e+03 9.347772616418322800e-01
6.548758878563337930e+03 9.569420201065094167e-01
6.548792935506866343e+03 9.839191816991770256e-01
6.548826992627509753e+03 9.948788153591747729e-01
6.548861049925267253e+03 9.971819655080049749e-01
6.548895107400140660e+03 1.003873797769445186e+00
6.548929165052129974e+03 1.011110702480201073e+00
6.548963222881237925e+03 1.008380681623700204e+00
6.548997280887462693e+03 1.011793535584341042e+00
6.549031339070807917e+03 1.010493106870044011e+00
6.549065397431272686e+03 1.007050099614228200e+00
6.549099455968859729e+03 1.007627726019015624e+00
6.549133514683567228e+03 1.008905564022341217e+00
6.549167573575398819e+03 1.007734490926536441e+00
6.549201632644353595e+03 1.007595328008062729e+00
6.549235691890433372e+03 1.008102028663204308e+00
6.549269751313639063e+03 1.006842350074928172e+00
6.549303810913972484e+03 1.008139747451644475e+00
6.549337870691431817e+03 1.009599453489905319e+00
6.549371930646020701e+03 1.011240786551975468e+00
6.549405990777739135e+03 1.015387489609690164e+00
6.549440051086587118e+03 1.017953425646774601e+00
6.549474111572566471e+03 1.015681871030265526e+00
6.549508172235679012e+03 1.013493108960495936e+00
6.549542233075923832e+03 1.014456112526115561e+00
6.549576294093302749e+03 1.016286564981444318e+00
6.549610355287815764e+03 1.014769688693230476e+00
6.549644416659465605e+03 1.016040184782513123e+00
6.549678478208252272e+03 1.013286341206312002e+00
6.549712539934177585e+03 1.014878336694326366e+00
6.549746601837239723e+03 1.015144709758443620e+00
6.549780663917443235e+03 1.011948767668036098e+00
6.549814726174785392e+03 1.010376584094899277e+00
6.549848788609269832e+03 1.009333345644192859e+00
6.549882851220897464e+03 1.015008289873677638e+00
6.549916914009666471e+03 1.015904436594196270e+00
6.549950976975580488e+03 1.020673287492948722e+00
6.549985040118640427e+03 1.021403518545012545e+00
6.550019103438845377e+03 1.019343057143217379e+00
6.550053166936198068e+03 1.019635226528073924e+00
6.550087230610697588e+03 1.015709172971118290e+00
6.550121294462346668e+03 1.009903758160295650e+00
6.550155358491145307e+03 1.011329039916086137e+00
6.550189422697094415e+03 1.014356889531570438e+00
6.550223487080194900e+03 1.017526971364926203e+00
6.550257551640448582e+03 1.013598190719297909e+00
6.550291616377854552e+03 1.010339786455547006e+00
6.550325681292416448e+03 1.016587561237131121e+00
6.550359746384131540e+03 1.015803960097309444e+00
6.550393811653004377e+03 1.013092605625804277e+00
6.550427877099034049e+03 1.012776817395169449e+00
6.550461942722221465e+03 1.014359743267051472e+00
6.550496008522567536e+03 1.017379005533959546e+00
6.550530074500073169e+03 1.015009230504835491e+00
6.550564140654740186e+03 1.016194140160183723e+00
6.550598206986568584e+03 1.016451687351102695e+00
6.550632273495560185e+03 1.012162481082966581e+00
6.550666340181714077e+03 1.015870589908248967e+00
6.550700407045033899e+03 1.014638608391061236e+00
6.550734474085517832e+03 1.015814485125331235e+00
6.550768541303168604e+03 1.017851056094939199e+00
6.550802608697986216e+03 1.014591733548920516e+00
6.550836676269972486e+03 1.016145464369772711e+00
6.550870744019127415e+03 1.021809096738547140e+00
6.550904811945451911e+03 1.017282944943774803e+00
6.550938880048948704e+03 1.012024738485945985e+00
6.550972948329616884e+03 1.018794706056299626e+00
6.551007016787457360e+03 1.017040577813629998e+00
6.551041085422471042e+03 1.018450342196740355e+00
6.551075154234659749e+03 1.013266056927611514e+00
6.551109223224024390e+03 1.010784660967141591e+00
6.551143292390564056e+03 1.019956155832450584e+00
6.551177361734283295e+03 1.020321080974636585e+00
6.551211431255178468e+03 1.016402304303900994e+00
6.551245500953254123e+03 1.023749913213354290e+00
6.551279570828509350e+03 1.018223076615637046e+00
6.551313640880945968e+03 1.015620363003865156e+00
6.551347711110564887e+03 1.014138420048800171e+00
6.551381781517366107e+03 1.014176188392163391e+00
6.551415852101350538e+03 1.014782731566461926e+00
6.551449922862520907e+03 1.016797631495339305e+00
6.551483993800877215e+03 1.016518599612124651e+00
6.551518064916419462e+03 1.013208563839363086e+00
6.551552136209148557e+03 1.017798509326904410e+00
6.551586207679066320e+03 1.015715420686446269e+00
6.551620279326173659e+03 1.013994055424939811e+00
6.551654351150471484e+03 1.019479525129649788e+00
6.551688423151959796e+03 1.019211787584515250e+00
6.551722495330641323e+03 1.018575072132298587e+00
6.551756567686514245e+03 1.022850700811968494e+00
6.551790640219582201e+03 1.025249504967415293e+00
6.551824712929844281e+03 1.019543877546768895e+00
6.551858785817302305e+03 1.012345429889998982e+00
6.551892858881957181e+03 1.013800985827700174e+00
6.551926932123810730e+03 1.019907004693195285e+00
6.551961005542862040e+03 1.015289509538478185e+00
6.551995079139112022e+03 1.014916267822041362e+00
6.552029152912563404e+03 1.012191161914701265e+00
6.552063226863215277e+03 1.014387358703953357e+00
6.552097300991070369e+03 1.011272958957277313e+00
6.552131375296127771e+03 1.007153798040863357e+00
6.552165449778389302e+03 1.010380673236183524e+00
6.552199524437855871e+03 1.014872627884991996e+00
6.552233599274528387e+03 1.021396102128961036e+00
6.552267674288408671e+03 1.015294938754031540e+00
6.552301749479494902e+03 1.011324585263832176e+00
6.552335824847790718e+03 1.011893830129105609e+00
6.552369900393296120e+03 1.019379215401950978e+00
6.552403976116012927e+03 1.022077192228591613e+00
6.552438052015940229e+03 1.017581491317278042e+00
6.552472128093078936e+03 1.012716578817251412e+00
6.552506204347432686e+03 1.013965445717358582e+00
6.552540280778999659e+03 1.016780153753669147e+00
6.552574357387781674e+03 1.010865213299381837e+00
6.552608434173780552e+03 1.005369069688726968e+00
6.552642511136995381e+03 9.950185957023426342e-01
6.552676588277428891e+03 9.624783863653222360e-01
6.552710665595081082e+03 9.337074841151143945e-01
6.552744743089951953e+03 9.398874119486662071e-01
6.552778820762045143e+03 9.655168952509639579e-01
6.552812898611358833e+03 9.903991494580483002e-01
6.552846976637895750e+03 1.005595626193654279e+00
6.552881054841654986e+03 1.007515033676218641e+00
6.552915133222640179e+03 1.007203597621736835e+00
6.552949211780848600e+03 1.014405024167123637e+00
6.552983290516284796e+03 1.021626451518537371e+00
6.553017369428947859e+03 1.017629332306170697e+00
6.553051448518837788e+03 1.013863325402340587e+00
6.553085527785958220e+03 1.016964528391467892e+00
6.553119607230308247e+03 1.015356115004387938e+00
6.553153686851887869e+03 1.016667863734685984e+00
6.553187766650699814e+03 1.018336870605616173e+00
6.553221846626744991e+03 1.015617190824018801e+00
6.553255926780023401e+03 1.021285924602605810e+00
6.553290007110536862e+03 1.020239837627662238e+00
6.553324087618284466e+03 1.014159515085578445e+00
6.553358168303268940e+03 1.015237506930069644e+00
6.553392249165490284e+03 1.016856069493649706e+00
6.553426330204951228e+03 1.014895147495562311e+00
6.553460411421649951e+03 1.013811140317588899e+00
6.553494492815588274e+03 1.016489268803753010e+00
6.553528574386768923e+03 1.018100599900234382e+00
6.553562656135190082e+03 1.017386499864609606e+00
6.553596738060855387e+03 1.016551565942952262e+00
6.553630820163763929e+03 1.012704215587076462e+00
6.553664902443916617e+03 1.013955722039622698e+00
6.553698984901315271e+03 1.017508184837261354e+00
6.553733067535958980e+03 1.015827826267437617e+00
6.553767150347851384e+03 1.012179260339145959e+00
6.553801233336992482e+03 1.005717644119134224e+00
6.553835316503382273e+03 9.947933807945769091e-01
6.553869399847022578e+03 9.862807805895978941e-01
6.553903483367913395e+03 9.898677553843945320e-01
6.553937567066056545e+03 1.001470647890747134e+00
6.553971650941452936e+03 1.010064658873944587e+00
6.554005734994101658e+03 1.019707214823530217e+00
6.554039819224006351e+03 1.023402858835536611e+00
6.554073903631166104e+03 1.021835964273919206e+00
6.554107988215583646e+03 1.020304257852785224e+00
6.554142072977258067e+03 1.015741515974411868e+00
6.554176157916190277e+03 1.014852547522002268e+00
6.554210243032382095e+03 1.016073882528796934e+00
6.554244328325834431e+03 1.015249171591945609e+00
6.554278413796548193e+03 1.014772018385156960e+00
6.554312499444524292e+03 1.014506988654063635e+00
6.554346585269762727e+03 1.011524153757106248e+00
6.554380671272266227e+03 1.011985213074129364e+00
6.554414757452032973e+03 1.012628158181152260e+00
6.554448843809066602e+03 1.012193615837163163e+00
6.554482930343367116e+03 1.016729899792437664e+00
6.554517017054935422e+03 1.012451625709775538e+00
6.554551103943771523e+03 1.016418384600876967e+00
6.554585191009877235e+03 1.018865772862900920e+00
6.554619278253253469e+03 1.012856469114427505e+00
6.554653365673901135e+03 1.012857173972971925e+00
6.554687453271821141e+03 1.009947291007723846e+00
6.554721541047014398e+03 1.010137164093220186e+00
6.554755628999481814e+03 1.007425671380368426e+00
6.554789717129224300e+03 1.014321951943624178e+00
6.554823805436242765e+03 1.015795222815792265e+00
6.554857893920538118e+03 1.017733551625380484e+00
6.554891982582111268e+03 1.018831861420063323e+00
6.554926071420963126e+03 1.016654893308334362e+00
6.554960160437093691e+03 1.019656185386860869e+00
6.554994249630505692e+03 1.023759755726405540e+00
6.555028339001199129e+03 1.019157043808590846e+00
6.555062428549175820e+03 1.019782140153088434e+00
6.555096518274434857e+03 1.018919182560428682e+00
6.555130608176977148e+03 1.019553642541931149e+00
6.555164698256806332e+03 1.018116873648847065e+00
6.555198788513921500e+03 1.017933834455274633e+00
6.555232878948322650e+03 1.014443997754271631e+00
6.555266969560012512e+03 1.014135401958882854e+00
6.555301060348991086e+03 1.011307717745201451e+00
6.555335151315259282e+03 1.012715854977527030e+00
6.555369242458818917e+03 1.021329666112276158e+00
6.555403333779669083e+03 1.017961174818059256e+00
6.555437425277812508e+03 1.016515699439597409e+00
6.555471516953249193e+03 1.020250931314771403e+00
6.555505608805980046e+03 1.020158590472407756e+00
6.555539700836006887e+03 1.017482941291924181e+00
6.555573793043329715e+03 1.016125042598474026e+00
6.555607885427949441e+03 1.015419152125896618e+00
6.555641977989866973e+03 1.015982171843207826e+00
6.555676070729084131e+03 1.018802828262198590e+00
6.555710163645600915e+03 1.019119496487477239e+00
6.555744256739418233e+03 1.016887213115345023e+00
6.555778350010537906e+03 1.018834170968880404e+00
6.555812443458960843e+03 1.017756388204894114e+00
6.555846537084686133e+03 1.017352390283335906e+00
6.555880630887716507e+03 1.013942582674117743e+00
6.555914724868052872e+03 1.015990673500462016e+00
6.555948819025695229e+03 1.016173031628227585e+00
6.555982913360643579e+03 1.013713341437362692e+00
6.556017007872901559e+03 1.011486973042030391e+00
6.556051102562468259e+03 1.014363123467609595e+00
6.556085197429345499e+03 1.018507882534211317e+00
6.556119292473533278e+03 1.016578239757817137e+00
6.556153387695033416e+03 1.015044850056610271e+00
6.556187483093845913e+03 1.018450315059866718e+00
6.556221578669972587e+03 1.021615834427228586e+00
6.556255674423414348e+03 1.019779440660865788e+00
6.556289770354170287e+03 1.014422935656768665e+00
6.556323866462244041e+03 1.013448079688207271e+00
6.556357962747633792e+03 1.017445269885010939e+00
6.556392059210344087e+03 1.020432531868455950e+00
6.556426155850371288e+03 1.015081846812049493e+00
6.556460252667720852e+03 1.011245705119627525e+00
6.556494349662390050e+03 1.016425371356655338e+00
6.556528446834382521e+03 1.015215520099420177e+00
6.556562544183696446e+03 1.021024600994618226e+00
6.556596641710335462e+03 1.017712541192123066e+00
6.556630739414299569e+03 1.021087178025101183e+00
6.556664837295587859e+03 1.022143972307848925e+00
6.556698935354203968e+03 1.017099506290304989e+00
6.556733033590147897e+03 1.015975913559501009e+00
6.556767132003420556e+03 1.019934717268941027e+00
6.556801230594021945e+03 1.020249498093021678e+00
6.556835329361952972e+03 1.017018506480183992e+00
6.556869428307216367e+03 1.018502442958326482e+00
6.556903527429812129e+03 1.021904491400018156e+00
6.556937626729740259e+03 1.015195123708260150e+00
6.556971726207002575e+03 1.013062985138200700e+00
6.557005825861600897e+03 1.010736963498032104e+00
6.557039925693533405e+03 1.016930058076173760e+00
6.557074025702803738e+03 1.020555907025104236e+00
6.557108125889412804e+03 1.016560471340756555e+00
6.557142226253358785e+03 1.013919690052523137e+00
6.557176326794644410e+03 1.009054785887094630e+00
6.557210427513271497e+03 9.921077180904853687e-01
6.557244528409240047e+03 9.707351055887011304e-01
6.557278629482550059e+03 9.628482681293637491e-01
6.557312730733204262e+03 9.807197038955274282e-01
6.557346832161201746e+03 9.992616038245200061e-01
6.557380933766544331e+03 1.008022932606340127e+00
6.557415035549233835e+03 1.008761422882604508e+00
6.557449137509270258e+03 1.007499914577314470e+00
6.557483239646653601e+03 1.013204179447241060e+00
6.557517341961386592e+03 1.012771664810651950e+00
6.557551444453469230e+03 1.008009415005850729e+00
6.557585547122902426e+03 1.009458064569655145e+00
6.557619649969687089e+03 1.010001009613253009e+00
6.557653752993824128e+03 1.007372560833856845e+00
6.557687856195314453e+03 1.006256726137055857e+00
6.557721959574159882e+03 1.010457133615969560e+00
6.557756063130360417e+03 1.013133479657589042e+00
6.557790166863916056e+03 1.008054378593884692e+00
6.557824270774830438e+03 1.004121197185092074e+00
6.557858374863101744e+03 1.002060525963426540e+00
6.557892479128731793e+03 1.002191397706481357e+00
6.557926583571722404e+03 1.002997512062106633e+00
6.557960688192073576e+03 1.004284826070642289e+00
6.557994792989786220e+03 1.006089972006570354e+00
6.558028897964862153e+03 1.003685589556917224e+00
6.558063003117300468e+03 9.988584033956107167e-01
6.558097108447104802e+03 9.970479716511334578e-01
6.558131213954273335e+03 9.937518218736320907e-01
6.558165319638807887e+03 9.919880631925080960e-01
6.558199425500711186e+03 9.804158607944516435e-01
6.558233531539982323e+03 9.753377520316106608e-01
6.558267637756622207e+03 9.795740891078973389e-01
6.558301744150631748e+03 9.866524890226032740e-01
6.558335850722012765e+03 9.898504290262978289e-01
6.558369957470764348e+03 9.880473354025263166e-01
6.558404064396891044e+03 9.884873293361569058e-01
6.558438171500389217e+03 9.913471214012198329e-01
6.558472278781263412e+03 9.929120016926087366e-01
6.558506386239512722e+03 9.911767007442501276e-01
6.558540493875138054e+03 9.853447003482292965e-01
6.558574601688142138e+03 9.860221609173909219e-01
6.558608709678523155e+03 9.851855970377024763e-01
6.558642817846283833e+03 9.832809262462284261e-01
6.558676926191425082e+03 9.803076342963009671e-01
6.558711034713946901e+03 9.785670454252911599e-01
6.558745143413851110e+03 9.804807407290221377e-01
6.558779252291138619e+03 9.826884909756913311e-01
6.558813361345809426e+03 9.834947566129911278e-01
6.558847470577864442e+03 9.804791761988789212e-01
6.558881579987306395e+03 9.785331047834132656e-01
6.558915689574134376e+03 9.808842099127673686e-01
6.558949799338349294e+03 9.815726040044531198e-01
6.558983909279953878e+03 9.795054740790242187e-01
6.559018019398946308e+03 9.802251793039434835e-01
6.559052129695330223e+03 9.756037969224145012e-01
6.559086240169105622e+03 9.733176697655323562e-01
6.559120350820272506e+03 9.748663639290455762e-01
6.559154461648832694e+03 9.693439364425940896e-01
6.559188572654787095e+03 9.672943068545092338e-01
6.559222683838135708e+03 9.738966274294063030e-01
6.559256795198880354e+03 9.758571111239379148e-01
6.559290906737022851e+03 9.657906802044228245e-01
6.559325018452562290e+03 9.704563777542078995e-01
6.559359130345500489e+03 9.736560421200556315e-01
6.559393242415838358e+03 9.679986403803541029e-01
6.559427354663575898e+03 9.625092727182821273e-01
6.559461467088714926e+03 9.637909309701619964e-01
6.559495579691257262e+03 9.634393739912707755e-01
6.559529692471201997e+03 9.596595040661383136e-01
6.559563805428550950e+03 9.563886551576769035e-01
6.559597918563305029e+03 9.509297697987716402e-01
6.559632031875465145e+03 9.600144333090984139e-01
6.559666145365032207e+03 9.574269359255976886e-01
6.559700259032007125e+03 9.550702860525415172e-01
6.559734372876390808e+03 9.554007436685322263e-01
6.559768486898184165e+03 9.484859273656772727e-01
6.559802601097388106e+03 9.503580463008950430e-01
6.559836715474003540e+03 9.492039249849207883e-01
6.559870830028032287e+03 9.452585537258804127e-01
6.559904944759473437e+03 9.453075890498056078e-01
6.559939059668328809e+03 9.423537939540470587e-01
6.559973174754599313e+03 9.392267520856107943e-01
6.560007290018285858e+03 9.409244796708953196e-01
6.560041405459390262e+03 9.397366502974191516e-01
6.560075521077913436e+03 9.361543143432973224e-01
6.560109636873854470e+03 9.357070347018374701e-01
6.560143752847214273e+03 9.363597010740899451e-01
6.560177868997996484e+03 9.311588935641806897e-01
6.560211985326199283e+03 9.309759768112461087e-01
6.560246101831826309e+03 9.301694229304352524e-01
6.560280218514874832e+03 9.274321922607013935e-01
6.560314335375349401e+03 9.284597954118694041e-01
6.560348452413248197e+03 9.285077602622581194e-01
6.560382569628573947e+03 9.223206450158227820e-01
6.560416687021326652e+03 9.142794867023721350e-01
6.560450804591507222e+03 9.219121067723898832e-01
6.560484922339117475e+03 9.170754085254604338e-01
6.560519040264157411e+03 9.125829946078369836e-01
6.560553158366627940e+03 9.082956332351047601e-01
6.560587276646530881e+03 8.999827693756476954e-01
6.560621395103867144e+03 8.987308855216279424e-01
6.560655513738635818e+03 9.058250284566172761e-01
6.560689632550838724e+03 9.125129542879433231e-01
6.560723751540477679e+03 9.133548536096693926e-01
6.560757870707553593e+03 9.099278188068695705e-01
6.560791990052067376e+03 9.078818509360351285e-01
6.560826109574019029e+03 9.081333757778891069e-01
6.560860229273409459e+03 9.093354360409339199e-01
6.560894349150239577e+03 9.063880844590330721e-01
6.560928469204511202e+03 9.042553675396641788e-01
6.560962589436226153e+03 9.019567742661188658e-01
6.560996709845381702e+03 9.003383425314545052e-01
6.561030830431982395e+03 8.997335750996707793e-01
6.561064951196028233e+03 8.968158864773952965e-01
6.561099072137519215e+03 8.935063902231217270e-01
6.561133193256456252e+03 8.923791505593255957e-01
6.561167314552842072e+03 8.863115476165751572e-01
6.561201436026674855e+03 8.771581361148245159e-01
6.561235557677958241e+03 8.842052529008369577e-01
6.561269679506691318e+03 8.904361835504742695e-01
6.561303801512875907e+03 8.960098768234615596e-01
6.561337923696512007e+03 8.855693236162140991e-01
6.561372046057601437e+03 8.859119244592507103e-01
6.561406168596145108e+03 8.857713737963207601e-01
6.561440291312143927e+03 8.842648827139001355e-01
6.561474414205597895e+03 8.855822138819918754e-01
6.561508537276507923e+03 8.891207923739387065e-01
6.561542660524876737e+03 8.873471139121565932e-01
6.561576783950704339e+03 8.802587428108088474e-01
6.561610907553991638e+03 8.824918299975600400e-01
6.561645031334738633e+03 8.902117755577115821e-01
6.561679155292947144e+03 8.848638043658452190e-01
6.561713279428618080e+03 8.785065034819093954e-01
6.561747403741751441e+03 8.812710985063206826e-01
6.561781528232349956e+03 8.832891312553823315e-01
6.561815652900413625e+03 8.815620730872694155e-01
6.561849777745942447e+03 8.790929168870104116e-01
6.561883902768938242e+03 8.797380513985207928e-01
6.561918027969402829e+03 8.802570825252211684e-01
6.561952153347335297e+03 8.796937244408010725e-01
6.561986278902738377e+03 8.797424878330731834e-01
6.562020404635611158e+03 8.796079590632096545e-01
6.562054530545955458e+03 8.834440283722898579e-01
6.562088656633772189e+03 8.830614119182657040e-01
6.562122782899062258e+03 8.852086963446154089e-01
6.562156909341827486e+03 8.821239126823395837e-01
6.562191035962066962e+03 8.805694590609937089e-01
6.562225162759782506e+03 8.831248813431096245e-01
6.562259289734975937e+03 8.853821514053830111e-01
6.562293416887646345e+03 8.848848052275103404e-01
6.562327544217796458e+03 8.826735590637698747e-01
6.562361671725426277e+03 8.839871180642335791e-01
6.562395799410536711e+03 8.863124700348871121e-01
6.562429927273128669e+03 8.844884933767107604e-01
6.562464055313203062e+03 8.859475457208950688e-01
6.562498183530760798e+03 8.816373512015940328e-01
6.562532311925804606e+03 8.757519248916199039e-01
6.562566440498331758e+03 8.864007332073515766e-01
6.562600569248345892e+03 8.857414536433751984e-01
6.562634698175847006e+03 8.939769991053452269e-01
6.562668827280836922e+03 8.932664889581566348e-01
6.562702956563316548e+03 8.952145051325499647e-01
6.562737086023284974e+03 9.002367655168929117e-01
6.562771215660744019e+03 8.980349119142747583e-01
6.562805345475695503e+03 8.969135807515663528e-01
6.562839475468139426e+03 9.026673345973703633e-01
6.562873605638076697e+03 9.058146282966887952e-01
6.562907735985509134e+03 9.038837705995893534e-01
6.562941866510436739e+03 9.057420024729859742e-01
6.562975997212862239e+03 9.111596690054337699e-01
6.563010128092783816e+03 9.083846330822583637e-01
6.563044259150202379e+03 9.150436808893529506e-01
6.563078390385122475e+03 9.142755758097240726e-01
6.563112521797540467e+03 9.148105484551427580e-01
6.563146653387461811e+03 9.212911401632809527e-01
6.563180785154883779e+03 9.251676875427778945e-01
6.563214917099809099e+03 9.233810147630271414e-01
6.563249049222237772e+03 9.211026620770244033e-01
6.563283181522171617e+03 9.218631027938618550e-01
6.563317313999611542e+03 9.246876148897499315e-01
6.563351446654556639e+03 9.307745204573413256e-01
6.563385579487010546e+03 9.375554058806807589e-01
6.563419712496973261e+03 9.273916055000148706e-01
6.563453845684443877e+03 9.286505015539274766e-01
6.563487979049426031e+03 9.316611675006496451e-01
6.563522112591917903e+03 9.342475876368314669e-01
6.563556246311923132e+03 9.320715559555468044e-01
6.563590380209440809e+03 9.256142773068068985e-01
6.563624514284473662e+03 9.267443750666720659e-01
6.563658648537019872e+03 9.379036559817833796e-01
6.563692782967082167e+03 9.459653358382247301e-01
6.563726917574661456e+03 9.466935058331454877e-01
6.563761052359759560e+03 9.496034858435348225e-01
6.563795187322374659e+03 9.581899786529478602e-01
6.563829322462509481e+03 9.625978559091743492e-01
6.563863457780165845e+03 9.645236357725782694e-01
6.563897593275342842e+03 9.606774902973349572e-01
6.563931728948042291e+03 9.657972661436287076e-01
6.563965864798264192e+03 9.714464703590215411e-01
6.564000000826010364e+03 9.765116853186064372e-01
6.564034137031282626e+03 9.773121793487696829e-01
6.564068273414080068e+03 9.734451495344360605e-01
6.564102409974404509e+03 9.729090180498318752e-01
6.564136546712256859e+03 9.703696826035872469e-01
6.564170683627637118e+03 9.629467366710640075e-01
6.564204820720548923e+03 9.695001090639305819e-01
6.564238957990990457e+03 9.608255583377671716e-01
6.564273095438963537e+03 9.471057841151246937e-01
6.564307233064468164e+03 9.377375290223814996e-01
6.564341370867506157e+03 9.636195447709180462e-01
6.564375508848079335e+03 9.817194966201264750e-01
6.564409647006188607e+03 9.919253165029895403e-01
6.564443785341832154e+03 9.970579343877505885e-01
6.564477923855014524e+03 1.002584942423865977e+00
6.564512062545732988e+03 1.010040196108331623e+00
6.564546201413991184e+03 1.009085061808451478e+00
6.564580340459789113e+03 1.005107188856156908e+00
6.564614479683127684e+03 1.010719618503967077e+00
6.564648619084008715e+03 1.011993604626603593e+00
6.564682758662432207e+03 1.006319438740211236e+00
6.564716898418398159e+03 1.015517524315362685e+00
6.564751038351909301e+03 1.014856161895388409e+00
6.564785178462965632e+03 1.015362485825772820e+00
6.564819318751568971e+03 1.018401074055893085e+00
6.564853459217718409e+03 1.016183721396092920e+00
6.564887599861416675e+03 1.018785855848767463e+00
6.564921740682663767e+03 1.025727959569650016e+00
6.564955881681460596e+03 1.027335729379253326e+00
6.564990022857808071e+03 1.028170850567007966e+00
6.565024164211708921e+03 1.031160104261512611e+00
6.565058305743161327e+03 1.028617682633073738e+00
6.565092447452167107e+03 1.026628298577988652e+00
6.565126589338728081e+03 1.029607183838495921e+00
6.565160731402844249e+03 1.025945330794724386e+00
6.565194873644517429e+03 1.028925945798041974e+00
6.565229016063746712e+03 1.027571931166563202e+00
6.565263158660535737e+03 1.029983459117720157e+00
6.565297301434883593e+03 1.030764889511262883e+00
6.565331444386791190e+03 1.034665927045218758e+00
6.565365587516260348e+03 1.035364242604898566e+00
6.565399730823291065e+03 1.030875005306069569e+00
6.565433874307885162e+03 1.030936911576508797e+00
6.565468017970041728e+03 1.036450119375737833e+00
6.565502161809765312e+03 1.039476786046580115e+00
6.565536305827053184e+03 1.033212562476735430e+00
6.565570450021907163e+03 1.035369870331515951e+00
6.565604594394329979e+03 1.034852698461211196e+00
6.565638738944320721e+03 1.041992603788651106e+00
6.565672883671880300e+03 1.038450147308915605e+00
6.565707028577010533e+03 1.042101324550013031e+00
6.565741173659711421e+03 1.040111397349756883e+00
6.565775318919986603e+03 1.036540583236372548e+00
6.565809464357832439e+03 1.040528279365167341e+00
6.565843609973253479e+03 1.045711599023578131e+00
6.565877755766248811e+03 1.046467555557317297e+00
6.565911901736820255e+03 1.045131861019535702e+00
6.565946047884968721e+03 1.043294509338186682e+00
6.565980194210694208e+03 1.043477476526189829e+00
6.566014340713999445e+03 1.045481818486847958e+00
6.566048487394883523e+03 1.045499749184603644e+00
6.566082634253348260e+03 1.046979758588505227e+00
6.566116781289393657e+03 1.048334316225107976e+00
6.566150928503021532e+03 1.041648520209144335e+00
6.566185075894232796e+03 1.044325869553715869e+00
6.566219223463029266e+03 1.044564774988992584e+00
6.566253371209409124e+03 1.042750783446073637e+00
6.566287519133376009e+03 1.045759894558108583e+00
6.566321667234929919e+03 1.047082274964248327e+00
6.566355815514070855e+03 1.043493006193827677e+00
6.566389963970800636e+03 1.043118404542420885e+00
6.566424112605121081e+03 1.047241286128031801e+00
6.566458261417031281e+03 1.046769627665368185e+00
6.566492410406533963e+03 1.046213250351855528e+00
6.566526559573627310e+03 1.048979046245488878e+00
6.566560708918315868e+03 1.044848202667571391e+00
6.566594858440598728e+03 1.044094291460268220e+00
6.566629008140474980e+03 1.038717116230606363e+00
6.566663158017948263e+03 1.036658354830400031e+00
6.566697308073019485e+03 1.035600122600834228e+00
6.566731458305687738e+03 1.036400605095734617e+00
6.566765608715955750e+03 1.040053557608070500e+00
6.566799759303823521e+03 1.044037626069581393e+00
6.566833910069291051e+03 1.048557581381867276e+00
6.566868061012361068e+03 1.049923593202533256e+00
6.566902212133033572e+03 1.045895541892161607e+00
6.566936363431309474e+03 1.046836688445505370e+00
6.566970514907190591e+03 1.042271682297414293e+00
6.567004666560676014e+03 1.038663618675980338e+00
6.567038818391768473e+03 1.046276097477646161e+00
6.567072970400467966e+03 1.049164844610867897e+00
6.567107122586775404e+03 1.044608229025489665e+00
6.567141274950692605e+03 1.040912905562673130e+00
6.567175427492219569e+03 1.041974509754736822e+00
6.567209580211357206e+03 1.045417796876410232e+00
6.567243733108105516e+03 1.049901513892521177e+00
6.567277886182469047e+03 1.051632003610381894e+00
6.567312039434444159e+03 1.050197339857061651e+00
6.567346192864035402e+03 1.049458682121607644e+00
6.567380346471241864e+03 1.044042132903501896e+00
6.567414500256063548e+03 1.040560744330837117e+00
6.567448654218504089e+03 1.047279517968184415e+00
6.567482808358561670e+03 1.050909348667046661e+00
6.567516962676239928e+03 1.044960076026685947e+00
6.567551117171537953e+03 1.047915485281425418e+00
6.567585271844456656e+03 1.045554173546375143e+00
6.567619426694997856e+03 1.046963195743653152e+00
6.567653581723161551e+03 1.045919789437874892e+00
6.567687736928948652e+03 1.044194541144211730e+00
6.567721892312360978e+03 1.045951299135075896e+00
6.567756047873399439e+03 1.045618762222533693e+00
6.567790203612064943e+03 1.045210541530830817e+00
6.567824359528356581e+03 1.047408873578534960e+00
6.567858515622277991e+03 1.044407069003313815e+00
6.567892671893828265e+03 1.037731149897466842e+00
6.567926828343009220e+03 1.045912537018049759e+00
6.567960984969820856e+03 1.041052933049631646e+00
6.567995141774264084e+03 1.052698332122702363e+00
6.568029298756341632e+03 1.046942632383334626e+00
6.568063455916052590e+03 1.043629470577861929e+00
6.568097613253399686e+03 1.046724410438341968e+00
6.568131770768382012e+03 1.050726774284799658e+00
6.568165928461000476e+03 1.049447654962486931e+00
6.568200086331256898e+03 1.047683324272207450e+00
6.568234244379152187e+03 1.046528438159904706e+00
6.568268402604687253e+03 1.044601526218157828e+00
6.568302561007862096e+03 1.047622843059822451e+00
6.568336719588678534e+03 1.047592984400166793e+00
6.568370878347137477e+03 1.043824710388131294e+00
6.568405037283239835e+03 1.042718759599725153e+00
6.568439196396986517e+03 1.045637787387378115e+00
6.568473355688378433e+03 1.050270582217046389e+00
6.568507515157415583e+03 1.048616747431883267e+00
6.568541674804100694e+03 1.047852177546293451e+00
6.568575834628432858e+03 1.048631694351346955e+00
6.568609994630413894e+03 1.048092411679401703e+00
6.568644154810044711e+03 1.044703566930652139e+00
6.568678315167326218e+03 1.043233974619377724e+00
6.568712475702260235e+03 1.044288201871064636e+00
6.568746636414844943e+03 1.043644334705303711e+00
6.568780797305083979e+03 1.039753796697524324e+00
6.568814958372978253e+03 1.032184042082638253e+00
6.568849119618526856e+03 1.028658843188820615e+00
6.568883281041731607e+03 1.033914267276781596e+00
6.568917442642594324e+03 1.029944572753368259e+00
6.568951604421114098e+03 1.027061661972461515e+00
6.568985766377293658e+03 1.028030707079736539e+00
6.569019928511133003e+03 1.034367620709154334e+00
6.569054090822632133e+03 1.035927035910043204e+00
6.569088253311793778e+03 1.037244676430523649e+00
6.569122415978617937e+03 1.038258287375485311e+00
6.569156578823105519e+03 1.033760707276078605e+00
6.569190741845258344e+03 1.033031811786730536e+00
6.569224905045076412e+03 1.037094209770898168e+00
6.569259068422559722e+03 1.036694622665566001e+00
6.569293231977711002e+03 1.036413708580476989e+00
6.569327395710531164e+03 1.037425108807129348e+00
6.569361559621020206e+03 1.038588287092705675e+00
6.569395723709179038e+03 1.033683038945275579e+00
6.569429887975008569e+03 1.036154347349496962e+00
6.569464052418510619e+03 1.037475225479455698e+00
6.569498217039685187e+03 1.032378325090106852e+00
6.569532381838534093e+03 1.027753546905809889e+00
6.569566546815056427e+03 1.025556283949533132e+00
6.569600711969254917e+03 1.033753470522351670e+00
6.569634877301130473e+03 1.036409410709955958e+00
6.569669042810683095e+03 1.034949964722244875e+00
6.569703208497913693e+03 1.037327473207701800e+00
6.569737374362824085e+03 1.036405842674877897e+00
6.569771540405414271e+03 1.032717411051265355e+00
6.569805706625686071e+03 1.031568160495218267e+00
6.569839873023639484e+03 1.033431714997187445e+00
6.569874039599276330e+03 1.035412979012372725e+00
6.569908206352597517e+03 1.034156202698695459e+00
6.569942373283602137e+03 1.036738515490875034e+00
6.569976540392293828e+03 1.039212876053875467e+00
6.570010707678671679e+03 1.035282200935434327e+00
6.570044875142736601e+03 1.034537032650206356e+00
6.570079042784491321e+03 1.036391964705571267e+00
6.570113210603934021e+03 1.035592801979316357e+00
6.570147378601068340e+03 1.029358222064437722e+00
6.570181546775894276e+03 1.025724618020273926e+00
6.570215715128410920e+03 1.028821268480955675e+00
6.570249883658621002e+03 1.037259813024145272e+00
6.570284052366526339e+03 1.040358737709618620e+00
6.570318221252126023e+03 1.031923953049094900e+00
6.570352390315421871e+03 1.033439009419331756e+00
6.570386559556413886e+03 1.027846899427644622e+00
6.570420728975104794e+03 1.028385081223817776e+00
6.570454898571492777e+03 1.034059023597251992e+00
6.570489068345582382e+03 1.031739818082152649e+00
6.570523238297370881e+03 1.032288747665481621e+00
6.570557408426861912e+03 1.032389897442710147e+00
6.570591578734054565e+03 1.036930281929991482e+00
6.570625749218951569e+03 1.034441944532478841e+00
6.570659919881552014e+03 1.030004245036311827e+00
6.570694090721856810e+03 1.022527506268777975e+00
6.570728261739869595e+03 1.023389189912582209e+00
6.570762432935587640e+03 1.030729962328556626e+00
6.570796604309014583e+03 1.028773923121445888e+00
6.570830775860151334e+03 1.028807917983867615e+00
6.570864947588996074e+03 1.027793049261956693e+00
6.570899119495552441e+03 1.032992427921763268e+00
6.570933291579820434e+03 1.026952340292327071e+00
6.570967463841800964e+03 1.026176922790076773e+00
6.571001636281494029e+03 1.025986653037282093e+00
6.571035808898902360e+03 1.025133196332961294e+00
6.571069981694026865e+03 1.022692753905461771e+00
6.571104154666865725e+03 1.031429819221491906e+00
6.571138327817423487e+03 1.030723620595485057e+00
6.571172501145699243e+03 1.029871018150787521e+00
6.571206674651692992e+03 1.033896121735310425e+00
6.571240848335407463e+03 1.033097745120278743e+00
6.571275022196841746e+03 1.029818329532531385e+00
6.571309196235999480e+03 1.029000573909626848e+00
6.571343370452878844e+03 1.028033592151776698e+00
6.571377544847482568e+03 1.026430500328715745e+00
6.571411719419810652e+03 1.027889646588461270e+00
6.571445894169863095e+03 1.030400338272363436e+00
6.571480069097643536e+03 1.024116778197748934e+00
6.571514244203151065e+03 1.023734428831182486e+00
6.571548419486385683e+03 1.025549145427107955e+00
6.571582594947351026e+03 1.024625560158079818e+00
6.571616770586045277e+03 1.028522991970107103e+00
6.571650946402471163e+03 1.031895776963862588e+00
6.571685122396629595e+03 1.029113165358518378e+00
6.571719298568519662e+03 1.026975582942648568e+00
6.571753474918144093e+03 1.028262874333373489e+00
6.571787651445502888e+03 1.029980841699067007e+00
6.571821828150597867e+03 1.029818298004405275e+00
6.571856005033429938e+03 1.026369548697298351e+00
6.571890182093999101e+03 1.021982068581117176e+00
6.571924359332306267e+03 1.022490560676784677e+00
6.571958536748353254e+03 1.027037525385355643e+00
6.571992714342140061e+03 1.019585993404257707e+00
6.572026892113668509e+03 1.026855824004234696e+00
6.572061070062939507e+03 1.022376000341446156e+00
6.572095248189953054e+03 1.008337547683474833e+00
6.572129426494710970e+03 9.903864072380771377e-01
6.572163604977213254e+03 9.748406831964535613e-01
6.572197783637460816e+03 9.744584888330275474e-01
6.572231962475456385e+03 9.874884668927510489e-01
6.572266141491199051e+03 1.004389946947538803e+00
6.572300320684690632e+03 1.018724232116268835e+00
6.572334500055932040e+03 1.022658687776251130e+00
6.572368679604923273e+03 1.020125658552677228e+00
6.572402859331666150e+03 1.022089904717454756e+00
6.572437039236160672e+03 1.024619609042805468e+00
6.572471219318408657e+03 1.025567104179701650e+00
6.572505399578411016e+03 1.029049885394633490e+00
6.572539580016169566e+03 1.029801702442669775e+00
6.572573760631682489e+03 1.030504470480262835e+00
6.572607941424953424e+03 1.019859713803843437e+00
6.572642122395982369e+03 1.027367622322909124e+00
6.572676303544769326e+03 1.026190451397476666e+00
6.572710484871316112e+03 1.027669664145855366e+00
6.572744666375623638e+03 1.024588917751313888e+00
6.572778848057692812e+03 1.024498279146669022e+00
6.572813029917523636e+03 1.022925917906045923e+00
6.572847211955118837e+03 1.022488326407180903e+00
6.572881394170478416e+03 1.026801367442196522e+00
6.572915576563602372e+03 1.029414965359886525e+00
6.572949759134493434e+03 1.028790915942313200e+00
6.572983941883151601e+03 1.025568304569241640e+00
6.573018124809576875e+03 1.021713249843184679e+00
6.573052307913771983e+03 1.020808422375721225e+00
6.573086491195736926e+03 1.020410126802642869e+00
6.573120674655471703e+03 1.031655737158819308e+00
6.573154858292979043e+03 1.029205250014216810e+00
6.573189042108258946e+03 1.027684803138149583e+00
6.573223226101312321e+03 1.025000473665740763e+00
6.573257410272140078e+03 1.027874111609994312e+00
6.573291594620743126e+03 1.027075838844185185e+00
6.573325779147123285e+03 1.024297449654155923e+00
6.573359963851280554e+03 1.028964142913644464e+00
6.573394148733215843e+03 1.029937885757023164e+00
6.573428333792929152e+03 1.025025733526372163e+00
6.573462519030424119e+03 1.023092410852890266e+00
6.573496704445698924e+03 1.023220243439560306e+00
6.573530890038755388e+03 1.023042478603263250e+00
6.573565075809596237e+03 1.023723255063966553e+00
6.573599261758219654e+03 1.023232566073488226e+00
6.573633447884628367e+03 1.018663327241911665e+00
6.573667634188822376e+03 1.027852336718144244e+00
6.573701820670802590e+03 1.024562409610795921e+00
6.573736007330570828e+03 1.019403198464159610e+00
6.573770194168127091e+03 1.020787620535399176e+00
6.573804381183473197e+03 1.023460927021158540e+00
6.573838568376608237e+03 1.022369318253769865e+00
6.573872755747534939e+03 1.018139421519067556e+00
6.573906943296254212e+03 1.019529357766403077e+00
6.573941131022766058e+03 1.021319493512837795e+00
6.573975318927072294e+03 1.022922308151026805e+00
6.574009507009172921e+03 1.018586549701529620e+00
6.574043695269069758e+03 1.019271125510059051e+00
6.574077883706762805e+03 1.028400778483713696e+00
6.574112072322253880e+03 1.030412398294751064e+00
6.574146261115542984e+03 1.031944457317367281e+00
6.574180450086631936e+03 1.026087782871997423e+00
6.574214639235520735e+03 1.026834620889316652e+00
6.574248828562211202e+03 1.028506278130941309e+00
6.574283018066704244e+03 1.023506076556956135e+00
6.574317207748999863e+03 1.026570888940290249e+00
6.574351397609100786e+03 1.021639804343093871e+00
6.574385587647005195e+03 1.026942875552514289e+00
6.574419777862716728e+03 1.027373766883053818e+00
6.574453968256234475e+03 1.025297896847266577e+00
6.574488158827560255e+03 1.023982821909823038e+00
6.574522349576694069e+03 1.022580505551219821e+00
6.574556540503637734e+03 1.023236094353493497e+00
6.574590731608392161e+03 1.023249576648365133e+00
6.574624922890958260e+03 1.021431783257432002e+00
6.574659114351336939e+03 1.019325523434329028e+00
6.574693305989529108e+03 1.018826654014918454e+00
6.574727497805534767e+03 1.021862660402273804e+00
6.574761689799354826e+03 1.021537977348714765e+00
6.574795881970992923e+03 1.018252385394937454e+00
6.574830074320446329e+03 1.010379367942851880e+00
6.574864266847719591e+03 1.007879531756111779e+00
6.574898459552809982e+03 9.810158009302952786e-01
6.574932652435722048e+03 9.387899530022812966e-01
6.574966845496453061e+03 9.398170430810076637e-01
6.575001038735006659e+03 9.616791321336159992e-01
6.575035232151381933e+03 9.860728669240189648e-01
6.575069425745581611e+03 1.008531159416000911e+00
6.575103619517605694e+03 1.019165000609983940e+00
6.575137813467454180e+03 1.019835115968439787e+00
6.575172007595129799e+03 1.021535555194226230e+00
6.575206201900632550e+03 1.021753408355737802e+00
6.575240396383963343e+03 1.021769096119486742e+00
6.575274591045123088e+03 1.026829724898022045e+00
6.575308785884112694e+03 1.025490515367951438e+00
6.575342980900933981e+03 1.021078285734272839e+00
6.575377176095586037e+03 1.027421404869742760e+00
6.575411371468071593e+03 1.023264213274137857e+00
6.575445567018390648e+03 1.022422606974580761e+00
6.575479762746544111e+03 1.023141199684296287e+00
6.575513958652532892e+03 1.019443995603426911e+00
6.575548154736358811e+03 1.018465821774293234e+00
6.575582350998021866e+03 1.024129431242315036e+00
6.575616547437522968e+03 1.019521880998249364e+00
6.575650744054863026e+03 1.019045166851740181e+00
6.575684940850043859e+03 1.024358158346290182e+00
6.575719137823065466e+03 1.021140845170539047e+00
6.575753334973929668e+03 1.018496910600092065e+00
6.575787532302635555e+03 1.023487843061226865e+00
6.575821729809186763e+03 1.023429244875251998e+00
6.575855927493581476e+03 1.021852131963841837e+00
6.575890125355822420e+03 1.024631990293817241e+00
6.575924323395910505e+03 1.022848961069110496e+00
6.575958521613844823e+03 1.022982011008854331e+00
6.575992720009628101e+03 1.025106753105448298e+00
6.576026918583261249e+03 1.023574587297848559e+00
6.576061117334744267e+03 1.019951687752266967e+00
6.576095316264078974e+03 1.022399134250320918e+00
6.576129515371266280e+03 1.020273180115382372e+00
6.576163714656306183e+03 1.020298254080717948e+00
6.576197914119199595e+03 1.019319507644604217e+00
6.576232113759949243e+03 1.018185817646213742e+00
6.576266313578553309e+03 1.018329968642763816e+00
6.576300513575014520e+03 1.018008405293308716e+00
6.576334713749333787e+03 1.016922086036265327e+00
6.576368914101512019e+03 1.017128012784079161e+00
6.576403114631549215e+03 1.014290583490142783e+00
6.576437315339447196e+03 1.013776277911001555e+00
6.576471516225205960e+03 1.014138810055633888e+00
6.576505717288828237e+03 1.014840862597972793e+00
6.576539918530313116e+03 1.017297628569450607e+00
6.576574119949662418e+03 1.013069612961548183e+00
6.576608321546876141e+03 1.017558857572450126e+00
6.576642523321956105e+03 1.015472434761500065e+00
6.576676725274904129e+03 1.015417253115985741e+00
6.576710927405719303e+03 1.013490467695393304e+00
6.576745129714403447e+03 1.016927826381634814e+00
6.576779332200957469e+03 1.009035106025154338e+00
6.576813534865381371e+03 1.013424976256346755e+00
6.576847737707676970e+03 1.015433585411548378e+00
6.576881940727846086e+03 1.016345659236088883e+00
6.576916143925887809e+03 1.016059639745541476e+00
6.576950347301804868e+03 1.017164609862240887e+00
6.576984550855596353e+03 1.017417747645926518e+00
6.577018754587264084e+03 1.016754929339400482e+00
6.577052958496809879e+03 1.016000366328181803e+00
6.577087162584232829e+03 1.016346493858868438e+00
6.577121366849533842e+03 1.016046174992273565e+00
6.577155571292716559e+03 1.012570872850030446e+00
6.577189775913780068e+03 1.012066894201296918e+00
6.577223980712724369e+03 1.016471245069511475e+00
6.577258185689551283e+03 1.017262161557311639e+00
6.577292390844262627e+03 1.015421451080991355e+00
6.577326596176858402e+03 1.017010361983305300e+00
6.577360801687339517e+03 1.019956178246985257e+00
6.577395007375705973e+03 1.014871028178357726e+00
6.577429213241961406e+03 1.014077873547403197e+00
6.577463419286103999e+03 1.014386249165975862e+00
6.577497625508136480e+03 1.014177475496614189e+00
6.577531831908058848e+03 1.008765317700538455e+00
6.577566038485872923e+03 1.016280034578234570e+00
6.577600245241577795e+03 1.013087119582058326e+00
6.577634452175175284e+03 1.007245553594880993e+00
6.577668659286667207e+03 1.011172473588741516e+00
6.577702866576054475e+03 1.011992669610613627e+00
6.577737074043336179e+03 1.009822365892818485e+00
6.577771281688515046e+03 1.010162222815465194e+00
6.577805489511591986e+03 1.009449691636469693e+00
6.577839697512566090e+03 1.009656674936984189e+00
6.577873905691440996e+03 1.010705077419667530e+00
6.577908114048214884e+03 1.009873646783318257e+00
6.577942322582890483e+03 1.009145897998066088e+00
6.577976531295468703e+03 1.010886899524443105e+00
6.578010740185949544e+03 1.009525759745946383e+00
6.578044949254333915e+03 1.004698726869760694e+00
6.578079158500624544e+03 1.004463438767662087e+00
6.578113367924818704e+03 1.011635211187283945e+00
6.578147577526921850e+03 1.009434973063027208e+00
6.578181787306932165e+03 1.007690322062700039e+00
6.578215997264850557e+03 1.007053756252018539e+00
6.578250207400678846e+03 1.010169006314089568e+00
6.578284417714417032e+03 1.013467141434206908e+00
6.578318628206066933e+03 1.012321556947289869e+00
6.578352838875629459e+03 1.010088282379348001e+00
6.578387049723104610e+03 1.009092125574386323e+00
6.578421260748494205e+03 1.008684030607329918e+00
6.578455471951799154e+03 1.010202579407304624e+00
6.578489683333019457e+03 1.013350992854836097e+00
6.578523894892156932e+03 1.014611276141550222e+00
6.578558106629212489e+03 1.012438287478545140e+00
6.578592318544186128e+03 1.007493476639670593e+00
6.578626530637080577e+03 1.005613605182060333e+00
6.578660742907895838e+03 1.017029898389227638e+00
6.578694955356630999e+03 1.006904863425055696e+00
6.578729167983290608e+03 1.008050339720992117e+00
6.578763380787871938e+03 1.008554346145945413e+00
6.578797593770378626e+03 1.006169819868856008e+00
6.578831806930810671e+03 1.008057446387105927e+00
6.578866020269168075e+03 1.013420050055541921e+00
6.578900233785452656e+03 1.010995234586382852e+00
6.578934447479666233e+03 1.007853135453805615e+00
6.578968661351807896e+03 1.007199531709927154e+00
6.579002875401879464e+03 1.012316854994059545e+00
6.579037089629882757e+03 1.012341712456855669e+00
6.579071304035816866e+03 1.009321462046306239e+00
6.579105518619683608e+03 1.006748299817319836e+00
6.579139733381484803e+03 1.003470270724415858e+00
6.579173948321219541e+03 1.004229252526515070e+00
6.579208163438889642e+03 1.006195257120121589e+00
6.579242378734496924e+03 1.006686776889529344e+00
6.579276594208041388e+03 1.006673710145027600e+00
6.579310809859523033e+03 1.009148877000382027e+00
6.579345025688944588e+03 1.014384951532739443e+00
6.579379241696306963e+03 1.009991134542741253e+00
6.579413457881609247e+03 1.011919337824994436e+00
6.579447674244854170e+03 1.005672212309977942e+00
6.579481890786040822e+03 1.013958631089037832e+00
6.579516107505171931e+03 1.014589351215134272e+00
6.579550324402248407e+03 1.013385038663948468e+00
6.579584541477269340e+03 1.013025850627474966e+00
6.579618758730237460e+03 1.015252928133577370e+00
6.579652976161152765e+03 1.013304237520260553e+00
6.579687193770016165e+03 1.012632229518601878e+00
6.579721411556830390e+03 1.012794553103814499e+00
6.579755629521593619e+03 1.013856726922010898e+00
6.579789847664308581e+03 1.017091079750609195e+00
6.579824065984974368e+03 1.017433384385611816e+00
6.579858284483594616e+03 1.013265606307072186e+00
6.579892503160167507e+03 1.011593495065647108e+00
6.579926722014695770e+03 1.011242145694925432e+00
6.579960941047180313e+03 1.009632010635021615e+00
6.579995160257621137e+03 1.014825917005788725e+00
6.580029379646020061e+03 1.015689885197705200e+00
6.580063599212377994e+03 1.012370734344549161e+00
6.580097818956694937e+03 1.013109618638993625e+00
6.580132038878970889e+03 1.016613168241309317e+00
6.580166258979209488e+03 1.020873544277437484e+00
6.580200479257410734e+03 1.022527617066288697e+00
6.580234699713573718e+03 1.017094138719114360e+00
6.580268920347702078e+03 1.022020010160896275e+00
6.580303141159795814e+03 1.018295120529495668e+00
6.580337362149854926e+03 1.015982376784124286e+00
6.580371583317881232e+03 1.017506965454080259e+00
6.580405804663874733e+03 1.016488428912777797e+00
6.580440026187837248e+03 1.015556571566816668e+00
6.580474247889769686e+03 1.012444986470893094e+00
6.580508469769672047e+03 1.014661646667271988e+00
6.580542691827547060e+03 1.017869378910307931e+00
6.580576914063393815e+03 1.015107675427008305e+00
6.580611136477214131e+03 1.016668739927818699e+00
6.580645359069008009e+03 1.020652018150405294e+00
6.580679581838778176e+03 1.017723869688046401e+00
6.580713804786524634e+03 1.012917084530773115e+00
6.580748027912247380e+03 1.012271481335236034e+00
6.580782251215948236e+03 1.012780029293626871e+00
6.580816474697628109e+03 1.003706266875084463e+00
6.580850698357287911e+03 9.948974212595138589e-01
6.580884922194928549e+03 9.891320374204753962e-01
6.580919146210550934e+03 9.995116910017340928e-01
6.580953370404155976e+03 1.007492684037071484e+00
6.580987594775744583e+03 1.006477978117985117e+00
6.581021819325317665e+03 1.012996892661390591e+00
6.581056044052875222e+03 1.008714979130200140e+00
6.581090268958419983e+03 1.008821582165685626e+00
6.581124494041952858e+03 1.012585273154533283e+00
6.581158719303472935e+03 1.019175535083234774e+00
6.581192944742982036e+03 1.017072920917438950e+00
6.581227170360481068e+03 1.015957798866975015e+00
6.581261396155971852e+03 1.014814631338677886e+00
6.581295622129453477e+03 1.012817434460492549e+00
6.581329848280928672e+03 1.014186535251919929e+00
6.581364074610397438e+03 1.013080822656148516e+00
6.581398301117860683e+03 1.011842710657642197e+00
6.581432527803320227e+03 1.012913683079461613e+00
6.581466754666776069e+03 1.011912562472698118e+00
6.581500981708229119e+03 1.011847286544815372e+00
6.581535208927680287e+03 1.011479225775819835e+00
6.581569436325130482e+03 1.011047633640150600e+00
6.581603663900581523e+03 1.012057871282818322e+00
6.581637891654033410e+03 1.010531284116407802e+00
6.581672119585487962e+03 1.006358305404431164e+00
6.581706347694945180e+03 1.010619006483369109e+00
6.581740575982405971e+03 1.007867108839758830e+00
6.581774804447871247e+03 1.013528011665698836e+00
6.581809033091343736e+03 1.013174224477450425e+00
6.581843261912821617e+03 1.008673326883644528e+00
6.581877490912308531e+03 1.010023713125693279e+00
6.581911720089802657e+03 1.009639191445296458e+00
6.581945949445306724e+03 1.008278632538542663e+00
6.581980178978821641e+03 1.010345035440850747e+00
6.582014408690346499e+03 1.012036014917314208e+00
6.582048638579884937e+03 1.008626686640546222e+00
6.582082868647436953e+03 1.007231942440526717e+00
6.582117098893001639e+03 1.008105285688785324e+00
6.582151329316581723e+03 1.008406645019948256e+00
6.582185559918178114e+03 1.006593752081198945e+00
6.582219790697791723e+03 1.006665158294293150e+00
6.582254021655422548e+03 1.011638232639306967e+00
6.582288252791072409e+03 1.009806758590923614e+00
6.582322484104741307e+03 1.011192850643466645e+00
6.582356715596431968e+03 1.009838235738755419e+00
6.582390947266143485e+03 1.004569839691464184e+00
6.582425179113876766e+03 1.004906091768176690e+00
6.582459411139634540e+03 1.003412702914028287e+00
6.582493643343416807e+03 1.006092588027787782e+00
6.582527875725222657e+03 1.012134200629625891e+00
6.582562108285055729e+03 1.009501146399848004e+00
6.582596341022916022e+03 1.011648174084667451e+00
6.582630573938804446e+03 1.012137063652931879e+00
6.582664807032721001e+03 1.007635262797089482e+00
6.582699040304667506e+03 1.007433103552320741e+00
6.582733273754645779e+03 1.006418082670687664e+00
6.582767507382654912e+03 1.003541623470710853e+00
6.582801741188696724e+03 1.002046231155810041e+00
6.582835975172772123e+03 1.006527979910963433e+00
6.582870209334882929e+03 1.010198772688742030e+00
6.582904443675028233e+03 1.006614544567459024e+00
6.582938678193209853e+03 1.004807217254927387e+00
6.582972912889428699e+03 1.004233541080917780e+00
6.583007147763685680e+03 1.001177606710837775e+00
6.583041382815981706e+03 1.001559153683313941e+00
6.583075618046318596e+03 1.001542514628404046e+00
6.583109853454695440e+03 1.001830696746563998e+00
6.583144089041114967e+03 1.005439005490708304e+00
6.583178324805576267e+03 1.002108806033166655e+00
6.583212560748081160e+03 9.992542874736598524e-01
6.583246796868632373e+03 1.003858461013469094e+00
6.583281033167228088e+03 1.000900601722038763e+00
6.583315269643870124e+03 1.003190606020998521e+00
6.583349506298560300e+03 9.979575126066659863e-01
6.583383743131298615e+03 9.934210669074596822e-01
6.583417980142085980e+03 9.974015242027552963e-01
6.583452217330924213e+03 1.003514990088124392e+00
6.583486454697813315e+03 1.005176055223747200e+00
6.583520692242753285e+03 1.003409818759250172e+00
6.583554929965747760e+03 9.978226034594563920e-01
6.583589167866794924e+03 9.935271088787052118e-01
6.583623405945897503e+03 9.915127747947598547e-01
6.583657644203056407e+03 9.937131390286425559e-01
6.583691882638271636e+03 9.971452056859839708e-01
6.583726121251545010e+03 1.001329806093825381e+00
6.583760360042875618e+03 1.004634083171938919e+00
6.583794599012266190e+03 1.006765188153204926e+00
6.583828838159718543e+03 1.008067038237540514e+00
6.583863077485230860e+03 1.004662026767642047e+00
6.583897316988805869e+03 1.001074075447687894e+00
6.583931556670443570e+03 1.003179147598204812e+00
6.583965796530145781e+03 1.003607922927158613e+00
6.584000036567912503e+03 1.001625665608901761e+00
6.584034276783745554e+03 1.004291730398875204e+00
6.584068517177645845e+03 1.005076796930373106e+00
6.584102757749614284e+03 1.001021181180668407e+00
6.584136998499649962e+03 1.001890946829239848e+00
6.584171239427756518e+03 1.008004311952667820e+00
6.584205480533933951e+03 1.007386832547553457e+00
6.584239721818181351e+03 1.008558846353520000e+00
6.584273963280502358e+03 1.000833255048904746e+00
6.584308204920896969e+03 1.001291018656147447e+00
6.584342446739365187e+03 9.991721473895099903e-01
6.584376688735908829e+03 1.004885653556573111e+00
6.584410930910527895e+03 1.003701605656222462e+00
6.584445173263225115e+03 1.002718276887696991e+00
6.584479415793999578e+03 1.005385392991796856e+00
6.584513658502853104e+03 1.006846869195310967e+00
6.584547901389787512e+03 1.003966543799698741e+00
6.584582144454801892e+03 1.005712246030364021e+00
6.584616387697898062e+03 1.004005632909227730e+00
6.584650631119076934e+03 1.001231961439211116e+00
6.584684874718338506e+03 1.003539868225669984e+00
6.584719118495685507e+03 1.008199485386136462e+00
6.584753362451117937e+03 1.007858518539346049e+00
6.584787606584636706e+03 1.004742704891099292e+00
6.584821850896241813e+03 1.005680741672651868e+00
6.584856095385935987e+03 1.005895327853413290e+00
6.584890340053719228e+03 1.007534836662415056e+00
6.584924584899591537e+03 1.006239881645801804e+00
6.584958829923556550e+03 1.003014129676573774e+00
6.584993075125612449e+03 1.007070340166478672e+00
6.585027320505761054e+03 1.003529229226369113e+00
6.585061566064003273e+03 1.004683305956850292e+00
6.585095811800340925e+03 1.001557320873340817e+00
6.585130057714773102e+03 1.004156133420016639e+00
6.585164303807302531e+03 1.004797869737454441e+00
6.585198550077929212e+03 1.008725290080079162e+00
6.585232796526654965e+03 1.009466844628929882e+00
6.585267043153478880e+03 1.011124385416108495e+00
6.585301289958403686e+03 1.003381264240569726e+00
6.585335536941429382e+03 1.004596379668617701e+00
6.585369784102557787e+03 1.008403368207105411e+00
6.585404031441788902e+03 1.007413513322011900e+00
6.585438278959122727e+03 1.008653046760337402e+00
6.585472526654562898e+03 1.012440878153495483e+00
6.585506774528107599e+03 1.011013671193612851e+00
6.585541022579760465e+03 1.008421529796291516e+00
6.585575270809520589e+03 1.010322338192007008e+00
6.585609519217388879e+03 1.006632966716769051e+00
6.585643767803366245e+03 1.003146427358337034e+00
6.585678016567454506e+03 1.002918415847826816e+00
6.585712265509654571e+03 1.002752053465339133e+00
6.585746514629966441e+03 1.004818298811912980e+00
6.585780763928391025e+03 1.003400115301156026e+00
6.585815013404930141e+03 9.960527987932858984e-01
6.585849263059584700e+03 9.929029861080211905e-01
6.585883512892354702e+03 9.984627845833171644e-01
6.585917762903241965e+03 9.994790044082897396e-01
6.585952013092247398e+03 1.004306765007793922e+00
6.585986263459371003e+03 1.001481334275067692e+00
6.586020514004613688e+03 1.002023790405560666e+00
6.586054764727978181e+03 1.007086242175183610e+00
6.586089015629463574e+03 1.005059921171957971e+00
6.586123266709071686e+03 1.001967049973484736e+00
6.586157517966803425e+03 1.003567219217827100e+00
6.586191769402658792e+03 1.006138571271304238e+00
6.586226021016639606e+03 1.000372046657823644e+00
6.586260272808745867e+03 1.006522501773784661e+00
6.586294524778980303e+03 1.003557980261875926e+00
6.586328776927342915e+03 1.005038486845956980e+00
6.586363029253833702e+03 1.002289324685814886e+00
6.586397281758454483e+03 1.007330775034450676e+00
6.586431534441206168e+03 1.007306805093289626e+00
6.586465787302089666e+03 1.000891052355374011e+00
6.586500040341105887e+03 9.955649257207811464e-01
6.586534293558254831e+03 9.929101496895952339e-01
6.586568546953540135e+03 9.819289982265416716e-01
6.586602800526959072e+03 9.753725219051523343e-01
6.586637054278515279e+03 9.830130492911219875e-01
6.586671308208208757e+03 9.910673556674085560e-01
6.586705562316039504e+03 9.932465216149066745e-01
6.586739816602010251e+03 9.936472283190638244e-01
6.586774071066121905e+03 9.932373181196259004e-01
6.586808325708372649e+03 9.949808006966676110e-01
6.586842580528766121e+03 1.003100887706691369e+00
6.586876835527302319e+03 1.007844027939460707e+00
6.586911090703982154e+03 1.004348628099138052e+00
6.586945346058807445e+03 1.003768469440948330e+00
6.586979601591778192e+03 1.001402391744604881e+00
6.587013857302895303e+03 1.002343705067801682e+00
6.587048113192158780e+03 1.002401673208593635e+00
6.587082369259572260e+03 1.001244618426686328e+00
6.587116625505133925e+03 1.000957247544049578e+00
6.587150881928847411e+03 9.986997007977882479e-01
6.587185138530710901e+03 1.001842358080837547e+00
6.587219395310726213e+03 1.006506815374230257e+00
6.587253652268894257e+03 1.002816765286951073e+00
6.587287909405217761e+03 1.004701317562493257e+00
6.587322166719694906e+03 1.003762117646437968e+00
6.587356424212328420e+03 1.006390044540210749e+00
6.587390681883118305e+03 1.003801294974367542e+00
6.587424939732066377e+03 1.003314962546232092e+00
6.587459197759171730e+03 1.005859216111548271e+00
6.587493455964437999e+03 1.000776569299338448e+00
6.587527714347864276e+03 1.001733038838763523e+00
6.587561972909452379e+03 9.984327086547846175e-01
6.587596231649202309e+03 9.979253170281854324e-01
6.587630490567114975e+03 1.001171209487262459e+00
6.587664749663192197e+03 1.005045615766303246e+00
6.587699008937435792e+03 1.004285872540907620e+00
6.587733268389843943e+03 1.002179677237388100e+00
6.587767528020418467e+03 1.008366765476825577e+00
6.587801787829162095e+03 1.010834609044268806e+00
6.587836047816073915e+03 1.007422667981612729e+00
6.587870307981155747e+03 1.003920090807566723e+00
6.587904568324408501e+03 1.002849286727756528e+00
6.587938828845831267e+03 1.003358741581145130e+00
6.587973089545427683e+03 9.991639468081010556e-01
6.588007350423197749e+03 9.994958550479823289e-01
6.588041611479141466e+03 9.973749592094670602e-01
6.588075872713261560e+03 9.974937199600432125e-01
6.588110134125556215e+03 1.000971592189588089e+00
6.588144395716029067e+03 1.003774799472753054e+00
6.588178657484680116e+03 1.000917488695306057e+00
6.588212919431509363e+03 1.001232666633109947e+00
6.588247181556519536e+03 1.007896538646658291e+00
6.588281443859709725e+03 1.006295727219743252e+00
6.588315706341081750e+03 1.002480746508447540e+00
6.588349969000636520e+03 1.001388400429710002e+00
6.588384231838374944e+03 1.000056755242732853e+00
6.588418494854297023e+03 1.000950942629284635e+00
6.588452758048405485e+03 9.958630970980043573e-01
6.588487021420701240e+03 9.978018836789899204e-01
6.588521284971182467e+03 9.994288941116589164e-01
6.588555548699853716e+03 9.978166299555925045e-01
6.588589812606712258e+03 9.983617516969841565e-01
6.588624076691762639e+03 9.930261332286507425e-01
6.588658340955003041e+03 9.940154101489452332e-01
6.588692605396435283e+03 9.954338437641098158e-01
6.588726870016061184e+03 9.960266278245250016e-01
6.588761134813879835e+03 9.989301838453548132e-01
6.588795399789893963e+03 1.002880602449784497e+00
6.588829664944103570e+03 1.001990463681923682e+00
6.588863930276509564e+03 1.000243593038087520e+00
6.588898195787112854e+03 9.988972108812093076e-01
6.588932461475915261e+03 9.993935606232078328e-01
6.588966727342917693e+03 1.000561627998219016e+00
6.589000993388119241e+03 1.000854144817890923e+00
6.589035259611521724e+03 9.992186504815335768e-01
6.589069526013126961e+03 1.000908139638904792e+00
6.589103792592934951e+03 1.003778190744667009e+00
6.589138059350947515e+03 1.000448872193018035e+00
6.589172326287164651e+03 1.000439282234011795e+00
6.589206593401587270e+03 1.002050464837780153e+00
6.589240860694217190e+03 9.995342577674629636e-01
6.589275128165055321e+03 9.978609911123541565e-01
6.589309395814100753e+03 1.000889548088985892e+00
6.589343663641356216e+03 1.000719850380611620e+00
6.589377931646822617e+03 1.000513138619763653e+00
6.589412199830499958e+03 1.001065025007167986e+00
6.589446468192389148e+03 1.000959635300436634e+00
6.589480736732492005e+03 1.002042738356502483e+00
6.589515005450809440e+03 9.983295820579340951e-01
6.589549274347341452e+03 1.001614412040597424e+00
6.589583543422090770e+03 1.000235584493644581e+00
6.589617812675055575e+03 1.000359133137848966e+00
6.589652082106238595e+03 9.961800316630878838e-01
6.589686351715641649e+03 9.987578795477547455e-01
6.589720621503262919e+03 9.994595967176335138e-01
6.589754891469105132e+03 9.976816544267506082e-01
6.589789161613170108e+03 9.979765951914795208e-01
6.589823431935456028e+03 1.002620960514922555e+00
6.589857702435966530e+03 1.000158225830212855e+00
6.589891973114700704e+03 9.997238546198695675e-01
6.589926243971660369e+03 9.977248363199814341e-01
6.589960515006846435e+03 9.982679118626983650e-01
6.589994786220259812e+03 9.997392977321656327e-01
6.590029057611901408e+03 1.001805192543364864e+00
6.590063329181771223e+03 1.000946679665752237e+00
6.590097600929871987e+03 9.990442018703468152e-01
6.590131872856201880e+03 1.000355210356427493e+00
6.590166144960765450e+03 1.002839725386015290e+00
6.590200417243560878e+03 1.005369536901178140e+00
6.590234689704589982e+03 1.001577265057316701e+00
6.590268962343853673e+03 9.982123167758395477e-01
6.590303235161352859e+03 9.998680401181762045e-01
6.590337508157088450e+03 1.001359796900716637e+00
6.590371781331062266e+03 9.993033048491255510e-01
6.590406054683274306e+03 9.990250655997434670e-01
6.590440328213723660e+03 1.001095719219574187e+00
6.590474601922414877e+03 1.001416257366855023e+00
6.590508875809347046e+03 1.005296362805858212e+00
6.590543149874521077e+03 1.004572032193583819e+00
6.590577424117937881e+03 9.987935800742676618e-01
6.590611698539598365e+03 9.991482791980639266e-01
6.590645973139503440e+03 1.001585274979068352e+00
6.590680247917654924e+03 1.002071895327313111e+00
6.590714522874051909e+03 1.002880648757210835e+00
6.590748798008697122e+03 1.001362715375574863e+00
6.590783073321591473e+03 9.966225477311163594e-01
6.590817348812734053e+03 9.973707941427721879e-01
6.590851624482127590e+03 1.003487350208296824e+00
6.590885900329772085e+03 1.002122858414834061e+00
6.590920176355669355e+03 1.002716019751606513e+00
6.590954452559819401e+03 9.995381880970370947e-01
6.590988728942223133e+03 1.002457244330758002e+00
6.591023005502882370e+03 9.978042022931379318e-01
6.591057282241797111e+03 1.003065462390236195e+00
6.591091559158968266e+03 1.001125526621715389e+00
6.591125836254398564e+03 9.961574635886943918e-01
6.591160113528086185e+03 9.969213309037098236e-01
6.591194390980034768e+03 1.000374382808722151e+00
6.591228668610243403e+03 9.951743595815423227e-01
6.591262946418712090e+03 9.965109281518886863e-01
6.591297224405444467e+03 9.946265871219800436e-01
6.591331502570440534e+03 9.956909958731315902e-01
6.591365780913700291e+03 9.962877011236452862e-01
6.591400059435225558e+03 9.947806866558346339e-01
6.591434338135016333e+03 9.985775768677712660e-01
6.591468617013074436e+03 9.999165392840079214e-01
6.591502896069399867e+03 9.979348877221292380e-01
6.591537175303994445e+03 9.969708227614194618e-01
6.591571454716859989e+03 1.000278316383067523e+00
6.591605734307994680e+03 9.984157227011939417e-01
6.591640014077402157e+03 1.000989237780364416e+00
6.591674294025081508e+03 1.005267338307612723e+00
6.591708574151034554e+03 1.004810318681579107e+00
6.591742854455262204e+03 1.000732239957365266e+00
6.591777134937765368e+03 9.953570119248196235e-01
6.591811415598544045e+03 9.952977227760358980e-01
6.591845696437600964e+03 9.957730222324341351e-01
6.591879977454935215e+03 9.971738470282883737e-01
6.591914258650548618e+03 1.002193748449440092e+00
6.591948540024442991e+03 1.004354424240980981e+00
6.591982821576617425e+03 1.002089893398153020e+00
6.592017103307073739e+03 1.000767494451748618e+00
6.592051385215813752e+03 1.003331779097372145e+00
6.592085667302836555e+03 1.003150622658972368e+00
6.592119949568143056e+03 1.000289108009957850e+00
6.592154232011736894e+03 9.978584685370786023e-01
6.592188514633616251e+03 9.995213601217848298e-01
6.592222797433782944e+03 1.002026164467420211e+00
6.592257080412238793e+03 1.000079977134118447e+00
6.592291363568982888e+03 9.997034348755847732e-01
6.592325646904017958e+03 9.923782970384927848e-01
6.592359930417344913e+03 9.975366062466142214e-01
6.592394214108962842e+03 1.000016682695301862e+00
6.592428497978873565e+03 1.001589080863522163e+00
6.592462782027078902e+03 1.005373840789596018e+00
6.592497066253577941e+03 1.003202429843931931e+00
6.592531350658374322e+03 9.993186644564016063e-01
6.592565635241465316e+03 1.001792547487672769e+00
6.592599920002856379e+03 9.998715041034346163e-01
6.592634204942544784e+03 9.957000586032181966e-01
6.592668490060532349e+03 1.001131798577402199e+00
6.592702775356819984e+03 1.001361210209201325e+00
6.592737060831410417e+03 9.978885279196295643e-01
6.592771346484301830e+03 1.000800970164604564e+00
6.592805632315496950e+03 9.950923222876542074e-01
6.592839918324995779e+03 1.001263236584321481e+00
6.592874204512800134e+03 9.964840481976993125e-01
6.592908490878910925e+03 9.955711828931063101e-01
6.592942777423328153e+03 1.001865374503372985e+00
6.592977064146051816e+03 9.999050921942005399e-01
6.593011351047085554e+03 9.996265683707548089e-01
6.593045638126429367e+03 9.979912119859348785e-01
6.593079925384083253e+03 9.968021021225922373e-01
6.593114212820048124e+03 9.989194354210543247e-01
6.593148500434326706e+03 9.956163646640910914e-01
6.593182788226918092e+03 9.953016787270319021e-01
6.593217076197823189e+03 9.997281684001350088e-01
6.593251364347043818e+03 9.966973599844458631e-01
6.593285652674581797e+03 9.998804545244683872e-01
6.593319941180435308e+03 9.989131346314374937e-01
6.593354229864607987e+03 9.992823530929726417e-01
6.593388518727098017e+03 1.000148751025147886e+00
6.593422807767909035e+03 1.001988258765167839e+00
6.593457096987041041e+03 1.002154606328529152e+00
6.593491386384494035e+03 9.960082068442547287e-01
6.593525675960270746e+03 9.967418182708716046e-01
