# Corrected for radial velocity of 20.55 km/s
# 
# star name zetOri, line HALPHA
# instrument: HERMES spectrograph @Mercator
# date of observation (midpoint)2018-10-13T02:20:30.417249
# BJD of observation (midpoint)2458404.599795
# name of fits file: 00897882_HRF_OBJ_ext_CosmicsRemoved_log_merged_c.fits
# 
# wavelength(Angstrom,air) normalised_flux
6.537563753249107322e+03 9.972955366782423337e-01
6.537597751972178230e+03 9.983109361770917678e-01
6.537631750872058547e+03 9.994197534929202265e-01
6.537665749948750999e+03 9.985883032687591365e-01
6.537699749202255589e+03 9.928579858813055825e-01
6.537733748632575043e+03 9.967706898323340781e-01
6.537767748239709363e+03 9.948152370457359339e-01
6.537801748023658547e+03 1.002469248881109110e+00
6.537835747984424415e+03 1.008023250266477877e+00
6.537869748122007877e+03 1.009834922580453265e+00
6.537903748436409842e+03 1.002609782822385887e+00
6.537937748927631219e+03 9.991067137542127830e-01
6.537971749595672918e+03 9.966125714083925446e-01
6.538005750440534939e+03 9.964041232508666912e-01
6.538039751462219101e+03 9.976661990705602001e-01
6.538073752660725404e+03 1.007673634883925917e+00
6.538107754036057486e+03 1.000942942171375583e+00
6.538141755588213528e+03 9.957742543942993407e-01
6.538175757317194439e+03 9.975066777794356909e-01
6.538209759223003857e+03 9.993513358731000995e-01
6.538243761305639055e+03 1.002011897562533838e+00
6.538277763565102759e+03 1.003834788424333491e+00
6.538311766001397700e+03 1.000999243599610677e+00
6.538345768614521148e+03 1.003536687222268187e+00
6.538379771404475832e+03 1.004715225534778211e+00
6.538413774371264481e+03 1.003939456663046181e+00
6.538447777514884365e+03 1.001086246410915370e+00
6.538481780835338213e+03 9.990727185061463178e-01
6.538515784332627845e+03 1.000860079482175591e+00
6.538549788006753261e+03 1.003352257931027225e+00
6.538583791857715369e+03 1.003767695912725522e+00
6.538617795885515079e+03 9.976162122363019247e-01
6.538651800090153301e+03 1.001447863292806328e+00
6.538685804471630945e+03 9.999697445229984716e-01
6.538719809029948919e+03 1.003067685842171430e+00
6.538753813765108134e+03 1.000250253633955699e+00
6.538787818677110408e+03 9.955819017317243391e-01
6.538821823765954832e+03 9.990014032420343471e-01
6.538855829031643225e+03 9.972165912563298873e-01
6.538889834474178315e+03 9.970338656214182693e-01
6.538923840093558283e+03 1.003230148906296249e+00
6.538957845889784949e+03 1.002849241432021143e+00
6.538991851862859221e+03 9.966318438974133276e-01
6.539025858012782919e+03 9.976713388706278662e-01
6.539059864339556043e+03 9.996256969116742441e-01
6.539093870843179502e+03 9.991794577139079259e-01
6.539127877523654206e+03 9.998828699340536197e-01
6.539161884380981064e+03 1.004562632087643959e+00
6.539195891415161896e+03 9.996142957248508321e-01
6.539229898626196700e+03 9.977982653480685915e-01
6.539263906014087297e+03 1.006501339283074170e+00
6.539297913578832777e+03 1.006968772794147871e+00
6.539331921320435868e+03 1.003215566206439036e+00
6.539365929238897479e+03 9.987640986373702567e-01
6.539399937334216702e+03 1.001183072982878119e+00
6.539433945606396264e+03 1.001845485019646764e+00
6.539467954055436167e+03 9.996989609418025502e-01
6.539501962681338227e+03 9.986325551685671931e-01
6.539535971484102447e+03 9.958488286082828322e-01
6.539569980463729735e+03 9.938518531738632644e-01
6.539603989620221910e+03 9.945305649215567811e-01
6.539637998953578972e+03 9.961485390746801505e-01
6.539672008463802740e+03 9.985582044978472682e-01
6.539706018150893215e+03 1.000703757270693384e+00
6.539740028014852214e+03 1.001451750987510270e+00
6.539774038055679739e+03 1.002455518108567256e+00
6.539808048273376698e+03 9.981830473842235874e-01
6.539842058667944002e+03 9.995934652956923738e-01
6.539876069239384378e+03 1.000615224280984483e+00
6.539910079987696918e+03 1.003079299425923887e+00
6.539944090912883439e+03 1.003939292406599515e+00
6.539978102014943033e+03 1.000030573296083025e+00
6.540012113293879338e+03 1.001309345773409909e+00
6.540046124749690534e+03 1.000939624023476915e+00
6.540080136382380260e+03 1.001464489068354835e+00
6.540114148191947606e+03 1.002337882634009691e+00
6.540148160178394392e+03 1.002572067835260761e+00
6.540182172341720616e+03 1.002681232383096255e+00
6.540216184681928098e+03 1.000342390579941565e+00
6.540250197199016839e+03 9.974574166695928668e-01
6.540284209892988656e+03 9.976660469017567534e-01
6.540318222763844460e+03 9.942050923614220714e-01
6.540352235811584251e+03 1.000065054345234961e+00
6.540386249036209847e+03 9.946387267439877888e-01
6.540420262437722158e+03 1.000410893749127395e+00
6.540454276016121185e+03 9.977674280753909830e-01
6.540488289771408745e+03 9.970749080630041394e-01
6.540522303703585749e+03 1.000152840654913611e+00
6.540556317812653106e+03 9.932448307468276782e-01
6.540590332098610816e+03 9.985738171844217304e-01
6.540624346561460698e+03 1.000485046094897745e+00
6.540658361201202752e+03 9.976869410162351182e-01
6.540692376017838797e+03 9.963915059225979531e-01
6.540726391011369742e+03 9.937665493943291795e-01
6.540760406181797407e+03 9.965280202597891490e-01
6.540794421529120882e+03 9.998703351514199866e-01
6.540828437053341077e+03 9.995164875640911717e-01
6.540862452754459810e+03 1.000588906509489728e+00
6.540896468632478900e+03 9.967885143259270775e-01
6.540930484687396529e+03 9.987113091387074260e-01
6.540964500919217244e+03 9.996079474135204368e-01
6.540998517327938316e+03 1.000985924075773692e+00
6.541032533913563384e+03 1.001734191287750209e+00
6.541066550676091538e+03 9.996324977745982832e-01
6.541100567615526415e+03 1.000662559930653117e+00
6.541134584731865289e+03 1.001404467566334278e+00
6.541168602025110886e+03 9.912512139944614775e-01
6.541202619495264116e+03 1.004345169930354498e+00
6.541236637142325890e+03 1.002285081064613337e+00
6.541270654966298025e+03 1.001536267361615939e+00
6.541304672967179613e+03 9.987160138767765538e-01
6.541338691144972472e+03 9.969180298876642032e-01
6.541372709499676603e+03 9.988836474079851868e-01
6.541406728031294733e+03 1.001122311790774377e+00
6.541440746739827773e+03 1.001730884507451069e+00
6.541474765625274813e+03 1.003868591521880793e+00
6.541508784687637672e+03 1.003010278169774949e+00
6.541542803926917259e+03 1.004258240675794278e+00
6.541576823343114484e+03 1.004191622702371056e+00
6.541610842936230256e+03 1.005226532403725281e+00
6.541644862706266395e+03 1.002332842387587908e+00
6.541678882653222900e+03 9.948411415516800194e-01
6.541712902777099771e+03 9.928551500672389007e-01
6.541746923077899737e+03 1.000330953748523877e+00
6.541780943555622798e+03 1.004475514217289200e+00
6.541814964210268954e+03 1.003057561608991399e+00
6.541848985041841843e+03 1.003191641149283608e+00
6.541883006050340555e+03 1.000805644935028660e+00
6.541917027235765090e+03 9.988705936925570406e-01
6.541951048598117268e+03 1.003222289690545388e+00
6.541985070137398907e+03 1.007023818261060244e+00
6.542019091853610007e+03 1.004593177120271630e+00
6.542053113746752388e+03 1.006010405557430598e+00
6.542087135816825139e+03 1.000042799490716394e+00
6.542121158063830080e+03 1.001613321457110573e+00
6.542155180487769940e+03 9.968327645701643425e-01
6.542189203088642898e+03 9.917252322223928385e-01
6.542223225866451685e+03 9.924487716135357296e-01
6.542257248821196299e+03 9.948119511566043682e-01
6.542291271952877651e+03 9.955152434653222748e-01
6.542325295261496649e+03 9.913264742701408672e-01
6.542359318747055113e+03 9.698042124150150212e-01
6.542393342409553043e+03 9.482912807603198768e-01
6.542427366248992257e+03 9.594833840018294202e-01
6.542461390265372756e+03 9.792927375931038680e-01
6.542495414458695450e+03 9.931078111514263229e-01
6.542529438828962157e+03 9.962591551230335352e-01
6.542563463376172876e+03 9.975666011568998792e-01
6.542597488100328519e+03 1.001693482315834771e+00
6.542631513001430903e+03 9.994780532593287026e-01
6.542665538079480939e+03 9.941465641627185157e-01
6.542699563334477716e+03 1.004644888696089700e+00
6.542733588766423964e+03 1.006432227413387448e+00
6.542767614375320591e+03 1.001714715237070230e+00
6.542801640161167597e+03 9.936735480610154880e-01
6.542835666123966803e+03 9.999792074888810278e-01
6.542869692263718207e+03 1.009687253318234168e+00
6.542903718580423629e+03 1.002904758331885304e+00
6.542937745074083978e+03 9.991080330342916316e-01
6.542971771744698344e+03 9.982589499300568159e-01
6.543005798592270366e+03 9.965544936692206646e-01
6.543039825616799135e+03 9.963591101112799775e-01
6.543073852818284649e+03 9.983372346525660745e-01
6.543107880196731458e+03 9.981226606187653116e-01
6.543141907752137740e+03 9.975221020207856171e-01
6.543175935484503498e+03 9.983214853216442197e-01
6.543209963393833277e+03 9.986678822721318793e-01
6.543243991480124350e+03 9.998851158323158739e-01
6.543278019743379446e+03 9.971654560936089595e-01
6.543312048183599472e+03 9.959748251906632710e-01
6.543346076800785340e+03 1.005733654493655260e+00
6.543380105594936140e+03 1.000528574784316449e+00
6.543414134566056418e+03 9.919767502545187021e-01
6.543448163714144357e+03 9.954495968356845692e-01
6.543482193039199956e+03 1.002125691359281090e+00
6.543516222541227762e+03 1.002056245762332543e+00
6.543550252220225957e+03 9.998524679103659718e-01
6.543584282076195450e+03 9.945949519342186518e-01
6.543618312109138060e+03 9.922771367165696965e-01
6.543652342319054696e+03 9.956751617831628431e-01
6.543686372705946269e+03 1.001089196335382736e+00
6.543720403269813687e+03 9.970841938134671345e-01
6.543754434010656951e+03 9.941615872623522643e-01
6.543788464928478788e+03 9.994219072516328239e-01
6.543822496023278291e+03 9.972135605606143871e-01
6.543856527295057276e+03 9.872776740129808326e-01
6.543890558743815745e+03 9.695120231977329972e-01
6.543924590369557336e+03 9.449496208000791597e-01
6.543958622172280229e+03 8.822497452919277894e-01
6.543992654151985334e+03 8.376097135527810211e-01
6.544026686308674471e+03 8.679931838881687067e-01
6.544060718642349457e+03 9.314317007425724215e-01
6.544094751153009383e+03 9.698065826957957825e-01
6.544128783840656070e+03 9.899078279576681849e-01
6.544162816705291334e+03 9.885103791300978715e-01
6.544196849746913358e+03 9.958384470718039116e-01
6.544230882965525780e+03 9.936599735302173997e-01
6.544264916361129508e+03 9.964527323530248948e-01
6.544298949933723634e+03 9.995746218104061276e-01
6.544332983683310886e+03 1.000186260628225243e+00
6.544367017609890354e+03 1.000341717940567809e+00
6.544401051713463858e+03 9.983635467001450436e-01
6.544435085994032306e+03 9.925632189521093052e-01
6.544469120451597519e+03 9.901984598437928442e-01
6.544503155086158586e+03 9.972397827859460495e-01
6.544537189897717326e+03 1.001595662156400390e+00
6.544571224886275559e+03 1.004834639915220817e+00
6.544605260051833284e+03 1.005686784310882542e+00
6.544639295394391411e+03 9.990999611773296873e-01
6.544673330913949940e+03 9.959668670992579687e-01
6.544707366610512508e+03 1.001760048989842167e+00
6.544741402484078208e+03 1.002141163473786234e+00
6.544775438534646128e+03 1.000714171678238618e+00
6.544809474762221726e+03 9.979528910897417227e-01
6.544843511166802273e+03 9.953897177106171279e-01
6.544877547748389588e+03 9.965287198280760039e-01
6.544911584506984582e+03 9.992293076800585760e-01
6.544945621442589072e+03 1.006514739159350080e+00
6.544979658555203059e+03 1.005779055059491167e+00
6.545013695844827453e+03 9.960695015183586021e-01
6.545047733311463162e+03 9.975912130334274597e-01
6.545081770955111097e+03 9.960900503205051271e-01
6.545115808775773985e+03 9.946959540459322513e-01
6.545149846773450008e+03 9.967399649136736706e-01
6.545183884948140985e+03 9.961366028980533915e-01
6.545217923299849645e+03 1.001016663020669162e+00
6.545251961828573258e+03 1.003842545011283338e+00
6.545286000534316372e+03 1.000167774929206388e+00
6.545320039417078078e+03 9.990826336940211716e-01
6.545354078476859286e+03 1.001450554902874712e+00
6.545388117713661813e+03 9.974037966287732093e-01
6.545422157127485661e+03 1.001841392300922839e+00
6.545456196718332649e+03 1.000136615211359548e+00
6.545490236486202775e+03 9.966464142153426131e-01
6.545524276431096951e+03 1.003022024025284065e+00
6.545558316553016994e+03 1.002748772148755574e+00
6.545592356851963814e+03 9.970059562257559405e-01
6.545626397327937411e+03 9.999260314462055099e-01
6.545660437980938696e+03 1.003197016629475913e+00
6.545694478810969485e+03 1.000041960137116437e+00
6.545728519818029781e+03 9.992647260801303943e-01
6.545762561002121402e+03 9.974870268210539459e-01
6.545796602363244347e+03 9.918089580452689180e-01
6.545830643901400435e+03 9.802252896016554473e-01
6.545864685616590577e+03 9.814336391777407353e-01
6.545898727508815682e+03 9.895625910690611926e-01
6.545932769578074840e+03 9.914906209635913070e-01
6.545966811824370780e+03 9.941971310239412496e-01
6.546000854247704410e+03 9.955593455735969322e-01
6.546034896848076642e+03 9.949377415144504688e-01
6.546068939625487474e+03 9.944456050044526707e-01
6.546102982579938725e+03 9.972137171787780474e-01
6.546137025711431306e+03 9.964951743571087706e-01
6.546171069019964307e+03 9.971035912991910166e-01
6.546205112505542274e+03 9.984864827501250817e-01
6.546239156168163390e+03 9.973230609722786300e-01
6.546273200007827654e+03 9.978151794419951592e-01
6.546307244024539614e+03 1.002593760828461411e+00
6.546341288218296540e+03 1.008177650896343369e+00
6.546375332589102072e+03 1.007237472155884772e+00
6.546409377136955300e+03 9.984279496692394229e-01
6.546443421861858042e+03 1.001477819323944418e+00
6.546477466763811208e+03 1.005820514407851363e+00
6.546511511842815707e+03 1.006791474432744415e+00
6.546545557098872450e+03 1.007548962795561387e+00
6.546579602531980527e+03 1.006023078365160472e+00
6.546613648142143575e+03 1.004033383457765050e+00
6.546647693929362504e+03 1.005454424528857915e+00
6.546681739893636404e+03 1.006006028396141838e+00
6.546715786034966186e+03 1.004895137662909388e+00
6.546749832353354577e+03 1.004761876243297714e+00
6.546783878848800668e+03 1.003459320117362719e+00
6.546817925521307188e+03 1.004471615275445373e+00
6.546851972370873227e+03 1.005915212211957011e+00
6.546886019397500604e+03 1.002929144076154522e+00
6.546920066601190229e+03 1.000491392912572053e+00
6.546954113981943919e+03 1.003337122454405206e+00
6.546988161539760767e+03 1.004124272583540645e+00
6.547022209274642591e+03 1.000706198794522717e+00
6.547056257186590301e+03 1.004513630542092528e+00
6.547090305275604806e+03 1.003185277562760547e+00
6.547124353541687015e+03 1.002129858954171837e+00
6.547158401984838747e+03 1.004194786472233814e+00
6.547192450605059094e+03 1.008818292565976771e+00
6.547226499402349873e+03 1.013393820369375087e+00
6.547260548376712904e+03 1.004578117378074342e+00
6.547294597528148188e+03 1.010527668558191428e+00
6.547328646856655723e+03 1.005733661081222419e+00
6.547362696362237330e+03 1.009836754259244573e+00
6.547396746044895735e+03 1.004560961680791564e+00
6.547430795904628212e+03 1.002218077274758423e+00
6.547464845941439307e+03 1.005920858840912535e+00
6.547498896155327202e+03 1.005225019165981948e+00
6.547532946546294625e+03 1.000754954382916617e+00
6.547566997114340666e+03 9.995542422936734006e-01
6.547601047859467144e+03 1.004169046067580950e+00
6.547635098781676788e+03 1.002377720662452454e+00
6.547669149880968689e+03 9.992120641196697850e-01
6.547703201157342846e+03 9.909456600385317948e-01
6.547737252610801079e+03 9.687176578910483560e-01
6.547771304241346115e+03 9.427243685009241148e-01
6.547805356048976137e+03 9.437997324821174594e-01
6.547839408033693871e+03 9.714350482388081076e-01
6.547873460195498410e+03 9.905476111108790782e-01
6.547907512534393391e+03 9.991004418634080730e-01
6.547941565050377903e+03 1.001798148841434255e+00
6.547975617743451949e+03 1.005420287701703330e+00
6.548009670613618255e+03 1.007837140584365798e+00
6.548043723660876822e+03 1.001647225303787803e+00
6.548077776885230378e+03 1.003224534360359632e+00
6.548111830286677105e+03 1.009220575150817423e+00
6.548145883865219730e+03 1.006910388410766632e+00
6.548179937620858254e+03 1.004205326758406791e+00
6.548213991553593587e+03 1.005929094999867157e+00
6.548248045663428456e+03 9.978645985528320494e-01
6.548282099950361044e+03 9.992062971254777048e-01
6.548316154414394077e+03 1.003819908025505026e+00
6.548350209055527557e+03 1.003652541039303792e+00
6.548384263873763302e+03 1.006521253064657673e+00
6.548418318869102222e+03 1.007592807404333213e+00
6.548452374041543408e+03 1.009181517422217178e+00
6.548486429391089587e+03 1.010952329333389077e+00
6.548520484917742579e+03 1.004130946867633378e+00
6.548554540621500564e+03 1.006838523497744609e+00
6.548588596502367182e+03 9.965713795793436081e-01
6.548622652560340612e+03 9.816851848260488289e-01
6.548656708795423583e+03 9.454199787920131159e-01
6.548690765207617005e+03 8.962352999931373354e-01
6.548724821796921788e+03 8.959622746266966420e-01
6.548758878563337930e+03 9.339455789509225614e-01
6.548792935506866343e+03 9.700218823246404831e-01
6.548826992627509753e+03 9.967098066024748793e-01
6.548861049925267253e+03 9.996837603219890234e-01
6.548895107400140660e+03 1.000824651891738304e+00
6.548929165052129974e+03 9.952609290213878523e-01
6.548963222881237925e+03 1.009322687552645093e+00
6.548997280887462693e+03 1.004998331519943555e+00
6.549031339070807917e+03 1.007081243400974824e+00
6.549065397431272686e+03 1.010098697087376651e+00
6.549099455968859729e+03 1.005651450395754098e+00
6.549133514683567228e+03 1.002669942256661173e+00
6.549167573575398819e+03 1.000269982372372857e+00
6.549201632644353595e+03 1.001439869643498959e+00
6.549235691890433372e+03 1.003428784452675249e+00
6.549269751313639063e+03 1.004483871685535545e+00
6.549303810913972484e+03 9.918019886239134442e-01
6.549337870691431817e+03 9.990994454907481392e-01
6.549371930646020701e+03 1.010065380737090512e+00
6.549405990777739135e+03 1.015799027776793650e+00
6.549440051086587118e+03 1.014841684477923112e+00
6.549474111572566471e+03 1.010343607837547397e+00
6.549508172235679012e+03 1.015630997550023062e+00
6.549542233075923832e+03 1.007417219240505757e+00
6.549576294093302749e+03 1.006616770327706689e+00
6.549610355287815764e+03 1.004078538752207539e+00
6.549644416659465605e+03 1.004771909986588163e+00
6.549678478208252272e+03 1.011963170819037749e+00
6.549712539934177585e+03 1.011851672361996579e+00
6.549746601837239723e+03 1.006704023266089543e+00
6.549780663917443235e+03 1.006189180511255277e+00
6.549814726174785392e+03 1.007344212473084255e+00
6.549848788609269832e+03 1.008008554411214286e+00
6.549882851220897464e+03 1.006752189047006141e+00
6.549916914009666471e+03 1.017743371494445936e+00
6.549950976975580488e+03 1.014274639829035651e+00
6.549985040118640427e+03 1.009274320034151851e+00
6.550019103438845377e+03 1.006919410761609068e+00
6.550053166936198068e+03 1.011611390028212210e+00
6.550087230610697588e+03 1.010930417362662315e+00
6.550121294462346668e+03 1.003773795615489961e+00
6.550155358491145307e+03 1.009043817915736385e+00
6.550189422697094415e+03 1.016391834056113996e+00
6.550223487080194900e+03 1.009971023158221515e+00
6.550257551640448582e+03 1.007138112456205548e+00
6.550291616377854552e+03 1.008238186302266692e+00
6.550325681292416448e+03 1.013406573493475404e+00
6.550359746384131540e+03 1.016551377083757313e+00
6.550393811653004377e+03 1.014260505370274235e+00
6.550427877099034049e+03 1.011248296989258222e+00
6.550461942722221465e+03 1.014417512272462796e+00
6.550496008522567536e+03 1.018622372061894321e+00
6.550530074500073169e+03 1.011360577189017951e+00
6.550564140654740186e+03 1.014412569289985244e+00
6.550598206986568584e+03 1.006799050332366718e+00
6.550632273495560185e+03 1.009938199355794319e+00
6.550666340181714077e+03 1.013506426358647516e+00
6.550700407045033899e+03 1.012821858848188095e+00
6.550734474085517832e+03 1.012846546697677041e+00
6.550768541303168604e+03 1.014192192209822485e+00
6.550802608697986216e+03 1.011763582755977886e+00
6.550836676269972486e+03 1.010733618307527282e+00
6.550870744019127415e+03 1.021916140171393872e+00
6.550904811945451911e+03 1.009015548184709843e+00
6.550938880048948704e+03 1.016197373079170241e+00
6.550972948329616884e+03 1.020100925791983082e+00
6.551007016787457360e+03 1.013988170893979301e+00
6.551041085422471042e+03 1.008108142944300178e+00
6.551075154234659749e+03 1.006530960397742813e+00
6.551109223224024390e+03 1.014200953110471870e+00
6.551143292390564056e+03 1.022818678162550565e+00
6.551177361734283295e+03 1.014831743943899189e+00
6.551211431255178468e+03 1.015293949358133663e+00
6.551245500953254123e+03 1.013975347030244389e+00
6.551279570828509350e+03 1.017121850557693108e+00
6.551313640880945968e+03 1.011131305893639087e+00
6.551347711110564887e+03 1.007367442350460163e+00
6.551381781517366107e+03 1.013972632649200012e+00
6.551415852101350538e+03 1.013257808431901497e+00
6.551449922862520907e+03 1.008022829530159870e+00
6.551483993800877215e+03 1.014816879977635145e+00
6.551518064916419462e+03 1.019519572646444328e+00
6.551552136209148557e+03 1.016716292813139466e+00
6.551586207679066320e+03 1.015493445901523462e+00
6.551620279326173659e+03 1.022707386493644011e+00
6.551654351150471484e+03 1.018156465828798485e+00
6.551688423151959796e+03 1.015271751314736681e+00
6.551722495330641323e+03 1.013389923984536312e+00
6.551756567686514245e+03 1.017411541518276286e+00
6.551790640219582201e+03 1.020373987877750688e+00
6.551824712929844281e+03 1.013835748654904334e+00
6.551858785817302305e+03 1.013561330807883465e+00
6.551892858881957181e+03 1.016420973676653183e+00
6.551926932123810730e+03 1.021375746405011498e+00
6.551961005542862040e+03 1.018853235883458108e+00
6.551995079139112022e+03 1.019135293887873495e+00
6.552029152912563404e+03 1.016085043180512626e+00
6.552063226863215277e+03 1.011664970058659963e+00
6.552097300991070369e+03 1.004559379381946727e+00
6.552131375296127771e+03 9.985471916702407524e-01
6.552165449778389302e+03 1.002457870401737727e+00
6.552199524437855871e+03 1.011697516693229160e+00
6.552233599274528387e+03 1.014963426055489837e+00
6.552267674288408671e+03 1.010519002858705218e+00
6.552301749479494902e+03 1.012385295196331914e+00
6.552335824847790718e+03 1.020794318705479986e+00
6.552369900393296120e+03 1.016603713954149057e+00
6.552403976116012927e+03 1.015604906711382149e+00
6.552438052015940229e+03 1.015499350278953550e+00
6.552472128093078936e+03 1.015579527966316453e+00
6.552506204347432686e+03 1.018807507093900666e+00
6.552540280778999659e+03 1.011762064572264030e+00
6.552574357387781674e+03 1.003523991558267436e+00
6.552608434173780552e+03 1.003057381468589915e+00
6.552642511136995381e+03 9.796126596609160408e-01
6.552676588277428891e+03 9.219845480076397370e-01
6.552710665595081082e+03 8.803918276756211858e-01
6.552744743089951953e+03 9.028843183069488187e-01
6.552778820762045143e+03 9.523085589369688631e-01
6.552812898611358833e+03 9.856619882350812212e-01
6.552846976637895750e+03 9.998533922638010996e-01
6.552881054841654986e+03 1.006012450206483999e+00
6.552915133222640179e+03 1.019952620602603499e+00
6.552949211780848600e+03 1.009955829068705846e+00
6.552983290516284796e+03 1.017716403562234584e+00
6.553017369428947859e+03 1.019469336055213171e+00
6.553051448518837788e+03 1.019074415288390156e+00
6.553085527785958220e+03 1.021761648208508344e+00
6.553119607230308247e+03 1.021541072744360790e+00
6.553153686851887869e+03 1.020554076088864282e+00
6.553187766650699814e+03 1.020269409568314023e+00
6.553221846626744991e+03 1.017103109122465376e+00
6.553255926780023401e+03 1.018317168907876047e+00
6.553290007110536862e+03 1.021092033623643314e+00
6.553324087618284466e+03 1.016098115341407038e+00
6.553358168303268940e+03 1.010121076717437560e+00
6.553392249165490284e+03 1.016253949050087702e+00
6.553426330204951228e+03 1.019604198231072623e+00
6.553460411421649951e+03 1.020378524336593928e+00
6.553494492815588274e+03 1.019117310731607606e+00
6.553528574386768923e+03 1.018266243621925859e+00
6.553562656135190082e+03 1.020486941555743376e+00
6.553596738060855387e+03 1.018643070755154811e+00
6.553630820163763929e+03 1.017253305569981281e+00
6.553664902443916617e+03 1.021307614550714948e+00
6.553698984901315271e+03 1.016305080225738067e+00
6.553733067535958980e+03 1.013085820288100791e+00
6.553767150347851384e+03 1.009359610242171135e+00
6.553801233336992482e+03 1.006162922303850182e+00
6.553835316503382273e+03 9.859962047368967530e-01
6.553869399847022578e+03 9.694241749518758278e-01
6.553903483367913395e+03 9.818578451610842084e-01
6.553937567066056545e+03 9.994803273128560761e-01
6.553971650941452936e+03 1.009955596637740927e+00
6.554005734994101658e+03 1.014819409184326116e+00
6.554039819224006351e+03 1.018795067976702384e+00
6.554073903631166104e+03 1.016756873121469118e+00
6.554107988215583646e+03 1.021548260439166800e+00
6.554142072977258067e+03 1.021674933317284539e+00
6.554176157916190277e+03 1.023234559700174184e+00
6.554210243032382095e+03 1.024696114977997397e+00
6.554244328325834431e+03 1.020364129353549920e+00
6.554278413796548193e+03 1.015255074281439462e+00
6.554312499444524292e+03 1.011164179762253479e+00
6.554346585269762727e+03 1.013077369655720261e+00
6.554380671272266227e+03 1.015517873622617362e+00
6.554414757452032973e+03 1.023216574722224381e+00
6.554448843809066602e+03 1.021721410057515378e+00
6.554482930343367116e+03 1.022635091244426198e+00
6.554517017054935422e+03 1.022677142337999445e+00
6.554551103943771523e+03 1.019944384285398797e+00
6.554585191009877235e+03 1.018326551020434234e+00
6.554619278253253469e+03 1.017690106552113782e+00
6.554653365673901135e+03 1.016325545028030630e+00
6.554687453271821141e+03 1.015541473959396201e+00
6.554721541047014398e+03 1.015272731744450541e+00
6.554755628999481814e+03 1.012826623103410428e+00
6.554789717129224300e+03 1.023073116583012254e+00
6.554823805436242765e+03 1.015418861274573592e+00
6.554857893920538118e+03 1.011872107864522974e+00
6.554891982582111268e+03 1.017139805953285459e+00
6.554926071420963126e+03 1.020614870156669740e+00
6.554960160437093691e+03 1.018887803966006755e+00
6.554994249630505692e+03 1.015951908186634167e+00
6.555028339001199129e+03 1.017301541823451450e+00
6.555062428549175820e+03 1.019964142147328445e+00
6.555096518274434857e+03 1.016106611062689513e+00
6.555130608176977148e+03 1.014370621143636075e+00
6.555164698256806332e+03 1.010088970848960876e+00
6.555198788513921500e+03 1.010941913715212026e+00
6.555232878948322650e+03 1.018791563412349221e+00
6.555266969560012512e+03 1.021690857237143257e+00
6.555301060348991086e+03 1.018084791738205430e+00
6.555335151315259282e+03 1.016932502754643863e+00
6.555369242458818917e+03 1.019080408764972079e+00
6.555403333779669083e+03 1.018763166807800546e+00
6.555437425277812508e+03 1.011671907209080512e+00
6.555471516953249193e+03 1.009905439844364983e+00
6.555505608805980046e+03 1.008734840591071436e+00
6.555539700836006887e+03 1.012619115910929679e+00
6.555573793043329715e+03 1.015805313806394272e+00
6.555607885427949441e+03 1.020523158681523324e+00
6.555641977989866973e+03 1.024209980402881470e+00
6.555676070729084131e+03 1.022804472115016017e+00
6.555710163645600915e+03 1.018855116496281354e+00
6.555744256739418233e+03 1.018096268722379794e+00
6.555778350010537906e+03 1.021550391835874594e+00
6.555812443458960843e+03 1.017199129794644774e+00
6.555846537084686133e+03 1.026719582816188359e+00
6.555880630887716507e+03 1.022487685822110581e+00
6.555914724868052872e+03 1.017520083651232810e+00
6.555948819025695229e+03 1.019614191440732620e+00
6.555982913360643579e+03 1.020769531858951362e+00
6.556017007872901559e+03 1.021503506468570910e+00
6.556051102562468259e+03 1.023577991400735021e+00
6.556085197429345499e+03 1.023267258834072324e+00
6.556119292473533278e+03 1.022513748354206164e+00
6.556153387695033416e+03 1.022384220341826078e+00
6.556187483093845913e+03 1.022265918846471555e+00
6.556221578669972587e+03 1.026710073608401830e+00
6.556255674423414348e+03 1.025296804353677205e+00
6.556289770354170287e+03 1.018152139048645655e+00
6.556323866462244041e+03 1.019865244156391126e+00
6.556357962747633792e+03 1.026963076227384919e+00
6.556392059210344087e+03 1.024719459571299618e+00
6.556426155850371288e+03 1.021588567191053620e+00
6.556460252667720852e+03 1.024468037556556244e+00
6.556494349662390050e+03 1.020984706451571800e+00
6.556528446834382521e+03 1.024256836321189468e+00
6.556562544183696446e+03 1.026833885990082074e+00
6.556596641710335462e+03 1.026682675740584028e+00
6.556630739414299569e+03 1.025263537216470011e+00
6.556664837295587859e+03 1.021606731641132360e+00
6.556698935354203968e+03 1.023205788397185678e+00
6.556733033590147897e+03 1.023417769253607279e+00
6.556767132003420556e+03 1.025734516811590780e+00
6.556801230594021945e+03 1.029090987023482784e+00
6.556835329361952972e+03 1.026710502547493187e+00
6.556869428307216367e+03 1.025418109572843406e+00
6.556903527429812129e+03 1.021373660728410737e+00
6.556937626729740259e+03 1.027031304414220747e+00
6.556971726207002575e+03 1.020754288258158171e+00
6.557005825861600897e+03 1.024327982065259768e+00
6.557039925693533405e+03 1.023438231726173431e+00
6.557074025702803738e+03 1.015173932967083248e+00
6.557108125889412804e+03 1.015450042070555448e+00
6.557142226253358785e+03 1.017713786964320466e+00
6.557176326794644410e+03 1.011017117812349042e+00
6.557210427513271497e+03 9.906004946986481929e-01
6.557244528409240047e+03 9.576108530294655807e-01
6.557278629482550059e+03 9.510947135492487936e-01
6.557312730733204262e+03 9.736279581769642366e-01
6.557346832161201746e+03 1.000191819399790516e+00
6.557380933766544331e+03 1.011141778244866618e+00
6.557415035549233835e+03 1.017623527937681294e+00
6.557449137509270258e+03 1.018610217933124895e+00
6.557483239646653601e+03 1.017575221816599429e+00
6.557517341961386592e+03 1.018241146535643571e+00
6.557551444453469230e+03 1.018659602077310877e+00
6.557585547122902426e+03 1.018807625287424301e+00
6.557619649969687089e+03 1.018694900372495216e+00
6.557653752993824128e+03 1.014775274109960490e+00
6.557687856195314453e+03 1.018481725289008155e+00
6.557721959574159882e+03 1.011985835639974241e+00
6.557756063130360417e+03 1.009442339827491653e+00
6.557790166863916056e+03 1.016029463712628811e+00
6.557824270774830438e+03 1.021985371028542700e+00
6.557858374863101744e+03 1.015043434029740954e+00
6.557892479128731793e+03 1.011153292537177562e+00
6.557926583571722404e+03 1.012256750828406160e+00
6.557960688192073576e+03 1.005065258650481130e+00
6.557994792989786220e+03 1.001160501812733417e+00
6.558028897964862153e+03 1.006635700652327436e+00
6.558063003117300468e+03 1.001056338252110933e+00
6.558097108447104802e+03 1.000759051523778753e+00
6.558131213954273335e+03 1.000048290807314499e+00
6.558165319638807887e+03 9.892435078437226137e-01
6.558199425500711186e+03 9.820857822973110274e-01
6.558233531539982323e+03 9.747799899230616960e-01
6.558267637756622207e+03 9.788220610134142907e-01
6.558301744150631748e+03 9.884405530407762708e-01
6.558335850722012765e+03 9.907784069748239997e-01
6.558369957470764348e+03 9.932703213942484233e-01
6.558404064396891044e+03 9.942183470294944092e-01
6.558438171500389217e+03 9.953322052407472809e-01
6.558472278781263412e+03 9.982854338300856112e-01
6.558506386239512722e+03 9.934991167582387650e-01
6.558540493875138054e+03 9.897781648123774589e-01
6.558574601688142138e+03 9.884963160364862444e-01
6.558608709678523155e+03 9.883297722534002405e-01
6.558642817846283833e+03 9.869038613474271360e-01
6.558676926191425082e+03 9.814432707268815337e-01
6.558711034713946901e+03 9.760169678979154773e-01
6.558745143413851110e+03 9.735835712949044707e-01
6.558779252291138619e+03 9.739753504529700123e-01
6.558813361345809426e+03 9.839675250241451954e-01
6.558847470577864442e+03 9.814310341318420727e-01
6.558881579987306395e+03 9.813454104038582537e-01
6.558915689574134376e+03 9.790931251150648551e-01
6.558949799338349294e+03 9.773746833806391532e-01
6.558983909279953878e+03 9.753771461154477906e-01
6.559018019398946308e+03 9.739175753532393065e-01
6.559052129695330223e+03 9.710439354039184234e-01
6.559086240169105622e+03 9.686951912040959733e-01
6.559120350820272506e+03 9.675361679797888081e-01
6.559154461648832694e+03 9.661969956869744802e-01
6.559188572654787095e+03 9.676035595373690956e-01
6.559222683838135708e+03 9.607108680036756665e-01
6.559256795198880354e+03 9.611375875093625121e-01
6.559290906737022851e+03 9.639737612467497163e-01
6.559325018452562290e+03 9.584399126158095195e-01
6.559359130345500489e+03 9.574480092954468224e-01
6.559393242415838358e+03 9.582262606903868551e-01
6.559427354663575898e+03 9.585540169968598256e-01
6.559461467088714926e+03 9.569526990211099093e-01
6.559495579691257262e+03 9.544009390343772825e-01
6.559529692471201997e+03 9.533552044594044705e-01
6.559563805428550950e+03 9.508485693301793606e-01
6.559597918563305029e+03 9.471862781367478279e-01
6.559632031875465145e+03 9.440105208038864770e-01
6.559666145365032207e+03 9.406325448145401724e-01
6.559700259032007125e+03 9.419131332444017346e-01
6.559734372876390808e+03 9.457290382926724082e-01
6.559768486898184165e+03 9.478381666631322533e-01
6.559802601097388106e+03 9.449811365113102157e-01
6.559836715474003540e+03 9.397555336533029990e-01
6.559870830028032287e+03 9.354523759806537830e-01
6.559904944759473437e+03 9.363863283933480108e-01
6.559939059668328809e+03 9.397297953254138969e-01
6.559973174754599313e+03 9.343709915013228562e-01
6.560007290018285858e+03 9.289070364190156193e-01
6.560041405459390262e+03 9.278757270437146820e-01
6.560075521077913436e+03 9.286857054013406554e-01
6.560109636873854470e+03 9.307215685398927407e-01
6.560143752847214273e+03 9.282342681097991433e-01
6.560177868997996484e+03 9.263955775799632697e-01
6.560211985326199283e+03 9.273233420495290424e-01
6.560246101831826309e+03 9.261439036651284429e-01
6.560280218514874832e+03 9.222958944651105107e-01
6.560314335375349401e+03 9.215790697867007886e-01
6.560348452413248197e+03 9.227427397554412991e-01
6.560382569628573947e+03 9.187917655784521020e-01
6.560416687021326652e+03 9.168414370597189889e-01
6.560450804591507222e+03 9.184031813919677489e-01
6.560484922339117475e+03 9.136440904935428931e-01
6.560519040264157411e+03 9.009566403653966882e-01
6.560553158366627940e+03 8.835790306307004238e-01
6.560587276646530881e+03 8.764567848381175086e-01
6.560621395103867144e+03 8.874700787153962933e-01
6.560655513738635818e+03 8.986453671199959858e-01
6.560689632550838724e+03 9.048341942681003003e-01
6.560723751540477679e+03 9.097256824270166797e-01
6.560757870707553593e+03 9.056098864039969776e-01
6.560791990052067376e+03 9.035863390720401123e-01
6.560826109574019029e+03 9.011446267036946622e-01
6.560860229273409459e+03 8.901789171102221232e-01
6.560894349150239577e+03 9.027770304793544254e-01
6.560928469204511202e+03 9.007260170529313159e-01
6.560962589436226153e+03 8.926126600465089656e-01
6.560996709845381702e+03 8.945434332754226281e-01
6.561030830431982395e+03 8.967619816609204708e-01
6.561064951196028233e+03 8.913712150585013649e-01
6.561099072137519215e+03 8.860768394945364168e-01
6.561133193256456252e+03 8.816872617796970291e-01
6.561167314552842072e+03 8.716517683091526969e-01
6.561201436026674855e+03 8.639675708628604678e-01
6.561235557677958241e+03 8.702530284961200735e-01
6.561269679506691318e+03 8.806229250009670606e-01
6.561303801512875907e+03 8.874528929005920386e-01
6.561337923696512007e+03 8.853411562389232881e-01
6.561372046057601437e+03 8.817353068330875399e-01
6.561406168596145108e+03 8.842003578575404754e-01
6.561440291312143927e+03 8.841431402967800945e-01
6.561474414205597895e+03 8.831347373134499357e-01
6.561508537276507923e+03 8.816646092241554600e-01
6.561542660524876737e+03 8.767224945308317308e-01
6.561576783950704339e+03 8.745118359853717438e-01
6.561610907553991638e+03 8.734208277834194512e-01
6.561645031334738633e+03 8.772692714103054179e-01
6.561679155292947144e+03 8.755453466623113190e-01
6.561713279428618080e+03 8.716086482698869320e-01
6.561747403741751441e+03 8.721458310366713151e-01
6.561781528232349956e+03 8.722929665275134248e-01
6.561815652900413625e+03 8.718466909050596181e-01
6.561849777745942447e+03 8.680594539052605141e-01
6.561883902768938242e+03 8.618054325086904610e-01
6.561918027969402829e+03 8.609315448254190040e-01
6.561952153347335297e+03 8.643793548101633695e-01
6.561986278902738377e+03 8.650525074402904968e-01
6.562020404635611158e+03 8.673802702180722912e-01
6.562054530545955458e+03 8.697908682560547833e-01
6.562088656633772189e+03 8.644100264680667500e-01
6.562122782899062258e+03 8.647268476407986570e-01
6.562156909341827486e+03 8.572988449098073449e-01
6.562191035962066962e+03 8.601915470151980658e-01
6.562225162759782506e+03 8.661684570148180384e-01
6.562259289734975937e+03 8.629283028678392808e-01
6.562293416887646345e+03 8.582401780867743302e-01
6.562327544217796458e+03 8.570651331830994035e-01
6.562361671725426277e+03 8.581641959626995497e-01
6.562395799410536711e+03 8.584138522066142585e-01
6.562429927273128669e+03 8.535898610764532934e-01
6.562464055313203062e+03 8.573643162190413003e-01
6.562498183530760798e+03 8.468146861100012135e-01
6.562532311925804606e+03 8.417027767533424853e-01
6.562566440498331758e+03 8.450216497518786563e-01
6.562600569248345892e+03 8.478758853206225243e-01
6.562634698175847006e+03 8.508944516373543321e-01
6.562668827280836922e+03 8.526008997539654688e-01
6.562702956563316548e+03 8.500183976007633646e-01
6.562737086023284974e+03 8.528196832511717451e-01
6.562771215660744019e+03 8.551514382729148434e-01
6.562805345475695503e+03 8.526388406216959259e-01
6.562839475468139426e+03 8.575040411081449321e-01
6.562873605638076697e+03 8.543239055958862238e-01
6.562907735985509134e+03 8.581132010092169526e-01
6.562941866510436739e+03 8.571581231793298228e-01
6.562975997212862239e+03 8.542853652910897821e-01
6.563010128092783816e+03 8.581601944438793650e-01
6.563044259150202379e+03 8.583958470836174914e-01
6.563078390385122475e+03 8.600323796777877838e-01
6.563112521797540467e+03 8.620737084070104750e-01
6.563146653387461811e+03 8.605260077217437020e-01
6.563180785154883779e+03 8.581330325707818840e-01
6.563214917099809099e+03 8.590644273359062666e-01
6.563249049222237772e+03 8.629937526277116078e-01
6.563283181522171617e+03 8.645855307922247768e-01
6.563317313999611542e+03 8.608689137371714484e-01
6.563351446654556639e+03 8.676367352975138392e-01
6.563385579487010546e+03 8.606080175189557702e-01
6.563419712496973261e+03 8.646340033632803346e-01
6.563453845684443877e+03 8.689960493896407012e-01
6.563487979049426031e+03 8.684999038527815296e-01
6.563522112591917903e+03 8.610368054958458250e-01
6.563556246311923132e+03 8.536618771285141571e-01
6.563590380209440809e+03 8.511544752581715612e-01
6.563624514284473662e+03 8.527960980349368336e-01
6.563658648537019872e+03 8.635663884285602609e-01
6.563692782967082167e+03 8.792670591946775138e-01
6.563726917574661456e+03 8.820566088585767295e-01
6.563761052359759560e+03 8.850832381859078390e-01
6.563795187322374659e+03 8.835819952624861529e-01
6.563829322462509481e+03 8.852332990508507971e-01
6.563863457780165845e+03 8.876212998067278814e-01
6.563897593275342842e+03 8.950184986854103908e-01
6.563931728948042291e+03 8.967394012816731763e-01
6.563965864798264192e+03 8.933665284257137351e-01
6.564000000826010364e+03 8.949870655387588414e-01
6.564034137031282626e+03 9.011816565300775350e-01
6.564068273414080068e+03 9.002886119992998815e-01
6.564102409974404509e+03 8.889722646232606218e-01
6.564136546712256859e+03 8.799302187899221694e-01
6.564170683627637118e+03 8.838001602346425845e-01
6.564204820720548923e+03 8.914613334011047829e-01
6.564238957990990457e+03 8.790753503169260741e-01
6.564273095438963537e+03 8.462338242864578808e-01
6.564307233064468164e+03 8.438640073068299774e-01
6.564341370867506157e+03 8.805229520400107424e-01
6.564375508848079335e+03 9.083650707303588812e-01
6.564409647006188607e+03 9.191780512126225267e-01
6.564443785341832154e+03 9.253242816369725565e-01
6.564477923855014524e+03 9.310532277078584773e-01
6.564512062545732988e+03 9.342232490953003010e-01
6.564546201413991184e+03 9.381819817758032531e-01
6.564580340459789113e+03 9.477595673001193433e-01
6.564614479683127684e+03 9.486306130042831963e-01
6.564648619084008715e+03 9.432059586567329568e-01
6.564682758662432207e+03 9.503773414698618582e-01
6.564716898418398159e+03 9.587357726251340972e-01
6.564751038351909301e+03 9.580660336357840201e-01
6.564785178462965632e+03 9.552254847498805601e-01
6.564819318751568971e+03 9.603342795982485747e-01
6.564853459217718409e+03 9.633002435898714300e-01
6.564887599861416675e+03 9.641293828222189388e-01
6.564921740682663767e+03 9.682691208996199173e-01
6.564955881681460596e+03 9.750684126533299967e-01
6.564990022857808071e+03 9.804598436357004898e-01
6.565024164211708921e+03 9.827697312238992122e-01
6.565058305743161327e+03 9.893443602744156351e-01
6.565092447452167107e+03 9.895570396966114624e-01
6.565126589338728081e+03 9.842990247869511933e-01
6.565160731402844249e+03 9.874845732503543250e-01
6.565194873644517429e+03 9.887543854875259219e-01
6.565229016063746712e+03 9.923450418787346239e-01
6.565263158660535737e+03 9.989065568288632013e-01
6.565297301434883593e+03 9.988465689118521951e-01
6.565331444386791190e+03 9.991645166994991278e-01
6.565365587516260348e+03 1.002899453532340113e+00
6.565399730823291065e+03 1.003959291501583362e+00
6.565433874307885162e+03 1.003700251777449592e+00
6.565468017970041728e+03 1.007257645852521089e+00
6.565502161809765312e+03 1.015288910155926816e+00
6.565536305827053184e+03 1.016032889914876058e+00
6.565570450021907163e+03 1.014628374272065647e+00
6.565604594394329979e+03 1.013754338745079808e+00
6.565638738944320721e+03 1.012110379452041853e+00
6.565672883671880300e+03 1.015439129421138675e+00
6.565707028577010533e+03 1.021037263386631810e+00
6.565741173659711421e+03 1.020649584630591855e+00
6.565775318919986603e+03 1.020634767568713297e+00
6.565809464357832439e+03 1.027041865442963386e+00
6.565843609973253479e+03 1.033031964605368946e+00
6.565877755766248811e+03 1.036362880079299442e+00
6.565911901736820255e+03 1.042890555579731426e+00
6.565946047884968721e+03 1.047706825071041958e+00
6.565980194210694208e+03 1.045134608254890463e+00
6.566014340713999445e+03 1.050679057215135437e+00
6.566048487394883523e+03 1.053296564087431442e+00
6.566082634253348260e+03 1.052944147269620156e+00
6.566116781289393657e+03 1.052029108357184883e+00
6.566150928503021532e+03 1.054709521454344712e+00
6.566185075894232796e+03 1.055434650882475012e+00
6.566219223463029266e+03 1.058482877807611633e+00
6.566253371209409124e+03 1.061355730141918086e+00
6.566287519133376009e+03 1.060245124098408098e+00
6.566321667234929919e+03 1.062806992953700069e+00
6.566355815514070855e+03 1.069640428342280236e+00
6.566389963970800636e+03 1.070165391302108970e+00
6.566424112605121081e+03 1.066798147791609308e+00
6.566458261417031281e+03 1.066747503594224655e+00
6.566492410406533963e+03 1.066002799512970833e+00
6.566526559573627310e+03 1.074807645052028526e+00
6.566560708918315868e+03 1.071156065384357037e+00
6.566594858440598728e+03 1.069907712360740559e+00
6.566629008140474980e+03 1.068989360501577446e+00
6.566663158017948263e+03 1.068649181919728353e+00
6.566697308073019485e+03 1.073057973571876600e+00
6.566731458305687738e+03 1.075403243321769509e+00
6.566765608715955750e+03 1.075345670999323877e+00
6.566799759303823521e+03 1.082447640307490078e+00
6.566833910069291051e+03 1.085993763279179181e+00
6.566868061012361068e+03 1.077766421732115010e+00
6.566902212133033572e+03 1.085188180061678498e+00
6.566936363431309474e+03 1.087350034257998699e+00
6.566970514907190591e+03 1.080453409403570264e+00
6.567004666560676014e+03 1.080139360580217645e+00
6.567038818391768473e+03 1.085007072429543085e+00
6.567072970400467966e+03 1.089679634853950363e+00
6.567107122586775404e+03 1.093317633998430738e+00
6.567141274950692605e+03 1.088321298952858562e+00
6.567175427492219569e+03 1.085230315296018766e+00
6.567209580211357206e+03 1.087613351017010732e+00
6.567243733108105516e+03 1.088095521075730820e+00
6.567277886182469047e+03 1.085654615699222614e+00
6.567312039434444159e+03 1.084325583058355802e+00
6.567346192864035402e+03 1.088138007359852111e+00
6.567380346471241864e+03 1.088799652509510052e+00
6.567414500256063548e+03 1.091973904301802856e+00
6.567448654218504089e+03 1.091202333430313809e+00
6.567482808358561670e+03 1.090516844825319076e+00
6.567516962676239928e+03 1.089347267661966434e+00
6.567551117171537953e+03 1.086475267409147794e+00
6.567585271844456656e+03 1.081090843901145293e+00
6.567619426694997856e+03 1.082001263479292152e+00
6.567653581723161551e+03 1.087298551322927187e+00
6.567687736928948652e+03 1.086255447036330590e+00
6.567721892312360978e+03 1.083581810183898542e+00
6.567756047873399439e+03 1.081294299666285097e+00
6.567790203612064943e+03 1.078110175035803975e+00
6.567824359528356581e+03 1.083563772881409593e+00
6.567858515622277991e+03 1.075428555809176956e+00
6.567892671893828265e+03 1.074356372499862378e+00
6.567926828343009220e+03 1.078954068588471094e+00
6.567960984969820856e+03 1.078131683570315635e+00
6.567995141774264084e+03 1.081875234934886132e+00
6.568029298756341632e+03 1.081473380363416448e+00
6.568063455916052590e+03 1.079695770016361189e+00
6.568097613253399686e+03 1.080929883721995610e+00
6.568131770768382012e+03 1.081845524410816273e+00
6.568165928461000476e+03 1.078725028702380406e+00
6.568200086331256898e+03 1.076821656113114756e+00
6.568234244379152187e+03 1.076557004615861457e+00
6.568268402604687253e+03 1.072353647763749640e+00
6.568302561007862096e+03 1.069176663729670462e+00
6.568336719588678534e+03 1.067909015133483575e+00
6.568370878347137477e+03 1.068257635691911345e+00
6.568405037283239835e+03 1.071349620678963444e+00
6.568439196396986517e+03 1.066825913438259166e+00
6.568473355688378433e+03 1.065565110188936515e+00
6.568507515157415583e+03 1.067471262332466475e+00
6.568541674804100694e+03 1.063093652077483853e+00
6.568575834628432858e+03 1.060095307833915701e+00
6.568609994630413894e+03 1.060962216465728636e+00
6.568644154810044711e+03 1.055737099133496670e+00
6.568678315167326218e+03 1.052541452433321645e+00
6.568712475702260235e+03 1.057327318133211680e+00
6.568746636414844943e+03 1.054077608720630943e+00
6.568780797305083979e+03 1.042435920288118156e+00
6.568814958372978253e+03 1.038054629419423058e+00
6.568849119618526856e+03 1.042433746672109862e+00
6.568883281041731607e+03 1.041002460586472722e+00
6.568917442642594324e+03 1.029996908384181564e+00
6.568951604421114098e+03 1.027900398383354785e+00
6.568985766377293658e+03 1.033274305729601883e+00
6.569019928511133003e+03 1.042964295001081565e+00
6.569054090822632133e+03 1.046931017145481313e+00
6.569088253311793778e+03 1.044053195060510753e+00
6.569122415978617937e+03 1.038422241958637082e+00
6.569156578823105519e+03 1.035260664582800638e+00
6.569190741845258344e+03 1.035723652673938400e+00
6.569224905045076412e+03 1.040215780360847164e+00
6.569259068422559722e+03 1.042288017541956435e+00
6.569293231977711002e+03 1.035705931642586286e+00
6.569327395710531164e+03 1.040138264749563612e+00
6.569361559621020206e+03 1.031531350862546548e+00
6.569395723709179038e+03 1.037061118190014009e+00
6.569429887975008569e+03 1.029269062073415730e+00
6.569464052418510619e+03 1.031225031690844673e+00
6.569498217039685187e+03 1.026326615662717545e+00
6.569532381838534093e+03 1.019735458406347606e+00
6.569566546815056427e+03 1.022551184030149107e+00
6.569600711969254917e+03 1.027982604763776786e+00
6.569634877301130473e+03 1.028149903891627970e+00
6.569669042810683095e+03 1.032147166149707695e+00
6.569703208497913693e+03 1.035354742618563861e+00
6.569737374362824085e+03 1.030309038755081952e+00
6.569771540405414271e+03 1.028395764577208826e+00
6.569805706625686071e+03 1.026267171140518464e+00
6.569839873023639484e+03 1.029468745781666028e+00
6.569874039599276330e+03 1.031388755344411434e+00
6.569908206352597517e+03 1.024819786398081245e+00
6.569942373283602137e+03 1.025518145687610794e+00
6.569976540392293828e+03 1.020075410500312918e+00
6.570010707678671679e+03 1.018048477384738248e+00
6.570044875142736601e+03 1.020241387581981796e+00
6.570079042784491321e+03 1.019921253645774684e+00
6.570113210603934021e+03 1.018949512328367835e+00
6.570147378601068340e+03 1.020305788817809090e+00
6.570181546775894276e+03 1.025037616978133670e+00
6.570215715128410920e+03 1.025853440382925807e+00
6.570249883658621002e+03 1.020661127003645197e+00
6.570284052366526339e+03 1.020293017190736062e+00
6.570318221252126023e+03 1.020827149119796218e+00
6.570352390315421871e+03 1.019865297169906704e+00
6.570386559556413886e+03 1.017845824565680513e+00
6.570420728975104794e+03 1.016220695222109338e+00
6.570454898571492777e+03 1.018446106864236977e+00
6.570489068345582382e+03 1.017155743242722954e+00
6.570523238297370881e+03 1.015195936234856600e+00
6.570557408426861912e+03 1.015949745079772981e+00
6.570591578734054565e+03 1.013325003698334337e+00
6.570625749218951569e+03 1.013930044946807829e+00
6.570659919881552014e+03 1.011677742833368976e+00
6.570694090721856810e+03 1.007618521561982838e+00
6.570728261739869595e+03 1.006568438182673386e+00
6.570762432935587640e+03 1.007014071808556288e+00
6.570796604309014583e+03 1.010433373842554605e+00
6.570830775860151334e+03 1.010379966480152492e+00
6.570864947588996074e+03 1.013439893397002356e+00
6.570899119495552441e+03 1.009576510649708769e+00
6.570933291579820434e+03 1.011020414681949919e+00
6.570967463841800964e+03 1.013697170689484617e+00
6.571001636281494029e+03 1.011438196355468833e+00
6.571035808898902360e+03 1.007446243204112024e+00
6.571069981694026865e+03 1.009041261056135896e+00
6.571104154666865725e+03 1.010859189472255393e+00
6.571138327817423487e+03 1.016218289870632452e+00
6.571172501145699243e+03 1.013585197002000005e+00
6.571206674651692992e+03 1.011745360079437939e+00
6.571240848335407463e+03 1.016585974220518995e+00
6.571275022196841746e+03 1.019004961056354519e+00
6.571309196235999480e+03 1.018371175537514883e+00
6.571343370452878844e+03 1.011457133686570753e+00
6.571377544847482568e+03 1.010417022393071074e+00
6.571411719419810652e+03 1.013407387460201203e+00
6.571445894169863095e+03 1.021837016351612171e+00
6.571480069097643536e+03 1.012849256801931608e+00
6.571514244203151065e+03 1.014490508247103184e+00
6.571548419486385683e+03 1.013824443125091346e+00
6.571582594947351026e+03 1.017730618919148400e+00
6.571616770586045277e+03 1.018084841907545890e+00
6.571650946402471163e+03 1.013835853712989010e+00
6.571685122396629595e+03 1.012426160373325335e+00
6.571719298568519662e+03 1.011801424357685164e+00
6.571753474918144093e+03 1.013699758058254297e+00
6.571787651445502888e+03 1.013406420975630162e+00
6.571821828150597867e+03 1.009591552228494393e+00
6.571856005033429938e+03 1.011965211346341098e+00
6.571890182093999101e+03 1.012197760532296709e+00
6.571924359332306267e+03 1.012795449166573603e+00
6.571958536748353254e+03 1.010267672340344314e+00
6.571992714342140061e+03 1.009231194602672410e+00
6.572026892113668509e+03 1.015141304898980135e+00
6.572061070062939507e+03 1.010153777653002738e+00
6.572095248189953054e+03 9.804773490822518145e-01
6.572129426494710970e+03 9.439142488543680320e-01
6.572163604977213254e+03 9.263963261569871932e-01
6.572197783637460816e+03 9.358910143014195215e-01
6.572231962475456385e+03 9.610546337939055439e-01
6.572266141491199051e+03 9.826116837638737556e-01
6.572300320684690632e+03 9.962590852904382732e-01
6.572334500055932040e+03 1.007589273736321012e+00
6.572368679604923273e+03 1.013062206822618050e+00
6.572402859331666150e+03 1.011995388916779426e+00
6.572437039236160672e+03 1.010860067132700602e+00
6.572471219318408657e+03 1.008215612582510579e+00
6.572505399578411016e+03 1.012788378780483001e+00
6.572539580016169566e+03 1.011899511847004218e+00
6.572573760631682489e+03 1.011845226196686598e+00
6.572607941424953424e+03 1.011354404877682578e+00
6.572642122395982369e+03 1.007722091392923014e+00
6.572676303544769326e+03 1.010866637476748764e+00
6.572710484871316112e+03 1.013212516906006444e+00
6.572744666375623638e+03 1.009518333631885145e+00
6.572778848057692812e+03 1.010883626298193505e+00
6.572813029917523636e+03 1.014593868108619734e+00
6.572847211955118837e+03 1.015432509389374571e+00
6.572881394170478416e+03 1.012661839161518085e+00
6.572915576563602372e+03 1.012795270617961263e+00
6.572949759134493434e+03 1.015324226861380463e+00
6.572983941883151601e+03 1.005417007433038634e+00
6.573018124809576875e+03 1.003345527769978318e+00
6.573052307913771983e+03 1.010947212041698462e+00
6.573086491195736926e+03 1.018594213471274657e+00
6.573120674655471703e+03 1.008092696588047010e+00
6.573154858292979043e+03 1.011651114058543133e+00
6.573189042108258946e+03 1.016009061649784551e+00
6.573223226101312321e+03 1.014023662100945744e+00
6.573257410272140078e+03 1.017388862025904839e+00
6.573291594620743126e+03 1.012141411709127858e+00
6.573325779147123285e+03 1.015876930316697235e+00
6.573359963851280554e+03 1.018811752470389020e+00
6.573394148733215843e+03 1.013717216147788536e+00
6.573428333792929152e+03 1.012975752925110884e+00
6.573462519030424119e+03 1.017322314991430332e+00
6.573496704445698924e+03 1.017546033218808432e+00
6.573530890038755388e+03 1.010978520342834974e+00
6.573565075809596237e+03 1.009094589447563362e+00
6.573599261758219654e+03 1.008774739767589690e+00
6.573633447884628367e+03 1.009091510957258242e+00
6.573667634188822376e+03 1.008277906302902593e+00
6.573701820670802590e+03 1.013036147955427957e+00
6.573736007330570828e+03 1.003860291032820706e+00
6.573770194168127091e+03 1.010024800132030887e+00
6.573804381183473197e+03 1.014585169575366264e+00
6.573838568376608237e+03 1.017744703538151274e+00
6.573872755747534939e+03 1.015845626303993665e+00
6.573906943296254212e+03 1.012192815418096137e+00
6.573941131022766058e+03 1.013543118607874050e+00
6.573975318927072294e+03 1.016338989664006487e+00
6.574009507009172921e+03 1.013815003567371420e+00
6.574043695269069758e+03 1.014749757184661538e+00
6.574077883706762805e+03 1.018500990392660510e+00
6.574112072322253880e+03 1.015582484406646335e+00
6.574146261115542984e+03 1.021494011133187829e+00
6.574180450086631936e+03 1.019734362184993914e+00
6.574214639235520735e+03 1.017339767920617311e+00
6.574248828562211202e+03 1.022708689046903041e+00
6.574283018066704244e+03 1.019122936547569580e+00
6.574317207748999863e+03 1.011430298033536568e+00
6.574351397609100786e+03 1.022462861747833518e+00
6.574385587647005195e+03 1.022908780636105464e+00
6.574419777862716728e+03 1.021444000304144284e+00
6.574453968256234475e+03 1.022107488481892812e+00
6.574488158827560255e+03 1.016680930918172132e+00
6.574522349576694069e+03 1.017353777946859328e+00
6.574556540503637734e+03 1.019124810497284095e+00
6.574590731608392161e+03 1.016463450302546923e+00
6.574624922890958260e+03 1.017546991108949861e+00
6.574659114351336939e+03 1.016522111600245415e+00
6.574693305989529108e+03 1.012851834149680830e+00
6.574727497805534767e+03 1.015233857174165699e+00
6.574761689799354826e+03 1.018727666200816229e+00
6.574795881970992923e+03 1.011560632451653730e+00
6.574830074320446329e+03 1.001639204835744534e+00
6.574864266847719591e+03 9.782379889278672858e-01
6.574898459552809982e+03 9.345829214694284515e-01
6.574932652435722048e+03 8.856423273658262652e-01
6.574966845496453061e+03 8.989171544283729443e-01
6.575001038735006659e+03 9.406590007072567206e-01
6.575035232151381933e+03 9.765869203118779929e-01
6.575069425745581611e+03 1.001143716748889245e+00
6.575103619517605694e+03 1.008045713341644500e+00
6.575137813467454180e+03 1.004984563722556512e+00
6.575172007595129799e+03 1.008069412332834203e+00
6.575206201900632550e+03 1.011369963927809756e+00
6.575240396383963343e+03 1.011850603036052121e+00
6.575274591045123088e+03 1.016431170861934019e+00
6.575308785884112694e+03 1.018437455127770619e+00
6.575342980900933981e+03 1.021769815136285731e+00
6.575377176095586037e+03 1.019612352447787806e+00
6.575411371468071593e+03 1.019753668482627162e+00
6.575445567018390648e+03 1.015575852048281824e+00
6.575479762746544111e+03 1.014461029044531060e+00
6.575513958652532892e+03 1.021027778160195520e+00
6.575548154736358811e+03 1.017394166352710183e+00
6.575582350998021866e+03 1.016934422703157814e+00
6.575616547437522968e+03 1.017260622869058606e+00
6.575650744054863026e+03 1.015026135964036014e+00
6.575684940850043859e+03 1.010862791493289725e+00
6.575719137823065466e+03 1.011879084486289493e+00
6.575753334973929668e+03 1.019414956754711721e+00
6.575787532302635555e+03 1.022152841814867763e+00
6.575821729809186763e+03 1.020321555355756749e+00
6.575855927493581476e+03 1.019653038647375665e+00
6.575890125355822420e+03 1.016829917538907058e+00
6.575924323395910505e+03 1.015491037446443423e+00
6.575958521613844823e+03 1.016865917262560259e+00
6.575992720009628101e+03 1.022813542693577382e+00
6.576026918583261249e+03 1.019398626772600958e+00
6.576061117334744267e+03 1.017421638114871962e+00
6.576095316264078974e+03 1.008893876545571500e+00
6.576129515371266280e+03 1.017061177197264632e+00
6.576163714656306183e+03 1.013838475838037434e+00
6.576197914119199595e+03 1.012192264638770656e+00
6.576232113759949243e+03 1.011515336416697552e+00
6.576266313578553309e+03 1.004154863146353716e+00
6.576300513575014520e+03 1.010530796653636099e+00
6.576334713749333787e+03 1.018422251943811307e+00
6.576368914101512019e+03 1.021273074318549190e+00
6.576403114631549215e+03 1.016670331815976658e+00
6.576437315339447196e+03 1.008827960869999263e+00
6.576471516225205960e+03 1.009096342472851182e+00
6.576505717288828237e+03 1.011160031041766771e+00
6.576539918530313116e+03 1.012348710878554270e+00
6.576574119949662418e+03 1.012495919202660133e+00
6.576608321546876141e+03 1.017200581246480828e+00
6.576642523321956105e+03 1.010338132117129639e+00
6.576676725274904129e+03 1.009276629609996201e+00
6.576710927405719303e+03 1.015738307980885269e+00
6.576745129714403447e+03 1.012843659423421583e+00
6.576779332200957469e+03 1.011866798054137595e+00
6.576813534865381371e+03 1.013395374531455673e+00
6.576847737707676970e+03 1.013152109556370029e+00
6.576881940727846086e+03 1.013510148859906312e+00
6.576916143925887809e+03 1.014938850196542619e+00
6.576950347301804868e+03 1.010998387217570960e+00
6.576984550855596353e+03 1.011855824430598627e+00
6.577018754587264084e+03 1.011357845591246862e+00
6.577052958496809879e+03 1.010538426783429866e+00
6.577087162584232829e+03 1.015288228436788120e+00
6.577121366849533842e+03 1.014559738928379584e+00
6.577155571292716559e+03 1.009522634525990226e+00
6.577189775913780068e+03 1.009141118207377064e+00
6.577223980712724369e+03 1.015268431071462141e+00
6.577258185689551283e+03 1.012431292888788192e+00
6.577292390844262627e+03 1.012643349956783512e+00
6.577326596176858402e+03 1.015877074017063730e+00
6.577360801687339517e+03 1.011774709167750697e+00
6.577395007375705973e+03 1.008947863123925703e+00
6.577429213241961406e+03 1.005964441114150176e+00
6.577463419286103999e+03 1.010529152031829359e+00
6.577497625508136480e+03 1.012785406176343050e+00
6.577531831908058848e+03 1.011119527198204970e+00
6.577566038485872923e+03 1.010693467618668073e+00
6.577600245241577795e+03 1.007138272770244480e+00
6.577634452175175284e+03 1.007447483215970330e+00
6.577668659286667207e+03 1.008025163716640416e+00
6.577702866576054475e+03 1.007541347728773351e+00
6.577737074043336179e+03 1.008686718908998747e+00
6.577771281688515046e+03 1.007225895772106306e+00
6.577805489511591986e+03 1.007816790436718124e+00
6.577839697512566090e+03 1.010837388173781770e+00
6.577873905691440996e+03 1.011258779638740224e+00
6.577908114048214884e+03 1.011043047407734097e+00
6.577942322582890483e+03 1.009366505494756261e+00
6.577976531295468703e+03 1.015204768832819404e+00
6.578010740185949544e+03 1.008950738642611089e+00
6.578044949254333915e+03 1.014593250922758205e+00
6.578079158500624544e+03 1.009448773466485427e+00
6.578113367924818704e+03 1.006404050336075384e+00
6.578147577526921850e+03 1.006164267579612082e+00
6.578181787306932165e+03 1.005920424072479946e+00
6.578215997264850557e+03 1.005893993878517190e+00
6.578250207400678846e+03 1.006472373975239920e+00
6.578284417714417032e+03 1.009701277489290172e+00
6.578318628206066933e+03 1.012791313834851437e+00
6.578352838875629459e+03 1.009810723808711730e+00
6.578387049723104610e+03 1.011781433548152309e+00
6.578421260748494205e+03 1.013863890575962046e+00
6.578455471951799154e+03 1.006965192415496979e+00
6.578489683333019457e+03 1.005161667805394732e+00
6.578523894892156932e+03 1.003131010067131790e+00
6.578558106629212489e+03 1.004905633190765757e+00
6.578592318544186128e+03 1.014875445625869510e+00
6.578626530637080577e+03 1.013986905864754151e+00
6.578660742907895838e+03 1.010352782281977557e+00
6.578694955356630999e+03 1.010610860866794081e+00
6.578729167983290608e+03 1.005526535943331190e+00
6.578763380787871938e+03 1.014617968122524694e+00
6.578797593770378626e+03 1.009981881620852784e+00
6.578831806930810671e+03 1.009200333640944525e+00
6.578866020269168075e+03 1.009301156404941890e+00
6.578900233785452656e+03 1.005428763203417564e+00
6.578934447479666233e+03 1.008329253306518902e+00
6.578968661351807896e+03 1.007096199988618990e+00
6.579002875401879464e+03 1.005374063728448730e+00
6.579037089629882757e+03 1.005756157439935405e+00
6.579071304035816866e+03 1.006863716736769776e+00
6.579105518619683608e+03 1.007754399158698799e+00
6.579139733381484803e+03 1.006891135284180949e+00
6.579173948321219541e+03 1.007984035336665141e+00
6.579208163438889642e+03 1.006415672399090244e+00
6.579242378734496924e+03 1.003764679726704800e+00
6.579276594208041388e+03 1.005180659427501233e+00
6.579310809859523033e+03 1.011703337041325534e+00
6.579345025688944588e+03 1.008059617018940646e+00
6.579379241696306963e+03 1.008632029559605181e+00
6.579413457881609247e+03 1.010392303264577407e+00
6.579447674244854170e+03 1.010777572687378667e+00
6.579481890786040822e+03 1.010339285382886976e+00
6.579516107505171931e+03 1.010190487576242413e+00
6.579550324402248407e+03 1.012857092509662937e+00
6.579584541477269340e+03 1.016370668691851664e+00
6.579618758730237460e+03 1.010475345132756830e+00
6.579652976161152765e+03 1.009365844847345706e+00
6.579687193770016165e+03 1.011337411788439278e+00
6.579721411556830390e+03 1.010282570163757443e+00
6.579755629521593619e+03 1.009581697043359538e+00
6.579789847664308581e+03 1.014154259800732927e+00
6.579824065984974368e+03 1.016037533104929391e+00
6.579858284483594616e+03 1.012590090837859780e+00
6.579892503160167507e+03 1.010700619396216027e+00
6.579926722014695770e+03 1.008898507680852541e+00
6.579960941047180313e+03 1.013935362027898135e+00
6.579995160257621137e+03 1.012941434402181873e+00
6.580029379646020061e+03 1.010367655275678844e+00
6.580063599212377994e+03 1.009803283140931818e+00
6.580097818956694937e+03 1.018794617229510147e+00
6.580132038878970889e+03 1.018881855535067382e+00
6.580166258979209488e+03 1.018655492450563305e+00
6.580200479257410734e+03 1.014995735485700434e+00
6.580234699713573718e+03 1.015838725018421984e+00
6.580268920347702078e+03 1.010148644141908747e+00
6.580303141159795814e+03 1.011039210087229190e+00
6.580337362149854926e+03 1.012971853551905665e+00
6.580371583317881232e+03 1.007503852826396873e+00
6.580405804663874733e+03 1.009812962868089414e+00
6.580440026187837248e+03 1.015479316796545017e+00
6.580474247889769686e+03 1.015463242860584314e+00
6.580508469769672047e+03 1.012214358046334084e+00
6.580542691827547060e+03 1.013216210027576780e+00
6.580576914063393815e+03 1.015471455855801564e+00
6.580611136477214131e+03 1.013393474696564045e+00
6.580645359069008009e+03 1.013836045554166621e+00
6.580679581838778176e+03 1.012958021223657301e+00
6.580713804786524634e+03 1.009096038898287917e+00
6.580748027912247380e+03 1.007661872997690500e+00
6.580782251215948236e+03 1.007163877472589286e+00
6.580816474697628109e+03 9.908674200701625967e-01
6.580850698357287911e+03 9.795878290882021888e-01
6.580884922194928549e+03 9.653798351335040051e-01
6.580919146210550934e+03 9.811027830272881500e-01
6.580953370404155976e+03 1.001783860827421879e+00
6.580987594775744583e+03 1.004545666604861553e+00
6.581021819325317665e+03 1.000568346127352903e+00
6.581056044052875222e+03 1.007285818077082062e+00
6.581090268958419983e+03 1.008225865423771017e+00
6.581124494041952858e+03 1.006527373897154964e+00
6.581158719303472935e+03 1.005520525260922504e+00
6.581192944742982036e+03 1.011627067386051237e+00
6.581227170360481068e+03 1.010614700342736372e+00
6.581261396155971852e+03 1.007312614452793964e+00
6.581295622129453477e+03 1.009644968256238728e+00
6.581329848280928672e+03 1.007311306158289010e+00
6.581364074610397438e+03 1.005459298570520410e+00
6.581398301117860683e+03 1.006072200941066308e+00
6.581432527803320227e+03 1.006329341551380097e+00
6.581466754666776069e+03 1.010005592091041571e+00
6.581500981708229119e+03 1.009149057300285923e+00
6.581535208927680287e+03 1.006277361363321132e+00
6.581569436325130482e+03 1.010464150656617210e+00
6.581603663900581523e+03 1.012476984606048402e+00
6.581637891654033410e+03 1.006176946203668932e+00
6.581672119585487962e+03 1.008177412689659214e+00
6.581706347694945180e+03 1.005970273944051696e+00
6.581740575982405971e+03 1.008496499907234112e+00
6.581774804447871247e+03 1.009576812091944387e+00
6.581809033091343736e+03 1.013002233877853486e+00
6.581843261912821617e+03 1.012686572574823751e+00
6.581877490912308531e+03 1.010541528982727089e+00
6.581911720089802657e+03 1.003771812734099100e+00
6.581945949445306724e+03 1.004930535561272764e+00
6.581980178978821641e+03 1.005773879240353219e+00
6.582014408690346499e+03 1.005325814871494527e+00
6.582048638579884937e+03 1.005953298337381785e+00
6.582082868647436953e+03 1.004768203995919373e+00
6.582117098893001639e+03 1.003052015646278106e+00
6.582151329316581723e+03 1.003719647785365376e+00
6.582185559918178114e+03 1.005722515877375267e+00
6.582219790697791723e+03 1.004710900340365143e+00
6.582254021655422548e+03 1.006496630662273351e+00
6.582288252791072409e+03 1.007657270848232089e+00
6.582322484104741307e+03 1.009104210234567311e+00
6.582356715596431968e+03 1.013033237942659870e+00
6.582390947266143485e+03 1.008471288177714698e+00
6.582425179113876766e+03 1.001551709424930658e+00
6.582459411139634540e+03 1.001788695405251728e+00
6.582493643343416807e+03 1.000996145946706717e+00
6.582527875725222657e+03 1.005802696890464309e+00
6.582562108285055729e+03 1.010093791015622244e+00
6.582596341022916022e+03 1.006046675969556325e+00
6.582630573938804446e+03 1.004647199448817529e+00
6.582664807032721001e+03 1.006973966227588280e+00
6.582699040304667506e+03 1.007872883676566689e+00
6.582733273754645779e+03 1.007992956455998623e+00
6.582767507382654912e+03 1.008959224931822218e+00
6.582801741188696724e+03 1.006612108585535736e+00
6.582835975172772123e+03 1.001144618493824634e+00
6.582870209334882929e+03 1.000925464976237800e+00
6.582904443675028233e+03 1.005042898187976652e+00
6.582938678193209853e+03 1.007988193883846861e+00
6.582972912889428699e+03 1.005978569704216730e+00
6.583007147763685680e+03 1.004383526903662505e+00
6.583041382815981706e+03 1.005371624994481294e+00
6.583075618046318596e+03 1.000999197360605386e+00
6.583109853454695440e+03 1.003266256464332207e+00
6.583144089041114967e+03 9.993810358764968482e-01
6.583178324805576267e+03 1.004001938270234096e+00
6.583212560748081160e+03 1.009227895401620723e+00
6.583246796868632373e+03 1.004178600271061539e+00
6.583281033167228088e+03 1.002527236886896933e+00
6.583315269643870124e+03 9.983990952132657526e-01
6.583349506298560300e+03 9.888026471386029970e-01
6.583383743131298615e+03 9.881066210737515787e-01
6.583417980142085980e+03 9.887254304356372092e-01
6.583452217330924213e+03 1.000611813271957473e+00
6.583486454697813315e+03 1.003962418979058357e+00
6.583520692242753285e+03 1.001849708651113557e+00
6.583554929965747760e+03 9.940351140948896491e-01
6.583589167866794924e+03 9.854665962820469138e-01
6.583623405945897503e+03 9.842693826253960943e-01
6.583657644203056407e+03 9.890863752009221299e-01
6.583691882638271636e+03 9.976143214986125107e-01
6.583726121251545010e+03 1.001123585996201548e+00
6.583760360042875618e+03 1.006440788175511303e+00
6.583794599012266190e+03 1.009787652499139154e+00
6.583828838159718543e+03 1.007053137399120724e+00
6.583863077485230860e+03 1.010005417054753218e+00
6.583897316988805869e+03 1.009692468664163956e+00
6.583931556670443570e+03 1.009054618332197562e+00
6.583965796530145781e+03 1.009807446243837115e+00
6.584000036567912503e+03 1.005069111684191441e+00
6.584034276783745554e+03 1.005227668157181231e+00
6.584068517177645845e+03 1.002763580379440800e+00
6.584102757749614284e+03 1.000953889781708739e+00
6.584136998499649962e+03 1.005210903903841047e+00
6.584171239427756518e+03 1.001525290330780082e+00
6.584205480533933951e+03 1.004647153056160036e+00
6.584239721818181351e+03 1.003483569374417073e+00
6.584273963280502358e+03 1.001429324888642336e+00
6.584308204920896969e+03 1.008210922465453407e+00
6.584342446739365187e+03 1.004724179836670617e+00
6.584376688735908829e+03 1.002699160994003913e+00
6.584410930910527895e+03 1.005772462284064694e+00
6.584445173263225115e+03 1.005894575880852182e+00
6.584479415793999578e+03 1.001673068473802664e+00
6.584513658502853104e+03 1.003678340242828426e+00
6.584547901389787512e+03 1.007509612513309616e+00
6.584582144454801892e+03 1.003768896148119483e+00
6.584616387697898062e+03 1.002875978735076057e+00
6.584650631119076934e+03 1.008399140741274014e+00
6.584684874718338506e+03 1.006906011442078919e+00
6.584719118495685507e+03 1.003513328273115235e+00
6.584753362451117937e+03 1.007773910602343337e+00
6.584787606584636706e+03 1.008171125609173435e+00
6.584821850896241813e+03 1.002767075518445461e+00
6.584856095385935987e+03 1.002974683480943208e+00
6.584890340053719228e+03 1.006093828729518913e+00
6.584924584899591537e+03 1.005823638547138410e+00
6.584958829923556550e+03 1.008608380828482698e+00
6.584993075125612449e+03 1.006113971691206643e+00
6.585027320505761054e+03 1.007307824245393668e+00
6.585061566064003273e+03 1.003868482584015620e+00
6.585095811800340925e+03 1.002805995411935935e+00
6.585130057714773102e+03 1.004433491950885715e+00
6.585164303807302531e+03 1.002978110326671279e+00
6.585198550077929212e+03 1.003146679233175798e+00
6.585232796526654965e+03 1.001780828706306581e+00
6.585267043153478880e+03 1.004068883251737487e+00
6.585301289958403686e+03 1.001570313587619276e+00
6.585335536941429382e+03 1.002570392007652744e+00
6.585369784102557787e+03 1.003934745127983863e+00
6.585404031441788902e+03 9.988981514312373911e-01
6.585438278959122727e+03 1.001318135374189566e+00
6.585472526654562898e+03 1.003785137025782870e+00
6.585506774528107599e+03 1.005463781182273086e+00
6.585541022579760465e+03 1.004955480162539105e+00
6.585575270809520589e+03 1.004608340475730444e+00
6.585609519217388879e+03 1.005828214502011653e+00
6.585643767803366245e+03 1.007349521049948349e+00
6.585678016567454506e+03 1.006344442923013727e+00
6.585712265509654571e+03 1.001810931825770634e+00
6.585746514629966441e+03 9.991745670274158053e-01
6.585780763928391025e+03 9.951190705130680270e-01
6.585815013404930141e+03 9.906557564860124510e-01
6.585849263059584700e+03 9.920935475678215321e-01
6.585883512892354702e+03 9.974659386068187583e-01
6.585917762903241965e+03 9.982378517555333675e-01
6.585952013092247398e+03 1.000174144333772164e+00
6.585986263459371003e+03 1.000925729882525150e+00
6.586020514004613688e+03 9.996611131712302978e-01
6.586054764727978181e+03 1.003615483378150763e+00
6.586089015629463574e+03 1.004404645548367725e+00
6.586123266709071686e+03 9.950999493611928370e-01
6.586157517966803425e+03 1.003986266708316588e+00
6.586191769402658792e+03 1.003667493546577472e+00
6.586226021016639606e+03 1.003723350206972675e+00
6.586260272808745867e+03 1.000817196521582852e+00
6.586294524778980303e+03 1.000754485972784380e+00
6.586328776927342915e+03 1.003398960528942396e+00
6.586363029253833702e+03 1.002581476673995331e+00
6.586397281758454483e+03 1.003884099700264265e+00
6.586431534441206168e+03 1.000743309504305678e+00
6.586465787302089666e+03 1.001790988962063311e+00
6.586500040341105887e+03 9.955171600678661692e-01
6.586534293558254831e+03 9.872790144754832742e-01
6.586568546953540135e+03 9.659758076356260714e-01
6.586602800526959072e+03 9.509145828651591748e-01
6.586637054278515279e+03 9.638373056279309070e-01
6.586671308208208757e+03 9.868814944036083947e-01
6.586705562316039504e+03 9.946215256983524933e-01
6.586739816602010251e+03 9.848215091289912460e-01
6.586774071066121905e+03 9.805046672832251620e-01
6.586808325708372649e+03 9.863532509767087841e-01
6.586842580528766121e+03 9.962635661741275905e-01
6.586876835527302319e+03 1.001121885406686784e+00
6.586911090703982154e+03 1.001837607531716579e+00
6.586945346058807445e+03 9.973709725374080293e-01
6.586979601591778192e+03 1.001983992060919038e+00
6.587013857302895303e+03 9.983519857335875214e-01
6.587048113192158780e+03 1.001933831703669231e+00
6.587082369259572260e+03 1.001143956081289144e+00
6.587116625505133925e+03 1.003747303806959756e+00
6.587150881928847411e+03 1.003426703279010068e+00
6.587185138530710901e+03 1.003368677680175125e+00
6.587219395310726213e+03 1.004695959220370582e+00
6.587253652268894257e+03 1.001560289174564744e+00
6.587287909405217761e+03 1.001176996690583909e+00
6.587322166719694906e+03 1.009537309585230247e+00
6.587356424212328420e+03 1.002382860600613990e+00
6.587390681883118305e+03 1.003608848677254306e+00
6.587424939732066377e+03 1.005732657016436882e+00
6.587459197759171730e+03 1.000799610144298635e+00
6.587493455964437999e+03 1.001001785384303400e+00
6.587527714347864276e+03 1.004075007345500703e+00
6.587561972909452379e+03 1.001581906943667333e+00
6.587596231649202309e+03 1.001321395266255410e+00
6.587630490567114975e+03 1.003195102045110421e+00
6.587664749663192197e+03 1.000025373264612938e+00
6.587699008937435792e+03 9.985976329699086662e-01
6.587733268389843943e+03 1.001030288623083520e+00
6.587767528020418467e+03 1.001189587684845561e+00
6.587801787829162095e+03 1.001632751309688318e+00
6.587836047816073915e+03 1.005135527058736988e+00
6.587870307981155747e+03 1.006781291941050149e+00
6.587904568324408501e+03 1.005071373920738642e+00
6.587938828845831267e+03 1.002891952497212413e+00
6.587973089545427683e+03 1.000729920497326342e+00
6.588007350423197749e+03 1.000739521136133625e+00
6.588041611479141466e+03 1.000460960616700090e+00
6.588075872713261560e+03 1.001085495303839501e+00
6.588110134125556215e+03 1.001805194828542689e+00
6.588144395716029067e+03 9.990462587017027163e-01
6.588178657484680116e+03 1.003878476581490986e+00
6.588212919431509363e+03 1.002991601362658525e+00
6.588247181556519536e+03 1.003520388860808854e+00
6.588281443859709725e+03 1.004441514217976561e+00
6.588315706341081750e+03 1.006224702145340988e+00
6.588349969000636520e+03 1.001137976208615221e+00
6.588384231838374944e+03 1.002391779062275168e+00
6.588418494854297023e+03 1.002239702827509182e+00
6.588452758048405485e+03 9.997210048337777932e-01
6.588487021420701240e+03 1.001439425157957697e+00
6.588521284971182467e+03 9.986630009157893006e-01
6.588555548699853716e+03 9.960888065781206002e-01
6.588589812606712258e+03 9.956944165276778724e-01
6.588624076691762639e+03 9.906453023890742227e-01
6.588658340955003041e+03 9.946455530316880012e-01
6.588692605396435283e+03 9.975439219704310689e-01
6.588726870016061184e+03 9.929520392941150186e-01
6.588761134813879835e+03 9.961584862815240360e-01
6.588795399789893963e+03 1.000617555126030345e+00
6.588829664944103570e+03 1.002804255732622440e+00
6.588863930276509564e+03 1.003317592735517794e+00
6.588898195787112854e+03 1.001212650008940441e+00
6.588932461475915261e+03 9.990165945453428620e-01
6.588966727342917693e+03 1.000824988777867519e+00
6.589000993388119241e+03 1.000906085419084102e+00
6.589035259611521724e+03 1.000757772666410306e+00
6.589069526013126961e+03 1.002412780581286134e+00
6.589103792592934951e+03 1.001636003804363906e+00
6.589138059350947515e+03 1.003132291033837387e+00
6.589172326287164651e+03 1.000317745232360389e+00
6.589206593401587270e+03 1.005052971926676308e+00
6.589240860694217190e+03 1.006491118366353632e+00
6.589275128165055321e+03 1.005610675012836408e+00
6.589309395814100753e+03 1.003773883408578982e+00
6.589343663641356216e+03 1.000854792580432751e+00
6.589377931646822617e+03 1.002083213332522815e+00
6.589412199830499958e+03 9.982539624812650780e-01
6.589446468192389148e+03 1.001622553604137433e+00
6.589480736732492005e+03 9.923480309760508433e-01
6.589515005450809440e+03 9.998858797158206579e-01
6.589549274347341452e+03 1.003354079020370992e+00
6.589583543422090770e+03 9.996882553150115980e-01
6.589617812675055575e+03 1.002129419042693925e+00
6.589652082106238595e+03 1.001936105675106825e+00
6.589686351715641649e+03 1.003957218506951410e+00
6.589720621503262919e+03 1.004377804283839604e+00
6.589754891469105132e+03 1.002836909439352109e+00
6.589789161613170108e+03 1.003137501142019383e+00
6.589823431935456028e+03 9.965145831212964822e-01
6.589857702435966530e+03 1.003149051635857880e+00
6.589891973114700704e+03 1.002176249202417768e+00
6.589926243971660369e+03 1.001361932695644885e+00
6.589960515006846435e+03 1.001626091094857562e+00
6.589994786220259812e+03 1.001642908733516801e+00
6.590029057611901408e+03 9.975123258725411279e-01
6.590063329181771223e+03 1.002256136745416359e+00
6.590097600929871987e+03 1.004350916692105633e+00
6.590131872856201880e+03 1.001401889844679483e+00
6.590166144960765450e+03 1.002137687836033297e+00
6.590200417243560878e+03 9.990915201915407939e-01
6.590234689704589982e+03 9.966682984675343526e-01
6.590268962343853673e+03 9.979452456304559460e-01
6.590303235161352859e+03 1.000262403636871245e+00
6.590337508157088450e+03 1.000352698917321925e+00
6.590371781331062266e+03 9.992064178424806542e-01
6.590406054683274306e+03 1.001541141643888855e+00
6.590440328213723660e+03 1.000456156455780565e+00
6.590474601922414877e+03 1.000182878616701965e+00
6.590508875809347046e+03 1.000688310430594363e+00
6.590543149874521077e+03 9.994582413957810996e-01
6.590577424117937881e+03 1.003090440333859190e+00
6.590611698539598365e+03 1.002392843093805830e+00
6.590645973139503440e+03 9.993112437243318880e-01
6.590680247917654924e+03 9.987354933769445609e-01
6.590714522874051909e+03 1.003597669634731737e+00
6.590748798008697122e+03 1.001615381392386483e+00
6.590783073321591473e+03 1.000966266654061743e+00
6.590817348812734053e+03 9.980953685862781199e-01
6.590851624482127590e+03 1.002182957248977768e+00
6.590885900329772085e+03 1.003561884401835469e+00
6.590920176355669355e+03 1.004083017336932393e+00
6.590954452559819401e+03 1.002923492239387260e+00
6.590988728942223133e+03 1.000739258727021852e+00
6.591023005502882370e+03 1.004356723110102045e+00
6.591057282241797111e+03 1.000039697399922822e+00
6.591091559158968266e+03 9.993229932882751188e-01
6.591125836254398564e+03 1.003426221575334232e+00
6.591160113528086185e+03 1.001025701863905715e+00
6.591194390980034768e+03 1.000328679738724968e+00
6.591228668610243403e+03 9.982357568492012945e-01
6.591262946418712090e+03 1.000858280469266948e+00
6.591297224405444467e+03 9.979698643774431721e-01
6.591331502570440534e+03 9.972200713023186003e-01
6.591365780913700291e+03 9.984244528778949412e-01
6.591400059435225558e+03 9.964145871356652195e-01
6.591434338135016333e+03 9.990242279224283983e-01
6.591468617013074436e+03 1.000921168399583339e+00
6.591502896069399867e+03 1.000466741855577713e+00
6.591537175303994445e+03 9.997138554545192957e-01
6.591571454716859989e+03 9.979146562817193811e-01
6.591605734307994680e+03 9.978101294323299397e-01
6.591640014077402157e+03 9.964336375228837195e-01
6.591674294025081508e+03 9.978510567301978051e-01
6.591708574151034554e+03 9.975628571342357587e-01
6.591742854455262204e+03 9.980497023620492625e-01
6.591777134937765368e+03 9.966810586917501658e-01
6.591811415598544045e+03 9.929715511190616573e-01
6.591845696437600964e+03 9.961089482045273336e-01
6.591879977454935215e+03 1.000215507028115569e+00
6.591914258650548618e+03 1.001402949606801984e+00
6.591948540024442991e+03 1.001453775439607563e+00
6.591982821576617425e+03 1.001094736089024106e+00
6.592017103307073739e+03 9.990443768311558781e-01
6.592051385215813752e+03 9.993903490330556805e-01
6.592085667302836555e+03 1.000887137680078087e+00
6.592119949568143056e+03 9.996000888991934952e-01
6.592154232011736894e+03 9.978779999591331773e-01
6.592188514633616251e+03 1.001222513844765460e+00
6.592222797433782944e+03 1.005644328157271561e+00
6.592257080412238793e+03 9.996613488140075887e-01
6.592291363568982888e+03 9.969617472364373789e-01
6.592325646904017958e+03 9.955778075091911150e-01
6.592359930417344913e+03 1.000220408589435506e+00
6.592394214108962842e+03 9.993151551671637378e-01
6.592428497978873565e+03 9.975396302027405016e-01
6.592462782027078902e+03 9.983654040332257118e-01
6.592497066253577941e+03 9.992882294883550509e-01
6.592531350658374322e+03 1.000776291492572856e+00
6.592565635241465316e+03 9.990255850602085541e-01
6.592599920002856379e+03 9.962619083209448556e-01
6.592634204942544784e+03 9.992946664216849628e-01
6.592668490060532349e+03 9.983166639340079751e-01
6.592702775356819984e+03 1.000357164298390833e+00
6.592737060831410417e+03 9.999420452194508480e-01
6.592771346484301830e+03 1.004058991289362934e+00
6.592805632315496950e+03 1.001149272265083878e+00
6.592839918324995779e+03 9.978853852003350955e-01
6.592874204512800134e+03 1.004746353521092317e+00
6.592908490878910925e+03 9.968819214321531508e-01
6.592942777423328153e+03 9.933402752299876903e-01
6.592977064146051816e+03 1.001457887927920121e+00
6.593011351047085554e+03 9.966682112114071401e-01
6.593045638126429367e+03 9.958520553978156276e-01
6.593079925384083253e+03 9.942635380104236642e-01
6.593114212820048124e+03 9.892345014660715030e-01
6.593148500434326706e+03 9.925245342414610317e-01
6.593182788226918092e+03 9.998784167637254638e-01
6.593217076197823189e+03 9.998394701449043742e-01
6.593251364347043818e+03 9.971653907606105038e-01
6.593285652674581797e+03 9.915007817723837658e-01
6.593319941180435308e+03 9.958037999829101317e-01
6.593354229864607987e+03 1.000872679993170200e+00
6.593388518727098017e+03 9.994608749655767843e-01
6.593422807767909035e+03 9.964736552736687125e-01
6.593457096987041041e+03 1.000099955383160433e+00
6.593491386384494035e+03 9.980963355806217185e-01
6.593525675960270746e+03 9.941066768756423588e-01
