-1.994260445826881323e+03 1.032987666497177104e+00
-1.989692424820200813e+03 1.031745595008184413e+00
-1.985124403813453910e+03 1.035568402041380009e+00
-1.980556382806740203e+03 1.032857635676688091e+00
-1.975988361800026496e+03 1.030682689160533849e+00
-1.971420340793279593e+03 1.027900855805663261e+00
-1.966852319786565886e+03 1.025886975619191288e+00
-1.962284298779852179e+03 1.027443493043861622e+00
-1.957716277773138472e+03 1.025611012818955059e+00
-1.953148256766424765e+03 1.028778844878874610e+00
-1.948580235759677862e+03 1.028000961059295948e+00
-1.944012214752964155e+03 1.029087824133724682e+00
-1.939444193746250448e+03 1.027552921692103993e+00
-1.934876172739536742e+03 1.027183329407817425e+00
-1.930308151732823035e+03 1.027103667876393844e+00
-1.925740130726076131e+03 1.026691152504126903e+00
-1.921172109719362425e+03 1.025705578275314167e+00
-1.916604088712648718e+03 1.025000096839551844e+00
-1.912036067705935011e+03 1.027623809056727566e+00
-1.907468046699188108e+03 1.029634088909546108e+00
-1.902900025692474401e+03 1.029555202027829353e+00
-1.898332004685760694e+03 1.028185703358972747e+00
-1.893763983679046987e+03 1.026817068258047527e+00
-1.889195962672333280e+03 1.027343331605728993e+00
-1.884627941665586377e+03 1.026350373222857826e+00
-1.880059920658872670e+03 1.026721612293541197e+00
-1.875491899652158963e+03 1.025893420060726813e+00
-1.870923878645412060e+03 1.026240736690270383e+00
-1.866355857638731777e+03 1.024918815859751531e+00
-1.861787836631984646e+03 1.025958748209160776e+00
-1.857219815625270940e+03 1.027934335892137341e+00
-1.852651794618557233e+03 1.028033032072871888e+00
-1.848083773611810329e+03 1.027546549556944910e+00
-1.843515752605130047e+03 1.026181427761618581e+00
-1.838947731598382916e+03 1.027113287319745494e+00
-1.834379710591669209e+03 1.028207558602128868e+00
-1.829811689584955730e+03 1.027014928446289277e+00
-1.825243668578208599e+03 1.027918884206556527e+00
-1.820675647571528316e+03 1.026872672783248674e+00
-1.816107626564781185e+03 1.025067777019586401e+00
-1.811539605558034282e+03 1.023225595694905676e+00
-1.806971584551353999e+03 1.022350085116781715e+00
-1.802403563544606868e+03 1.023314566028481920e+00
-1.797835542537926585e+03 1.023733839594671791e+00
-1.793267521531179682e+03 1.025152884413261800e+00
-1.788699500524432551e+03 1.024727934425804676e+00
-1.784131479517752268e+03 1.029097864728501177e+00
-1.779563458511005138e+03 1.024617896478628554e+00
-1.774995437504324855e+03 1.025875089586913758e+00
-1.770427416497577951e+03 1.021223841430845880e+00
-1.765859395490830821e+03 1.021064496895258911e+00
-1.761291374484150538e+03 1.017566790779603991e+00
-1.756723353477403634e+03 1.015607031207001798e+00
-1.752155332470723124e+03 1.015645262989406605e+00
-1.747587311463976221e+03 1.018110454631804940e+00
-1.743019290457229090e+03 1.018115215289256525e+00
-1.738451269450548807e+03 1.019078067980494495e+00
-1.733883248443801904e+03 1.017493217036322450e+00
-1.729315227437121393e+03 1.014582269821469707e+00
-1.724747206430374490e+03 1.011601049580775680e+00
-1.720179185423627587e+03 1.009507791574155933e+00
-1.715611164416947076e+03 1.010652413482025169e+00
-1.711043143410200173e+03 1.010244257481637931e+00
-1.706475122403486466e+03 1.008211593106499437e+00
-1.701907101396772759e+03 1.006733931466096577e+00
-1.697339080390025856e+03 1.007699228368295508e+00
-1.692771059383345346e+03 1.010192934551658483e+00
-1.688203038376598442e+03 1.010500065283665094e+00
-1.683635017369884736e+03 1.007986848399752944e+00
-1.679066996363171029e+03 1.003183449892626866e+00
-1.674498975356424125e+03 1.003532689505708619e+00
-1.669930954349710419e+03 1.005158548539275332e+00
-1.665362933342996712e+03 1.008190487956895254e+00
-1.660794912336283005e+03 1.006372082181262728e+00
-1.656226891329569298e+03 1.005650495671038813e+00
-1.651658870322822395e+03 1.002512051022913964e+00
-1.647090849316108688e+03 1.004328676822472177e+00
-1.642522828309394981e+03 1.004961495993896392e+00
-1.637954807302681274e+03 1.009221727020957360e+00
-1.633386786295967568e+03 1.008656123414884975e+00
-1.628818765289220664e+03 1.006642437185888639e+00
-1.624250744282506957e+03 1.002366965316629832e+00
-1.619682723275793251e+03 1.000265690815846709e+00
-1.615114702269079544e+03 1.000943052649517995e+00
-1.610546681262332640e+03 1.001780201910885237e+00
-1.605978660255618934e+03 1.000987838603345947e+00
-1.601410639248905227e+03 1.000124017752218153e+00
-1.596842618242191520e+03 1.000231977440269704e+00
-1.592274597235477813e+03 1.000294490979892315e+00
-1.587706576228730910e+03 1.001189212629209235e+00
-1.583138555222017203e+03 1.003585165630899612e+00
-1.578570534215303496e+03 1.005536339614015562e+00
-1.574002513208556593e+03 1.003842987018036981e+00
-1.569434492201876083e+03 1.002036155609706158e+00
-1.564866471195129179e+03 1.000464145462349963e+00
-1.560298450188415472e+03 1.002462385218090501e+00
-1.555730429181701766e+03 1.001679355402534499e+00
-1.551162408174954862e+03 9.998946545363196492e-01
-1.546594387168274352e+03 9.975999740438842300e-01
-1.542026366161527449e+03 9.986477604051676726e-01
-1.537458345154780545e+03 1.001591847890646703e+00
-1.532890324148100035e+03 1.004147957325817631e+00
-1.528322303141353132e+03 1.003004460044564894e+00
-1.523754282134672621e+03 1.001873346246905383e+00
-1.519186261127925718e+03 1.002178226571449615e+00
-1.514618240121178815e+03 1.004305092401760247e+00
-1.510050219114498304e+03 1.007008364790057842e+00
-1.505482198107751401e+03 1.008526529023545892e+00
-1.500914177101071118e+03 1.008240964002093731e+00
-1.496346156094323987e+03 1.004941367954581777e+00
-1.491778135087577084e+03 1.003264453725871475e+00
-1.487210114080896574e+03 1.003366346045401203e+00
-1.482642093074149670e+03 1.007473819729024056e+00
-1.478074072067469388e+03 1.007435690920577942e+00
-1.473506051060722257e+03 1.006295909329689264e+00
-1.468938030053975353e+03 1.003100394592143063e+00
-1.464370009047295071e+03 1.005082474199833653e+00
-1.459801988040547940e+03 1.008437366998307994e+00
-1.455233967033867657e+03 1.009691284717495252e+00
-1.450665946027120526e+03 1.007399528441207393e+00
-1.446097925020373623e+03 1.005953604835070792e+00
-1.441529904013693340e+03 1.007353924119598787e+00
-1.436961883006946209e+03 1.008209516918839199e+00
-1.432393862000265926e+03 1.005735892893322214e+00
-1.427825840993519023e+03 1.003902570334223698e+00
-1.423257819986771892e+03 1.003512755547565805e+00
-1.418689798980091609e+03 1.005069686571649301e+00
-1.414121777973344479e+03 1.006076837366056909e+00
-1.409553756966630999e+03 1.006467336765505705e+00
-1.404985735959917292e+03 1.008544699916626541e+00
-1.400417714953170162e+03 1.009114077340067750e+00
-1.395849693946489879e+03 1.012731887774397821e+00
-1.391281672939742975e+03 1.009099194815377132e+00
-1.386713651933029269e+03 1.007418535622974787e+00
-1.382145630926315562e+03 1.002518560819339655e+00
-1.377577609919568431e+03 1.004792932987679022e+00
-1.373009588912854952e+03 1.004603781321539602e+00
-1.368441567906141245e+03 1.003330876328012211e+00
-1.363873546899427538e+03 1.001530822591879089e+00
-1.359305525892713831e+03 9.996351559577192347e-01
-1.354737504885966928e+03 1.000996709772512760e+00
-1.350169483879253221e+03 1.002937144769077804e+00
-1.345601462872539514e+03 1.005278132225015497e+00
-1.341033441865825807e+03 1.003843698448965371e+00
-1.336465420859112101e+03 1.002935575062688711e+00
-1.331897399852365197e+03 1.002270910219436928e+00
-1.327329378845651490e+03 1.006039768593097961e+00
-1.322761357838937784e+03 1.006864912439349835e+00
-1.318193336832224077e+03 1.005750954876636571e+00
-1.313625315825477173e+03 1.000559653680634709e+00
-1.309057294818763467e+03 1.001891656854108303e+00
-1.304489273812049760e+03 1.003313654181529957e+00
-1.299921252805336053e+03 1.006134074946373858e+00
-1.295353231798622346e+03 1.002215308309142072e+00
-1.290785210791875443e+03 1.003638866348798730e+00
-1.286217189785161736e+03 1.004286759810345986e+00
-1.281649168778448029e+03 1.006468598462703312e+00
-1.277081147771701126e+03 1.002170768157649716e+00
-1.272513126765020615e+03 1.001421917893016600e+00
-1.267945105758273712e+03 1.000710456604072762e+00
-1.263377084751560005e+03 1.003862538431519624e+00
-1.258809063744846299e+03 1.002963447882791570e+00
-1.254241042738099395e+03 1.002367978868363707e+00
-1.249673021731418885e+03 1.001030483160462836e+00
-1.245105000724671982e+03 1.001224962686791287e+00
-1.240536979717925078e+03 1.001309620759798236e+00
-1.235968958711244568e+03 1.000908998987644738e+00
-1.231400937704497665e+03 9.993791688461328704e-01
-1.226832916697817154e+03 9.991038537216448967e-01
-1.222264895691070251e+03 1.000376223448104840e+00
-1.217696874684323348e+03 1.001169907662547987e+00
-1.213128853677642837e+03 1.000383235411817395e+00
-1.208560832670895934e+03 9.992971362669322843e-01
-1.203992811664215424e+03 1.000814783793307017e+00
-1.199424790657468520e+03 1.001903106866024018e+00
-1.194856769650721617e+03 1.002053891001111197e+00
-1.190288748644041107e+03 9.996283876543449187e-01
-1.185720727637294203e+03 9.983622940625688225e-01
-1.181152706630613693e+03 9.984334394897018683e-01
-1.176584685623866790e+03 9.993272609376996352e-01
-1.172016664617119886e+03 9.993921399160777819e-01
-1.167448643610439376e+03 9.979685156361123299e-01
-1.162880622603692473e+03 9.998064083390355572e-01
-1.158312601597012190e+03 1.001006516476688146e+00
-1.153744580590265059e+03 1.001359588295031244e+00
-1.149176559583518156e+03 9.997882132896146468e-01
-1.144608538576837645e+03 1.000602438109912784e+00
-1.140040517570090742e+03 1.002939285256199353e+00
-1.135472496563410459e+03 1.001814069113398320e+00
-1.130904475556663328e+03 1.000592499067484598e+00
-1.126336454549916425e+03 9.985647999782258921e-01
-1.121768433543235915e+03 9.984701571320139246e-01
-1.117200412536489011e+03 9.961577528317869801e-01
-1.112632391529775305e+03 9.962569589751334442e-01
-1.108064370523061598e+03 9.978821006506469748e-01
-1.103496349516314694e+03 9.984386647119359859e-01
-1.098928328509634412e+03 9.987359239929011201e-01
-1.094360307502887281e+03 9.982731420663716326e-01
-1.089792286496173574e+03 9.990881110356800709e-01
-1.085224265489459867e+03 9.984526371334064843e-01
-1.080656244482712964e+03 9.984175846300900048e-01
-1.076088223475999257e+03 9.992958224481185425e-01
-1.071520202469285550e+03 9.981662951058657418e-01
-1.066952181462571843e+03 9.972440515076925749e-01
-1.062384160455858364e+03 9.961735718716511201e-01
-1.057816139449111233e+03 9.974642619103804009e-01
-1.053248118442397526e+03 9.974953502565142571e-01
-1.048680097435683820e+03 9.999226045853978340e-01
-1.044112076428970340e+03 1.001382482994481959e+00
-1.039544055422256406e+03 1.003685174206822239e+00
-1.034976034415509730e+03 1.001917946503908752e+00
-1.030408013408795796e+03 1.001404046151113336e+00
-1.025839992402082316e+03 1.000072469086423554e+00
-1.021271971395368496e+03 1.000077046558175198e+00
-1.016703950388621593e+03 1.000058532932011301e+00
-1.012135929381907886e+03 1.001465054924797871e+00
-1.007567908375194179e+03 1.000777129319374126e+00
-1.002999887368480472e+03 9.994401021837688859e-01
-9.984318663617667653e+02 9.983899374149984851e-01
-9.938638453550198619e+02 9.986726639845168174e-01
-9.892958243483061551e+02 1.000609287378267709e+00
-9.847278033415924483e+02 1.000641911294688269e+00
-9.801597823348455449e+02 1.002396511282038771e+00
-9.755917613281651484e+02 1.001545209352864729e+00
-9.710237403214181313e+02 9.997163740045683644e-01
-9.664557193147044245e+02 9.991827081730187965e-01
-9.618876983079907177e+02 1.000909495862553511e+00
-9.573196773012438143e+02 1.004024871842072342e+00
-9.527516562945634178e+02 1.005286912112372422e+00
-9.481836352878164007e+02 1.004005321039149523e+00
-9.436156142810694973e+02 1.005003537325033447e+00
-9.390475932743891008e+02 1.005203923330896032e+00
-9.344795722676420837e+02 1.004287153466918880e+00
-9.299115512609616871e+02 1.004094996959139507e+00
-9.253435302542146701e+02 1.002822965805127753e+00
-9.207755092474677667e+02 1.006259801867741999e+00
-9.162074882407873702e+02 1.006323452037141353e+00
-9.116394672340403531e+02 1.006073457466840182e+00
-9.070714462273599565e+02 1.003637558769961968e+00
-9.025034252206130532e+02 1.000543408461794570e+00
-8.979354042138660361e+02 1.001198326322641607e+00
-8.933673832071856395e+02 1.002117396262955706e+00
-8.887993622004386225e+02 1.003110343774523017e+00
-8.842313411937582259e+02 1.002774717618289513e+00
-8.796633201870113226e+02 1.001963085489118610e+00
-8.750952991802643055e+02 1.002172190408809227e+00
-8.705272781735839089e+02 1.004253336987791956e+00
-8.659592571668370056e+02 1.005487891735195261e+00
-8.613912361601566090e+02 1.000562812381370348e+00
-8.568232151534095919e+02 9.996952542200480130e-01
-8.522551941466625749e+02 9.986836190585961504e-01
-8.476871731399821783e+02 1.003967225359872373e+00
-8.431191521332352750e+02 1.002931040922713235e+00
-8.385511311265548784e+02 1.002134135093389888e+00
-8.339831101198078613e+02 1.003014947383803701e+00
-8.294150891130609580e+02 1.005163470340448839e+00
-8.248470681063804477e+02 1.007110523009430381e+00
-8.202790470996335443e+02 1.005533231084560386e+00
-8.157110260929198375e+02 1.001149689817168564e+00
-8.111430050862061307e+02 9.998970203347994357e-01
-8.065749840794592274e+02 9.998330164466248116e-01
-8.020069630727788308e+02 1.002176636829706924e+00
-7.974389420660318137e+02 1.003278620699783685e+00
-7.928709210593181069e+02 1.005513515306612815e+00
-7.883029000526044001e+02 1.004497770345911478e+00
-7.837348790458574967e+02 1.006119002096056647e+00
-7.791668580391437899e+02 1.004896204727193210e+00
-7.745988370324300831e+02 1.007113617842984921e+00
-7.700308160257163763e+02 1.005534277525669040e+00
-7.654627950190027832e+02 1.006495452026835435e+00
-7.608947740122557661e+02 1.003771415508689868e+00
-7.563267530055420593e+02 1.001247098405296354e+00
-7.517587319988283525e+02 1.000204938633695972e+00
-7.471907109921147594e+02 1.001568852189715697e+00
-7.426226899853677423e+02 1.003159805629555423e+00
-7.380546689786540355e+02 1.003939272163108853e+00
-7.334866479719403287e+02 1.003749801065187741e+00
-7.289186269652267356e+02 1.003920579351624154e+00
-7.243506059585130288e+02 1.004382449149981538e+00
-7.197825849517660117e+02 1.005521369969509804e+00
-7.152145639450523049e+02 1.005999800744784123e+00
-7.106465429383387118e+02 1.006057079811569110e+00
-7.060785219316250050e+02 1.006839731293761586e+00
-7.015105009249112982e+02 1.007131920276587378e+00
-6.969424799181642811e+02 1.007744178601702290e+00
-6.923744589114506880e+02 1.009050713878802297e+00
-6.878064379047369812e+02 1.008961269173009212e+00
-6.832384168979899641e+02 1.010882612762827648e+00
-6.786703958913095676e+02 1.009905271839538043e+00
-6.741023748845626642e+02 1.011920901000394224e+00
-6.695343538778489574e+02 1.011009807414287254e+00
-6.649663328711352506e+02 1.012125814254413170e+00
-6.603983118643882335e+02 1.013430632294728184e+00
-6.558302908577078369e+02 1.015433466383948824e+00
-6.512622698509609336e+02 1.017545161553016442e+00
-6.466942488442139165e+02 1.011181913943725474e+00
-6.421262278375335200e+02 1.008407469588083361e+00
-6.375582068307866166e+02 1.006014197748261951e+00
-6.329901858241062200e+02 1.011430048478378696e+00
-6.284221648173592030e+02 1.012369767977740365e+00
-6.238541438106121859e+02 1.012236318854642603e+00
-6.192861228039317893e+02 1.012382744555111458e+00
-6.147181017971848860e+02 1.013831012127847542e+00
-6.101500807905044894e+02 1.013934378751798704e+00
-6.055820597837574724e+02 1.014244388966858423e+00
-6.010140387770105690e+02 1.014461381739617307e+00
-5.964460177703300587e+02 1.015291824184695768e+00
-5.918779967635831554e+02 1.016499630682574207e+00
-5.873099757569027588e+02 1.018157040611811226e+00
-5.827419547501557417e+02 1.017706411195661076e+00
-5.781739337434088384e+02 1.016658888680410655e+00
-5.736059127367284418e+02 1.014787690093934769e+00
-5.690378917299814248e+02 1.014959827784385427e+00
-5.644698707233010282e+02 1.015033570575061050e+00
-5.599018497165540111e+02 1.014589047230098684e+00
-5.553338287098071078e+02 1.017412754988924917e+00
-5.507658077031267112e+02 1.018213804531342248e+00
-5.461977866963796941e+02 1.017791088269537569e+00
-5.416297656896992976e+02 1.015724783725242331e+00
-5.370617446829523942e+02 1.014616668488846019e+00
-5.324937236762053772e+02 1.017085096731079830e+00
-5.279257026695249806e+02 1.016320832831108190e+00
-5.233576816627780772e+02 1.017284759696830632e+00
-5.187896606560643704e+02 1.015685719620610827e+00
-5.142216396493506636e+02 1.017629185736723230e+00
-5.096536186426036465e+02 1.019525641723115994e+00
-5.050855976359232500e+02 1.020354553538159736e+00
-5.005175766291762898e+02 1.020526585493295668e+00
-4.959495556224626398e+02 1.019029422309832400e+00
-4.913815346157489330e+02 1.018222838429608146e+00
-4.868135136090019728e+02 1.018621839600541534e+00
-4.822454926022882660e+02 1.019034712130159503e+00
-4.776774715955746160e+02 1.021253026186476065e+00
-4.731094505888609092e+02 1.021495411773760909e+00
-4.685414295821472024e+02 1.025649177883205310e+00
-4.639734085754002422e+02 1.017915001685859577e+00
-4.594053875686865922e+02 1.017209007078425431e+00
-4.548373665619728854e+02 1.013336923583381122e+00
-4.502693455552591786e+02 1.019557729287782877e+00
-4.457013245485122184e+02 1.020081878220385763e+00
-4.411333035417985684e+02 1.020008767996311461e+00
-4.365652825350848616e+02 1.019259002398371194e+00
-4.319972615283711548e+02 1.017059912126493826e+00
-4.274292405216575048e+02 1.015757137484645911e+00
-4.228612195149104878e+02 1.014484809530415532e+00
-4.182931985081968378e+02 1.015998993877644807e+00
-4.137251775014831310e+02 1.016332383726023636e+00
-4.091571564947694810e+02 1.016234135285022377e+00
-4.045891354880557742e+02 1.017112365665373774e+00
-4.000211144813088140e+02 1.016579278223995741e+00
-3.954530934745951072e+02 1.018326691454906952e+00
-3.908850724678814572e+02 1.016065032825016035e+00
-3.863170514611344402e+02 1.015300590782790779e+00
-3.817490304544540436e+02 1.014484751744798130e+00
-3.771810094477070834e+02 1.013472376858658208e+00
-3.726129884409934334e+02 1.013595616572672498e+00
-3.680449674342797266e+02 1.014496873471140814e+00
-3.634769464275327664e+02 1.016684865637349278e+00
-3.589089254208523698e+02 1.018534154427925387e+00
-3.543409044141054096e+02 1.019716541515284236e+00
-3.497728834073583926e+02 1.019792200712515751e+00
-3.452048624006779960e+02 1.019192661089865171e+00
-3.406368413939310358e+02 1.017802831566086752e+00
-3.360688203872506392e+02 1.017464445072543411e+00
-3.315007993805036790e+02 1.018290145101862665e+00
-3.269327783737567188e+02 1.018650069893453747e+00
-3.223647573670763222e+02 1.017861205869451169e+00
-3.177967363603293052e+02 1.016385392119748987e+00
-3.132287153536489086e+02 1.015038803319366023e+00
-3.086606943469019484e+02 1.015798201283321989e+00
-3.040926733401549882e+02 1.017963603724960420e+00
-2.995246523334745916e+02 1.018948723609147011e+00
-2.949566313267276314e+02 1.018577079908652649e+00
-2.903886103200472348e+02 1.016403408837087907e+00
-2.858205893133002746e+02 1.016976429403465998e+00
-2.812525683065532576e+02 1.017627451531552651e+00
-2.766845472998728610e+02 1.018692762342197966e+00
-2.721165262931259008e+02 1.017401988508159549e+00
-2.675485052864455042e+02 1.016921164920783438e+00
-2.629804842796985440e+02 1.017050312671794243e+00
-2.584124632729515838e+02 1.015220648903796929e+00
-2.538444422662711588e+02 1.012513888773867166e+00
-2.492764212595241986e+02 1.010364109945764310e+00
-2.447084002528438020e+02 1.010296730457052261e+00
-2.401403792460968418e+02 1.010524414117905279e+00
-2.355723582393498532e+02 1.009580003546811211e+00
-2.310043372326694566e+02 1.007297284907660240e+00
-2.264363162259224964e+02 1.005949843148016498e+00
-2.218682952192087896e+02 1.004300335229705299e+00
-2.173002742124951112e+02 1.004695985545500436e+00
-2.127322532057481510e+02 1.000183723562107163e+00
-2.081642321990677544e+02 9.958691431075976652e-01
-2.035962111923207658e+02 9.924225778390601826e-01
-1.990281901856070874e+02 9.917710661490181101e-01
-1.944601691788934090e+02 9.895318934904935304e-01
-1.898921481721464488e+02 9.873733878593876634e-01
-1.853241271654327420e+02 9.847575200197411505e-01
-1.807561061587190636e+02 9.833893746560988802e-01
-1.761880851520053852e+02 9.803417308754660553e-01
-1.716200641452917068e+02 9.776078202710701825e-01
-1.670520431385447182e+02 9.756125473002535964e-01
-1.624840221318310398e+02 9.743962604224142288e-01
-1.579160011251173614e+02 9.721675745620549369e-01
-1.533479801184036830e+02 9.681834628125329800e-01
-1.487799591116566944e+02 9.643869548244387024e-01
-1.442119381049430160e+02 9.604670958774287337e-01
-1.396439170982293376e+02 9.576115727214755680e-01
-1.350758960915156308e+02 9.510705492092105251e-01
-1.305078750848019808e+02 9.466722378993116527e-01
-1.259398540780549922e+02 9.405566714084443447e-01
-1.213718330713412996e+02 9.374552877118844663e-01
-1.168038120646276212e+02 9.328928299602049501e-01
-1.122357910579139286e+02 9.287552377835671669e-01
-1.076677700512002502e+02 9.254573277812406795e-01
-1.030997490444532758e+02 9.213195105283299435e-01
-9.853172803773959743e+01 9.186492499570704240e-01
-9.396370703102590483e+01 9.135534127063161813e-01
-8.939568602427894461e+01 9.112605225487490079e-01
-8.482766501759853384e+01 9.082333996240663510e-01
-8.025964401085157363e+01 9.066489355982790821e-01
-7.569162300413788103e+01 9.009955307807899771e-01
-7.112360199742420264e+01 8.961730317824200265e-01
-6.655558099067722821e+01 8.912706319998733306e-01
-6.198755998399683165e+01 8.898787626854792743e-01
-5.741953897724985723e+01 8.885267616103836863e-01
-5.285151797050288991e+01 8.865159228636988464e-01
-4.828349696382248624e+01 8.842196342399878395e-01
-4.371547595707551892e+01 8.814928305457101487e-01
-3.914745495039511525e+01 8.805214459599332022e-01
-3.457943394364814793e+01 8.803759186718593810e-01
-3.001141293690118061e+01 8.829920375997252213e-01
-2.544339193022077694e+01 8.864387546176999422e-01
-2.087537092347380963e+01 8.896835254731362275e-01
-1.630734991679340595e+01 8.904267377628040103e-01
-1.173932891004643864e+01 8.927869328070793253e-01
-7.171307903299469544e+00 8.957147986862613598e-01
-2.603286896619067647e+00 9.007878724709712515e-01
1.964734110127903222e+00 9.039693383129664417e-01
6.532755116808303342e+00 9.087455555869231594e-01
1.110077612355527421e+01 9.155247932509004150e-01
1.566879713030224508e+01 9.207481025935635444e-01
2.023681813698264165e+01 9.266228622655982017e-01
2.480483914372961607e+01 9.300046781194168943e-01
2.937286015041001264e+01 9.378394859303398334e-01
3.394088115715697995e+01 9.436609408722157477e-01
3.850890216390395437e+01 9.507308750100188499e-01
4.307692317058435094e+01 9.558585279538078794e-01
4.764494417733132536e+01 9.632911665968890702e-01
5.221296518401172193e+01 9.738285507967626708e-01
5.678098619075869635e+01 9.824761341802931147e-01
6.134900719750565656e+01 9.919486861570779856e-01
6.591702820418606734e+01 9.923116789145751682e-01
7.048504921093302755e+01 9.984110933507395202e-01
7.505307021761343833e+01 1.001134152424280499e+00
7.962109122436039854e+01 1.008506205519552168e+00
8.418911223110737296e+01 1.013129194491530827e+00
8.875713323778776953e+01 1.018953864251632924e+00
9.332515424453474395e+01 1.024831533215187163e+00
9.789317525121514052e+01 1.027710566856740115e+00
1.024611962579621149e+02 1.028650904699778268e+00
1.070292172647090894e+02 1.028750362216006353e+00
1.115972382713895001e+02 1.030125434901189463e+00
1.161652592781364604e+02 1.032750065073097856e+00
1.207332802848168569e+02 1.036089980377672193e+00
1.253013012915638171e+02 1.039042411871321292e+00
1.298693222983108058e+02 1.040977344846093500e+00
1.344373433049912023e+02 1.042156981462407428e+00
1.390053643117381625e+02 1.042465692415172951e+00
1.435733853184185591e+02 1.043879607548452215e+00
1.481414063251655477e+02 1.044694889946432115e+00
1.527094273319125080e+02 1.044444137038794906e+00
1.572774483385929045e+02 1.043926024885422521e+00
1.618454693453398647e+02 1.045172094061077361e+00
1.664134903520202897e+02 1.047826513803291393e+00
1.709815113587672499e+02 1.046587965070993276e+00
1.755495323655142101e+02 1.044388046429314043e+00
1.801175533721946067e+02 1.044078994193284871e+00
1.846855743789415953e+02 1.045313787161110897e+00
1.892535953856219919e+02 1.047158626712397789e+00
1.938216163923689521e+02 1.045958839558863929e+00
1.983896373991159408e+02 1.048077058382091309e+00
2.029576584057963373e+02 1.047869865268410194e+00
2.075256794125432975e+02 1.049075557847819029e+00
2.120937004192902577e+02 1.047300151588596462e+00
2.166617214259706827e+02 1.047428236169347882e+00
2.212297424327176429e+02 1.046334410585548769e+00
2.257977634393980395e+02 1.046684028888819284e+00
2.303657844461449997e+02 1.046778416025309300e+00
2.349338054528919884e+02 1.047783626308121940e+00
2.395018264595723849e+02 1.048670481495056039e+00
2.440698474663193451e+02 1.048110115006068099e+00
2.486378684730663053e+02 1.047799187753525985e+00
2.532058894797467019e+02 1.047431253832560971e+00
2.577739104864936621e+02 1.048983723177855154e+00
2.623419314931741155e+02 1.050110379994066534e+00
2.669099524999210757e+02 1.050683206335501607e+00
2.714779735066680360e+02 1.049043103402406585e+00
2.760459945133484325e+02 1.045775204482329857e+00
2.806140155200953927e+02 1.042828797476677893e+00
2.851820365267757893e+02 1.041097017990504581e+00
2.897500575335227495e+02 1.040009089820462806e+00
2.943180785402697666e+02 1.039071861680099573e+00
2.988860995469501631e+02 1.039083977642387024e+00
3.034541205536971233e+02 1.037894107929294707e+00
3.080221415604440836e+02 1.037658058639256753e+00
3.125901625671244801e+02 1.036192750652598304e+00
3.171581835738714403e+02 1.037044996739780345e+00
3.217262045805518369e+02 1.036475772345208268e+00
3.262942255872987971e+02 1.036833389000605621e+00
3.308622465940458142e+02 1.035382617199748667e+00
3.354302676007262107e+02 1.035181934795749159e+00
3.399982886074731709e+02 1.033973650239507380e+00
3.445663096142201312e+02 1.033354320401182802e+00
3.491343306209005277e+02 1.032005155718820788e+00
3.537023516276474879e+02 1.032605269884773636e+00
3.582703726343278845e+02 1.033517762560109077e+00
3.628383936410748447e+02 1.033953847002408111e+00
3.674064146478218618e+02 1.032598486968064888e+00
3.719744356545022583e+02 1.032813966433536734e+00
3.765424566612492185e+02 1.033571626677295852e+00
3.811104776679961788e+02 1.034388103821697769e+00
3.856784986746765753e+02 1.033479433915924117e+00
3.902465196814235355e+02 1.031482720996715896e+00
3.948145406881039321e+02 1.028738550423857534e+00
3.993825616948509492e+02 1.028828845190749464e+00
4.039505827015979094e+02 1.029902051972915844e+00
4.085186037082783059e+02 1.030739181010214223e+00
4.130866247150252661e+02 1.028465533345562788e+00
4.176546457217056627e+02 1.028791640701532062e+00
4.222226667284526229e+02 1.029714767369948047e+00
4.267906877351995831e+02 1.028831063572549054e+00
4.313587087418799797e+02 1.026389758062161262e+00
4.359267297486269968e+02 1.025211385803345365e+00
4.404947507553073933e+02 1.028513373781190010e+00
4.450627717620543535e+02 1.029546738825463992e+00
4.496307927688013137e+02 1.029207600190943594e+00
4.541988137754817103e+02 1.027559315603411960e+00
4.587668347822286705e+02 1.027701669757182801e+00
4.633348557889090671e+02 1.026221574302667250e+00
4.679028767956560273e+02 1.027455637757839213e+00
4.724708978024030444e+02 1.027351492838761260e+00
4.770389188090834409e+02 1.029639769915775105e+00
4.816069398158304011e+02 1.028617432553308619e+00
4.861749608225107977e+02 1.027987465236227083e+00
4.907429818292577579e+02 1.027317737419252808e+00
4.953110028360047181e+02 1.027728343007386913e+00
4.998790238426851147e+02 1.027272061549410864e+00
5.044470448494321317e+02 1.027329454672250675e+00
5.090150658561125283e+02 1.027287596492935107e+00
5.135830868628594317e+02 1.028661537963860839e+00
5.181511078696064487e+02 1.028308678469367576e+00
5.227191288762868453e+02 1.027307895307709940e+00
5.272871498830338624e+02 1.027161656428233982e+00
5.318551708897142589e+02 1.027239436022834296e+00
5.364231918964611623e+02 1.027256573409242035e+00
5.409912129032081793e+02 1.027253771431522411e+00
5.455592339098885759e+02 1.032075621691167955e+00
5.501272549166354793e+02 1.029430674794487688e+00
5.546952759233158758e+02 1.026171527413339390e+00
5.592632969300628929e+02 1.021650426071194717e+00
5.638313179368099100e+02 1.024621709857759244e+00
5.683993389434903065e+02 1.027722991465983116e+00
5.729673599502372099e+02 1.027079592511502826e+00
5.775353809569176065e+02 1.025569896743528941e+00
5.821034019636646235e+02 1.023761204085000598e+00
5.866714229704115269e+02 1.022980019700147070e+00
5.912394439770919234e+02 1.023109166817107507e+00
5.958074649838389405e+02 1.023714720801232714e+00
6.003754859905193371e+02 1.024748008878153316e+00
6.049435069972663541e+02 1.024726541286402837e+00
6.095115280040132575e+02 1.023752779690729087e+00
6.140795490106936541e+02 1.020508636553434600e+00
6.186475700174406711e+02 1.018523033426845359e+00
6.232155910241210677e+02 1.017415525737798587e+00
6.277836120308680847e+02 1.018091400884410858e+00
6.323516330376149881e+02 1.019168343474120775e+00
6.369196540442953847e+02 1.019553919929687025e+00
6.414876750510424017e+02 1.019093633167851065e+00
6.460556960577227983e+02 1.018948332773940590e+00
6.506237170644697017e+02 1.018240002959639012e+00
6.551917380712167187e+02 1.019385467357513564e+00
6.597597590778971153e+02 1.019532113794222594e+00
6.643277800846441323e+02 1.019496248386910109e+00
6.688958010913245289e+02 1.017763651177195472e+00
6.734638220980714323e+02 1.015328778183705483e+00
6.780318431048184493e+02 1.013016613725009618e+00
6.825998641114988459e+02 1.011227161881872005e+00
6.871678851182457493e+02 1.010365519506763121e+00
6.917359061249261458e+02 1.009995920113700096e+00
6.963039271316731629e+02 1.011345595638696748e+00
7.008719481384201799e+02 1.011928484619488700e+00
7.054399691451005765e+02 1.012992937745366362e+00
7.100079901518474799e+02 1.011641816273064931e+00
7.145760111585278764e+02 1.012353003065868506e+00
7.191440321652748935e+02 1.011520711173147902e+00
7.237120531720217969e+02 1.011534896049170129e+00
7.282800741787021934e+02 1.011711063809457301e+00
7.328480951854492105e+02 1.011645414823609146e+00
7.374161161921296070e+02 1.013035064021361675e+00
7.419841371988766241e+02 1.011246654722147698e+00
7.465521582056235275e+02 1.012458141962194302e+00
7.511201792123039240e+02 1.012214215923374239e+00
7.556882002190509411e+02 1.013553494938870925e+00
7.602562212257313377e+02 1.014067184440326175e+00
7.648242422324782410e+02 1.014778839654771447e+00
7.693922632392252581e+02 1.015771137134644730e+00
7.739602842459056546e+02 1.016145676134972975e+00
7.785283052526526717e+02 1.015991090466021207e+00
7.830963262593330683e+02 1.016070855656797223e+00
7.876643472660799716e+02 1.015956544704674114e+00
7.922323682728269887e+02 1.018252601064925100e+00
7.968003892795073853e+02 1.019834074885541897e+00
8.013684102862542886e+02 1.019581086791238933e+00
8.059364312930013057e+02 1.018453618646579573e+00
8.105044522996817022e+02 1.017732849513436122e+00
8.150724733064287193e+02 1.018154191964185884e+00
8.196404943131091159e+02 1.017727808806209167e+00
8.242085153198560192e+02 1.016832475936666924e+00
8.287765363266030363e+02 1.016226802084664316e+00
8.333445573332834329e+02 1.017389359473630295e+00
8.379125783400304499e+02 1.017360840142903955e+00
8.424805993467773533e+02 1.017428671842556698e+00
8.470486203534577498e+02 1.015756928095508327e+00
8.516166413602047669e+02 1.015900306485036708e+00
8.561846623668851635e+02 1.015192883072018049e+00
8.607526833736320668e+02 1.013461625650393216e+00
8.653207043803790839e+02 1.012067971607772732e+00
8.698887253870594805e+02 1.011827607837517462e+00
8.744567463938064975e+02 1.012485696009965297e+00
8.790247674005534009e+02 1.010971818463569205e+00
8.835927884072337974e+02 1.010469329695676377e+00
8.881608094139808145e+02 1.010729279417319049e+00
8.927288304206612111e+02 1.011718012018832269e+00
8.972968514274081144e+02 1.012453626812468199e+00
9.018648724341551315e+02 1.011634507868696575e+00
9.064328934408355281e+02 1.010150019610591698e+00
9.110009144475825451e+02 1.009448847586857712e+00
9.155689354542629417e+02 1.008430568945679395e+00
9.201369564610098450e+02 1.007530595491478609e+00
9.247049774677568621e+02 1.005472206845335448e+00
9.292729984744372587e+02 1.004545765271776192e+00
9.338410194811841620e+02 1.006092249334187727e+00
9.384090404879311791e+02 1.007905431576470390e+00
9.429770614946115757e+02 1.010343533293280416e+00
9.475450825013585927e+02 1.009767556830827973e+00
9.521131035080389893e+02 1.008703994491497724e+00
9.566811245147858926e+02 1.006815660204210872e+00
9.612491455215329097e+02 1.006053320578492505e+00
9.658171665282133063e+02 1.005040887912931113e+00
9.703851875349602096e+02 1.004865870244316284e+00
9.749532085417072267e+02 1.006226820554085633e+00
9.795212295483876233e+02 1.007247085875178527e+00
9.840892505551346403e+02 1.007093579709210873e+00
9.886572715618150369e+02 1.006643836412611792e+00
9.932252925685619402e+02 1.006409990071309268e+00
9.977933135753089573e+02 1.007147267305185778e+00
1.002361334581989354e+03 1.008249187669662206e+00
1.006929355588736371e+03 1.009438826186358940e+00
1.011497376595416654e+03 1.009952119216942945e+00
1.016065397602163785e+03 1.008417912170974207e+00
1.020633418608910688e+03 1.009879144781583138e+00
1.025201439615590971e+03 1.009458599593661576e+00
1.029769460622338102e+03 1.011260796281893137e+00
1.034337481629018384e+03 1.011076544032296853e+00
1.038905502635765288e+03 1.010246180392565973e+00
1.043473523642512419e+03 1.010213185260340651e+00
1.048041544649192701e+03 1.007017181309872056e+00
1.052609565655939832e+03 1.007314227951724206e+00
1.057177586662620115e+03 1.006638729538167354e+00
1.061745607669367018e+03 1.008212560686994719e+00
1.066313628676114149e+03 1.008047944681607078e+00
1.070881649682794432e+03 1.008064463720870663e+00
1.075449670689541335e+03 1.007190295126368484e+00
1.080017691696221846e+03 1.006996145052653446e+00
1.084585712702968749e+03 1.005336732455134552e+00
1.089153733709715880e+03 1.005830035183294058e+00
1.093721754716396163e+03 1.007050216460432468e+00
1.098289775723143066e+03 1.008052470063830697e+00
1.102857796729823576e+03 1.007870783748482379e+00
1.107425817736570480e+03 1.006009325182655401e+00
1.111993838743317383e+03 1.007091789469275911e+00
1.116561859749997893e+03 1.006937998278090163e+00
1.121129880756744797e+03 1.007657129408357832e+00
1.125697901763425307e+03 1.004896320079903260e+00
1.130265922770172210e+03 1.004355526545585464e+00
1.134833943776919114e+03 1.004967285834671431e+00
1.139401964783599624e+03 1.006987349585377389e+00
1.143969985790346527e+03 1.005811104243245380e+00
1.148538006797027037e+03 1.004195844277925742e+00
1.153106027803773941e+03 1.003639823497754380e+00
1.157674048810520844e+03 1.005817843612665685e+00
1.162242069817201354e+03 1.006512222964109471e+00
1.166810090823948258e+03 1.004729332960399235e+00
1.171378111830628768e+03 1.003522847050741573e+00
1.175946132837375671e+03 1.003292320759934908e+00
1.180514153844122575e+03 1.003955471980399805e+00
1.185082174850803085e+03 1.003762694483119278e+00
1.189650195857549988e+03 1.003561002090236798e+00
1.194218216864230499e+03 1.004356870176896566e+00
1.198786237870977402e+03 1.003835292055820672e+00
1.203354258877724305e+03 1.003090814540541942e+00
1.207922279884404816e+03 1.003525957092506360e+00
1.212490300891151719e+03 1.004315558316572377e+00
1.217058321897832002e+03 1.005696329714396597e+00
1.221626342904579133e+03 1.003412122770328097e+00
1.226194363911326036e+03 1.001922521676003042e+00
1.230762384918006546e+03 1.000808027015523294e+00
1.235330405924753450e+03 1.001057091461120763e+00
1.239898426931433733e+03 1.001886670162321025e+00
1.244466447938180863e+03 1.002308635993282904e+00
1.249034468944927767e+03 1.002953348669810341e+00
1.253602489951608050e+03 1.003079526803427823e+00
1.258170510958355180e+03 1.003031248767001671e+00
1.262738531965035463e+03 1.003394267517440541e+00
1.267306552971782594e+03 1.002854346055642054e+00
1.271874573978529497e+03 1.002032047744251031e+00
1.276442594985209780e+03 1.001690498915271066e+00
1.281010615991956911e+03 1.002146048428054881e+00
1.285578636998637194e+03 1.001735625997753232e+00
1.290146658005384097e+03 1.000299122627022141e+00
1.294714679012131228e+03 9.989215110902401884e-01
1.299282700018811511e+03 9.989952761648434043e-01
1.303850721025558641e+03 9.998826382947830771e-01
1.308418742032238924e+03 1.000059972698674526e+00
1.312986763038985828e+03 1.001577596214929144e+00
1.317554784045732958e+03 1.001845347896354044e+00
1.322122805052413241e+03 1.001765551936500742e+00
1.326690826059160372e+03 1.001240687253584838e+00
1.331258847065840655e+03 1.002400660766738838e+00
1.335826868072587558e+03 1.002890313212901674e+00
1.340394889079334689e+03 1.002108992450606140e+00
1.344962910086014972e+03 1.000055471382817585e+00
1.349530931092761875e+03 1.001889018206649551e+00
1.354098952099442386e+03 1.002614184608660253e+00
1.358666973106189289e+03 1.003462388255911719e+00
1.363234994112936420e+03 1.002790980812581667e+00
1.367803015119616703e+03 1.001847691984645961e+00
1.372371036126363606e+03 1.003450289479549840e+00
1.376939057133110737e+03 1.003539894527004206e+00
1.381507078139791020e+03 1.004636262558089355e+00
1.386075099146537923e+03 1.003617181462421515e+00
1.390643120153218433e+03 1.003328241725777614e+00
1.395211141159965337e+03 1.004573779141007206e+00
1.399779162166712467e+03 1.005840551325036358e+00
1.404347183173392750e+03 1.007025340499505317e+00
1.408915204180139654e+03 1.007766928712233723e+00
1.413483225186820164e+03 1.006198758476292143e+00
1.418051246193567067e+03 1.006321083183668863e+00
1.422619267200313971e+03 1.004250264669697801e+00
1.427187288206994481e+03 1.004172316473917137e+00
1.431755309213741384e+03 1.003449202444130606e+00
1.436323330220488515e+03 1.004188271004106126e+00
1.440891351227168798e+03 1.005450670854656892e+00
1.445459372233915701e+03 1.004835273876968360e+00
1.450027393240596211e+03 1.004784548973702840e+00
1.454595414247343115e+03 1.003967810825770357e+00
1.459163435254090018e+03 1.003512639452462052e+00
1.463731456260770528e+03 1.003362062028979151e+00
1.468299477267517432e+03 1.004968280357995125e+00
1.472867498274264562e+03 1.006388685611834033e+00
1.477435519280944845e+03 1.006406935048251627e+00
1.482003540287691749e+03 1.005612046890557165e+00
1.486571561294372259e+03 1.004933115656475140e+00
1.491139582301119162e+03 1.004210466012030567e+00
1.495707603307866066e+03 1.003529037943242885e+00
1.500275624314546576e+03 1.004381322802752718e+00
1.504843645321293479e+03 1.005247963108786280e+00
1.509411666328040610e+03 1.006321555248367305e+00
1.513979687334720893e+03 1.006140861378980844e+00
1.518547708341467796e+03 1.006207890036118213e+00
1.523115729348148307e+03 1.006127613288223754e+00
1.527683750354895210e+03 1.005710217271409190e+00
1.532251771361642113e+03 1.005342655064434210e+00
1.536819792368322624e+03 1.003632147197095037e+00
1.541387813375069527e+03 1.002463574620113151e+00
1.545955834381750037e+03 1.000446323624184286e+00
1.550523855388496941e+03 1.000808472077627131e+00
1.555091876395243844e+03 1.001239829472865495e+00
1.559659897401924354e+03 1.003008771296435953e+00
1.564227918408671258e+03 1.001681953732410646e+00
1.568795939415418161e+03 1.001092474834308632e+00
1.573363960422098671e+03 9.999560086448203711e-01
1.577931981428845575e+03 1.000714444472312836e+00
1.582500002435526085e+03 1.001170312772008630e+00
1.587068023442272988e+03 1.002592834747777717e+00
1.591636044449019892e+03 1.002740707584962365e+00
1.596204065455700402e+03 1.001386186965305569e+00
1.600772086462447305e+03 1.000036181825180392e+00
1.605340107469127815e+03 9.991074001366845314e-01
1.609908128475874719e+03 1.000056014529150161e+00
1.614476149482621622e+03 1.001400693095699124e+00
1.619044170489302132e+03 1.002733255651681477e+00
1.623612191496049036e+03 1.003280274374522607e+00
1.628180212502729546e+03 1.001341001444113088e+00
1.632748233509476449e+03 1.002130977267559730e+00
1.637316254516223353e+03 1.001283474227761872e+00
1.641884275522903863e+03 1.002229661051425635e+00
1.646452296529650766e+03 1.001682055260403104e+00
1.651020317536331277e+03 1.002359213426150975e+00
1.655588338543078180e+03 1.003296476918762892e+00
1.660156359549825083e+03 1.003407060801919215e+00
1.664724380556505594e+03 1.003879044042416124e+00
1.669292401563252497e+03 1.002513022074140281e+00
1.673860422569932780e+03 1.001037871754457909e+00
1.678428443576679911e+03 1.000724128083258391e+00
1.682996464583426814e+03 1.001700709916235610e+00
1.687564485590107324e+03 1.002540164819341273e+00
1.692132506596854228e+03 1.002387922090216987e+00
1.696700527603534510e+03 1.000032324414974028e+00
1.701268548610281641e+03 9.995028138473193158e-01
1.705836569617028545e+03 9.993380448413518025e-01
1.710404590623708827e+03 1.001170515667884731e+00
1.714972611630455958e+03 1.001852661966116331e+00
1.719540632637136241e+03 1.001880863730813642e+00
1.724108653643883372e+03 1.002822110459457461e+00
1.728676674650630275e+03 1.002777311220673484e+00
1.733244695657310558e+03 1.002312329021189496e+00
1.737812716664057689e+03 9.999633577471437329e-01
1.742380737670737972e+03 9.996591342668731395e-01
1.746948758677485102e+03 9.993210447135348895e-01
1.751516779684232006e+03 1.000296930771658710e+00
1.756084800690912289e+03 1.001043759627236795e+00
1.760652821697659419e+03 9.991153382425560503e-01
1.765220842704339702e+03 9.987048044370870903e-01
1.769788863711086606e+03 9.962701577121985119e-01
1.774356884717833736e+03 9.994603362176425199e-01
1.778924905724514019e+03 9.989484681887006445e-01
1.783492926731261150e+03 9.989703936777232229e-01
1.788060947737941433e+03 9.989367480985720249e-01
1.792628968744688336e+03 1.000668099411313960e+00
1.797196989751435467e+03 1.002212517979917950e+00
1.801765010758115750e+03 1.001977842979158595e+00
1.806333031764862653e+03 1.002562487044845740e+00
1.810901052771543164e+03 1.002257610156145118e+00
1.815469073778290067e+03 1.001724997957164076e+00
1.820037094785037198e+03 1.000287458546684549e+00
1.824605115791717481e+03 1.000407427626366141e+00
1.829173136798464384e+03 9.999353608084978751e-01
1.833741157805144894e+03 9.994832695161145475e-01
1.838309178811891798e+03 9.995227109104689589e-01
1.842877199818638701e+03 1.000243971815204302e+00
1.847445220825319211e+03 1.001683064116150490e+00
1.852013241832066115e+03 1.001309217472263979e+00
1.856581262838746625e+03 1.001122750662034377e+00
1.861149283845493528e+03 1.000258907558380317e+00
1.865717304852240432e+03 1.000881925638850589e+00
1.870285325858920942e+03 9.994377486997336746e-01
1.874853346865667845e+03 9.993196549236623705e-01
1.879421367872348355e+03 9.983881375857966978e-01
1.883989388879095259e+03 9.984452777556119818e-01
1.888557409885842162e+03 9.991761316501879264e-01
1.893125430892522672e+03 9.998321207103041397e-01
1.897693451899269576e+03 1.001114231355169748e+00
1.902261472905950086e+03 1.001126560094007800e+00
1.906829493912696989e+03 1.001513517736422498e+00
1.911397514919443893e+03 1.001040966421669509e+00
1.915965535926124403e+03 1.000464010649693591e+00
1.920533556932871306e+03 1.000190482980277240e+00
1.925101577939551817e+03 1.001014146133002214e+00
1.929669598946298720e+03 1.002044380079458508e+00
1.934237619953045623e+03 1.001508989479664935e+00
1.938805640959726134e+03 1.001819150814753812e+00
1.943373661966473037e+03 1.000737898168116091e+00
1.947941682973153320e+03 1.001528767400789777e+00
1.952509703979900451e+03 1.001175148532903902e+00
1.957077724986647354e+03 1.002615207176366541e+00
1.961645745993327864e+03 1.002422973837951758e+00
1.966213767000074768e+03 1.002055656130361738e+00
1.970781788006821671e+03 9.999684815532722260e-01
1.975349809013502181e+03 9.995150018176749418e-01
1.979917830020249085e+03 9.991557044957062317e-01
1.984485851026929367e+03 1.001239591126212192e+00
1.989053872033676498e+03 1.000544111066308917e+00
1.993621893040423402e+03 1.000303466363031246e+00
