-1.994260445826881323e+03 1.023869237615732120e+00
-1.989692424820200813e+03 1.021504533443325036e+00
-1.985124403813453910e+03 1.021776949112269905e+00
-1.980556382806740203e+03 1.016548098054647298e+00
-1.975988361800026496e+03 1.015302344253591116e+00
-1.971420340793279593e+03 1.017202238441569095e+00
-1.966852319786565886e+03 1.020988179379110461e+00
-1.962284298779852179e+03 1.020737279429338118e+00
-1.957716277773138472e+03 1.018189020222772356e+00
-1.953148256766424765e+03 1.020656319790465005e+00
-1.948580235759677862e+03 1.022590203843948276e+00
-1.944012214752964155e+03 1.025714990415309558e+00
-1.939444193746250448e+03 1.022106751956509685e+00
-1.934876172739536742e+03 1.023380096665673422e+00
-1.930308151732823035e+03 1.023508274477453739e+00
-1.925740130726076131e+03 1.022308307314512277e+00
-1.921172109719362425e+03 1.017378846047581220e+00
-1.916604088712648718e+03 1.017267802236948571e+00
-1.912036067705935011e+03 1.023936834657986905e+00
-1.907468046699188108e+03 1.026619821515154740e+00
-1.902900025692474401e+03 1.024804518953422727e+00
-1.898332004685760694e+03 1.021470633700195974e+00
-1.893763983679046987e+03 1.020323523299360602e+00
-1.889195962672333280e+03 1.023712624781327518e+00
-1.884627941665586377e+03 1.024343544835486286e+00
-1.880059920658872670e+03 1.027617599926481828e+00
-1.875491899652158963e+03 1.023367964188992119e+00
-1.870923878645412060e+03 1.025810582603443377e+00
-1.866355857638731777e+03 1.021491135395847349e+00
-1.861787836631984646e+03 1.022411015172557169e+00
-1.857219815625270940e+03 1.021147014476004644e+00
-1.852651794618557233e+03 1.021548645291205704e+00
-1.848083773611810329e+03 1.022769021593878280e+00
-1.843515752605130047e+03 1.019700893917511619e+00
-1.838947731598382916e+03 1.021128040075114596e+00
-1.834379710591669209e+03 1.022085023739338849e+00
-1.829811689584955730e+03 1.023250595804512386e+00
-1.825243668578208599e+03 1.025730200871064257e+00
-1.820675647571528316e+03 1.022514472755884585e+00
-1.816107626564781185e+03 1.020730497527750913e+00
-1.811539605558034282e+03 1.019019353766867253e+00
-1.806971584551353999e+03 1.016986133896002231e+00
-1.802403563544606868e+03 1.018295331664596404e+00
-1.797835542537926585e+03 1.018711550996269866e+00
-1.793267521531179682e+03 1.024210980713452956e+00
-1.788699500524432551e+03 1.022137569381176947e+00
-1.784131479517752268e+03 1.022866013706542843e+00
-1.779563458511005138e+03 1.012546166792027691e+00
-1.774995437504324855e+03 1.013515375209967262e+00
-1.770427416497577951e+03 1.011271356315056380e+00
-1.765859395490830821e+03 1.019197376945228939e+00
-1.761291374484150538e+03 1.018615327265304016e+00
-1.756723353477403634e+03 1.020076309614424304e+00
-1.752155332470723124e+03 1.019290350932299249e+00
-1.747587311463976221e+03 1.021501736637567603e+00
-1.743019290457229090e+03 1.017600997927331719e+00
-1.738451269450548807e+03 1.015278690260044359e+00
-1.733883248443801904e+03 1.013481645953390853e+00
-1.729315227437121393e+03 1.011065069029517760e+00
-1.724747206430374490e+03 1.007706239893510825e+00
-1.720179185423627587e+03 1.003091185366483673e+00
-1.715611164416947076e+03 1.004762010061552191e+00
-1.711043143410200173e+03 1.006113776699661289e+00
-1.706475122403486466e+03 1.010268589422447461e+00
-1.701907101396772759e+03 1.009637972507609449e+00
-1.697339080390025856e+03 1.009099521266008992e+00
-1.692771059383345346e+03 1.005647232694978355e+00
-1.688203038376598442e+03 1.004295885673694100e+00
-1.683635017369884736e+03 1.006119526281011645e+00
-1.679066996363171029e+03 1.009222116485650078e+00
-1.674498975356424125e+03 1.012346852540811026e+00
-1.669930954349710419e+03 1.012044891413343750e+00
-1.665362933342996712e+03 1.008254658141278126e+00
-1.660794912336283005e+03 1.004737326072965287e+00
-1.656226891329569298e+03 1.002486472239629167e+00
-1.651658870322822395e+03 1.004533337973124274e+00
-1.647090849316108688e+03 1.008761086910401561e+00
-1.642522828309394981e+03 1.010153375558004996e+00
-1.637954807302681274e+03 1.008202098048542439e+00
-1.633386786295967568e+03 1.005231756146812927e+00
-1.628818765289220664e+03 1.004639291234856957e+00
-1.624250744282506957e+03 1.005740912922637564e+00
-1.619682723275793251e+03 1.003694368444238760e+00
-1.615114702269079544e+03 1.003794662653433534e+00
-1.610546681262332640e+03 1.000651077903474517e+00
-1.605978660255618934e+03 9.996171764952398453e-01
-1.601410639248905227e+03 9.999307692311939499e-01
-1.596842618242191520e+03 1.002025614019402155e+00
-1.592274597235477813e+03 1.003402601756391732e+00
-1.587706576228730910e+03 1.003767035365091376e+00
-1.583138555222017203e+03 1.004927395196929751e+00
-1.578570534215303496e+03 1.002474649972318277e+00
-1.574002513208556593e+03 1.002069651078902668e+00
-1.569434492201876083e+03 1.001877149471847472e+00
-1.564866471195129179e+03 1.005163627811512583e+00
-1.560298450188415472e+03 1.007451532735369026e+00
-1.555730429181701766e+03 1.008485664082338529e+00
-1.551162408174954862e+03 1.005923592617042006e+00
-1.546594387168274352e+03 1.002999992195071854e+00
-1.542026366161527449e+03 1.002150311012115935e+00
-1.537458345154780545e+03 1.005084451063121831e+00
-1.532890324148100035e+03 1.005672082193882488e+00
-1.528322303141353132e+03 1.007561533673623444e+00
-1.523754282134672621e+03 1.006828497828308855e+00
-1.519186261127925718e+03 1.009400790512614776e+00
-1.514618240121178815e+03 1.007453915588470750e+00
-1.510050219114498304e+03 1.009925755454072371e+00
-1.505482198107751401e+03 1.007928040111461199e+00
-1.500914177101071118e+03 1.009295575616244944e+00
-1.496346156094323987e+03 1.008584532021221891e+00
-1.491778135087577084e+03 1.009659553478082783e+00
-1.487210114080896574e+03 1.010219375539572750e+00
-1.482642093074149670e+03 1.010435344287747172e+00
-1.478074072067469388e+03 1.010095440077023454e+00
-1.473506051060722257e+03 1.007906770240576177e+00
-1.468938030053975353e+03 1.006241023489910846e+00
-1.464370009047295071e+03 1.008238589668830398e+00
-1.459801988040547940e+03 1.011122906833800128e+00
-1.455233967033867657e+03 1.013847580172258178e+00
-1.450665946027120526e+03 1.011160574787159705e+00
-1.446097925020373623e+03 1.008614903295760312e+00
-1.441529904013693340e+03 1.008209463741015499e+00
-1.436961883006946209e+03 1.007806569357067472e+00
-1.432393862000265926e+03 1.008103514224264474e+00
-1.427825840993519023e+03 1.006029103607943398e+00
-1.423257819986771892e+03 1.002523544618753704e+00
-1.418689798980091609e+03 1.001758589278769707e+00
-1.414121777973344479e+03 1.001014825861905821e+00
-1.409553756966630999e+03 1.006000978445986904e+00
-1.404985735959917292e+03 1.010667896786647590e+00
-1.400417714953170162e+03 1.014238643932903416e+00
-1.395849693946489879e+03 1.012491753630125002e+00
-1.391281672939742975e+03 9.990368619851039966e-01
-1.386713651933029269e+03 9.945115858034890843e-01
-1.382145630926315562e+03 9.943292741449075711e-01
-1.377577609919568431e+03 1.003505940127003671e+00
-1.373009588912854952e+03 1.003564561585363890e+00
-1.368441567906141245e+03 1.003439160698955446e+00
-1.363873546899427538e+03 1.004178496054246805e+00
-1.359305525892713831e+03 1.005812802043076770e+00
-1.354737504885966928e+03 1.006467509954831030e+00
-1.350169483879253221e+03 1.005206280253399198e+00
-1.345601462872539514e+03 1.006462429266737901e+00
-1.341033441865825807e+03 1.005795531832973211e+00
-1.336465420859112101e+03 1.007181645892615052e+00
-1.331897399852365197e+03 1.003614551707272540e+00
-1.327329378845651490e+03 1.003426776311632240e+00
-1.322761357838937784e+03 1.002606631381032232e+00
-1.318193336832224077e+03 1.001434309960113067e+00
-1.313625315825477173e+03 9.978934343749964464e-01
-1.309057294818763467e+03 9.954824959070455170e-01
-1.304489273812049760e+03 9.975677112582085337e-01
-1.299921252805336053e+03 9.996512084906896689e-01
-1.295353231798622346e+03 9.988807498765197579e-01
-1.290785210791875443e+03 9.987567389107520066e-01
-1.286217189785161736e+03 9.990520670154884320e-01
-1.281649168778448029e+03 1.001683807066986676e+00
-1.277081147771701126e+03 1.002090776314133791e+00
-1.272513126765020615e+03 1.002300297299389742e+00
-1.267945105758273712e+03 9.992504319191558571e-01
-1.263377084751560005e+03 9.986904404330800844e-01
-1.258809063744846299e+03 9.979086781424086894e-01
-1.254241042738099395e+03 9.988544421456140299e-01
-1.249673021731418885e+03 9.992879110462430381e-01
-1.245105000724671982e+03 9.983169165421656999e-01
-1.240536979717925078e+03 9.981153430424759554e-01
-1.235968958711244568e+03 9.969638403322278464e-01
-1.231400937704497665e+03 9.985689200507579244e-01
-1.226832916697817154e+03 9.999479843455295613e-01
-1.222264895691070251e+03 9.974289762784659397e-01
-1.217696874684323348e+03 9.968203437604946648e-01
-1.213128853677642837e+03 9.961928077914498081e-01
-1.208560832670895934e+03 9.972553905508240168e-01
-1.203992811664215424e+03 9.957760008762287507e-01
-1.199424790657468520e+03 9.934980861856672618e-01
-1.194856769650721617e+03 9.927569601808272637e-01
-1.190288748644041107e+03 9.896150076557148623e-01
-1.185720727637294203e+03 9.896482427443894503e-01
-1.181152706630613693e+03 9.911242360690266651e-01
-1.176584685623866790e+03 9.961099196973558501e-01
-1.172016664617119886e+03 9.988025314501763896e-01
-1.167448643610439376e+03 9.986119288956842865e-01
-1.162880622603692473e+03 1.000774870790792193e+00
-1.158312601597012190e+03 9.995945120295743891e-01
-1.153744580590265059e+03 1.003702863852860672e+00
-1.149176559583518156e+03 1.000887877642772539e+00
-1.144608538576837645e+03 1.001057487776108701e+00
-1.140040517570090742e+03 9.974508450482346689e-01
-1.135472496563410459e+03 9.943763323084434669e-01
-1.130904475556663328e+03 9.939290410921159946e-01
-1.126336454549916425e+03 9.937966862898880427e-01
-1.121768433543235915e+03 9.966621377564214290e-01
-1.117200412536489011e+03 9.985167167552239098e-01
-1.112632391529775305e+03 9.983379862708071650e-01
-1.108064370523061598e+03 9.967294411788145680e-01
-1.103496349516314694e+03 9.955936358432495581e-01
-1.098928328509634412e+03 9.963584434604134676e-01
-1.094360307502887281e+03 9.996357651303924285e-01
-1.089792286496173574e+03 9.995086223393627733e-01
-1.085224265489459867e+03 1.001329159613590036e+00
-1.080656244482712964e+03 9.994466081457270556e-01
-1.076088223475999257e+03 1.003547879054423220e+00
-1.071520202469285550e+03 1.001056763091478841e+00
-1.066952181462571843e+03 1.001549906181092409e+00
-1.062384160455858364e+03 1.000407812380956329e+00
-1.057816139449111233e+03 1.000079892972422613e+00
-1.053248118442397526e+03 1.001063321226685732e+00
-1.048680097435683820e+03 1.003049089887809942e+00
-1.044112076428970340e+03 1.005217284168831382e+00
-1.039544055422256406e+03 1.005006552631632077e+00
-1.034976034415509730e+03 9.969375529044460782e-01
-1.030408013408795796e+03 9.957706489590805177e-01
-1.025839992402082316e+03 9.934781018252843987e-01
-1.021271971395368496e+03 9.982562679107142012e-01
-1.016703950388621593e+03 9.983895118780404809e-01
-1.012135929381907886e+03 9.997140320326707297e-01
-1.007567908375194179e+03 9.956406179641419385e-01
-1.002999887368480472e+03 9.932528638161196577e-01
-9.984318663617667653e+02 9.936949053853444402e-01
-9.938638453550198619e+02 9.961888518395861647e-01
-9.892958243483061551e+02 1.001510992561189139e+00
-9.847278033415924483e+02 1.002025845755468936e+00
-9.801597823348455449e+02 1.003187878872192185e+00
-9.755917613281651484e+02 1.000672253817650015e+00
-9.710237403214181313e+02 9.963041370683262121e-01
-9.664557193147044245e+02 9.942609747138723142e-01
-9.618876983079907177e+02 9.955416204538872771e-01
-9.573196773012438143e+02 1.004568634417950079e+00
-9.527516562945634178e+02 1.008094242856931944e+00
-9.481836352878164007e+02 1.007976951421416745e+00
-9.436156142810694973e+02 1.009018995819104703e+00
-9.390475932743891008e+02 1.005596686016427155e+00
-9.344795722676420837e+02 1.002298252733254458e+00
-9.299115512609616871e+02 9.977288544458909891e-01
-9.253435302542146701e+02 1.000132777342021884e+00
-9.207755092474677667e+02 1.005758255832082115e+00
-9.162074882407873702e+02 1.006570802742174919e+00
-9.116394672340403531e+02 1.007526636717358315e+00
-9.070714462273599565e+02 1.002341442732112453e+00
-9.025034252206130532e+02 1.000019917918554713e+00
-8.979354042138660361e+02 9.985042775219502564e-01
-8.933673832071856395e+02 1.001675157598896249e+00
-8.887993622004386225e+02 1.002444511625914858e+00
-8.842313411937582259e+02 1.003205637570611541e+00
-8.796633201870113226e+02 1.000778992253155364e+00
-8.750952991802643055e+02 9.993087755852437803e-01
-8.705272781735839089e+02 9.988904712675813480e-01
-8.659592571668370056e+02 9.935643080397748017e-01
-8.613912361601566090e+02 9.868633600736510525e-01
-8.568232151534095919e+02 9.842648540242938671e-01
-8.522551941466625749e+02 9.892090465734971749e-01
-8.476871731399821783e+02 9.923115558466500952e-01
-8.431191521332352750e+02 9.962410397286968200e-01
-8.385511311265548784e+02 9.978581724512594064e-01
-8.339831101198078613e+02 1.004618955742112574e+00
-8.294150891130609580e+02 1.005450271157959152e+00
-8.248470681063804477e+02 1.007094453910023502e+00
-8.202790470996335443e+02 1.005906801139455409e+00
-8.157110260929198375e+02 1.000729060106266388e+00
-8.111430050862061307e+02 9.989434986509877490e-01
-8.065749840794592274e+02 9.967523753991258673e-01
-8.020069630727788308e+02 1.000023794530837451e+00
-7.974389420660318137e+02 9.975650701456780789e-01
-7.928709210593181069e+02 9.993039715798582856e-01
-7.883029000526044001e+02 9.998821152262659107e-01
-7.837348790458574967e+02 1.006078916641854448e+00
-7.791668580391437899e+02 1.005950345211488184e+00
-7.745988370324300831e+02 1.005336360846645904e+00
-7.700308160257163763e+02 1.001527966590477492e+00
-7.654627950190027832e+02 1.002617096801524665e+00
-7.608947740122557661e+02 9.996174652456488730e-01
-7.563267530055420593e+02 9.975838919313559927e-01
-7.517587319988283525e+02 9.955014601078838732e-01
-7.471907109921147594e+02 9.976728859123227267e-01
-7.426226899853677423e+02 9.982968306895827482e-01
-7.380546689786540355e+02 1.001907877723813955e+00
-7.334866479719403287e+02 1.002660213633040032e+00
-7.289186269652267356e+02 1.002931387399504048e+00
-7.243506059585130288e+02 1.000559926011912237e+00
-7.197825849517660117e+02 1.000872487543025047e+00
-7.152145639450523049e+02 1.003408087595213827e+00
-7.106465429383387118e+02 1.007088279255128782e+00
-7.060785219316250050e+02 1.011005700746655522e+00
-7.015105009249112982e+02 1.010293334708668000e+00
-6.969424799181642811e+02 1.007912675025541605e+00
-6.923744589114506880e+02 1.005735288771328895e+00
-6.878064379047369812e+02 1.006234632822838648e+00
-6.832384168979899641e+02 1.007154398967353925e+00
-6.786703958913095676e+02 1.008278476518777778e+00
-6.741023748845626642e+02 1.012770485783240249e+00
-6.695343538778489574e+02 1.012032394187258433e+00
-6.649663328711352506e+02 1.011170361201228163e+00
-6.603983118643882335e+02 1.008066033049753285e+00
-6.558302908577078369e+02 1.010303525315275008e+00
-6.512622698509609336e+02 1.009200542166354353e+00
-6.466942488442139165e+02 1.001271888335092397e+00
-6.421262278375335200e+02 1.002506951688682646e+00
-6.375582068307866166e+02 1.003373203561788385e+00
-6.329901858241062200e+02 1.013316377242669430e+00
-6.284221648173592030e+02 1.009078219001878551e+00
-6.238541438106121859e+02 1.007150558995988376e+00
-6.192861228039317893e+02 1.007383480743574866e+00
-6.147181017971848860e+02 1.009652991382949949e+00
-6.101500807905044894e+02 1.010044792661308977e+00
-6.055820597837574724e+02 1.007911594922518361e+00
-6.010140387770105690e+02 1.013854254695767620e+00
-5.964460177703300587e+02 1.020143974523629593e+00
-5.918779967635831554e+02 1.020978490412214112e+00
-5.873099757569027588e+02 1.017622491724485601e+00
-5.827419547501557417e+02 1.014240983159140796e+00
-5.781739337434088384e+02 1.012442305273755894e+00
-5.736059127367284418e+02 1.012111490196446084e+00
-5.690378917299814248e+02 1.013015591952561634e+00
-5.644698707233010282e+02 1.016304153484573591e+00
-5.599018497165540111e+02 1.016103260518264051e+00
-5.553338287098071078e+02 1.020799179188960126e+00
-5.507658077031267112e+02 1.019218865903060989e+00
-5.461977866963796941e+02 1.016837713889685801e+00
-5.416297656896992976e+02 1.014977708425362835e+00
-5.370617446829523942e+02 1.013633508099625713e+00
-5.324937236762053772e+02 1.018346984841192127e+00
-5.279257026695249806e+02 1.015105744119011888e+00
-5.233576816627780772e+02 1.021607310275858937e+00
-5.187896606560643704e+02 1.020648446442597335e+00
-5.142216396493506636e+02 1.023617493502949172e+00
-5.096536186426036465e+02 1.022904191029776255e+00
-5.050855976359232500e+02 1.023665596258069854e+00
-5.005175766291762898e+02 1.024272940182205049e+00
-4.959495556224626398e+02 1.022161840419717693e+00
-4.913815346157489330e+02 1.019818307170301752e+00
-4.868135136090019728e+02 1.021208750041391111e+00
-4.822454926022882660e+02 1.022673059021845576e+00
-4.776774715955746160e+02 1.028813613888587497e+00
-4.731094505888609092e+02 1.026044227899414407e+00
-4.685414295821472024e+02 1.024144041107698966e+00
-4.639734085754002422e+02 1.005655381991516606e+00
-4.594053875686865922e+02 1.001882330825803136e+00
-4.548373665619728854e+02 1.004308997715706253e+00
-4.502693455552591786e+02 1.020681912695560412e+00
-4.457013245485122184e+02 1.025522533698411509e+00
-4.411333035417985684e+02 1.023271389355898009e+00
-4.365652825350848616e+02 1.020297884662435761e+00
-4.319972615283711548e+02 1.017814841420583205e+00
-4.274292405216575048e+02 1.017028954618486525e+00
-4.228612195149104878e+02 1.014283949013247366e+00
-4.182931985081968378e+02 1.013615731821005284e+00
-4.137251775014831310e+02 1.010512093000538014e+00
-4.091571564947694810e+02 1.009066339436685666e+00
-4.045891354880557742e+02 1.008610173139800281e+00
-4.000211144813088140e+02 1.010168421564950902e+00
-3.954530934745951072e+02 1.012607070871884618e+00
-3.908850724678814572e+02 1.012328766301872518e+00
-3.863170514611344402e+02 1.012721201575516261e+00
-3.817490304544540436e+02 1.011726394703354570e+00
-3.771810094477070834e+02 1.011292016985180453e+00
-3.726129884409934334e+02 1.011708198442154982e+00
-3.680449674342797266e+02 1.011365464847699513e+00
-3.634769464275327664e+02 1.010829867685818728e+00
-3.589089254208523698e+02 1.011681693868202503e+00
-3.543409044141054096e+02 1.010445731423677218e+00
-3.497728834073583926e+02 1.012069629421811667e+00
-3.452048624006779960e+02 1.009397651448693978e+00
-3.406368413939310358e+02 1.006674271660074282e+00
-3.360688203872506392e+02 1.004697123149128402e+00
-3.315007993805036790e+02 1.006705941452973319e+00
-3.269327783737567188e+02 1.009990025829949900e+00
-3.223647573670763222e+02 1.008947628140560937e+00
-3.177967363603293052e+02 1.004352652626058218e+00
-3.132287153536489086e+02 1.000806167398233582e+00
-3.086606943469019484e+02 9.995325263123314707e-01
-3.040926733401549882e+02 1.002156984850027355e+00
-2.995246523334745916e+02 1.002308231844191821e+00
-2.949566313267276314e+02 1.003926801290504045e+00
-2.903886103200472348e+02 9.992215290329037325e-01
-2.858205893133002746e+02 9.983182232032277170e-01
-2.812525683065532576e+02 9.944443083623658586e-01
-2.766845472998728610e+02 9.948961535923785959e-01
-2.721165262931259008e+02 9.939969368930027249e-01
-2.675485052864455042e+02 9.912296981453702083e-01
-2.629804842796985440e+02 9.874551257244851277e-01
-2.584124632729515838e+02 9.793312352034604373e-01
-2.538444422662711588e+02 9.751249783519710945e-01
-2.492764212595241986e+02 9.755563772398924138e-01
-2.447084002528438020e+02 9.796241578832791674e-01
-2.401403792460968418e+02 9.841119997976383038e-01
-2.355723582393498532e+02 9.813394989728104756e-01
-2.310043372326694566e+02 9.806644757270911450e-01
-2.264363162259224964e+02 9.774337884869055415e-01
-2.218682952192087896e+02 9.792825309512144250e-01
-2.173002742124951112e+02 9.795204205512959561e-01
-2.127322532057481510e+02 9.745668476026404514e-01
-2.081642321990677544e+02 9.691596231566185216e-01
-2.035962111923207658e+02 9.661655243860612918e-01
-1.990281901856070874e+02 9.705516564598042351e-01
-1.944601691788934090e+02 9.701225553851031691e-01
-1.898921481721464488e+02 9.696757706910830166e-01
-1.853241271654327420e+02 9.661136796916215408e-01
-1.807561061587190636e+02 9.653671607525021736e-01
-1.761880851520053852e+02 9.644621920148779282e-01
-1.716200641452917068e+02 9.660385955856440887e-01
-1.670520431385447182e+02 9.672775641966117055e-01
-1.624840221318310398e+02 9.680584766858260082e-01
-1.579160011251173614e+02 9.686142392670072931e-01
-1.533479801184036830e+02 9.729122194989182626e-01
-1.487799591116566944e+02 9.753749719148459008e-01
-1.442119381049430160e+02 9.745321475632712227e-01
-1.396439170982293376e+02 9.744069628460844124e-01
-1.350758960915156308e+02 9.709891751938926063e-01
-1.305078750848019808e+02 9.722638244402522778e-01
-1.259398540780549922e+02 9.685837594401315309e-01
-1.213718330713412996e+02 9.715206393398337914e-01
-1.168038120646276212e+02 9.708450543457539661e-01
-1.122357910579139286e+02 9.731298678124934431e-01
-1.076677700512002502e+02 9.703795491732686296e-01
-1.030997490444532758e+02 9.724389154135337776e-01
-9.853172803773959743e+01 9.747419473975469373e-01
-9.396370703102590483e+01 9.767719494502481448e-01
-8.939568602427894461e+01 9.802979735320415111e-01
-8.482766501759853384e+01 9.841270252642478900e-01
-8.025964401085157363e+01 9.903904463766745048e-01
-7.569162300413788103e+01 9.843479074161981535e-01
-7.112360199742420264e+01 9.813730739178746498e-01
-6.655558099067722821e+01 9.775487515624755597e-01
-6.198755998399683165e+01 9.810243942642765669e-01
-5.741953897724985723e+01 9.807279892672795540e-01
-5.285151797050288991e+01 9.802594166332218029e-01
-4.828349696382248624e+01 9.777850939447224610e-01
-4.371547595707551892e+01 9.714563065677831455e-01
-3.914745495039511525e+01 9.637258029378207302e-01
-3.457943394364814793e+01 9.588105033781175734e-01
-3.001141293690118061e+01 9.601011819017344351e-01
-2.544339193022077694e+01 9.636012674651320831e-01
-2.087537092347380963e+01 9.622006374361452563e-01
-1.630734991679340595e+01 9.549552953366173824e-01
-1.173932891004643864e+01 9.487125451557290035e-01
-7.171307903299469544e+00 9.439237094487870072e-01
-2.603286896619067647e+00 9.403166116424586107e-01
1.964734110127903222e+00 9.337196251671949776e-01
6.532755116808303342e+00 9.301416869558730705e-01
1.110077612355527421e+01 9.305580843689540416e-01
1.566879713030224508e+01 9.280328590175107584e-01
2.023681813698264165e+01 9.242798898157312815e-01
2.480483914372961607e+01 9.212425169366346145e-01
2.937286015041001264e+01 9.213654701717169937e-01
3.394088115715697995e+01 9.219489086951663248e-01
3.850890216390395437e+01 9.217727874281725908e-01
4.307692317058435094e+01 9.191155418643385255e-01
4.764494417733132536e+01 9.221129493223733098e-01
5.221296518401172193e+01 9.253271133832186024e-01
5.678098619075869635e+01 9.291475312780903550e-01
6.134900719750565656e+01 9.276368364237441710e-01
6.591702820418606734e+01 9.216790067880916704e-01
7.048504921093302755e+01 9.288360932956720717e-01
7.505307021761343833e+01 9.332155385256063473e-01
7.962109122436039854e+01 9.431905256942059168e-01
8.418911223110737296e+01 9.488372710486601136e-01
8.875713323778776953e+01 9.607543734800666480e-01
9.332515424453474395e+01 9.675589336356816839e-01
9.789317525121514052e+01 9.710823245839795836e-01
1.024611962579621149e+02 9.740951003301271394e-01
1.070292172647090894e+02 9.794235891632373514e-01
1.115972382713895001e+02 9.844800319291948654e-01
1.161652592781364604e+02 9.897834604303739070e-01
1.207332802848168569e+02 1.000485000319978779e+00
1.253013012915638171e+02 1.009767879062887230e+00
1.298693222983108058e+02 1.018922942211853977e+00
1.344373433049912023e+02 1.020641314322555671e+00
1.390053643117381625e+02 1.025288534203999236e+00
1.435733853184185591e+02 1.029475488120378257e+00
1.481414063251655477e+02 1.038353328214422389e+00
1.527094273319125080e+02 1.042720125155597088e+00
1.572774483385929045e+02 1.049366339508026158e+00
1.618454693453398647e+02 1.052012491199472377e+00
1.664134903520202897e+02 1.059191865472049132e+00
1.709815113587672499e+02 1.061134490240230432e+00
1.755495323655142101e+02 1.066710866501940247e+00
1.801175533721946067e+02 1.069014434915667833e+00
1.846855743789415953e+02 1.072276256916495640e+00
1.892535953856219919e+02 1.077037900120482616e+00
1.938216163923689521e+02 1.082368159772765237e+00
1.983896373991159408e+02 1.085201157260560878e+00
2.029576584057963373e+02 1.084566161693506503e+00
2.075256794125432975e+02 1.084813129256663844e+00
2.120937004192902577e+02 1.084782253764577264e+00
2.166617214259706827e+02 1.084211637738936362e+00
2.212297424327176429e+02 1.081252578439982015e+00
2.257977634393980395e+02 1.082447666524160468e+00
2.303657844461449997e+02 1.084452471468902557e+00
2.349338054528919884e+02 1.086858877080184582e+00
2.395018264595723849e+02 1.083357973842225874e+00
2.440698474663193451e+02 1.079738294019439993e+00
2.486378684730663053e+02 1.076224676916789802e+00
2.532058894797467019e+02 1.075596002839726451e+00
2.577739104864936621e+02 1.072636533330902919e+00
2.623419314931741155e+02 1.070781091036375754e+00
2.669099524999210757e+02 1.068345479543722831e+00
2.714779735066680360e+02 1.065781887006077566e+00
2.760459945133484325e+02 1.058350451797461345e+00
2.806140155200953927e+02 1.055256727868292499e+00
2.851820365267757893e+02 1.053134132797329814e+00
2.897500575335227495e+02 1.051535063147071014e+00
2.943180785402697666e+02 1.048551412981964859e+00
2.988860995469501631e+02 1.045398349022737650e+00
3.034541205536971233e+02 1.044314385054027072e+00
3.080221415604440836e+02 1.042289068906863347e+00
3.125901625671244801e+02 1.040326413983033715e+00
3.171581835738714403e+02 1.039134110823416224e+00
3.217262045805518369e+02 1.036001497967314888e+00
3.262942255872987971e+02 1.034485667339178461e+00
3.308622465940458142e+02 1.032775466643348183e+00
3.354302676007262107e+02 1.034033293241160889e+00
3.399982886074731709e+02 1.033189134408871723e+00
3.445663096142201312e+02 1.031713254834661031e+00
3.491343306209005277e+02 1.028695798126591399e+00
3.537023516276474879e+02 1.027959360359962604e+00
3.582703726343278845e+02 1.028043728215607189e+00
3.628383936410748447e+02 1.028795221785799185e+00
3.674064146478218618e+02 1.028657465905894242e+00
3.719744356545022583e+02 1.032936048639612636e+00
3.765424566612492185e+02 1.034916326103522577e+00
3.811104776679961788e+02 1.034299432084784032e+00
3.856784986746765753e+02 1.031070436377641952e+00
3.902465196814235355e+02 1.028964286322055388e+00
3.948145406881039321e+02 1.026756302460133385e+00
3.993825616948509492e+02 1.025378999674027680e+00
4.039505827015979094e+02 1.025860152989821472e+00
4.085186037082783059e+02 1.026165454683943379e+00
4.130866247150252661e+02 1.024365555774011227e+00
4.176546457217056627e+02 1.022937214328862865e+00
4.222226667284526229e+02 1.021654205226999013e+00
4.267906877351995831e+02 1.020948298324924508e+00
4.313587087418799797e+02 1.020600347197500923e+00
4.359267297486269968e+02 1.024916030283710144e+00
4.404947507553073933e+02 1.028817534781486076e+00
4.450627717620543535e+02 1.028581880332618992e+00
4.496307927688013137e+02 1.027190981496498123e+00
4.541988137754817103e+02 1.026951671111760334e+00
4.587668347822286705e+02 1.027417243101202304e+00
4.633348557889090671e+02 1.025331395065980589e+00
4.679028767956560273e+02 1.024793393281129283e+00
4.724708978024030444e+02 1.025982731165792528e+00
4.770389188090834409e+02 1.028956425734198321e+00
4.816069398158304011e+02 1.029126744286713802e+00
4.861749608225107977e+02 1.027591013529293607e+00
4.907429818292577579e+02 1.025193973192358499e+00
4.953110028360047181e+02 1.028586876607581191e+00
4.998790238426851147e+02 1.031885387519158259e+00
5.044470448494321317e+02 1.035689445302788725e+00
5.090150658561125283e+02 1.034370361516001369e+00
5.135830868628594317e+02 1.030243607309254683e+00
5.181511078696064487e+02 1.026228075525902339e+00
5.227191288762868453e+02 1.024068476839374853e+00
5.272871498830338624e+02 1.027325526419266000e+00
5.318551708897142589e+02 1.028588363540734463e+00
5.364231918964611623e+02 1.027669686629186119e+00
5.409912129032081793e+02 1.027139677249882199e+00
5.455592339098885759e+02 1.026697511467811408e+00
5.501272549166354793e+02 1.015483927573541223e+00
5.546952759233158758e+02 1.010481839501418788e+00
5.592632969300628929e+02 1.009000989525778325e+00
5.638313179368099100e+02 1.020964659974538336e+00
5.683993389434903065e+02 1.028540056047215101e+00
5.729673599502372099e+02 1.030075345442355683e+00
5.775353809569176065e+02 1.030043444537985353e+00
5.821034019636646235e+02 1.026841669852236238e+00
5.866714229704115269e+02 1.028044456092857217e+00
5.912394439770919234e+02 1.026363318830362914e+00
5.958074649838389405e+02 1.026443206548909304e+00
6.003754859905193371e+02 1.029668935947711361e+00
6.049435069972663541e+02 1.032558891101492238e+00
6.095115280040132575e+02 1.033950934395079457e+00
6.140795490106936541e+02 1.028399477667941708e+00
6.186475700174406711e+02 1.026273772245000826e+00
6.232155910241210677e+02 1.024732597775406928e+00
6.277836120308680847e+02 1.025864730052186813e+00
6.323516330376149881e+02 1.031675138063292252e+00
6.369196540442953847e+02 1.033176985797316094e+00
6.414876750510424017e+02 1.032922063937386836e+00
6.460556960577227983e+02 1.029181086769654030e+00
6.506237170644697017e+02 1.029134239658560546e+00
6.551917380712167187e+02 1.030906445297508300e+00
6.597597590778971153e+02 1.029377043511999545e+00
6.643277800846441323e+02 1.027026634241034797e+00
6.688958010913245289e+02 1.023435902084581128e+00
6.734638220980714323e+02 1.021283561426457709e+00
6.780318431048184493e+02 1.018101894476899361e+00
6.825998641114988459e+02 1.016650876608423459e+00
6.871678851182457493e+02 1.014098814162101236e+00
6.917359061249261458e+02 1.015931709129214822e+00
6.963039271316731629e+02 1.017748313183271192e+00
7.008719481384201799e+02 1.018611828906690109e+00
7.054399691451005765e+02 1.015774755866800660e+00
7.100079901518474799e+02 1.009891336631236980e+00
7.145760111585278764e+02 1.009979984556631960e+00
7.191440321652748935e+02 1.009530641699332820e+00
7.237120531720217969e+02 1.012354012074069942e+00
7.282800741787021934e+02 1.013248831794498983e+00
7.328480951854492105e+02 1.011790062831437353e+00
7.374161161921296070e+02 1.012430800507104323e+00
7.419841371988766241e+02 1.009293184535787757e+00
7.465521582056235275e+02 1.010407031179473281e+00
7.511201792123039240e+02 1.008266576539843529e+00
7.556882002190509411e+02 1.011384988673550422e+00
7.602562212257313377e+02 1.014416714779334372e+00
7.648242422324782410e+02 1.016602509471037363e+00
7.693922632392252581e+02 1.015238794474801809e+00
7.739602842459056546e+02 1.014666260746366788e+00
7.785283052526526717e+02 1.016487887187849992e+00
7.830963262593330683e+02 1.017579850874123393e+00
7.876643472660799716e+02 1.014720222432401897e+00
7.922323682728269887e+02 1.014650423307936533e+00
7.968003892795073853e+02 1.014821843490153697e+00
8.013684102862542886e+02 1.016099135568159229e+00
8.059364312930013057e+02 1.015743890827404128e+00
8.105044522996817022e+02 1.013764112684308882e+00
8.150724733064287193e+02 1.013949423672632522e+00
8.196404943131091159e+02 1.011562893978142030e+00
8.242085153198560192e+02 1.014228874442816730e+00
8.287765363266030363e+02 1.013046694170043338e+00
8.333445573332834329e+02 1.017403149496999504e+00
8.379125783400304499e+02 1.016543955137876765e+00
8.424805993467773533e+02 1.018635568931358648e+00
8.470486203534577498e+02 1.017587007986814340e+00
8.516166413602047669e+02 1.020872522845593267e+00
8.561846623668851635e+02 1.024195155792995138e+00
8.607526833736320668e+02 1.020354710141001986e+00
8.653207043803790839e+02 1.016674675140848194e+00
8.698887253870594805e+02 1.012327390635884283e+00
8.744567463938064975e+02 1.013906020911425232e+00
8.790247674005534009e+02 1.011754337148469629e+00
8.835927884072337974e+02 1.009901180890210526e+00
8.881608094139808145e+02 1.010429659114947754e+00
8.927288304206612111e+02 1.010374225211497334e+00
8.972968514274081144e+02 1.010130048543828707e+00
9.018648724341551315e+02 1.007355111447357787e+00
9.064328934408355281e+02 1.006097195976735748e+00
9.110009144475825451e+02 1.007063591817238146e+00
9.155689354542629417e+02 1.006920661457153754e+00
9.201369564610098450e+02 1.006862982087644243e+00
9.247049774677568621e+02 1.003627681229697144e+00
9.292729984744372587e+02 1.002945120072581631e+00
9.338410194811841620e+02 1.002438786153788897e+00
9.384090404879311791e+02 1.004109609386811597e+00
9.429770614946115757e+02 1.005435290330941145e+00
9.475450825013585927e+02 1.007142693347229168e+00
9.521131035080389893e+02 1.006406094588593758e+00
9.566811245147858926e+02 1.006228120938203574e+00
9.612491455215329097e+02 1.005820757365843976e+00
9.658171665282133063e+02 1.006298158209953497e+00
9.703851875349602096e+02 1.005713325807884528e+00
9.749532085417072267e+02 1.007281661466777223e+00
9.795212295483876233e+02 1.009107731136358099e+00
9.840892505551346403e+02 1.008014779603475519e+00
9.886572715618150369e+02 1.004342546377908318e+00
9.932252925685619402e+02 1.004176790847206346e+00
9.977933135753089573e+02 1.003879513209426477e+00
1.002361334581989354e+03 1.007660056147490879e+00
1.006929355588736371e+03 1.008756954854031163e+00
1.011497376595416654e+03 1.012706361473381778e+00
1.016065397602163785e+03 1.008823075840382444e+00
1.020633418608910688e+03 1.007192353896016357e+00
1.025201439615590971e+03 1.001875101233357102e+00
1.029769460622338102e+03 1.002035301849294457e+00
1.034337481629018384e+03 1.002470841144941005e+00
1.038905502635765288e+03 1.003624972225907186e+00
1.043473523642512419e+03 1.006009845378836642e+00
1.048041544649192701e+03 1.003328352766667875e+00
1.052609565655939832e+03 1.006013842148036019e+00
1.057177586662620115e+03 1.006421192051827118e+00
1.061745607669367018e+03 1.009658004275593157e+00
1.066313628676114149e+03 1.006723592309526794e+00
1.070881649682794432e+03 1.006565286150021166e+00
1.075449670689541335e+03 1.003367011390499330e+00
1.080017691696221846e+03 1.001576013321785696e+00
1.084585712702968749e+03 9.960122310185018923e-01
1.089153733709715880e+03 9.950820820262530342e-01
1.093721754716396163e+03 9.976092461727527061e-01
1.098289775723143066e+03 1.000256413263552302e+00
1.102857796729823576e+03 1.004009925735355635e+00
1.107425817736570480e+03 1.003561549795525254e+00
1.111993838743317383e+03 1.006894151932745674e+00
1.116561859749997893e+03 1.004096509666093651e+00
1.121129880756744797e+03 1.004570005575866842e+00
1.125697901763425307e+03 1.002309489257224184e+00
1.130265922770172210e+03 1.003407038585540478e+00
1.134833943776919114e+03 1.003623027925906852e+00
1.139401964783599624e+03 1.003057832910220215e+00
1.143969985790346527e+03 1.000503158234740342e+00
1.148538006797027037e+03 1.000343697795339493e+00
1.153106027803773941e+03 1.002263913745044421e+00
1.157674048810520844e+03 1.005337735976127078e+00
1.162242069817201354e+03 1.005111115640299202e+00
1.166810090823948258e+03 1.004057259321143647e+00
1.171378111830628768e+03 1.004959915785851310e+00
1.175946132837375671e+03 1.006114499461242984e+00
1.180514153844122575e+03 1.005367923998392143e+00
1.185082174850803085e+03 1.002484853371659712e+00
1.189650195857549988e+03 1.001455091251652219e+00
1.194218216864230499e+03 1.003030602198350607e+00
1.198786237870977402e+03 1.002795254125241398e+00
1.203354258877724305e+03 1.001834661055189146e+00
1.207922279884404816e+03 1.001605640343503412e+00
1.212490300891151719e+03 1.002620792375447989e+00
1.217058321897832002e+03 1.006114517491103699e+00
1.221626342904579133e+03 1.003172772322576067e+00
1.226194363911326036e+03 1.003089288139752400e+00
1.230762384918006546e+03 1.000641656840950189e+00
1.235330405924753450e+03 1.002113606079698682e+00
1.239898426931433733e+03 1.001385751546536085e+00
1.244466447938180863e+03 1.000418673900185240e+00
1.249034468944927767e+03 1.000102531587344856e+00
1.253602489951608050e+03 1.001188793884352890e+00
1.258170510958355180e+03 1.002342823235380820e+00
1.262738531965035463e+03 1.002753995368304230e+00
1.267306552971782594e+03 1.000465339594938996e+00
1.271874573978529497e+03 9.982486205985120487e-01
1.276442594985209780e+03 9.965336279834673405e-01
1.281010615991956911e+03 9.974312854855421628e-01
1.285578636998637194e+03 9.940479907654283798e-01
1.290146658005384097e+03 9.925659517558264033e-01
1.294714679012131228e+03 9.921780537421985846e-01
1.299282700018811511e+03 9.979016056886015340e-01
1.303850721025558641e+03 9.998877971040656121e-01
1.308418742032238924e+03 1.000348278191419693e+00
1.312986763038985828e+03 9.994646200537999903e-01
1.317554784045732958e+03 9.987179627754964040e-01
1.322122805052413241e+03 9.992588784036419147e-01
1.326690826059160372e+03 9.970317179003510555e-01
1.331258847065840655e+03 9.991463036775863893e-01
1.335826868072587558e+03 9.979892944155229761e-01
1.340394889079334689e+03 9.982785502763817931e-01
1.344962910086014972e+03 9.966607852935188694e-01
1.349530931092761875e+03 9.983518043342959336e-01
1.354098952099442386e+03 9.996513103623859697e-01
1.358666973106189289e+03 1.000320083475495947e+00
1.363234994112936420e+03 1.000007859915399422e+00
1.367803015119616703e+03 1.000211625721779685e+00
1.372371036126363606e+03 1.004012893102109727e+00
1.376939057133110737e+03 1.001483935245346402e+00
1.381507078139791020e+03 1.002619836667690834e+00
1.386075099146537923e+03 9.999228048862202067e-01
1.390643120153218433e+03 1.002515733606590631e+00
1.395211141159965337e+03 1.003930340352970463e+00
1.399779162166712467e+03 1.005556640866150930e+00
1.404347183173392750e+03 1.006506588493077059e+00
1.408915204180139654e+03 1.006047008469636239e+00
1.413483225186820164e+03 1.005038062766288931e+00
1.418051246193567067e+03 1.005883249867262519e+00
1.422619267200313971e+03 1.004974808887027393e+00
1.427187288206994481e+03 1.002241030296052715e+00
1.431755309213741384e+03 1.002891491072925190e+00
1.436323330220488515e+03 1.003277909542551471e+00
1.440891351227168798e+03 1.006911656700973934e+00
1.445459372233915701e+03 1.004799277311728245e+00
1.450027393240596211e+03 1.003481822108597044e+00
1.454595414247343115e+03 1.003298988573116501e+00
1.459163435254090018e+03 1.003114683016595565e+00
1.463731456260770528e+03 1.005369065581362520e+00
1.468299477267517432e+03 1.006760693917840399e+00
1.472867498274264562e+03 1.008223726981062329e+00
1.477435519280944845e+03 1.008773773188825773e+00
1.482003540287691749e+03 1.006831526518946474e+00
1.486571561294372259e+03 1.007776497572460128e+00
1.491139582301119162e+03 1.005458839654162828e+00
1.495707603307866066e+03 1.006153968865912018e+00
1.500275624314546576e+03 1.006312717079292041e+00
1.504843645321293479e+03 1.006775639579889914e+00
1.509411666328040610e+03 1.006444891056920143e+00
1.513979687334720893e+03 1.006325001688310294e+00
1.518547708341467796e+03 1.006492053346353943e+00
1.523115729348148307e+03 1.008769986398003082e+00
1.527683750354895210e+03 1.006403684906369334e+00
1.532251771361642113e+03 1.005649393289900217e+00
1.536819792368322624e+03 9.994468585248341697e-01
1.541387813375069527e+03 9.982364599873108091e-01
1.545955834381750037e+03 9.971620303950127218e-01
1.550523855388496941e+03 9.994909952172671419e-01
1.555091876395243844e+03 1.001894724762147915e+00
1.559659897401924354e+03 1.004425653732937462e+00
1.564227918408671258e+03 1.002882047424425993e+00
1.568795939415418161e+03 9.994640770984233313e-01
1.573363960422098671e+03 9.972547320745283050e-01
1.577931981428845575e+03 9.994443469177364259e-01
1.582500002435526085e+03 1.001570732716989598e+00
1.587068023442272988e+03 1.002305339337832946e+00
1.591636044449019892e+03 1.003318472685615914e+00
1.596204065455700402e+03 1.000237125527898341e+00
1.600772086462447305e+03 9.997156809530830524e-01
1.605340107469127815e+03 9.962935226625404539e-01
1.609908128475874719e+03 9.979234859548947734e-01
1.614476149482621622e+03 9.961841091800351933e-01
1.619044170489302132e+03 9.982972996680246069e-01
1.623612191496049036e+03 1.000024981404294522e+00
1.628180212502729546e+03 1.001753687273397420e+00
1.632748233509476449e+03 1.004783906024954376e+00
1.637316254516223353e+03 1.002980702034316662e+00
1.641884275522903863e+03 1.003252479501535843e+00
1.646452296529650766e+03 1.001382216466860653e+00
1.651020317536331277e+03 1.002275883309077242e+00
1.655588338543078180e+03 1.002122369593659412e+00
1.660156359549825083e+03 1.000085321445415731e+00
1.664724380556505594e+03 9.996848759142267227e-01
1.669292401563252497e+03 9.993019882790955544e-01
1.673860422569932780e+03 9.982146909164081316e-01
1.678428443576679911e+03 9.968598952661599233e-01
1.682996464583426814e+03 9.969624994038213117e-01
1.687564485590107324e+03 9.994079782234924769e-01
1.692132506596854228e+03 1.003390171711013634e+00
1.696700527603534510e+03 1.000635876723890760e+00
1.701268548610281641e+03 9.978982230947318621e-01
1.705836569617028545e+03 9.963993401438907549e-01
1.710404590623708827e+03 1.000113100038561242e+00
1.714972611630455958e+03 1.004008671123112206e+00
1.719540632637136241e+03 1.005114091844461655e+00
1.724108653643883372e+03 1.006168502410370591e+00
1.728676674650630275e+03 1.004703613479553725e+00
1.733244695657310558e+03 1.002950135850634750e+00
1.737812716664057689e+03 9.996704858027291030e-01
1.742380737670737972e+03 9.993158535335547876e-01
1.746948758677485102e+03 9.991745301790236899e-01
1.751516779684232006e+03 1.001222710750842682e+00
1.756084800690912289e+03 1.002827333280720268e+00
1.760652821697659419e+03 9.997458343563039307e-01
1.765220842704339702e+03 9.997341977814357961e-01
1.769788863711086606e+03 9.961883448534459840e-01
1.774356884717833736e+03 9.992039906074978717e-01
1.778924905724514019e+03 9.956539900802378051e-01
1.783492926731261150e+03 9.956256515309481747e-01
1.788060947737941433e+03 9.958294170479954355e-01
1.792628968744688336e+03 9.977915336132051616e-01
1.797196989751435467e+03 9.976099231353146024e-01
1.801765010758115750e+03 9.991867790983329778e-01
1.806333031764862653e+03 1.002236855259752701e+00
1.810901052771543164e+03 1.005537573069015478e+00
1.815469073778290067e+03 1.006079301583743701e+00
1.820037094785037198e+03 1.003246568715060905e+00
1.824605115791717481e+03 1.000357246399100175e+00
1.829173136798464384e+03 9.946580883387999839e-01
1.833741157805144894e+03 9.969528089562041950e-01
1.838309178811891798e+03 9.970234455512733129e-01
1.842877199818638701e+03 1.000639471987521345e+00
1.847445220825319211e+03 9.993902737359500188e-01
1.852013241832066115e+03 9.983467498321184630e-01
1.856581262838746625e+03 9.989085383632906323e-01
1.861149283845493528e+03 9.985315660460022391e-01
1.865717304852240432e+03 1.000406961948063556e+00
1.870285325858920942e+03 1.000496645959212172e+00
1.874853346865667845e+03 1.001303207227503433e+00
1.879421367872348355e+03 1.001330553138321422e+00
1.883989388879095259e+03 9.988838758082844160e-01
1.888557409885842162e+03 9.988436826375087785e-01
1.893125430892522672e+03 1.000469904810832533e+00
1.897693451899269576e+03 1.003364676551124601e+00
1.902261472905950086e+03 1.002382124368750738e+00
1.906829493912696989e+03 1.002511300683560647e+00
1.911397514919443893e+03 1.001673304686543586e+00
1.915965535926124403e+03 1.003791623384624243e+00
1.920533556932871306e+03 1.001429910445911675e+00
1.925101577939551817e+03 1.002234284005680820e+00
1.929669598946298720e+03 9.993272141612502546e-01
1.934237619953045623e+03 1.000130028751565758e+00
1.938805640959726134e+03 1.001471547797980977e+00
1.943373661966473037e+03 1.005107599118787221e+00
1.947941682973153320e+03 1.005359578678394428e+00
1.952509703979900451e+03 9.997455297565996934e-01
1.957077724986647354e+03 9.971354447435487600e-01
1.961645745993327864e+03 9.972951106741826388e-01
1.966213767000074768e+03 1.001683565861526404e+00
1.970781788006821671e+03 1.002499260194933184e+00
1.975349809013502181e+03 1.002357440449676007e+00
1.979917830020249085e+03 1.002830230683874335e+00
1.984485851026929367e+03 1.002552031441571900e+00
1.989053872033676498e+03 1.002646713775258602e+00
1.993621893040423402e+03 1.000341564687914797e+00
