-1.994260445826881323e+03 1.024937509802005264e+00
-1.989692424820200813e+03 1.022797439414990350e+00
-1.985124403813453910e+03 1.019846965341213663e+00
-1.980556382806740203e+03 1.017918432956569363e+00
-1.975988361800026496e+03 1.020000593808842781e+00
-1.971420340793279593e+03 1.023753386132423060e+00
-1.966852319786565886e+03 1.022277483591431890e+00
-1.962284298779852179e+03 1.020311291976366830e+00
-1.957716277773138472e+03 1.019897545291290841e+00
-1.953148256766424765e+03 1.022674492633244059e+00
-1.948580235759677862e+03 1.022316029414001903e+00
-1.944012214752964155e+03 1.023553084488204590e+00
-1.939444193746250448e+03 1.022869777144331138e+00
-1.934876172739536742e+03 1.022833495722235142e+00
-1.930308151732823035e+03 1.024548091539139394e+00
-1.925740130726076131e+03 1.024502477864781769e+00
-1.921172109719362425e+03 1.024273633606916034e+00
-1.916604088712648718e+03 1.023064336137445851e+00
-1.912036067705935011e+03 1.024781715147209837e+00
-1.907468046699188108e+03 1.025283391650507525e+00
-1.902900025692474401e+03 1.024126563256405831e+00
-1.898332004685760694e+03 1.022002195921087209e+00
-1.893763983679046987e+03 1.022210976139878769e+00
-1.889195962672333280e+03 1.021478244631718324e+00
-1.884627941665586377e+03 1.021854371613791557e+00
-1.880059920658872670e+03 1.023257657184123870e+00
-1.875491899652158963e+03 1.022177557973394046e+00
-1.870923878645412060e+03 1.023177449834009822e+00
-1.866355857638731777e+03 1.019390900678140754e+00
-1.861787836631984646e+03 1.020688351736996680e+00
-1.857219815625270940e+03 1.019533203462698934e+00
-1.852651794618557233e+03 1.021920125714068206e+00
-1.848083773611810329e+03 1.023677941348329457e+00
-1.843515752605130047e+03 1.023232345670772814e+00
-1.838947731598382916e+03 1.024122193303940831e+00
-1.834379710591669209e+03 1.022503025532174092e+00
-1.829811689584955730e+03 1.023131568279029180e+00
-1.825243668578208599e+03 1.024329819269813813e+00
-1.820675647571528316e+03 1.024795772355903578e+00
-1.816107626564781185e+03 1.025462014332620297e+00
-1.811539605558034282e+03 1.021409664684744145e+00
-1.806971584551353999e+03 1.020193769475942647e+00
-1.802403563544606868e+03 1.020098611359012919e+00
-1.797835542537926585e+03 1.021646127658904391e+00
-1.793267521531179682e+03 1.021269872036820514e+00
-1.788699500524432551e+03 1.018737689840158112e+00
-1.784131479517752268e+03 1.013597477464432073e+00
-1.779563458511005138e+03 1.013716984389094078e+00
-1.774995437504324855e+03 1.017099030315084862e+00
-1.770427416497577951e+03 1.021236281636416665e+00
-1.765859395490830821e+03 1.020424760222698124e+00
-1.761291374484150538e+03 1.015370678077917033e+00
-1.756723353477403634e+03 1.018287058982555893e+00
-1.752155332470723124e+03 1.018964803467644176e+00
-1.747587311463976221e+03 1.022904454499901306e+00
-1.743019290457229090e+03 1.017555610872925342e+00
-1.738451269450548807e+03 1.017259336697478034e+00
-1.733883248443801904e+03 1.016527239098235613e+00
-1.729315227437121393e+03 1.018500424370939017e+00
-1.724747206430374490e+03 1.014833935193548031e+00
-1.720179185423627587e+03 1.008282837040158197e+00
-1.715611164416947076e+03 1.006894973709077989e+00
-1.711043143410200173e+03 1.006651897876970736e+00
-1.706475122403486466e+03 1.011692919680977409e+00
-1.701907101396772759e+03 1.007766481981969831e+00
-1.697339080390025856e+03 1.008148693481795588e+00
-1.692771059383345346e+03 1.003654309457957083e+00
-1.688203038376598442e+03 1.004697453486722791e+00
-1.683635017369884736e+03 1.005186046945742762e+00
-1.679066996363171029e+03 1.008665211963910791e+00
-1.674498975356424125e+03 1.009125301232742800e+00
-1.669930954349710419e+03 1.008615677081361239e+00
-1.665362933342996712e+03 1.005052192910502074e+00
-1.660794912336283005e+03 1.002443037970133899e+00
-1.656226891329569298e+03 1.003570513738831549e+00
-1.651658870322822395e+03 1.004255034749353515e+00
-1.647090849316108688e+03 1.007290670002362276e+00
-1.642522828309394981e+03 1.006602368440023154e+00
-1.637954807302681274e+03 1.004681842959054050e+00
-1.633386786295967568e+03 1.004192691339161003e+00
-1.628818765289220664e+03 1.001718700460799027e+00
-1.624250744282506957e+03 1.001029682352585271e+00
-1.619682723275793251e+03 1.000352282570356577e+00
-1.615114702269079544e+03 9.999624064573614524e-01
-1.610546681262332640e+03 9.997262287600724440e-01
-1.605978660255618934e+03 9.987391079921081882e-01
-1.601410639248905227e+03 1.001222124480818820e+00
-1.596842618242191520e+03 1.004034241526075677e+00
-1.592274597235477813e+03 1.002480193652701246e+00
-1.587706576228730910e+03 9.994374124775285972e-01
-1.583138555222017203e+03 9.988368471376199986e-01
-1.578570534215303496e+03 1.000716668412025001e+00
-1.574002513208556593e+03 1.002716257642248365e+00
-1.569434492201876083e+03 1.003423221430812307e+00
-1.564866471195129179e+03 1.003564699606765087e+00
-1.560298450188415472e+03 1.004454423381029526e+00
-1.555730429181701766e+03 1.004528956475378321e+00
-1.551162408174954862e+03 1.002480759298639557e+00
-1.546594387168274352e+03 1.002851396326245093e+00
-1.542026366161527449e+03 1.001987691824481885e+00
-1.537458345154780545e+03 1.005187631626616396e+00
-1.532890324148100035e+03 1.005391651720813684e+00
-1.528322303141353132e+03 1.006545703515352441e+00
-1.523754282134672621e+03 1.005765721810410129e+00
-1.519186261127925718e+03 1.005915085657207442e+00
-1.514618240121178815e+03 1.006500121887853538e+00
-1.510050219114498304e+03 1.007696505754812621e+00
-1.505482198107751401e+03 1.008602210967955104e+00
-1.500914177101071118e+03 1.006941504442427915e+00
-1.496346156094323987e+03 1.006849423199113858e+00
-1.491778135087577084e+03 1.005537818581397458e+00
-1.487210114080896574e+03 1.007123014842032260e+00
-1.482642093074149670e+03 1.007955843224986436e+00
-1.478074072067469388e+03 1.008084338306375116e+00
-1.473506051060722257e+03 1.005827515040853770e+00
-1.468938030053975353e+03 1.005460542375857358e+00
-1.464370009047295071e+03 1.006805566786941997e+00
-1.459801988040547940e+03 1.011855364085107567e+00
-1.455233967033867657e+03 1.011737734080170981e+00
-1.450665946027120526e+03 1.012621873431119868e+00
-1.446097925020373623e+03 1.009567529240991801e+00
-1.441529904013693340e+03 1.009834436753057618e+00
-1.436961883006946209e+03 1.007599046314576752e+00
-1.432393862000265926e+03 1.008017242797957236e+00
-1.427825840993519023e+03 1.008667514916633534e+00
-1.423257819986771892e+03 1.007187277439456352e+00
-1.418689798980091609e+03 1.006567545669227570e+00
-1.414121777973344479e+03 1.004473051130560179e+00
-1.409553756966630999e+03 1.006187004918312367e+00
-1.404985735959917292e+03 1.009770757665705787e+00
-1.400417714953170162e+03 1.010657555589110190e+00
-1.395849693946489879e+03 1.004393606966052177e+00
-1.391281672939742975e+03 9.999200976130566687e-01
-1.386713651933029269e+03 1.001620712700135529e+00
-1.382145630926315562e+03 1.007541784883595026e+00
-1.377577609919568431e+03 1.008961412708051286e+00
-1.373009588912854952e+03 1.005261997983836864e+00
-1.368441567906141245e+03 1.004310687445401529e+00
-1.363873546899427538e+03 1.004703507792470418e+00
-1.359305525892713831e+03 1.007684169229482452e+00
-1.354737504885966928e+03 1.009900608007863410e+00
-1.350169483879253221e+03 1.008369108489517885e+00
-1.345601462872539514e+03 1.007191583980433736e+00
-1.341033441865825807e+03 1.005427441230684282e+00
-1.336465420859112101e+03 1.007327740581085207e+00
-1.331897399852365197e+03 1.005169644503600468e+00
-1.327329378845651490e+03 1.005178577768551351e+00
-1.322761357838937784e+03 1.003213145150984476e+00
-1.318193336832224077e+03 9.997294863727006486e-01
-1.313625315825477173e+03 9.996937134407630765e-01
-1.309057294818763467e+03 9.971947267293140849e-01
-1.304489273812049760e+03 1.001737506423940660e+00
-1.299921252805336053e+03 1.002586853388123700e+00
-1.295353231798622346e+03 1.003887665182162436e+00
-1.290785210791875443e+03 1.002896343088262254e+00
-1.286217189785161736e+03 1.002124823711312729e+00
-1.281649168778448029e+03 1.004225485616681679e+00
-1.277081147771701126e+03 1.003964369947112800e+00
-1.272513126765020615e+03 1.003328950679768239e+00
-1.267945105758273712e+03 1.003236459041213946e+00
-1.263377084751560005e+03 1.003924593820945121e+00
-1.258809063744846299e+03 1.002737401830074759e+00
-1.254241042738099395e+03 9.998278203241568463e-01
-1.249673021731418885e+03 9.988682436513537377e-01
-1.245105000724671982e+03 9.983462150969160120e-01
-1.240536979717925078e+03 1.000189981137879158e+00
-1.235968958711244568e+03 1.000807438983040809e+00
-1.231400937704497665e+03 1.000520194517396932e+00
-1.226832916697817154e+03 1.000643107594593628e+00
-1.222264895691070251e+03 9.989789825975398108e-01
-1.217696874684323348e+03 1.000943191403886656e+00
-1.213128853677642837e+03 1.000296535412758203e+00
-1.208560832670895934e+03 1.001435990613903870e+00
-1.203992811664215424e+03 1.001204787602337776e+00
-1.199424790657468520e+03 1.000038740414368021e+00
-1.194856769650721617e+03 9.984479883703537562e-01
-1.190288748644041107e+03 9.974138664831097012e-01
-1.185720727637294203e+03 9.982813659657571170e-01
-1.181152706630613693e+03 9.980224126486424430e-01
-1.176584685623866790e+03 9.984638946840694862e-01
-1.172016664617119886e+03 9.975746370623616022e-01
-1.167448643610439376e+03 9.989952204193836005e-01
-1.162880622603692473e+03 9.994709323884952701e-01
-1.158312601597012190e+03 1.000394556260886247e+00
-1.153744580590265059e+03 1.003581533871027887e+00
-1.149176559583518156e+03 1.002920101956192411e+00
-1.144608538576837645e+03 1.003066035400290046e+00
-1.140040517570090742e+03 1.001951896199851033e+00
-1.135472496563410459e+03 9.986749979727468363e-01
-1.130904475556663328e+03 9.976338680499926559e-01
-1.126336454549916425e+03 9.957370990598709559e-01
-1.121768433543235915e+03 9.992848697824380233e-01
-1.117200412536489011e+03 9.993538479736988611e-01
-1.112632391529775305e+03 9.993394698080825256e-01
-1.108064370523061598e+03 9.983303957584723776e-01
-1.103496349516314694e+03 9.983478471981376279e-01
-1.098928328509634412e+03 9.985639486982430535e-01
-1.094360307502887281e+03 9.993724225518102466e-01
-1.089792286496173574e+03 9.995386081021232494e-01
-1.085224265489459867e+03 9.999294831191321009e-01
-1.080656244482712964e+03 9.985546156032683029e-01
-1.076088223475999257e+03 9.990410926488001442e-01
-1.071520202469285550e+03 9.967682608842949321e-01
-1.066952181462571843e+03 9.959892112861817859e-01
-1.062384160455858364e+03 9.966807380948902173e-01
-1.057816139449111233e+03 9.964476067734059361e-01
-1.053248118442397526e+03 9.984247178536994616e-01
-1.048680097435683820e+03 1.000153716756604583e+00
-1.044112076428970340e+03 1.002618731805104746e+00
-1.039544055422256406e+03 1.002911997630036467e+00
-1.034976034415509730e+03 9.996073242377386814e-01
-1.030408013408795796e+03 9.994059984743065561e-01
-1.025839992402082316e+03 9.968961468300486795e-01
-1.021271971395368496e+03 9.989480516174656932e-01
-1.016703950388621593e+03 9.982594942071140176e-01
-1.012135929381907886e+03 1.000962010193897411e+00
-1.007567908375194179e+03 9.991022389322571362e-01
-1.002999887368480472e+03 9.973472769759913481e-01
-9.984318663617667653e+02 9.967450234363468553e-01
-9.938638453550198619e+02 9.949480817665422583e-01
-9.892958243483061551e+02 9.980262597073021880e-01
-9.847278033415924483e+02 9.959333650721381437e-01
-9.801597823348455449e+02 9.996536822547928969e-01
-9.755917613281651484e+02 1.000586983848620548e+00
-9.710237403214181313e+02 9.986918797899969613e-01
-9.664557193147044245e+02 9.964101719178870553e-01
-9.618876983079907177e+02 9.924061548320063375e-01
-9.573196773012438143e+02 9.942793341771315463e-01
-9.527516562945634178e+02 9.966115118210249202e-01
-9.481836352878164007e+02 1.000837770576471941e+00
-9.436156142810694973e+02 1.004520917534648561e+00
-9.390475932743891008e+02 9.998486813110503135e-01
-9.344795722676420837e+02 1.000179171952169099e+00
-9.299115512609616871e+02 1.000989529998927763e+00
-9.253435302542146701e+02 1.005787742665129825e+00
-9.207755092474677667e+02 1.005163656256740978e+00
-9.162074882407873702e+02 1.005696662991567791e+00
-9.116394672340403531e+02 1.007394114799457840e+00
-9.070714462273599565e+02 1.005946707067683521e+00
-9.025034252206130532e+02 1.002384598576592678e+00
-8.979354042138660361e+02 1.001933211509585364e+00
-8.933673832071856395e+02 1.002625451518269983e+00
-8.887993622004386225e+02 1.004173388313404303e+00
-8.842313411937582259e+02 1.000736510981814265e+00
-8.796633201870113226e+02 9.986656373818524335e-01
-8.750952991802643055e+02 9.978613455616974770e-01
-8.705272781735839089e+02 9.963716641875445257e-01
-8.659592571668370056e+02 9.867945978569517829e-01
-8.613912361601566090e+02 9.930845268805986725e-01
-8.568232151534095919e+02 9.964267232215414660e-01
-8.522551941466625749e+02 1.008555881797927212e+00
-8.476871731399821783e+02 9.998553501116589359e-01
-8.431191521332352750e+02 9.988169544916919440e-01
-8.385511311265548784e+02 9.983060955372687895e-01
-8.339831101198078613e+02 1.001765032362006425e+00
-8.294150891130609580e+02 1.003208481062093371e+00
-8.248470681063804477e+02 1.004361035782267209e+00
-8.202790470996335443e+02 1.005775992825060028e+00
-8.157110260929198375e+02 1.003954373484020834e+00
-8.111430050862061307e+02 1.002702928156925966e+00
-8.065749840794592274e+02 9.993886331452775940e-01
-8.020069630727788308e+02 9.998563505022085574e-01
-7.974389420660318137e+02 9.993780936680612959e-01
-7.928709210593181069e+02 1.002368869542920038e+00
-7.883029000526044001e+02 1.002518267120781958e+00
-7.837348790458574967e+02 1.003068743905335625e+00
-7.791668580391437899e+02 9.995181678269583481e-01
-7.745988370324300831e+02 1.000604386806893897e+00
-7.700308160257163763e+02 1.001066069950544035e+00
-7.654627950190027832e+02 1.004874184085622346e+00
-7.608947740122557661e+02 1.001296779760764366e+00
-7.563267530055420593e+02 9.967028317597433906e-01
-7.517587319988283525e+02 9.929622358008979299e-01
-7.471907109921147594e+02 9.950451005737855903e-01
-7.426226899853677423e+02 9.963727013823510115e-01
-7.380546689786540355e+02 9.998171158824220583e-01
-7.334866479719403287e+02 9.988246692082233258e-01
-7.289186269652267356e+02 1.001874557613575689e+00
-7.243506059585130288e+02 1.000177069626829507e+00
-7.197825849517660117e+02 9.996782829689626615e-01
-7.152145639450523049e+02 9.994938343324406560e-01
-7.106465429383387118e+02 1.000559896523820269e+00
-7.060785219316250050e+02 1.004031455867220757e+00
-7.015105009249112982e+02 1.002122000089703535e+00
-6.969424799181642811e+02 9.988312083215570292e-01
-6.923744589114506880e+02 9.981905561935112692e-01
-6.878064379047369812e+02 1.003337729014352364e+00
-6.832384168979899641e+02 1.006978054596913807e+00
-6.786703958913095676e+02 1.006244762665441383e+00
-6.741023748845626642e+02 1.004995036319693780e+00
-6.695343538778489574e+02 1.001507257767002557e+00
-6.649663328711352506e+02 1.001667611312655026e+00
-6.603983118643882335e+02 9.999147762483934221e-01
-6.558302908577078369e+02 1.000501163416894768e+00
-6.512622698509609336e+02 9.920829638055579380e-01
-6.466942488442139165e+02 9.944213251337146176e-01
-6.421262278375335200e+02 9.990254122243035217e-01
-6.375582068307866166e+02 1.007170538874845533e+00
-6.329901858241062200e+02 1.005889777753206316e+00
-6.284221648173592030e+02 1.003296613651741609e+00
-6.238541438106121859e+02 1.002954223230062780e+00
-6.192861228039317893e+02 1.003183414488830749e+00
-6.147181017971848860e+02 1.005258568180408929e+00
-6.101500807905044894e+02 1.005331118914132960e+00
-6.055820597837574724e+02 1.004452915914782807e+00
-6.010140387770105690e+02 1.005510502948804286e+00
-5.964460177703300587e+02 1.007910300360322253e+00
-5.918779967635831554e+02 1.007465673796900774e+00
-5.873099757569027588e+02 1.007246186241729902e+00
-5.827419547501557417e+02 1.006413147568802513e+00
-5.781739337434088384e+02 1.005558012950586999e+00
-5.736059127367284418e+02 1.004504260019966067e+00
-5.690378917299814248e+02 1.002845410444403340e+00
-5.644698707233010282e+02 1.004140903357817249e+00
-5.599018497165540111e+02 1.002927225273746670e+00
-5.553338287098071078e+02 1.007365041149360652e+00
-5.507658077031267112e+02 1.007078469205850979e+00
-5.461977866963796941e+02 1.005423605130242093e+00
-5.416297656896992976e+02 1.003762292418438618e+00
-5.370617446829523942e+02 1.002952055938313380e+00
-5.324937236762053772e+02 1.006089324783905115e+00
-5.279257026695249806e+02 1.004672671894202951e+00
-5.233576816627780772e+02 1.008776094510039911e+00
-5.187896606560643704e+02 1.008312761036165739e+00
-5.142216396493506636e+02 1.010663968419597269e+00
-5.096536186426036465e+02 1.008229284753137334e+00
-5.050855976359232500e+02 1.008142191465670523e+00
-5.005175766291762898e+02 1.007549756947791364e+00
-4.959495556224626398e+02 1.006886720198356899e+00
-4.913815346157489330e+02 1.007308743021856801e+00
-4.868135136090019728e+02 1.007706855814850089e+00
-4.822454926022882660e+02 1.009702556502493964e+00
-4.776774715955746160e+02 1.012921654663140769e+00
-4.731094505888609092e+02 1.010604061716075419e+00
-4.685414295821472024e+02 1.001289116874791718e+00
-4.639734085754002422e+02 9.982113470432333324e-01
-4.594053875686865922e+02 1.000770738141018912e+00
-4.548373665619728854e+02 1.011580310339828204e+00
-4.502693455552591786e+02 1.012059754978546833e+00
-4.457013245485122184e+02 1.014316418399782149e+00
-4.411333035417985684e+02 1.013902165279735756e+00
-4.365652825350848616e+02 1.014391881334499201e+00
-4.319972615283711548e+02 1.011398114068829956e+00
-4.274292405216575048e+02 1.010175366411184994e+00
-4.228612195149104878e+02 1.009757088035693640e+00
-4.182931985081968378e+02 1.008084813640929722e+00
-4.137251775014831310e+02 1.006848573289251592e+00
-4.091571564947694810e+02 1.004355722564753250e+00
-4.045891354880557742e+02 1.005746408610282971e+00
-4.000211144813088140e+02 1.006579166755159349e+00
-3.954530934745951072e+02 1.009786794310078450e+00
-3.908850724678814572e+02 1.010649795533671069e+00
-3.863170514611344402e+02 1.013212515648357792e+00
-3.817490304544540436e+02 1.013270844270171667e+00
-3.771810094477070834e+02 1.013549755474324909e+00
-3.726129884409934334e+02 1.012594526760835834e+00
-3.680449674342797266e+02 1.013554575998853124e+00
-3.634769464275327664e+02 1.014559405014627602e+00
-3.589089254208523698e+02 1.014909853436468667e+00
-3.543409044141054096e+02 1.015345440507530839e+00
-3.497728834073583926e+02 1.018776163544657720e+00
-3.452048624006779960e+02 1.020302089374865773e+00
-3.406368413939310358e+02 1.017756607208184505e+00
-3.360688203872506392e+02 1.015278499540120949e+00
-3.315007993805036790e+02 1.019155180505170621e+00
-3.269327783737567188e+02 1.022510018112541275e+00
-3.223647573670763222e+02 1.023635596277567172e+00
-3.177967363603293052e+02 1.021079844173774065e+00
-3.132287153536489086e+02 1.023186530992252985e+00
-3.086606943469019484e+02 1.025687475100786061e+00
-3.040926733401549882e+02 1.030407308105964148e+00
-2.995246523334745916e+02 1.031528056930956838e+00
-2.949566313267276314e+02 1.033227901214218036e+00
-2.903886103200472348e+02 1.029985702621331711e+00
-2.858205893133002746e+02 1.031835311189714277e+00
-2.812525683065532576e+02 1.035083109725993156e+00
-2.766845472998728610e+02 1.039441260232176090e+00
-2.721165262931259008e+02 1.040571866820812374e+00
-2.675485052864455042e+02 1.040632663648826339e+00
-2.629804842796985440e+02 1.038170371415390036e+00
-2.584124632729515838e+02 1.038593560952506323e+00
-2.538444422662711588e+02 1.041715886811421798e+00
-2.492764212595241986e+02 1.048916090915042787e+00
-2.447084002528438020e+02 1.053022828082362139e+00
-2.401403792460968418e+02 1.055182360182110868e+00
-2.355723582393498532e+02 1.058575074175602593e+00
-2.310043372326694566e+02 1.062279529600345995e+00
-2.264363162259224964e+02 1.065151453676700610e+00
-2.218682952192087896e+02 1.065226198788063128e+00
-2.173002742124951112e+02 1.066706940136971982e+00
-2.127322532057481510e+02 1.068592679970133075e+00
-2.081642321990677544e+02 1.071264231895308283e+00
-2.035962111923207658e+02 1.076047636558428167e+00
-1.990281901856070874e+02 1.079387764036198405e+00
-1.944601691788934090e+02 1.080111934022094600e+00
-1.898921481721464488e+02 1.081181904700088126e+00
-1.853241271654327420e+02 1.079819192768278979e+00
-1.807561061587190636e+02 1.082367921283018175e+00
-1.761880851520053852e+02 1.082625789002823469e+00
-1.716200641452917068e+02 1.085286750032423697e+00
-1.670520431385447182e+02 1.085923478331134673e+00
-1.624840221318310398e+02 1.086772544283178377e+00
-1.579160011251173614e+02 1.085028445484814030e+00
-1.533479801184036830e+02 1.085742483607267106e+00
-1.487799591116566944e+02 1.084291976644540911e+00
-1.442119381049430160e+02 1.084162429113973758e+00
-1.396439170982293376e+02 1.081363727713456457e+00
-1.350758960915156308e+02 1.074560518509694473e+00
-1.305078750848019808e+02 1.070202960892970623e+00
-1.259398540780549922e+02 1.065386222860847054e+00
-1.213718330713412996e+02 1.064848529338519256e+00
-1.168038120646276212e+02 1.058525881443415528e+00
-1.122357910579139286e+02 1.052497984453642177e+00
-1.076677700512002502e+02 1.042968969286031777e+00
-1.030997490444532758e+02 1.038762663269456654e+00
-9.853172803773959743e+01 1.034616497737810503e+00
-9.396370703102590483e+01 1.030845411654562893e+00
-8.939568602427894461e+01 1.029268241762357095e+00
-8.482766501759853384e+01 1.026881895342853568e+00
-8.025964401085157363e+01 1.026455789819976872e+00
-7.569162300413788103e+01 1.016362478067511121e+00
-7.112360199742420264e+01 1.010920823815486758e+00
-6.655558099067722821e+01 1.006935656877961494e+00
-6.198755998399683165e+01 1.006881180053426306e+00
-5.741953897724985723e+01 1.004526919421569575e+00
-5.285151797050288991e+01 1.001666559318418193e+00
-4.828349696382248624e+01 9.994631358201218063e-01
-4.371547595707551892e+01 9.961425004800806837e-01
-3.914745495039511525e+01 9.927327920600911293e-01
-3.457943394364814793e+01 9.904305830607237349e-01
-3.001141293690118061e+01 9.936385224124629767e-01
-2.544339193022077694e+01 9.985427704534117765e-01
-2.087537092347380963e+01 1.001410185940130759e+00
-1.630734991679340595e+01 9.998740209480653229e-01
-1.173932891004643864e+01 9.986485127391423466e-01
-7.171307903299469544e+00 9.987701446458648880e-01
-2.603286896619067647e+00 1.001257054316795347e+00
1.964734110127903222e+00 9.998847064583932243e-01
6.532755116808303342e+00 1.002065850382336976e+00
1.110077612355527421e+01 1.005738001180323637e+00
1.566879713030224508e+01 1.009101887577173784e+00
2.023681813698264165e+01 1.012137422225938055e+00
2.480483914372961607e+01 1.015203683477902130e+00
2.937286015041001264e+01 1.020740677295520982e+00
3.394088115715697995e+01 1.029084510793571328e+00
3.850890216390395437e+01 1.032344603675085182e+00
4.307692317058435094e+01 1.033986554771293642e+00
4.764494417733132536e+01 1.033087816296036410e+00
5.221296518401172193e+01 1.037755939989741139e+00
5.678098619075869635e+01 1.041491376101002286e+00
6.134900719750565656e+01 1.043389523203832825e+00
6.591702820418606734e+01 1.043664423328190649e+00
7.048504921093302755e+01 1.048500803063916464e+00
7.505307021761343833e+01 1.049737062407473331e+00
7.962109122436039854e+01 1.049567471142779596e+00
8.418911223110737296e+01 1.050728242018768244e+00
8.875713323778776953e+01 1.055520351045269534e+00
9.332515424453474395e+01 1.057256962981796278e+00
9.789317525121514052e+01 1.055376670392377036e+00
1.024611962579621149e+02 1.052507903455477845e+00
1.070292172647090894e+02 1.051399051666370044e+00
1.115972382713895001e+02 1.050790817411287437e+00
1.161652592781364604e+02 1.049815355918193971e+00
1.207332802848168569e+02 1.051816798337029013e+00
1.253013012915638171e+02 1.053478318466564589e+00
1.298693222983108058e+02 1.057680524079122053e+00
1.344373433049912023e+02 1.058628863533404685e+00
1.390053643117381625e+02 1.057782041732290734e+00
1.435733853184185591e+02 1.057172496995254507e+00
1.481414063251655477e+02 1.056455021627812130e+00
1.527094273319125080e+02 1.056898916648625120e+00
1.572774483385929045e+02 1.057550180955085350e+00
1.618454693453398647e+02 1.059059746358021359e+00
1.664134903520202897e+02 1.061883577204677520e+00
1.709815113587672499e+02 1.061697899684645563e+00
1.755495323655142101e+02 1.064041679362295101e+00
1.801175533721946067e+02 1.063327680375816042e+00
1.846855743789415953e+02 1.062570100467515433e+00
1.892535953856219919e+02 1.061550852144686585e+00
1.938216163923689521e+02 1.064962524667673049e+00
1.983896373991159408e+02 1.067631689977304177e+00
2.029576584057963373e+02 1.064551208805842863e+00
2.075256794125432975e+02 1.064053463862308035e+00
2.120937004192902577e+02 1.061905478367956901e+00
2.166617214259706827e+02 1.065151184040303178e+00
2.212297424327176429e+02 1.061640222001225764e+00
2.257977634393980395e+02 1.062472650813617747e+00
2.303657844461449997e+02 1.060310986126618671e+00
2.349338054528919884e+02 1.062106328718130044e+00
2.395018264595723849e+02 1.060843159565574068e+00
2.440698474663193451e+02 1.059340140394264607e+00
2.486378684730663053e+02 1.059773747449203940e+00
2.532058894797467019e+02 1.060014799772450944e+00
2.577739104864936621e+02 1.059708936183634931e+00
2.623419314931741155e+02 1.059025331963425742e+00
2.669099524999210757e+02 1.056963270804961441e+00
2.714779735066680360e+02 1.056088753787093992e+00
2.760459945133484325e+02 1.051436504022319696e+00
2.806140155200953927e+02 1.049987597016240670e+00
2.851820365267757893e+02 1.049626230433811314e+00
2.897500575335227495e+02 1.048180296471362682e+00
2.943180785402697666e+02 1.046910098897512853e+00
2.988860995469501631e+02 1.044978444755561897e+00
3.034541205536971233e+02 1.045294314628108623e+00
3.080221415604440836e+02 1.043493573599979074e+00
3.125901625671244801e+02 1.041938269618678303e+00
3.171581835738714403e+02 1.040357825477788767e+00
3.217262045805518369e+02 1.038529600624125804e+00
3.262942255872987971e+02 1.038634192550148327e+00
3.308622465940458142e+02 1.036487194745442819e+00
3.354302676007262107e+02 1.036465774206741797e+00
3.399982886074731709e+02 1.035420260976858797e+00
3.445663096142201312e+02 1.034649574231063296e+00
3.491343306209005277e+02 1.033764247384548751e+00
3.537023516276474879e+02 1.032818783869288382e+00
3.582703726343278845e+02 1.035600379019683714e+00
3.628383936410748447e+02 1.035769462684887232e+00
3.674064146478218618e+02 1.035076173006662659e+00
3.719744356545022583e+02 1.035660359060974089e+00
3.765424566612492185e+02 1.037565534715289006e+00
3.811104776679961788e+02 1.038010980352851220e+00
3.856784986746765753e+02 1.035516858737651091e+00
3.902465196814235355e+02 1.033324156584133791e+00
3.948145406881039321e+02 1.032051006172726604e+00
3.993825616948509492e+02 1.031199399525500437e+00
4.039505827015979094e+02 1.031612679336338489e+00
4.085186037082783059e+02 1.031151747246515926e+00
4.130866247150252661e+02 1.029361510030942783e+00
4.176546457217056627e+02 1.026780480213839608e+00
4.222226667284526229e+02 1.025391903465068255e+00
4.267906877351995831e+02 1.029994487331274966e+00
4.313587087418799797e+02 1.032406567282767584e+00
4.359267297486269968e+02 1.035586785065940374e+00
4.404947507553073933e+02 1.034189669748760254e+00
4.450627717620543535e+02 1.035263593065299803e+00
4.496307927688013137e+02 1.036065541689822567e+00
4.541988137754817103e+02 1.036287558839338319e+00
4.587668347822286705e+02 1.036878516402111927e+00
4.633348557889090671e+02 1.034996720780971602e+00
4.679028767956560273e+02 1.036386041660269486e+00
4.724708978024030444e+02 1.038456660413392685e+00
4.770389188090834409e+02 1.041015126941905011e+00
4.816069398158304011e+02 1.040125186257758516e+00
4.861749608225107977e+02 1.035344450398762772e+00
4.907429818292577579e+02 1.033631299932305181e+00
4.953110028360047181e+02 1.034110444790106387e+00
4.998790238426851147e+02 1.036420020362015748e+00
5.044470448494321317e+02 1.039046293311268299e+00
5.090150658561125283e+02 1.039923100414739565e+00
5.135830868628594317e+02 1.038056417331517878e+00
5.181511078696064487e+02 1.035586820956685417e+00
5.227191288762868453e+02 1.032278268562852874e+00
5.272871498830338624e+02 1.034858907317660170e+00
5.318551708897142589e+02 1.036654088147126229e+00
5.364231918964611623e+02 1.040480073773854430e+00
5.409912129032081793e+02 1.040113688590129870e+00
5.455592339098885759e+02 1.031998538684054667e+00
5.501272549166354793e+02 1.026908572697304178e+00
5.546952759233158758e+02 1.029812980177249981e+00
5.592632969300628929e+02 1.037319456071979173e+00
5.638313179368099100e+02 1.039762344461905741e+00
5.683993389434903065e+02 1.038182490815302117e+00
5.729673599502372099e+02 1.037148949961040900e+00
5.775353809569176065e+02 1.035042570061553535e+00
5.821034019636646235e+02 1.031298457550406056e+00
5.866714229704115269e+02 1.030103053606694630e+00
5.912394439770919234e+02 1.027124140681583642e+00
5.958074649838389405e+02 1.026003167208652256e+00
6.003754859905193371e+02 1.027534941240977107e+00
6.049435069972663541e+02 1.029984117470689853e+00
6.095115280040132575e+02 1.031808054450455758e+00
6.140795490106936541e+02 1.026736846191056429e+00
6.186475700174406711e+02 1.026298025193000285e+00
6.232155910241210677e+02 1.024942233837881078e+00
6.277836120308680847e+02 1.027231093162754405e+00
6.323516330376149881e+02 1.030437974104188470e+00
6.369196540442953847e+02 1.031327124569808573e+00
6.414876750510424017e+02 1.030373775552182680e+00
6.460556960577227983e+02 1.029092892904297285e+00
6.506237170644697017e+02 1.030340904763079379e+00
6.551917380712167187e+02 1.034294832301384304e+00
6.597597590778971153e+02 1.032858461206008771e+00
6.643277800846441323e+02 1.031835708505695948e+00
6.688958010913245289e+02 1.027080679263463026e+00
6.734638220980714323e+02 1.025784630675578457e+00
6.780318431048184493e+02 1.023248249341008886e+00
6.825998641114988459e+02 1.022249986185253645e+00
6.871678851182457493e+02 1.020575641587318616e+00
6.917359061249261458e+02 1.021121991302417653e+00
6.963039271316731629e+02 1.020978569305649897e+00
7.008719481384201799e+02 1.021104339715445120e+00
7.054399691451005765e+02 1.021602952433492417e+00
7.100079901518474799e+02 1.020345799907204309e+00
7.145760111585278764e+02 1.020255234906282338e+00
7.191440321652748935e+02 1.017165865680302206e+00
7.237120531720217969e+02 1.018505726378180043e+00
7.282800741787021934e+02 1.020539567195707376e+00
7.328480951854492105e+02 1.021301931282323494e+00
7.374161161921296070e+02 1.021265565182602586e+00
7.419841371988766241e+02 1.018707368595642038e+00
7.465521582056235275e+02 1.021704245041936021e+00
7.511201792123039240e+02 1.021751280944272366e+00
7.556882002190509411e+02 1.023631900691308827e+00
7.602562212257313377e+02 1.022356379047399288e+00
7.648242422324782410e+02 1.025162579933028839e+00
7.693922632392252581e+02 1.023216703619899137e+00
7.739602842459056546e+02 1.021153821609838586e+00
7.785283052526526717e+02 1.019634058236609464e+00
7.830963262593330683e+02 1.019511310385913250e+00
7.876643472660799716e+02 1.018573515349278980e+00
7.922323682728269887e+02 1.016677515165611112e+00
7.968003892795073853e+02 1.017022993286900601e+00
8.013684102862542886e+02 1.016664428802073417e+00
8.059364312930013057e+02 1.016984156861894917e+00
8.105044522996817022e+02 1.014376594279800203e+00
8.150724733064287193e+02 1.014598609359723014e+00
8.196404943131091159e+02 1.013903723812063618e+00
8.242085153198560192e+02 1.018862917594750117e+00
8.287765363266030363e+02 1.020255620093091009e+00
8.333445573332834329e+02 1.022409436988975129e+00
8.379125783400304499e+02 1.018076785339872004e+00
8.424805993467773533e+02 1.017476335417654809e+00
8.470486203534577498e+02 1.016799522888012008e+00
8.516166413602047669e+02 1.020195783380131616e+00
8.561846623668851635e+02 1.020963464979293578e+00
8.607526833736320668e+02 1.019306335927960161e+00
8.653207043803790839e+02 1.016406091972082093e+00
8.698887253870594805e+02 1.014711760960115727e+00
8.744567463938064975e+02 1.014350671047812513e+00
8.790247674005534009e+02 1.011732627758609171e+00
8.835927884072337974e+02 1.012639493752051978e+00
8.881608094139808145e+02 1.013326654999180620e+00
8.927288304206612111e+02 1.014749977972958961e+00
8.972968514274081144e+02 1.014434981497326360e+00
9.018648724341551315e+02 1.013145928068600599e+00
9.064328934408355281e+02 1.012526028870865957e+00
9.110009144475825451e+02 1.010089946609317169e+00
9.155689354542629417e+02 1.009426124704684069e+00
9.201369564610098450e+02 1.008356846270430651e+00
9.247049774677568621e+02 1.008685751160707467e+00
9.292729984744372587e+02 1.007353620598071986e+00
9.338410194811841620e+02 1.007585903215537426e+00
9.384090404879311791e+02 1.009996886958409279e+00
9.429770614946115757e+02 1.011341050699684274e+00
9.475450825013585927e+02 1.014733821755309462e+00
9.521131035080389893e+02 1.011711771067401289e+00
9.566811245147858926e+02 1.010918382301421614e+00
9.612491455215329097e+02 1.008433013356314634e+00
9.658171665282133063e+02 1.008342992051704412e+00
9.703851875349602096e+02 1.009091990144042938e+00
9.749532085417072267e+02 1.011586191188636574e+00
9.795212295483876233e+02 1.014414878186433500e+00
9.840892505551346403e+02 1.015483532437428948e+00
9.886572715618150369e+02 1.012646186132466708e+00
9.932252925685619402e+02 1.011270144348486610e+00
9.977933135753089573e+02 1.008566795291547580e+00
1.002361334581989354e+03 1.010114579887120501e+00
1.006929355588736371e+03 1.009873487682473980e+00
1.011497376595416654e+03 1.012536951490687898e+00
1.016065397602163785e+03 1.011062139620473088e+00
1.020633418608910688e+03 1.010172817950585111e+00
1.025201439615590971e+03 1.008676780580913146e+00
1.029769460622338102e+03 1.008355788237395245e+00
1.034337481629018384e+03 1.009504649449960878e+00
1.038905502635765288e+03 1.009258986763938992e+00
1.043473523642512419e+03 1.011034225086139715e+00
1.048041544649192701e+03 1.010486382035802988e+00
1.052609565655939832e+03 1.010878491693044223e+00
1.057177586662620115e+03 1.010688808987348919e+00
1.061745607669367018e+03 1.010318360624940626e+00
1.066313628676114149e+03 1.008466770179211380e+00
1.070881649682794432e+03 1.008273049948722244e+00
1.075449670689541335e+03 1.005117333267814272e+00
1.080017691696221846e+03 1.002057998725338850e+00
1.084585712702968749e+03 1.001614488204078723e+00
1.089153733709715880e+03 1.003644026414121981e+00
1.093721754716396163e+03 1.007680126559876044e+00
1.098289775723143066e+03 1.003922052567797207e+00
1.102857796729823576e+03 1.004592900770224562e+00
1.107425817736570480e+03 1.003719097894077095e+00
1.111993838743317383e+03 1.007923285802917235e+00
1.116561859749997893e+03 1.006895883402497249e+00
1.121129880756744797e+03 1.006835630014165872e+00
1.125697901763425307e+03 1.004540606816021864e+00
1.130265922770172210e+03 1.004524858022098899e+00
1.134833943776919114e+03 1.004457757635994541e+00
1.139401964783599624e+03 1.003509053244670213e+00
1.143969985790346527e+03 1.000347631402860316e+00
1.148538006797027037e+03 1.001563982602685199e+00
1.153106027803773941e+03 1.004550157507386077e+00
1.157674048810520844e+03 1.007813324058285387e+00
1.162242069817201354e+03 1.007621081848772748e+00
1.166810090823948258e+03 1.005982463110209890e+00
1.171378111830628768e+03 1.005232501377387733e+00
1.175946132837375671e+03 1.006236074164386762e+00
1.180514153844122575e+03 1.006232801356153006e+00
1.185082174850803085e+03 1.006550406809878950e+00
1.189650195857549988e+03 1.004077949061259689e+00
1.194218216864230499e+03 1.005374831817637871e+00
1.198786237870977402e+03 1.005636802366780103e+00
1.203354258877724305e+03 1.004641312476261872e+00
1.207922279884404816e+03 1.004841622185684402e+00
1.212490300891151719e+03 1.005175503413700655e+00
1.217058321897832002e+03 1.007909133954437264e+00
1.221626342904579133e+03 1.005343474667824921e+00
1.226194363911326036e+03 1.002777172606746037e+00
1.230762384918006546e+03 9.998333790775481011e-01
1.235330405924753450e+03 9.998388285874852954e-01
1.239898426931433733e+03 1.001914939500352375e+00
1.244466447938180863e+03 1.001944018844975970e+00
1.249034468944927767e+03 1.001683898321933386e+00
1.253602489951608050e+03 1.000419504683198513e+00
1.258170510958355180e+03 1.001213491537290112e+00
1.262738531965035463e+03 1.001283789945356828e+00
1.267306552971782594e+03 1.001533369468423418e+00
1.271874573978529497e+03 1.001638719065605754e+00
1.276442594985209780e+03 1.001398726124572702e+00
1.281010615991956911e+03 1.002104459312969764e+00
1.285578636998637194e+03 1.001232938561770425e+00
1.290146658005384097e+03 9.991409813939450268e-01
1.294714679012131228e+03 9.970419989922447712e-01
1.299282700018811511e+03 9.974273057241210827e-01
1.303850721025558641e+03 9.986258379356817150e-01
1.308418742032238924e+03 9.985205199564006762e-01
1.312986763038985828e+03 9.988642489659772528e-01
1.317554784045732958e+03 9.990857304210672973e-01
1.322122805052413241e+03 1.002195677549025277e+00
1.326690826059160372e+03 1.000990032549907482e+00
1.331258847065840655e+03 1.000593198854820232e+00
1.335826868072587558e+03 9.988813637750505459e-01
1.340394889079334689e+03 9.990483849610048983e-01
1.344962910086014972e+03 9.991985899592918940e-01
1.349530931092761875e+03 9.991095595259290585e-01
1.354098952099442386e+03 1.000158418440453945e+00
1.358666973106189289e+03 9.997686371192079369e-01
1.363234994112936420e+03 1.001189930985106002e+00
1.367803015119616703e+03 1.001644370803129958e+00
1.372371036126363606e+03 1.005050252372370778e+00
1.376939057133110737e+03 1.003335647810066122e+00
1.381507078139791020e+03 1.003860992204560487e+00
1.386075099146537923e+03 1.003465641642947048e+00
1.390643120153218433e+03 1.005158834179458838e+00
1.395211141159965337e+03 1.003146132151755410e+00
1.399779162166712467e+03 1.004546572041855823e+00
1.404347183173392750e+03 1.003446051716234022e+00
1.408915204180139654e+03 1.007649792017105028e+00
1.413483225186820164e+03 1.003755200206342124e+00
1.418051246193567067e+03 1.004745950018673284e+00
1.422619267200313971e+03 1.002299477225051305e+00
1.427187288206994481e+03 1.002481042965579716e+00
1.431755309213741384e+03 1.001789397301839246e+00
1.436323330220488515e+03 1.001001237021682755e+00
1.440891351227168798e+03 1.003056218917436127e+00
1.445459372233915701e+03 1.003214202043561043e+00
1.450027393240596211e+03 1.003370666057132210e+00
1.454595414247343115e+03 1.003392375164670058e+00
1.459163435254090018e+03 1.003156848056505623e+00
1.463731456260770528e+03 1.005028181557501510e+00
1.468299477267517432e+03 1.005980422443333966e+00
1.472867498274264562e+03 1.007141009368903495e+00
1.477435519280944845e+03 1.007801642326171532e+00
1.482003540287691749e+03 1.006301624276223494e+00
1.486571561294372259e+03 1.006001699002922578e+00
1.491139582301119162e+03 1.003123210179410307e+00
1.495707603307866066e+03 1.005353012920636502e+00
1.500275624314546576e+03 1.007447893889434454e+00
1.504843645321293479e+03 1.010193429710208646e+00
1.509411666328040610e+03 1.008888414812683321e+00
1.513979687334720893e+03 1.007625488083779830e+00
1.518547708341467796e+03 1.006386459097673880e+00
1.523115729348148307e+03 1.007063873974819446e+00
1.527683750354895210e+03 1.005767385821400239e+00
1.532251771361642113e+03 1.004750433580132496e+00
1.536819792368322624e+03 1.002188341975814412e+00
1.541387813375069527e+03 1.001981567624966374e+00
1.545955834381750037e+03 1.002224351554408033e+00
1.550523855388496941e+03 1.002034036302840603e+00
1.555091876395243844e+03 1.001695936276860266e+00
1.559659897401924354e+03 1.002274547445911823e+00
1.564227918408671258e+03 1.001816116142928648e+00
1.568795939415418161e+03 1.000836983752227072e+00
1.573363960422098671e+03 9.990662541654273809e-01
1.577931981428845575e+03 1.001099472305782001e+00
1.582500002435526085e+03 1.003749955081161715e+00
1.587068023442272988e+03 1.004982427541563084e+00
1.591636044449019892e+03 1.003217471006071948e+00
1.596204065455700402e+03 9.989323074795114499e-01
1.600772086462447305e+03 9.974147620694490124e-01
1.605340107469127815e+03 9.956733188583181127e-01
1.609908128475874719e+03 9.970108847899913362e-01
1.614476149482621622e+03 9.961832560613856913e-01
1.619044170489302132e+03 1.000062565180996899e+00
1.623612191496049036e+03 1.000932407981508732e+00
1.628180212502729546e+03 1.002602395149817083e+00
1.632748233509476449e+03 1.003685214579339346e+00
1.637316254516223353e+03 1.002688797494632356e+00
1.641884275522903863e+03 1.002601915658677401e+00
1.646452296529650766e+03 1.000978777316087642e+00
1.651020317536331277e+03 1.001942668075002985e+00
1.655588338543078180e+03 1.001735834386484614e+00
1.660156359549825083e+03 9.992297981848802246e-01
1.664724380556505594e+03 9.970322012671886114e-01
1.669292401563252497e+03 9.997587847880140544e-01
1.673860422569932780e+03 1.000198776895672381e+00
1.678428443576679911e+03 1.001837427517709100e+00
1.682996464583426814e+03 9.989263314309558828e-01
1.687564485590107324e+03 1.000164165405218908e+00
1.692132506596854228e+03 1.001660335658395296e+00
1.696700527603534510e+03 1.002571425371570513e+00
1.701268548610281641e+03 1.002583226565055385e+00
1.705836569617028545e+03 1.001615126176564674e+00
1.710404590623708827e+03 1.001729341651563798e+00
1.714972611630455958e+03 1.001929416737955991e+00
1.719540632637136241e+03 1.003071101326099779e+00
1.724108653643883372e+03 1.003304806463878096e+00
1.728676674650630275e+03 1.002647276130232967e+00
1.733244695657310558e+03 1.002182534417329407e+00
1.737812716664057689e+03 9.990533248534347877e-01
1.742380737670737972e+03 1.000662787955396427e+00
1.746948758677485102e+03 9.999178096416017070e-01
1.751516779684232006e+03 1.003491594293980826e+00
1.756084800690912289e+03 1.002467639141324751e+00
1.760652821697659419e+03 9.995394302669637909e-01
1.765220842704339702e+03 9.972359055883922574e-01
1.769788863711086606e+03 9.949360683493372326e-01
1.774356884717833736e+03 9.963949705252540534e-01
1.778924905724514019e+03 9.975928337356663178e-01
1.783492926731261150e+03 9.986459882701032020e-01
1.788060947737941433e+03 9.997183842293679845e-01
1.792628968744688336e+03 9.969373714250574503e-01
1.797196989751435467e+03 9.969398229326694727e-01
1.801765010758115750e+03 9.980340194077067517e-01
1.806333031764862653e+03 1.001225488439558831e+00
1.810901052771543164e+03 1.003118518078660371e+00
1.815469073778290067e+03 1.004960701282508806e+00
1.820037094785037198e+03 1.004033335351626421e+00
1.824605115791717481e+03 1.000570082906582003e+00
1.829173136798464384e+03 9.965326032999731742e-01
1.833741157805144894e+03 9.964701104195986536e-01
1.838309178811891798e+03 9.979768942279179100e-01
1.842877199818638701e+03 9.995109476674693960e-01
1.847445220825319211e+03 1.000691997941847378e+00
1.852013241832066115e+03 1.001200767689624627e+00
1.856581262838746625e+03 1.002216863072969089e+00
1.861149283845493528e+03 1.001502977964908725e+00
1.865717304852240432e+03 1.001531620517122745e+00
1.870285325858920942e+03 1.000480150391808820e+00
1.874853346865667845e+03 9.995457542405574713e-01
1.879421367872348355e+03 9.982502022809663922e-01
1.883989388879095259e+03 9.979981965547040090e-01
1.888557409885842162e+03 9.980911941568516577e-01
1.893125430892522672e+03 1.000649547603226663e+00
1.897693451899269576e+03 1.001663034982887668e+00
1.902261472905950086e+03 1.003541065935564802e+00
1.906829493912696989e+03 1.003357792644313351e+00
1.911397514919443893e+03 1.002903974077942850e+00
1.915965535926124403e+03 1.002137694390323075e+00
1.920533556932871306e+03 1.002077805735818172e+00
1.925101577939551817e+03 1.001738988208899173e+00
1.929669598946298720e+03 1.001958147344718553e+00
1.934237619953045623e+03 1.001071318079539196e+00
1.938805640959726134e+03 1.002256848103494802e+00
1.943373661966473037e+03 1.001484390600088092e+00
1.947941682973153320e+03 1.001403038510602528e+00
1.952509703979900451e+03 1.000379601383504680e+00
1.957077724986647354e+03 1.001766161290030821e+00
1.961645745993327864e+03 1.000531132045049842e+00
1.966213767000074768e+03 1.000720602667494630e+00
1.970781788006821671e+03 9.993096839525227315e-01
1.975349809013502181e+03 9.991769524333070640e-01
1.979917830020249085e+03 1.000352344444498387e+00
1.984485851026929367e+03 1.000227463163166020e+00
1.989053872033676498e+03 1.001605900675372141e+00
1.993621893040423402e+03 1.000684894397750213e+00
