-1.994260445826881323e+03 1.025066459673168673e+00
-1.989692424820200813e+03 1.024895635777562930e+00
-1.985124403813453910e+03 1.022536758886502861e+00
-1.980556382806740203e+03 1.022947596341957643e+00
-1.975988361800026496e+03 1.023870514048404123e+00
-1.971420340793279593e+03 1.026033992533821104e+00
-1.966852319786565886e+03 1.023950599146635554e+00
-1.962284298779852179e+03 1.021676662789288814e+00
-1.957716277773138472e+03 1.019939887803483103e+00
-1.953148256766424765e+03 1.021913656862995623e+00
-1.948580235759677862e+03 1.023695373638637163e+00
-1.944012214752964155e+03 1.023354288742160279e+00
-1.939444193746250448e+03 1.021917353964403530e+00
-1.934876172739536742e+03 1.020911578165146549e+00
-1.930308151732823035e+03 1.021106139705269866e+00
-1.925740130726076131e+03 1.022515728537439772e+00
-1.921172109719362425e+03 1.021729689190163270e+00
-1.916604088712648718e+03 1.021818573432566213e+00
-1.912036067705935011e+03 1.022794399490274175e+00
-1.907468046699188108e+03 1.024474689306586583e+00
-1.902900025692474401e+03 1.025426960584794100e+00
-1.898332004685760694e+03 1.023283574973966381e+00
-1.893763983679046987e+03 1.020989331044713566e+00
-1.889195962672333280e+03 1.019510488670007931e+00
-1.884627941665586377e+03 1.019424388337610621e+00
-1.880059920658872670e+03 1.020415620837076487e+00
-1.875491899652158963e+03 1.020843452584211830e+00
-1.870923878645412060e+03 1.022402591226699853e+00
-1.866355857638731777e+03 1.022088345120057085e+00
-1.861787836631984646e+03 1.021813741802503728e+00
-1.857219815625270940e+03 1.020515547171156667e+00
-1.852651794618557233e+03 1.019840362135925771e+00
-1.848083773611810329e+03 1.020522479794645276e+00
-1.843515752605130047e+03 1.020812138580796669e+00
-1.838947731598382916e+03 1.020633702468944248e+00
-1.834379710591669209e+03 1.020985581304299616e+00
-1.829811689584955730e+03 1.021869843347730011e+00
-1.825243668578208599e+03 1.020829236692809561e+00
-1.820675647571528316e+03 1.019726023389222691e+00
-1.816107626564781185e+03 1.017565704538964555e+00
-1.811539605558034282e+03 1.019976274871342126e+00
-1.806971584551353999e+03 1.018353043204423214e+00
-1.802403563544606868e+03 1.018719318769740312e+00
-1.797835542537926585e+03 1.017192279290860313e+00
-1.793267521531179682e+03 1.019781359518378450e+00
-1.788699500524432551e+03 1.020110946807783137e+00
-1.784131479517752268e+03 1.019748599148935453e+00
-1.779563458511005138e+03 1.017309803916534916e+00
-1.774995437504324855e+03 1.018126485269346349e+00
-1.770427416497577951e+03 1.021116261828325378e+00
-1.765859395490830821e+03 1.022683959881272697e+00
-1.761291374484150538e+03 1.021418369858669850e+00
-1.756723353477403634e+03 1.018062348676854301e+00
-1.752155332470723124e+03 1.015775055381553216e+00
-1.747587311463976221e+03 1.014463127587160729e+00
-1.743019290457229090e+03 1.012856695414688035e+00
-1.738451269450548807e+03 1.012595335994433299e+00
-1.733883248443801904e+03 1.012757880095572771e+00
-1.729315227437121393e+03 1.012662807274402610e+00
-1.724747206430374490e+03 1.009477849303235475e+00
-1.720179185423627587e+03 1.007012408184453589e+00
-1.715611164416947076e+03 1.007272520953089723e+00
-1.711043143410200173e+03 1.008017698974934317e+00
-1.706475122403486466e+03 1.009486564595150071e+00
-1.701907101396772759e+03 1.007117394815921330e+00
-1.697339080390025856e+03 1.007432201805566363e+00
-1.692771059383345346e+03 1.006041797297934748e+00
-1.688203038376598442e+03 1.005787945467285338e+00
-1.683635017369884736e+03 1.006838894213998969e+00
-1.679066996363171029e+03 1.007376231810676925e+00
-1.674498975356424125e+03 1.006884239610333909e+00
-1.669930954349710419e+03 1.004074006200331270e+00
-1.665362933342996712e+03 1.002371279423674766e+00
-1.660794912336283005e+03 1.002527850554334465e+00
-1.656226891329569298e+03 1.003177669211656964e+00
-1.651658870322822395e+03 1.004886963324707949e+00
-1.647090849316108688e+03 1.004413382563744905e+00
-1.642522828309394981e+03 1.004598955528716031e+00
-1.637954807302681274e+03 1.003521264195844198e+00
-1.633386786295967568e+03 1.004452176398719532e+00
-1.628818765289220664e+03 1.005196737936486784e+00
-1.624250744282506957e+03 1.004220617141119876e+00
-1.619682723275793251e+03 1.004986962923898774e+00
-1.615114702269079544e+03 1.005846729426878028e+00
-1.610546681262332640e+03 1.003223159102328621e+00
-1.605978660255618934e+03 1.000968208974725826e+00
-1.601410639248905227e+03 9.984509712708463658e-01
-1.596842618242191520e+03 1.001832369741923801e+00
-1.592274597235477813e+03 1.005145587132995955e+00
-1.587706576228730910e+03 1.005346605382977598e+00
-1.583138555222017203e+03 1.006123484759039455e+00
-1.578570534215303496e+03 1.001796419190464915e+00
-1.574002513208556593e+03 1.001451047910578041e+00
-1.569434492201876083e+03 1.000180092135110499e+00
-1.564866471195129179e+03 1.002867093697138445e+00
-1.560298450188415472e+03 1.004617787681406638e+00
-1.555730429181701766e+03 1.005158176918006463e+00
-1.551162408174954862e+03 1.004792653732290431e+00
-1.546594387168274352e+03 1.004994110563714571e+00
-1.542026366161527449e+03 1.004029929776763197e+00
-1.537458345154780545e+03 1.005076837295106884e+00
-1.532890324148100035e+03 1.004485374363866867e+00
-1.528322303141353132e+03 1.005064244579590538e+00
-1.523754282134672621e+03 1.005068340104590563e+00
-1.519186261127925718e+03 1.007004301044569727e+00
-1.514618240121178815e+03 1.006854667320898900e+00
-1.510050219114498304e+03 1.005095826250894220e+00
-1.505482198107751401e+03 1.004510776455414200e+00
-1.500914177101071118e+03 1.006166964370090566e+00
-1.496346156094323987e+03 1.006717245498511604e+00
-1.491778135087577084e+03 1.005264254247909550e+00
-1.487210114080896574e+03 1.003920654918905031e+00
-1.482642093074149670e+03 1.005356197288572728e+00
-1.478074072067469388e+03 1.006256625916999381e+00
-1.473506051060722257e+03 1.007612322854607667e+00
-1.468938030053975353e+03 1.005717531553562027e+00
-1.464370009047295071e+03 1.005382686305660966e+00
-1.459801988040547940e+03 1.005418905565202747e+00
-1.455233967033867657e+03 1.008595292711068625e+00
-1.450665946027120526e+03 1.009485589379802262e+00
-1.446097925020373623e+03 1.008461752469230532e+00
-1.441529904013693340e+03 1.004573861105569677e+00
-1.436961883006946209e+03 1.004587094892192001e+00
-1.432393862000265926e+03 1.003992151864726567e+00
-1.427825840993519023e+03 1.006103583117725409e+00
-1.423257819986771892e+03 1.004903218488744754e+00
-1.418689798980091609e+03 1.006354384524072998e+00
-1.414121777973344479e+03 1.005755986816211589e+00
-1.409553756966630999e+03 1.007445811421121107e+00
-1.404985735959917292e+03 1.008063018071652550e+00
-1.400417714953170162e+03 1.008047500079489511e+00
-1.395849693946489879e+03 1.007054437823995841e+00
-1.391281672939742975e+03 1.003469663821988433e+00
-1.386713651933029269e+03 1.003632969813101683e+00
-1.382145630926315562e+03 1.002695692027951280e+00
-1.377577609919568431e+03 1.003057851008340551e+00
-1.373009588912854952e+03 1.002327683016214221e+00
-1.368441567906141245e+03 1.002534171628345350e+00
-1.363873546899427538e+03 1.003097977419789233e+00
-1.359305525892713831e+03 1.002496069315422345e+00
-1.354737504885966928e+03 1.003115414036604536e+00
-1.350169483879253221e+03 1.003159130725369552e+00
-1.345601462872539514e+03 1.005744320350913767e+00
-1.341033441865825807e+03 1.005881696399977043e+00
-1.336465420859112101e+03 1.007561514039754913e+00
-1.331897399852365197e+03 1.005818142555407801e+00
-1.327329378845651490e+03 1.005228948070604700e+00
-1.322761357838937784e+03 1.005414821198826303e+00
-1.318193336832224077e+03 1.005259690220374980e+00
-1.313625315825477173e+03 1.004752499091324580e+00
-1.309057294818763467e+03 1.001909994792223868e+00
-1.304489273812049760e+03 1.002017313141540855e+00
-1.299921252805336053e+03 1.002057037156949493e+00
-1.295353231798622346e+03 1.000949019901185011e+00
-1.290785210791875443e+03 9.997100470898582225e-01
-1.286217189785161736e+03 9.994870971203889676e-01
-1.281649168778448029e+03 1.001589846385267490e+00
-1.277081147771701126e+03 1.001822636174523495e+00
-1.272513126765020615e+03 9.998859231450012430e-01
-1.267945105758273712e+03 1.000042329747941494e+00
-1.263377084751560005e+03 1.000811483762182208e+00
-1.258809063744846299e+03 1.001945877575186161e+00
-1.254241042738099395e+03 1.001958398856326538e+00
-1.249673021731418885e+03 1.001146153296720742e+00
-1.245105000724671982e+03 1.002306691059042576e+00
-1.240536979717925078e+03 1.000366312610149633e+00
-1.235968958711244568e+03 1.000987753245870637e+00
-1.231400937704497665e+03 1.000714192806251956e+00
-1.226832916697817154e+03 1.000593440787800548e+00
-1.222264895691070251e+03 1.000087224413031661e+00
-1.217696874684323348e+03 9.984263220471992772e-01
-1.213128853677642837e+03 9.987310923408946328e-01
-1.208560832670895934e+03 9.995662609364520668e-01
-1.203992811664215424e+03 1.000327825193892295e+00
-1.199424790657468520e+03 1.000115131952857839e+00
-1.194856769650721617e+03 9.987992260027075409e-01
-1.190288748644041107e+03 9.987913582276917168e-01
-1.185720727637294203e+03 9.986620306377460565e-01
-1.181152706630613693e+03 9.998027735206562738e-01
-1.176584685623866790e+03 9.988963753905674148e-01
-1.172016664617119886e+03 1.000889507354277841e+00
-1.167448643610439376e+03 1.000414941719697026e+00
-1.162880622603692473e+03 1.000567438614571758e+00
-1.158312601597012190e+03 9.987172232565532104e-01
-1.153744580590265059e+03 1.000288513039104599e+00
-1.149176559583518156e+03 1.001801590357037641e+00
-1.144608538576837645e+03 1.003328683143659417e+00
-1.140040517570090742e+03 1.001070479145605985e+00
-1.135472496563410459e+03 9.983193489640408425e-01
-1.130904475556663328e+03 9.970151198371581813e-01
-1.126336454549916425e+03 9.977228098339026019e-01
-1.121768433543235915e+03 9.999382321396504958e-01
-1.117200412536489011e+03 1.002436258124977941e+00
-1.112632391529775305e+03 1.002587166826316434e+00
-1.108064370523061598e+03 1.000868700871241801e+00
-1.103496349516314694e+03 9.992250626265596347e-01
-1.098928328509634412e+03 1.000562004687348461e+00
-1.094360307502887281e+03 1.002887139331107846e+00
-1.089792286496173574e+03 1.002309787206276726e+00
-1.085224265489459867e+03 9.994056326652488442e-01
-1.080656244482712964e+03 9.988762992120333584e-01
-1.076088223475999257e+03 9.987637039010147655e-01
-1.071520202469285550e+03 9.980858150497624592e-01
-1.066952181462571843e+03 9.964513759697884998e-01
-1.062384160455858364e+03 9.965714517529610239e-01
-1.057816139449111233e+03 9.984051353140444007e-01
-1.053248118442397526e+03 9.981858565366698022e-01
-1.048680097435683820e+03 9.984282429950420701e-01
-1.044112076428970340e+03 9.994967811911313893e-01
-1.039544055422256406e+03 1.001666129066127953e+00
-1.034976034415509730e+03 1.002420049211082187e+00
-1.030408013408795796e+03 1.000390480751273570e+00
-1.025839992402082316e+03 9.989411205434729490e-01
-1.021271971395368496e+03 9.970467838567458330e-01
-1.016703950388621593e+03 9.973441113529020186e-01
-1.012135929381907886e+03 9.980588638095184706e-01
-1.007567908375194179e+03 9.992481180377031924e-01
-1.002999887368480472e+03 9.997428918786775975e-01
-9.984318663617667653e+02 1.000293942794598934e+00
-9.938638453550198619e+02 1.000387017327360129e+00
-9.892958243483061551e+02 9.989368970434782113e-01
-9.847278033415924483e+02 9.969252439267677346e-01
-9.801597823348455449e+02 9.967699919024634037e-01
-9.755917613281651484e+02 9.983733605316729154e-01
-9.710237403214181313e+02 9.986752943771932678e-01
-9.664557193147044245e+02 9.984669034087497730e-01
-9.618876983079907177e+02 1.000797001609242898e+00
-9.573196773012438143e+02 1.002031258497813271e+00
-9.527516562945634178e+02 1.002463358872442312e+00
-9.481836352878164007e+02 1.000876675601830357e+00
-9.436156142810694973e+02 1.002584749517666296e+00
-9.390475932743891008e+02 1.003001719275905090e+00
-9.344795722676420837e+02 1.002523510032962806e+00
-9.299115512609616871e+02 1.001708321380552436e+00
-9.253435302542146701e+02 1.002967946461391646e+00
-9.207755092474677667e+02 1.001620396737621377e+00
-9.162074882407873702e+02 9.984881062822239528e-01
-9.116394672340403531e+02 9.951710589713798072e-01
-9.070714462273599565e+02 9.965280428080992570e-01
-9.025034252206130532e+02 9.995731312094449095e-01
-8.979354042138660361e+02 1.002639740899468279e+00
-8.933673832071856395e+02 1.001600832870612523e+00
-8.887993622004386225e+02 1.001150949127890044e+00
-8.842313411937582259e+02 1.000435937519436491e+00
-8.796633201870113226e+02 1.001274910908250604e+00
-8.750952991802643055e+02 9.992485373442434593e-01
-8.705272781735839089e+02 9.982248580402502958e-01
-8.659592571668370056e+02 9.943579359800006623e-01
-8.613912361601566090e+02 9.943559698568643634e-01
-8.568232151534095919e+02 9.936865036951777475e-01
-8.522551941466625749e+02 9.970539099909956349e-01
-8.476871731399821783e+02 9.968001063622580205e-01
-8.431191521332352750e+02 9.967972520078092202e-01
-8.385511311265548784e+02 9.967299774250003574e-01
-8.339831101198078613e+02 9.973048195128626503e-01
-8.294150891130609580e+02 9.995460805523256331e-01
-8.248470681063804477e+02 9.993855509856265362e-01
-8.202790470996335443e+02 1.000692209541909961e+00
-8.157110260929198375e+02 9.997314311027404310e-01
-8.111430050862061307e+02 1.000060433618898514e+00
-8.065749840794592274e+02 9.980141128385563443e-01
-8.020069630727788308e+02 9.960135851536430218e-01
-7.974389420660318137e+02 9.952280040388927773e-01
-7.928709210593181069e+02 9.981511018292508197e-01
-7.883029000526044001e+02 9.984251824534643438e-01
-7.837348790458574967e+02 9.996213271285986357e-01
-7.791668580391437899e+02 9.994244737475241891e-01
-7.745988370324300831e+02 1.000019240343419824e+00
-7.700308160257163763e+02 9.991232397237581608e-01
-7.654627950190027832e+02 9.988257773085630342e-01
-7.608947740122557661e+02 9.983535949306391322e-01
-7.563267530055420593e+02 9.982071753679330195e-01
-7.517587319988283525e+02 9.979927023361861993e-01
-7.471907109921147594e+02 9.987495151800279691e-01
-7.426226899853677423e+02 9.974087320742341944e-01
-7.380546689786540355e+02 9.978888923286982626e-01
-7.334866479719403287e+02 9.988703932465720081e-01
-7.289186269652267356e+02 1.002590216524557265e+00
-7.243506059585130288e+02 1.000772713432354522e+00
-7.197825849517660117e+02 9.996271932720143250e-01
-7.152145639450523049e+02 9.970383180182315064e-01
-7.106465429383387118e+02 9.979871760683067805e-01
-7.060785219316250050e+02 9.988731089839575361e-01
-7.015105009249112982e+02 1.000006452381228428e+00
-6.969424799181642811e+02 9.981338503391725681e-01
-6.923744589114506880e+02 9.985620839882661803e-01
-6.878064379047369812e+02 9.997799600587313762e-01
-6.832384168979899641e+02 1.002432645171476677e+00
-6.786703958913095676e+02 1.002330265521114372e+00
-6.741023748845626642e+02 1.002700135349906985e+00
-6.695343538778489574e+02 1.001643830930921242e+00
-6.649663328711352506e+02 1.002942230452958938e+00
-6.603983118643882335e+02 1.003666088675004175e+00
-6.558302908577078369e+02 1.004774727733547479e+00
-6.512622698509609336e+02 1.003301794575861550e+00
-6.466942488442139165e+02 1.001143378472174161e+00
-6.421262278375335200e+02 1.000425481888574497e+00
-6.375582068307866166e+02 1.000490982080179947e+00
-6.329901858241062200e+02 1.000645035559652340e+00
-6.284221648173592030e+02 1.001928937353454785e+00
-6.238541438106121859e+02 1.002183847490944801e+00
-6.192861228039317893e+02 1.004112082646239967e+00
-6.147181017971848860e+02 1.003752708997713627e+00
-6.101500807905044894e+02 1.005662106156137270e+00
-6.055820597837574724e+02 1.006443008317016163e+00
-6.010140387770105690e+02 1.007885914044796438e+00
-5.964460177703300587e+02 1.007877767737985097e+00
-5.918779967635831554e+02 1.007175911780507249e+00
-5.873099757569027588e+02 1.008550058237953406e+00
-5.827419547501557417e+02 1.008326073775246412e+00
-5.781739337434088384e+02 1.008981181822624196e+00
-5.736059127367284418e+02 1.008362249310873038e+00
-5.690378917299814248e+02 1.008366374772113661e+00
-5.644698707233010282e+02 1.007745887141936691e+00
-5.599018497165540111e+02 1.008281104344234791e+00
-5.553338287098071078e+02 1.011758564912023983e+00
-5.507658077031267112e+02 1.012608430720320030e+00
-5.461977866963796941e+02 1.011549236585930656e+00
-5.416297656896992976e+02 1.008224798421015977e+00
-5.370617446829523942e+02 1.006181156880908700e+00
-5.324937236762053772e+02 1.008651029195751336e+00
-5.279257026695249806e+02 1.010233729992175311e+00
-5.233576816627780772e+02 1.014432813145617729e+00
-5.187896606560643704e+02 1.014782675735792283e+00
-5.142216396493506636e+02 1.014786243313797742e+00
-5.096536186426036465e+02 1.012224076761337299e+00
-5.050855976359232500e+02 1.013552510719004429e+00
-5.005175766291762898e+02 1.014937478579118535e+00
-4.959495556224626398e+02 1.016011566346719519e+00
-4.913815346157489330e+02 1.014778273169099521e+00
-4.868135136090019728e+02 1.015704427745182103e+00
-4.822454926022882660e+02 1.019282614656977559e+00
-4.776774715955746160e+02 1.020806351697065795e+00
-4.731094505888609092e+02 1.021996101990964689e+00
-4.685414295821472024e+02 1.019962440798546366e+00
-4.639734085754002422e+02 1.019395894718456930e+00
-4.594053875686865922e+02 1.019431062452004655e+00
-4.548373665619728854e+02 1.020796616466327578e+00
-4.502693455552591786e+02 1.020734919244830508e+00
-4.457013245485122184e+02 1.020905157096005267e+00
-4.411333035417985684e+02 1.020990903343734546e+00
-4.365652825350848616e+02 1.022662695311377545e+00
-4.319972615283711548e+02 1.022636188623910813e+00
-4.274292405216575048e+02 1.022934210905551256e+00
-4.228612195149104878e+02 1.022280200203169898e+00
-4.182931985081968378e+02 1.023556533968341453e+00
-4.137251775014831310e+02 1.024429702752286175e+00
-4.091571564947694810e+02 1.026952982731093700e+00
-4.045891354880557742e+02 1.026573958101607786e+00
-4.000211144813088140e+02 1.029068548177633602e+00
-3.954530934745951072e+02 1.028674650708145011e+00
-3.908850724678814572e+02 1.029152974548821931e+00
-3.863170514611344402e+02 1.027829656321368246e+00
-3.817490304544540436e+02 1.027399297367651343e+00
-3.771810094477070834e+02 1.028054420248300405e+00
-3.726129884409934334e+02 1.029729849362827965e+00
-3.680449674342797266e+02 1.030838645987349311e+00
-3.634769464275327664e+02 1.031626079505978621e+00
-3.589089254208523698e+02 1.031806288113424896e+00
-3.543409044141054096e+02 1.031946569148525894e+00
-3.497728834073583926e+02 1.033631046219663174e+00
-3.452048624006779960e+02 1.033420704894391973e+00
-3.406368413939310358e+02 1.033785606245828603e+00
-3.360688203872506392e+02 1.034141696546233335e+00
-3.315007993805036790e+02 1.036199489928605999e+00
-3.269327783737567188e+02 1.039096880034738435e+00
-3.223647573670763222e+02 1.038873798086001443e+00
-3.177967363603293052e+02 1.037726139369605560e+00
-3.132287153536489086e+02 1.037605765990709417e+00
-3.086606943469019484e+02 1.038438447325934932e+00
-3.040926733401549882e+02 1.041307688658018149e+00
-2.995246523334745916e+02 1.042096716602675999e+00
-2.949566313267276314e+02 1.040960319901330422e+00
-2.903886103200472348e+02 1.039822596180575376e+00
-2.858205893133002746e+02 1.038696998015931738e+00
-2.812525683065532576e+02 1.042788952262337032e+00
-2.766845472998728610e+02 1.041617791845586227e+00
-2.721165262931259008e+02 1.041781782959598557e+00
-2.675485052864455042e+02 1.037050122705447164e+00
-2.629804842796985440e+02 1.036927590944098254e+00
-2.584124632729515838e+02 1.035845122342417879e+00
-2.538444422662711588e+02 1.037363738504041066e+00
-2.492764212595241986e+02 1.038513542364664088e+00
-2.447084002528438020e+02 1.038932525232136639e+00
-2.401403792460968418e+02 1.040511858001839984e+00
-2.355723582393498532e+02 1.041498569336567925e+00
-2.310043372326694566e+02 1.040092380939465100e+00
-2.264363162259224964e+02 1.035880359695265041e+00
-2.218682952192087896e+02 1.032103906932585913e+00
-2.173002742124951112e+02 1.030459242072633286e+00
-2.127322532057481510e+02 1.027574732643358857e+00
-2.081642321990677544e+02 1.022589474888168981e+00
-2.035962111923207658e+02 1.019358004214116820e+00
-1.990281901856070874e+02 1.016927874581710967e+00
-1.944601691788934090e+02 1.016073973172543221e+00
-1.898921481721464488e+02 1.012224384687518297e+00
-1.853241271654327420e+02 1.009814076484455425e+00
-1.807561061587190636e+02 1.007286795284945358e+00
-1.761880851520053852e+02 1.005218255245968750e+00
-1.716200641452917068e+02 1.002387596840302875e+00
-1.670520431385447182e+02 1.000297725134980054e+00
-1.624840221318310398e+02 9.977369406777635286e-01
-1.579160011251173614e+02 9.942296753840386137e-01
-1.533479801184036830e+02 9.904839401591137849e-01
-1.487799591116566944e+02 9.872273235298697491e-01
-1.442119381049430160e+02 9.846186967856548344e-01
-1.396439170982293376e+02 9.824619798308921181e-01
-1.350758960915156308e+02 9.782778569262594592e-01
-1.305078750848019808e+02 9.759401214421359327e-01
-1.259398540780549922e+02 9.725369133545314071e-01
-1.213718330713412996e+02 9.718211469376569767e-01
-1.168038120646276212e+02 9.682881821415586510e-01
-1.122357910579139286e+02 9.650797330515956673e-01
-1.076677700512002502e+02 9.613968911619016344e-01
-1.030997490444532758e+02 9.600542226710521154e-01
-9.853172803773959743e+01 9.597117747287029488e-01
-9.396370703102590483e+01 9.589603830197385159e-01
-8.939568602427894461e+01 9.585534124205045137e-01
-8.482766501759853384e+01 9.570313892489631380e-01
-8.025964401085157363e+01 9.551922807059819442e-01
-7.569162300413788103e+01 9.506042232086429067e-01
-7.112360199742420264e+01 9.456832876170816471e-01
-6.655558099067722821e+01 9.424559570919655016e-01
-6.198755998399683165e+01 9.403751535001371176e-01
-5.741953897724985723e+01 9.361566480458236583e-01
-5.285151797050288991e+01 9.321294695221998827e-01
-4.828349696382248624e+01 9.284397432962615548e-01
-4.371547595707551892e+01 9.264833698405254836e-01
-3.914745495039511525e+01 9.230696344003869180e-01
-3.457943394364814793e+01 9.204526252623281835e-01
-3.001141293690118061e+01 9.183760465294122932e-01
-2.544339193022077694e+01 9.179205265796781532e-01
-2.087537092347380963e+01 9.161092600389982854e-01
-1.630734991679340595e+01 9.145074476741493763e-01
-1.173932891004643864e+01 9.129177067604624662e-01
-7.171307903299469544e+00 9.128569555302116223e-01
-2.603286896619067647e+00 9.140421513359721084e-01
1.964734110127903222e+00 9.147066096775802180e-01
6.532755116808303342e+00 9.160034357815712847e-01
1.110077612355527421e+01 9.172244226682740864e-01
1.566879713030224508e+01 9.189204069925646090e-01
2.023681813698264165e+01 9.192995676011529449e-01
2.480483914372961607e+01 9.232959163763135857e-01
2.937286015041001264e+01 9.273839916897562707e-01
3.394088115715697995e+01 9.331133589652154114e-01
3.850890216390395437e+01 9.369917653684941561e-01
4.307692317058435094e+01 9.415293617462529019e-01
4.764494417733132536e+01 9.471865317423938668e-01
5.221296518401172193e+01 9.548918760696665231e-01
5.678098619075869635e+01 9.617781282420120315e-01
6.134900719750565656e+01 9.690231153923226648e-01
6.591702820418606734e+01 9.717263261816052600e-01
7.048504921093302755e+01 9.777831548285575991e-01
7.505307021761343833e+01 9.824497296843333061e-01
7.962109122436039854e+01 9.912434643959500136e-01
8.418911223110737296e+01 9.994323941878823225e-01
8.875713323778776953e+01 1.008925138876861638e+00
9.332515424453474395e+01 1.014910623684575741e+00
9.789317525121514052e+01 1.019315369696035534e+00
1.024611962579621149e+02 1.023313982422280333e+00
1.070292172647090894e+02 1.028604868641233905e+00
1.115972382713895001e+02 1.035431506842788396e+00
1.161652592781364604e+02 1.043598484098102519e+00
1.207332802848168569e+02 1.050487673492246588e+00
1.253013012915638171e+02 1.059041734083924213e+00
1.298693222983108058e+02 1.065526911940139598e+00
1.344373433049912023e+02 1.072543672194854025e+00
1.390053643117381625e+02 1.079189421051656383e+00
1.435733853184185591e+02 1.086586688306681481e+00
1.481414063251655477e+02 1.093611350933921811e+00
1.527094273319125080e+02 1.096472297321080758e+00
1.572774483385929045e+02 1.099322946127150091e+00
1.618454693453398647e+02 1.101157470730186105e+00
1.664134903520202897e+02 1.103660724088115330e+00
1.709815113587672499e+02 1.104932454648860585e+00
1.755495323655142101e+02 1.107146811717276025e+00
1.801175533721946067e+02 1.108421886243244670e+00
1.846855743789415953e+02 1.107618611561179023e+00
1.892535953856219919e+02 1.108399177092811216e+00
1.938216163923689521e+02 1.108844468450020715e+00
1.983896373991159408e+02 1.109164481095187282e+00
2.029576584057963373e+02 1.107184251235423744e+00
2.075256794125432975e+02 1.106925371002773772e+00
2.120937004192902577e+02 1.106671820476890389e+00
2.166617214259706827e+02 1.106273214660821624e+00
2.212297424327176429e+02 1.102732270266850945e+00
2.257977634393980395e+02 1.098994462197481425e+00
2.303657844461449997e+02 1.097487556421261390e+00
2.349338054528919884e+02 1.097688508704379728e+00
2.395018264595723849e+02 1.097366163298962194e+00
2.440698474663193451e+02 1.093388393628155653e+00
2.486378684730663053e+02 1.091785928583722809e+00
2.532058894797467019e+02 1.089855818448086211e+00
2.577739104864936621e+02 1.088569124889829709e+00
2.623419314931741155e+02 1.085024925532707130e+00
2.669099524999210757e+02 1.084529880612478792e+00
2.714779735066680360e+02 1.082952850509097287e+00
2.760459945133484325e+02 1.080266480884138902e+00
2.806140155200953927e+02 1.077730310372639222e+00
2.851820365267757893e+02 1.075463767954488503e+00
2.897500575335227495e+02 1.074619012742346058e+00
2.943180785402697666e+02 1.072482500086778145e+00
2.988860995469501631e+02 1.069952702892597474e+00
3.034541205536971233e+02 1.067658458153725176e+00
3.080221415604440836e+02 1.064120202626289258e+00
3.125901625671244801e+02 1.063658657692466702e+00
3.171581835738714403e+02 1.061305298004469932e+00
3.217262045805518369e+02 1.062628299487755612e+00
3.262942255872987971e+02 1.062463803971695597e+00
3.308622465940458142e+02 1.064446852219361972e+00
3.354302676007262107e+02 1.062264177792371811e+00
3.399982886074731709e+02 1.061575841557176547e+00
3.445663096142201312e+02 1.060030029026052034e+00
3.491343306209005277e+02 1.058977822523691659e+00
3.537023516276474879e+02 1.056706320683853617e+00
3.582703726343278845e+02 1.055602857324174693e+00
3.628383936410748447e+02 1.054295848145367698e+00
3.674064146478218618e+02 1.053056290651966265e+00
3.719744356545022583e+02 1.052725712747133002e+00
3.765424566612492185e+02 1.051774387140123279e+00
3.811104776679961788e+02 1.050851589437911571e+00
3.856784986746765753e+02 1.048198768852406149e+00
3.902465196814235355e+02 1.048666426256810835e+00
3.948145406881039321e+02 1.049611145184599081e+00
3.993825616948509492e+02 1.049330780429424292e+00
4.039505827015979094e+02 1.048088645044837675e+00
4.085186037082783059e+02 1.045879456922458983e+00
4.130866247150252661e+02 1.045433177809892866e+00
4.176546457217056627e+02 1.044577390236024028e+00
4.222226667284526229e+02 1.044475477749112313e+00
4.267906877351995831e+02 1.043462262326973589e+00
4.313587087418799797e+02 1.042048119897344804e+00
4.359267297486269968e+02 1.040241275015963085e+00
4.404947507553073933e+02 1.038510795027415723e+00
4.450627717620543535e+02 1.038101245659087679e+00
4.496307927688013137e+02 1.038135933850488302e+00
4.541988137754817103e+02 1.039278725114437973e+00
4.587668347822286705e+02 1.037247359474880115e+00
4.633348557889090671e+02 1.037180210174824424e+00
4.679028767956560273e+02 1.037020163251743954e+00
4.724708978024030444e+02 1.038171306774302138e+00
4.770389188090834409e+02 1.036795398446959782e+00
4.816069398158304011e+02 1.036993241524745146e+00
4.861749608225107977e+02 1.036557098093642937e+00
4.907429818292577579e+02 1.036953474536365549e+00
4.953110028360047181e+02 1.034885200550244688e+00
4.998790238426851147e+02 1.035480949724501443e+00
5.044470448494321317e+02 1.035513086393128335e+00
5.090150658561125283e+02 1.035755845124526786e+00
5.135830868628594317e+02 1.034680218701585774e+00
5.181511078696064487e+02 1.034008793706372442e+00
5.227191288762868453e+02 1.034533261939638349e+00
5.272871498830338624e+02 1.034680280943083064e+00
5.318551708897142589e+02 1.034240153140634222e+00
5.364231918964611623e+02 1.033430193496921445e+00
5.409912129032081793e+02 1.034073395485696212e+00
5.455592339098885759e+02 1.033434289237334269e+00
5.501272549166354793e+02 1.032111039591995905e+00
5.546952759233158758e+02 1.031161629967148885e+00
5.592632969300628929e+02 1.031562258917877672e+00
5.638313179368099100e+02 1.032807468372652693e+00
5.683993389434903065e+02 1.032238374298344752e+00
5.729673599502372099e+02 1.032454027544001063e+00
5.775353809569176065e+02 1.031142922133312823e+00
5.821034019636646235e+02 1.031303225600974427e+00
5.866714229704115269e+02 1.031179852061351765e+00
5.912394439770919234e+02 1.030705769135541461e+00
5.958074649838389405e+02 1.032774179836451367e+00
6.003754859905193371e+02 1.034005448995533927e+00
6.049435069972663541e+02 1.035374159878832190e+00
6.095115280040132575e+02 1.034587487100793624e+00
6.140795490106936541e+02 1.032727291257212299e+00
6.186475700174406711e+02 1.032783708292186020e+00
6.232155910241210677e+02 1.032178864651844608e+00
6.277836120308680847e+02 1.032503480606048241e+00
6.323516330376149881e+02 1.032666424890521739e+00
6.369196540442953847e+02 1.033158300783384220e+00
6.414876750510424017e+02 1.032501663878027331e+00
6.460556960577227983e+02 1.030408096818026253e+00
6.506237170644697017e+02 1.028142675190906630e+00
6.551917380712167187e+02 1.027676252707730553e+00
6.597597590778971153e+02 1.028902895884395319e+00
6.643277800846441323e+02 1.028123009266285637e+00
6.688958010913245289e+02 1.027960316227866544e+00
6.734638220980714323e+02 1.024699878375599837e+00
6.780318431048184493e+02 1.023684638581471518e+00
6.825998641114988459e+02 1.022127766651919956e+00
6.871678851182457493e+02 1.022472450707709868e+00
6.917359061249261458e+02 1.023723703932963192e+00
6.963039271316731629e+02 1.024885716079704023e+00
7.008719481384201799e+02 1.026080447676539054e+00
7.054399691451005765e+02 1.026006434037071813e+00
7.100079901518474799e+02 1.024630164245119657e+00
7.145760111585278764e+02 1.022928939514448077e+00
7.191440321652748935e+02 1.021928295739523262e+00
7.237120531720217969e+02 1.021525432591791516e+00
7.282800741787021934e+02 1.022531355981717072e+00
7.328480951854492105e+02 1.023604993522326367e+00
7.374161161921296070e+02 1.023125893554758248e+00
7.419841371988766241e+02 1.022180261570573068e+00
7.465521582056235275e+02 1.023470399570025391e+00
7.511201792123039240e+02 1.024325835939028595e+00
7.556882002190509411e+02 1.026440256643885052e+00
7.602562212257313377e+02 1.024180323375086799e+00
7.648242422324782410e+02 1.023723877939119120e+00
7.693922632392252581e+02 1.023050430167851799e+00
7.739602842459056546e+02 1.023092011454726391e+00
7.785283052526526717e+02 1.022847216448402152e+00
7.830963262593330683e+02 1.020502356926196397e+00
7.876643472660799716e+02 1.018560899039546941e+00
7.922323682728269887e+02 1.018577868150449151e+00
7.968003892795073853e+02 1.020704787164163463e+00
8.013684102862542886e+02 1.021341367037090775e+00
8.059364312930013057e+02 1.020700287848626431e+00
8.105044522996817022e+02 1.019942658483084186e+00
8.150724733064287193e+02 1.021711729571469052e+00
8.196404943131091159e+02 1.022470642312858446e+00
8.242085153198560192e+02 1.023806664508166930e+00
8.287765363266030363e+02 1.022559377589156382e+00
8.333445573332834329e+02 1.023366125938802496e+00
8.379125783400304499e+02 1.021983506400791386e+00
8.424805993467773533e+02 1.022254299942119360e+00
8.470486203534577498e+02 1.021706772762778881e+00
8.516166413602047669e+02 1.022190027318742978e+00
8.561846623668851635e+02 1.021863805226189470e+00
8.607526833736320668e+02 1.020715828834492411e+00
8.653207043803790839e+02 1.019348269943937568e+00
8.698887253870594805e+02 1.018153386506431390e+00
8.744567463938064975e+02 1.018164024438344084e+00
8.790247674005534009e+02 1.016825688539104933e+00
8.835927884072337974e+02 1.015393781502742288e+00
8.881608094139808145e+02 1.015812618724112326e+00
8.927288304206612111e+02 1.017000173349136505e+00
8.972968514274081144e+02 1.018843244774454204e+00
9.018648724341551315e+02 1.018879343388675807e+00
9.064328934408355281e+02 1.016730541516494668e+00
9.110009144475825451e+02 1.014933945413910577e+00
9.155689354542629417e+02 1.012368663881147768e+00
9.201369564610098450e+02 1.012532070970716402e+00
9.247049774677568621e+02 1.011145400857609955e+00
9.292729984744372587e+02 1.011159054714767080e+00
9.338410194811841620e+02 1.011943394509709604e+00
9.384090404879311791e+02 1.013749134005820451e+00
9.429770614946115757e+02 1.014491542251865441e+00
9.475450825013585927e+02 1.013948879168803385e+00
9.521131035080389893e+02 1.014753704923198940e+00
9.566811245147858926e+02 1.013838138028745561e+00
9.612491455215329097e+02 1.013533200163881931e+00
9.658171665282133063e+02 1.012264934529222726e+00
9.703851875349602096e+02 1.012251929853164256e+00
9.749532085417072267e+02 1.012227917745424977e+00
9.795212295483876233e+02 1.013428540760287433e+00
9.840892505551346403e+02 1.012853376136187533e+00
9.886572715618150369e+02 1.013360426836735995e+00
9.932252925685619402e+02 1.010664769972474231e+00
9.977933135753089573e+02 1.009504623256286093e+00
1.002361334581989354e+03 1.007015608421018671e+00
1.006929355588736371e+03 1.007569729007703474e+00
1.011497376595416654e+03 1.009156273953749405e+00
1.016065397602163785e+03 1.010366372270671720e+00
1.020633418608910688e+03 1.010044113875816718e+00
1.025201439615590971e+03 1.010227613134172087e+00
1.029769460622338102e+03 1.010716189789945929e+00
1.034337481629018384e+03 1.011310679503822030e+00
1.038905502635765288e+03 1.011923174083297683e+00
1.043473523642512419e+03 1.012338842208464484e+00
1.048041544649192701e+03 1.011041445370021163e+00
1.052609565655939832e+03 1.010302776609516284e+00
1.057177586662620115e+03 1.009957289930487834e+00
1.061745607669367018e+03 1.009697731966260337e+00
1.066313628676114149e+03 1.009839239559369162e+00
1.070881649682794432e+03 1.008865364617160365e+00
1.075449670689541335e+03 1.009516327165480787e+00
1.080017691696221846e+03 1.009450893067158406e+00
1.084585712702968749e+03 1.011239144482071195e+00
1.089153733709715880e+03 1.010351713717379196e+00
1.093721754716396163e+03 1.009551476711067153e+00
1.098289775723143066e+03 1.007220078232156313e+00
1.102857796729823576e+03 1.007847865932717468e+00
1.107425817736570480e+03 1.006589366539325736e+00
1.111993838743317383e+03 1.005708230703021400e+00
1.116561859749997893e+03 1.005655439916911975e+00
1.121129880756744797e+03 1.005448672928423548e+00
1.125697901763425307e+03 1.005331212018139242e+00
1.130265922770172210e+03 1.004237895288042637e+00
1.134833943776919114e+03 1.003641995309673574e+00
1.139401964783599624e+03 1.004120414171059794e+00
1.143969985790346527e+03 1.002797696207835543e+00
1.148538006797027037e+03 1.003461045323585266e+00
1.153106027803773941e+03 1.003682784456373156e+00
1.157674048810520844e+03 1.004143473543384291e+00
1.162242069817201354e+03 1.003610358846685813e+00
1.166810090823948258e+03 1.002828309333570589e+00
1.171378111830628768e+03 1.003461023534669039e+00
1.175946132837375671e+03 1.003252886067760530e+00
1.180514153844122575e+03 1.002336084871141564e+00
1.185082174850803085e+03 1.002343983082444767e+00
1.189650195857549988e+03 1.002429031286965255e+00
1.194218216864230499e+03 1.003318898629421030e+00
1.198786237870977402e+03 1.002745919977428457e+00
1.203354258877724305e+03 1.003673084876519850e+00
1.207922279884404816e+03 1.002350077529854389e+00
1.212490300891151719e+03 1.002211842312438650e+00
1.217058321897832002e+03 1.002860471035849743e+00
1.221626342904579133e+03 1.004969886606090768e+00
1.226194363911326036e+03 1.005380358468376700e+00
1.230762384918006546e+03 1.003281095080031493e+00
1.235330405924753450e+03 1.000663035085343155e+00
1.239898426931433733e+03 1.001010476106595659e+00
1.244466447938180863e+03 1.000812935599886488e+00
1.249034468944927767e+03 1.001129537200995401e+00
1.253602489951608050e+03 9.992579477973700941e-01
1.258170510958355180e+03 1.000108270447905623e+00
1.262738531965035463e+03 1.000248090186081074e+00
1.267306552971782594e+03 1.001070301386941308e+00
1.271874573978529497e+03 1.000474577361994077e+00
1.276442594985209780e+03 1.001606207501670953e+00
1.281010615991956911e+03 1.002447120035299122e+00
1.285578636998637194e+03 1.001976135976140769e+00
1.290146658005384097e+03 1.001009277903070371e+00
1.294714679012131228e+03 1.000442168326761250e+00
1.299282700018811511e+03 9.997480290804787728e-01
1.303850721025558641e+03 9.993268157609614954e-01
1.308418742032238924e+03 9.985370151171082398e-01
1.312986763038985828e+03 9.989175511370831373e-01
1.317554784045732958e+03 9.984956557963565738e-01
1.322122805052413241e+03 9.985176414366682129e-01
1.326690826059160372e+03 9.990459714275251590e-01
1.331258847065840655e+03 1.000341179440169981e+00
1.335826868072587558e+03 9.998987749191883267e-01
1.340394889079334689e+03 1.000442571132756031e+00
1.344962910086014972e+03 1.000462362030172470e+00
1.349530931092761875e+03 1.002122514354747862e+00
1.354098952099442386e+03 1.001786075056164238e+00
1.358666973106189289e+03 1.000931158503021834e+00
1.363234994112936420e+03 9.991158484284218266e-01
1.367803015119616703e+03 1.000187127112061036e+00
1.372371036126363606e+03 1.002363183489440646e+00
1.376939057133110737e+03 1.004520430218311278e+00
1.381507078139791020e+03 1.003368338270623328e+00
1.386075099146537923e+03 1.003009646054276116e+00
1.390643120153218433e+03 1.002762487538461755e+00
1.395211141159965337e+03 1.003119613500757623e+00
1.399779162166712467e+03 1.004695789956031149e+00
1.404347183173392750e+03 1.004673332961071308e+00
1.408915204180139654e+03 1.004423703505419097e+00
1.413483225186820164e+03 1.002066011841445059e+00
1.418051246193567067e+03 1.002066653674508645e+00
1.422619267200313971e+03 1.002691701710129335e+00
1.427187288206994481e+03 1.003905340438450366e+00
1.431755309213741384e+03 1.004019342244949486e+00
1.436323330220488515e+03 1.004734378074052303e+00
1.440891351227168798e+03 1.002390126458218900e+00
1.445459372233915701e+03 1.002031058697298249e+00
1.450027393240596211e+03 1.001475264157761558e+00
1.454595414247343115e+03 1.003302048706435246e+00
1.459163435254090018e+03 1.003957157513544418e+00
1.463731456260770528e+03 1.004658488955518125e+00
1.468299477267517432e+03 1.004697772620867680e+00
1.472867498274264562e+03 1.003315222305673160e+00
1.477435519280944845e+03 1.002231203421198868e+00
1.482003540287691749e+03 1.001414541119250545e+00
1.486571561294372259e+03 1.000913453639251882e+00
1.491139582301119162e+03 9.996970368630778703e-01
1.495707603307866066e+03 9.991177037228453628e-01
1.500275624314546576e+03 1.001276335151601415e+00
1.504843645321293479e+03 1.001678696939469093e+00
1.509411666328040610e+03 1.002058675967153478e+00
1.513979687334720893e+03 1.002010436221288048e+00
1.518547708341467796e+03 1.002798304764117576e+00
1.523115729348148307e+03 1.002667713154437479e+00
1.527683750354895210e+03 1.002412804914077471e+00
1.532251771361642113e+03 1.002974292036735049e+00
1.536819792368322624e+03 1.004064884257407586e+00
1.541387813375069527e+03 1.002698218333231805e+00
1.545955834381750037e+03 1.003212888166823857e+00
1.550523855388496941e+03 1.002248040513942895e+00
1.555091876395243844e+03 1.001757559720772406e+00
1.559659897401924354e+03 1.000108382586783362e+00
1.564227918408671258e+03 9.986658970135900981e-01
1.568795939415418161e+03 9.986972399675929646e-01
1.573363960422098671e+03 9.988712969467693492e-01
1.577931981428845575e+03 1.000094924953562670e+00
1.582500002435526085e+03 1.001678448699635737e+00
1.587068023442272988e+03 1.000877200455382310e+00
1.591636044449019892e+03 1.000942260682563756e+00
1.596204065455700402e+03 1.000573964654752901e+00
1.600772086462447305e+03 1.000865840580559052e+00
1.605340107469127815e+03 1.000400449753404475e+00
1.609908128475874719e+03 1.001499399810427349e+00
1.614476149482621622e+03 1.001502635525450158e+00
1.619044170489302132e+03 1.001747672096750419e+00
1.623612191496049036e+03 1.001406243721438161e+00
1.628180212502729546e+03 1.002340673571173513e+00
1.632748233509476449e+03 1.003136133066429236e+00
1.637316254516223353e+03 1.003642624298057173e+00
1.641884275522903863e+03 1.002778114453121816e+00
1.646452296529650766e+03 1.003375601782219517e+00
1.651020317536331277e+03 1.001860561070126776e+00
1.655588338543078180e+03 1.003094816792365007e+00
1.660156359549825083e+03 1.000875886073572474e+00
1.664724380556505594e+03 1.001282804988742781e+00
1.669292401563252497e+03 1.001544730405574457e+00
1.673860422569932780e+03 1.002422387932294212e+00
1.678428443576679911e+03 1.003323033099377426e+00
1.682996464583426814e+03 1.003177973125578548e+00
1.687564485590107324e+03 1.001663629566413194e+00
1.692132506596854228e+03 9.997571399498307310e-01
1.696700527603534510e+03 9.976207294815063742e-01
1.701268548610281641e+03 9.985150391317650920e-01
1.705836569617028545e+03 9.978301355657398508e-01
1.710404590623708827e+03 9.986686624363679821e-01
1.714972611630455958e+03 9.989923227133582495e-01
1.719540632637136241e+03 1.001394853033502841e+00
1.724108653643883372e+03 1.002096682446866227e+00
1.728676674650630275e+03 1.003297353975957096e+00
1.733244695657310558e+03 1.002134551092922266e+00
1.737812716664057689e+03 1.001734538078305148e+00
1.742380737670737972e+03 9.994445985557831591e-01
1.746948758677485102e+03 9.992568940256584265e-01
1.751516779684232006e+03 9.987416644194885285e-01
1.756084800690912289e+03 1.000125341559737535e+00
1.760652821697659419e+03 1.000849629807172958e+00
1.765220842704339702e+03 1.001181597333622220e+00
1.769788863711086606e+03 1.001217655503978676e+00
1.774356884717833736e+03 9.996956568772171758e-01
1.778924905724514019e+03 1.000546527694571752e+00
1.783492926731261150e+03 1.000461595229012346e+00
1.788060947737941433e+03 1.001882618730178365e+00
1.792628968744688336e+03 1.000919391663804392e+00
1.797196989751435467e+03 1.000411015703851492e+00
1.801765010758115750e+03 9.995287721327864583e-01
1.806333031764862653e+03 9.997941666501143354e-01
1.810901052771543164e+03 1.000751626189071430e+00
1.815469073778290067e+03 1.001141543578986104e+00
1.820037094785037198e+03 1.001605408786910401e+00
1.824605115791717481e+03 1.000177249851617489e+00
1.829173136798464384e+03 9.981481110144917457e-01
1.833741157805144894e+03 9.966919392826412150e-01
1.838309178811891798e+03 9.957540729445023553e-01
1.842877199818638701e+03 9.981643957927038846e-01
1.847445220825319211e+03 9.976161049401071068e-01
1.852013241832066115e+03 9.988361641463067153e-01
1.856581262838746625e+03 9.976687216580254480e-01
1.861149283845493528e+03 9.980546694099151628e-01
1.865717304852240432e+03 9.979606940133862736e-01
1.870285325858920942e+03 9.991164243500255671e-01
1.874853346865667845e+03 1.000602366584454783e+00
1.879421367872348355e+03 1.001759493173722149e+00
1.883989388879095259e+03 1.000982066772545975e+00
1.888557409885842162e+03 1.000810368314698051e+00
1.893125430892522672e+03 1.000850178011584601e+00
1.897693451899269576e+03 1.000808627138023210e+00
1.902261472905950086e+03 1.001365948270934725e+00
1.906829493912696989e+03 1.000957897893651305e+00
1.911397514919443893e+03 1.000949808631276028e+00
1.915965535926124403e+03 1.000500631049059619e+00
1.920533556932871306e+03 1.000634772951381590e+00
1.925101577939551817e+03 1.001671727229715314e+00
1.929669598946298720e+03 1.002583730004251494e+00
1.934237619953045623e+03 1.002586636154357391e+00
1.938805640959726134e+03 1.002091332554490011e+00
1.943373661966473037e+03 1.001890331013782998e+00
1.947941682973153320e+03 1.003207096243158958e+00
1.952509703979900451e+03 1.002987978333142793e+00
1.957077724986647354e+03 1.001562073584598922e+00
1.961645745993327864e+03 1.000572681479297898e+00
1.966213767000074768e+03 9.998254057521384075e-01
1.970781788006821671e+03 9.997393335507543943e-01
1.975349809013502181e+03 9.985981441362051791e-01
1.979917830020249085e+03 9.998356991659799187e-01
1.984485851026929367e+03 1.001239620169826594e+00
1.989053872033676498e+03 1.002161750655204742e+00
1.993621893040423402e+03 1.002070071913218952e+00
