-1.994260445826881323e+03 1.027804980851022121e+00
-1.989692424820200813e+03 1.023444907590625119e+00
-1.985124403813453910e+03 1.025263866968780135e+00
-1.980556382806740203e+03 1.021981666944447698e+00
-1.975988361800026496e+03 1.020090160616016206e+00
-1.971420340793279593e+03 1.018345098287551265e+00
-1.966852319786565886e+03 1.021091515460743837e+00
-1.962284298779852179e+03 1.024220187749599775e+00
-1.957716277773138472e+03 1.023636251820078114e+00
-1.953148256766424765e+03 1.025312666748716905e+00
-1.948580235759677862e+03 1.024588397982276078e+00
-1.944012214752964155e+03 1.025324369702554916e+00
-1.939444193746250448e+03 1.023702940308635290e+00
-1.934876172739536742e+03 1.023398543086977197e+00
-1.930308151732823035e+03 1.023674218135304015e+00
-1.925740130726076131e+03 1.023409689058781824e+00
-1.921172109719362425e+03 1.022147875764724434e+00
-1.916604088712648718e+03 1.022272611767198525e+00
-1.912036067705935011e+03 1.024381630417555700e+00
-1.907468046699188108e+03 1.025393022191587677e+00
-1.902900025692474401e+03 1.023857734385601903e+00
-1.898332004685760694e+03 1.021309936677069485e+00
-1.893763983679046987e+03 1.021506502411354544e+00
-1.889195962672333280e+03 1.022675203052774151e+00
-1.884627941665586377e+03 1.023363560247895210e+00
-1.880059920658872670e+03 1.024325933746126793e+00
-1.875491899652158963e+03 1.023037489647761644e+00
-1.870923878645412060e+03 1.025137057678119135e+00
-1.866355857638731777e+03 1.024543878486352755e+00
-1.861787836631984646e+03 1.024888635324961994e+00
-1.857219815625270940e+03 1.024050928804197014e+00
-1.852651794618557233e+03 1.021614645062946636e+00
-1.848083773611810329e+03 1.022422283347429017e+00
-1.843515752605130047e+03 1.020652037109258004e+00
-1.838947731598382916e+03 1.022422569124669112e+00
-1.834379710591669209e+03 1.022583501463567357e+00
-1.829811689584955730e+03 1.023763885251916861e+00
-1.825243668578208599e+03 1.024119325658752189e+00
-1.820675647571528316e+03 1.023149394580975979e+00
-1.816107626564781185e+03 1.022689751689351167e+00
-1.811539605558034282e+03 1.021843038159727657e+00
-1.806971584551353999e+03 1.021287112266520580e+00
-1.802403563544606868e+03 1.019389718338968409e+00
-1.797835542537926585e+03 1.020297700336262325e+00
-1.793267521531179682e+03 1.021403721368211448e+00
-1.788699500524432551e+03 1.022322536012784555e+00
-1.784131479517752268e+03 1.024544047493902044e+00
-1.779563458511005138e+03 1.016555854792971614e+00
-1.774995437504324855e+03 1.016458566690121357e+00
-1.770427416497577951e+03 1.012597336026480832e+00
-1.765859395490830821e+03 1.017606587889195113e+00
-1.761291374484150538e+03 1.015029892410479251e+00
-1.756723353477403634e+03 1.015255665383224537e+00
-1.752155332470723124e+03 1.016320758545006697e+00
-1.747587311463976221e+03 1.018405790587117110e+00
-1.743019290457229090e+03 1.016283828819084079e+00
-1.738451269450548807e+03 1.016249087047751631e+00
-1.733883248443801904e+03 1.015307899890241172e+00
-1.729315227437121393e+03 1.015110431653615253e+00
-1.724747206430374490e+03 1.011346515903364773e+00
-1.720179185423627587e+03 1.008898329039451314e+00
-1.715611164416947076e+03 1.009200297079236863e+00
-1.711043143410200173e+03 1.008673847536748269e+00
-1.706475122403486466e+03 1.008831263134240430e+00
-1.701907101396772759e+03 1.006943082876645690e+00
-1.697339080390025856e+03 1.009166085407793956e+00
-1.692771059383345346e+03 1.008955733973327940e+00
-1.688203038376598442e+03 1.007581590994002907e+00
-1.683635017369884736e+03 1.006405035476371834e+00
-1.679066996363171029e+03 1.007682140692300665e+00
-1.674498975356424125e+03 1.008460289248588992e+00
-1.669930954349710419e+03 1.008786169483646633e+00
-1.665362933342996712e+03 1.005399296189594338e+00
-1.660794912336283005e+03 1.004270455586289357e+00
-1.656226891329569298e+03 1.003308412167162489e+00
-1.651658870322822395e+03 1.003640131687949522e+00
-1.647090849316108688e+03 1.006528124645413413e+00
-1.642522828309394981e+03 1.006277112153938447e+00
-1.637954807302681274e+03 1.006474139562101300e+00
-1.633386786295967568e+03 1.004508170653513277e+00
-1.628818765289220664e+03 1.004500848629021448e+00
-1.624250744282506957e+03 1.004371450420132872e+00
-1.619682723275793251e+03 1.002887810629407683e+00
-1.615114702269079544e+03 1.002821108310404385e+00
-1.610546681262332640e+03 1.001680532362219767e+00
-1.605978660255618934e+03 1.001010854652856663e+00
-1.601410639248905227e+03 9.993837988113037918e-01
-1.596842618242191520e+03 1.000839279339321708e+00
-1.592274597235477813e+03 1.002817435160669790e+00
-1.587706576228730910e+03 1.005253275971578431e+00
-1.583138555222017203e+03 1.004825247107973496e+00
-1.578570534215303496e+03 1.004185148463510702e+00
-1.574002513208556593e+03 1.004028776165597492e+00
-1.569434492201876083e+03 1.006160711458288004e+00
-1.564866471195129179e+03 1.005930594398250832e+00
-1.560298450188415472e+03 1.005314210922080065e+00
-1.555730429181701766e+03 1.003628126973164170e+00
-1.551162408174954862e+03 1.003813836376001634e+00
-1.546594387168274352e+03 1.004168232568896313e+00
-1.542026366161527449e+03 1.004492761108906507e+00
-1.537458345154780545e+03 1.004307878469532511e+00
-1.532890324148100035e+03 1.003275673025138870e+00
-1.528322303141353132e+03 1.002482188999332946e+00
-1.523754282134672621e+03 1.003888788414750932e+00
-1.519186261127925718e+03 1.006870901249712347e+00
-1.514618240121178815e+03 1.008612620004896598e+00
-1.510050219114498304e+03 1.008350696012579872e+00
-1.505482198107751401e+03 1.005700370313893588e+00
-1.500914177101071118e+03 1.005737250681633554e+00
-1.496346156094323987e+03 1.006230254762954246e+00
-1.491778135087577084e+03 1.004983978008032297e+00
-1.487210114080896574e+03 1.005013254414758306e+00
-1.482642093074149670e+03 1.004552059217071358e+00
-1.478074072067469388e+03 1.007704375574074218e+00
-1.473506051060722257e+03 1.007457984624072767e+00
-1.468938030053975353e+03 1.008287043672585925e+00
-1.464370009047295071e+03 1.007046760331926860e+00
-1.459801988040547940e+03 1.006862120522583837e+00
-1.455233967033867657e+03 1.006513529897138826e+00
-1.450665946027120526e+03 1.007563099007342089e+00
-1.446097925020373623e+03 1.008935482904268044e+00
-1.441529904013693340e+03 1.008969699270802378e+00
-1.436961883006946209e+03 1.007456624174669857e+00
-1.432393862000265926e+03 1.005194829653618172e+00
-1.427825840993519023e+03 1.005796768998469704e+00
-1.423257819986771892e+03 1.005674987008679411e+00
-1.418689798980091609e+03 1.005348186115943010e+00
-1.414121777973344479e+03 1.005323448579967360e+00
-1.409553756966630999e+03 1.006155276103356755e+00
-1.404985735959917292e+03 1.010096431699556208e+00
-1.400417714953170162e+03 1.009681177536104313e+00
-1.395849693946489879e+03 1.011780577245805945e+00
-1.391281672939742975e+03 1.001989822512285855e+00
-1.386713651933029269e+03 1.000261678688976419e+00
-1.382145630926315562e+03 9.967366707713173346e-01
-1.377577609919568431e+03 1.002498798467513552e+00
-1.373009588912854952e+03 1.002869142909228684e+00
-1.368441567906141245e+03 1.002852289024341870e+00
-1.363873546899427538e+03 1.004437712696557128e+00
-1.359305525892713831e+03 1.005885744707702090e+00
-1.354737504885966928e+03 1.007683215847909652e+00
-1.350169483879253221e+03 1.004724664996795580e+00
-1.345601462872539514e+03 1.003416856033605198e+00
-1.341033441865825807e+03 1.002614016168915212e+00
-1.336465420859112101e+03 1.004262657247608104e+00
-1.331897399852365197e+03 1.003416010609981868e+00
-1.327329378845651490e+03 1.002549927769630811e+00
-1.322761357838937784e+03 1.003686069129334557e+00
-1.318193336832224077e+03 1.002739141236910880e+00
-1.313625315825477173e+03 1.000615866712678326e+00
-1.309057294818763467e+03 9.980335934276828302e-01
-1.304489273812049760e+03 9.974814851640397828e-01
-1.299921252805336053e+03 9.986671650970796454e-01
-1.295353231798622346e+03 9.997974022038155217e-01
-1.290785210791875443e+03 1.000462028706256890e+00
-1.286217189785161736e+03 1.000364103959678230e+00
-1.281649168778448029e+03 1.000151160702614561e+00
-1.277081147771701126e+03 9.989789320913379234e-01
-1.272513126765020615e+03 9.999737761958442661e-01
-1.267945105758273712e+03 9.987027790178236719e-01
-1.263377084751560005e+03 1.000289361848473391e+00
-1.258809063744846299e+03 9.991683150687530324e-01
-1.254241042738099395e+03 1.000875887097748773e+00
-1.249673021731418885e+03 1.000418717902334720e+00
-1.245105000724671982e+03 1.000021850783042510e+00
-1.240536979717925078e+03 9.988748088255666735e-01
-1.235968958711244568e+03 9.997540182096523731e-01
-1.231400937704497665e+03 9.998595266685489369e-01
-1.226832916697817154e+03 9.993666591506098484e-01
-1.222264895691070251e+03 9.974414666012307862e-01
-1.217696874684323348e+03 9.982090581495507431e-01
-1.213128853677642837e+03 9.986646905306789668e-01
-1.208560832670895934e+03 9.983773093913157481e-01
-1.203992811664215424e+03 9.979327032872618020e-01
-1.199424790657468520e+03 9.976102265933661783e-01
-1.194856769650721617e+03 9.987047503769019841e-01
-1.190288748644041107e+03 9.962810305390045196e-01
-1.185720727637294203e+03 9.943406599162472048e-01
-1.181152706630613693e+03 9.948227698279102915e-01
-1.176584685623866790e+03 9.975924447245271276e-01
-1.172016664617119886e+03 1.000283498788216319e+00
-1.167448643610439376e+03 9.983658204385600365e-01
-1.162880622603692473e+03 9.989220206119758805e-01
-1.158312601597012190e+03 9.978523855959243738e-01
-1.153744580590265059e+03 1.001270160271417353e+00
-1.149176559583518156e+03 1.000843253626878093e+00
-1.144608538576837645e+03 1.000922311651085694e+00
-1.140040517570090742e+03 9.992445364429348720e-01
-1.135472496563410459e+03 9.978326427529017328e-01
-1.130904475556663328e+03 9.980432940889633064e-01
-1.126336454549916425e+03 9.958920516124010192e-01
-1.121768433543235915e+03 9.970051770682175629e-01
-1.117200412536489011e+03 9.976027645839830038e-01
-1.112632391529775305e+03 9.998127609314716446e-01
-1.108064370523061598e+03 9.996965089534342042e-01
-1.103496349516314694e+03 9.993417416677820020e-01
-1.098928328509634412e+03 9.997308965790902002e-01
-1.094360307502887281e+03 1.000233126783276250e+00
-1.089792286496173574e+03 1.000211908722775433e+00
-1.085224265489459867e+03 9.985851029223530295e-01
-1.080656244482712964e+03 9.964914289269870551e-01
-1.076088223475999257e+03 9.980704239248439080e-01
-1.071520202469285550e+03 9.988839249231867834e-01
-1.066952181462571843e+03 1.000605564370800948e+00
-1.062384160455858364e+03 9.998082575691569218e-01
-1.057816139449111233e+03 9.996185866282966126e-01
-1.053248118442397526e+03 9.986571343493816366e-01
-1.048680097435683820e+03 9.997221744013794487e-01
-1.044112076428970340e+03 1.001192369098977908e+00
-1.039544055422256406e+03 1.005567299736706444e+00
-1.034976034415509730e+03 1.003339526909172719e+00
-1.030408013408795796e+03 1.001651600932177644e+00
-1.025839992402082316e+03 9.971239735988982611e-01
-1.021271971395368496e+03 9.990761710228545089e-01
-1.016703950388621593e+03 9.995703513672727913e-01
-1.012135929381907886e+03 1.000529238983157709e+00
-1.007567908375194179e+03 9.980968341647743491e-01
-1.002999887368480472e+03 9.985196862949502483e-01
-9.984318663617667653e+02 9.984236798867414109e-01
-9.938638453550198619e+02 9.992952306519858885e-01
-9.892958243483061551e+02 1.000245852998356666e+00
-9.847278033415924483e+02 1.000461410684853947e+00
-9.801597823348455449e+02 1.001337562418531890e+00
-9.755917613281651484e+02 1.001845237335004413e+00
-9.710237403214181313e+02 1.001615211174718523e+00
-9.664557193147044245e+02 1.001548470958634196e+00
-9.618876983079907177e+02 1.002130862203709283e+00
-9.573196773012438143e+02 1.004260297885214870e+00
-9.527516562945634178e+02 1.005062322238330808e+00
-9.481836352878164007e+02 1.004395956979967197e+00
-9.436156142810694973e+02 1.003450978841764707e+00
-9.390475932743891008e+02 1.001819227537311008e+00
-9.344795722676420837e+02 9.973648927218240479e-01
-9.299115512609616871e+02 9.961994373628613175e-01
-9.253435302542146701e+02 9.965200292533799020e-01
-9.207755092474677667e+02 1.002747454000626703e+00
-9.162074882407873702e+02 1.004458520724009984e+00
-9.116394672340403531e+02 1.004688134882741224e+00
-9.070714462273599565e+02 1.001290620763882089e+00
-9.025034252206130532e+02 1.000622315427392550e+00
-8.979354042138660361e+02 1.001909377947868052e+00
-8.933673832071856395e+02 1.002463916002919175e+00
-8.887993622004386225e+02 1.004246864846948029e+00
-8.842313411937582259e+02 1.003827842996533493e+00
-8.796633201870113226e+02 1.005341768855629425e+00
-8.750952991802643055e+02 1.003614360658768190e+00
-8.705272781735839089e+02 1.003884230132484845e+00
-8.659592571668370056e+02 9.983007368042725593e-01
-8.613912361601566090e+02 9.885875531207185540e-01
-8.568232151534095919e+02 9.872031345346480302e-01
-8.522551941466625749e+02 9.928888010432501687e-01
-8.476871731399821783e+02 1.000439820080534448e+00
-8.431191521332352750e+02 1.000662762303060616e+00
-8.385511311265548784e+02 9.989293221490905816e-01
-8.339831101198078613e+02 1.001550544742125792e+00
-8.294150891130609580e+02 1.001921441698565785e+00
-8.248470681063804477e+02 1.003909075046957922e+00
-8.202790470996335443e+02 1.003821132630624335e+00
-8.157110260929198375e+02 1.003795169273132615e+00
-8.111430050862061307e+02 1.001795949999177537e+00
-8.065749840794592274e+02 9.996547411970860830e-01
-8.020069630727788308e+02 1.000407619044172636e+00
-7.974389420660318137e+02 1.002123558559427918e+00
-7.928709210593181069e+02 1.003056908411432913e+00
-7.883029000526044001e+02 1.001460514974231275e+00
-7.837348790458574967e+02 1.001846547783922459e+00
-7.791668580391437899e+02 1.002033830097995404e+00
-7.745988370324300831e+02 1.002681216985915169e+00
-7.700308160257163763e+02 1.001590027990573617e+00
-7.654627950190027832e+02 1.002096575637153819e+00
-7.608947740122557661e+02 1.001675454253415865e+00
-7.563267530055420593e+02 9.992819112948913007e-01
-7.517587319988283525e+02 9.983012307772961558e-01
-7.471907109921147594e+02 9.990429865746174309e-01
-7.426226899853677423e+02 1.000430207220006196e+00
-7.380546689786540355e+02 1.001987664134446732e+00
-7.334866479719403287e+02 1.001905194147733935e+00
-7.289186269652267356e+02 1.003029079365433063e+00
-7.243506059585130288e+02 1.002815173249909320e+00
-7.197825849517660117e+02 1.005075765955628642e+00
-7.152145639450523049e+02 1.005184202467224397e+00
-7.106465429383387118e+02 1.007385750351829756e+00
-7.060785219316250050e+02 1.007245070209307869e+00
-7.015105009249112982e+02 1.007938307155143320e+00
-6.969424799181642811e+02 1.006113879407052991e+00
-6.923744589114506880e+02 1.005255502641356768e+00
-6.878064379047369812e+02 1.001811539441348486e+00
-6.832384168979899641e+02 1.002632633839539267e+00
-6.786703958913095676e+02 1.002290427466220990e+00
-6.741023748845626642e+02 1.006721092562410602e+00
-6.695343538778489574e+02 1.006456100014058164e+00
-6.649663328711352506e+02 1.006815370659675635e+00
-6.603983118643882335e+02 1.006249092136651369e+00
-6.558302908577078369e+02 1.008119207957084429e+00
-6.512622698509609336e+02 1.007867778023467054e+00
-6.466942488442139165e+02 1.000131809880921763e+00
-6.421262278375335200e+02 9.990346688586555501e-01
-6.375582068307866166e+02 1.000001242010076341e+00
-6.329901858241062200e+02 1.008508621109892145e+00
-6.284221648173592030e+02 1.007525920072017245e+00
-6.238541438106121859e+02 1.006765918962078787e+00
-6.192861228039317893e+02 1.007058535962774615e+00
-6.147181017971848860e+02 1.009639634309413170e+00
-6.101500807905044894e+02 1.011041204305854535e+00
-6.055820597837574724e+02 1.011580723038188578e+00
-6.010140387770105690e+02 1.011716903023038183e+00
-5.964460177703300587e+02 1.013359387092596764e+00
-5.918779967635831554e+02 1.014637214043034419e+00
-5.873099757569027588e+02 1.015758452085284036e+00
-5.827419547501557417e+02 1.014446698331350261e+00
-5.781739337434088384e+02 1.013261776043748341e+00
-5.736059127367284418e+02 1.011828627840808847e+00
-5.690378917299814248e+02 1.012599854092021134e+00
-5.644698707233010282e+02 1.012496553188934056e+00
-5.599018497165540111e+02 1.012646816933340688e+00
-5.553338287098071078e+02 1.015341818673656915e+00
-5.507658077031267112e+02 1.015328363526161182e+00
-5.461977866963796941e+02 1.014263667196341201e+00
-5.416297656896992976e+02 1.014035719254366086e+00
-5.370617446829523942e+02 1.015138076858382421e+00
-5.324937236762053772e+02 1.018334699484171324e+00
-5.279257026695249806e+02 1.017289493232131692e+00
-5.233576816627780772e+02 1.018760042930125564e+00
-5.187896606560643704e+02 1.017750563995567292e+00
-5.142216396493506636e+02 1.017284327605428418e+00
-5.096536186426036465e+02 1.016095739488719119e+00
-5.050855976359232500e+02 1.016770926593968172e+00
-5.005175766291762898e+02 1.018854645068093534e+00
-4.959495556224626398e+02 1.020432708861884974e+00
-4.913815346157489330e+02 1.019424634956275666e+00
-4.868135136090019728e+02 1.019690698742067525e+00
-4.822454926022882660e+02 1.020544474172974558e+00
-4.776774715955746160e+02 1.023674516656077005e+00
-4.731094505888609092e+02 1.024748644134660935e+00
-4.685414295821472024e+02 1.025940111819958700e+00
-4.639734085754002422e+02 1.013865944557494458e+00
-4.594053875686865922e+02 1.010243449024642359e+00
-4.548373665619728854e+02 1.008101200011954690e+00
-4.502693455552591786e+02 1.019111251949804453e+00
-4.457013245485122184e+02 1.022394646569959376e+00
-4.411333035417985684e+02 1.022686746037455352e+00
-4.365652825350848616e+02 1.021634545145900574e+00
-4.319972615283711548e+02 1.020264169638513296e+00
-4.274292405216575048e+02 1.018402802713126221e+00
-4.228612195149104878e+02 1.016828123481161583e+00
-4.182931985081968378e+02 1.017099752270477664e+00
-4.137251775014831310e+02 1.016421621045234813e+00
-4.091571564947694810e+02 1.016438641865552883e+00
-4.045891354880557742e+02 1.014958343085349268e+00
-4.000211144813088140e+02 1.016034373158030801e+00
-3.954530934745951072e+02 1.018994127836322150e+00
-3.908850724678814572e+02 1.018875124765334705e+00
-3.863170514611344402e+02 1.018133518491007861e+00
-3.817490304544540436e+02 1.016670258853499265e+00
-3.771810094477070834e+02 1.017050999462260963e+00
-3.726129884409934334e+02 1.017554697643390682e+00
-3.680449674342797266e+02 1.016001217837526838e+00
-3.634769464275327664e+02 1.016533841927620641e+00
-3.589089254208523698e+02 1.016289539240403883e+00
-3.543409044141054096e+02 1.018065177157268408e+00
-3.497728834073583926e+02 1.018494921106082529e+00
-3.452048624006779960e+02 1.018774690084114809e+00
-3.406368413939310358e+02 1.016630530357891304e+00
-3.360688203872506392e+02 1.015859411204398155e+00
-3.315007993805036790e+02 1.017306798979954463e+00
-3.269327783737567188e+02 1.019831085720340980e+00
-3.223647573670763222e+02 1.020624969808977767e+00
-3.177967363603293052e+02 1.020329474256432833e+00
-3.132287153536489086e+02 1.020576273668590828e+00
-3.086606943469019484e+02 1.021987620773188610e+00
-3.040926733401549882e+02 1.025240050810187542e+00
-2.995246523334745916e+02 1.027231468016187366e+00
-2.949566313267276314e+02 1.028740122911566912e+00
-2.903886103200472348e+02 1.026869345085818397e+00
-2.858205893133002746e+02 1.026024012116370843e+00
-2.812525683065532576e+02 1.025371027895213727e+00
-2.766845472998728610e+02 1.026623309138699369e+00
-2.721165262931259008e+02 1.028055996868602051e+00
-2.675485052864455042e+02 1.027849543921661279e+00
-2.629804842796985440e+02 1.027390781846008849e+00
-2.584124632729515838e+02 1.023716266599781877e+00
-2.538444422662711588e+02 1.019345180260529560e+00
-2.492764212595241986e+02 1.017388713308283288e+00
-2.447084002528438020e+02 1.016722443860317071e+00
-2.401403792460968418e+02 1.019853673701201613e+00
-2.355723582393498532e+02 1.018712409040498867e+00
-2.310043372326694566e+02 1.017967139621778871e+00
-2.264363162259224964e+02 1.014073534440418145e+00
-2.218682952192087896e+02 1.011114685944714209e+00
-2.173002742124951112e+02 1.009252727624660340e+00
-2.127322532057481510e+02 1.003594481198168298e+00
-2.081642321990677544e+02 9.989973058059528066e-01
-2.035962111923207658e+02 9.954956130792803615e-01
-1.990281901856070874e+02 9.947178220278752869e-01
-1.944601691788934090e+02 9.919626032782199454e-01
-1.898921481721464488e+02 9.881736240582578157e-01
-1.853241271654327420e+02 9.840614466611251610e-01
-1.807561061587190636e+02 9.808654041527802292e-01
-1.761880851520053852e+02 9.768651758572369781e-01
-1.716200641452917068e+02 9.729822232285224581e-01
-1.670520431385447182e+02 9.689150366549293958e-01
-1.624840221318310398e+02 9.641748848994211585e-01
-1.579160011251173614e+02 9.601799599667325547e-01
-1.533479801184036830e+02 9.567941267878646849e-01
-1.487799591116566944e+02 9.530270355255652248e-01
-1.442119381049430160e+02 9.485811340026657490e-01
-1.396439170982293376e+02 9.448353331499296237e-01
-1.350758960915156308e+02 9.390893838289381401e-01
-1.305078750848019808e+02 9.356315898955737120e-01
-1.259398540780549922e+02 9.299830288396341293e-01
-1.213718330713412996e+02 9.294029589037980932e-01
-1.168038120646276212e+02 9.257587260795503425e-01
-1.122357910579139286e+02 9.228683915804746229e-01
-1.076677700512002502e+02 9.179463967437490046e-01
-1.030997490444532758e+02 9.137816773322432473e-01
-9.853172803773959743e+01 9.112683252877408213e-01
-9.396370703102590483e+01 9.074233411844639940e-01
-8.939568602427894461e+01 9.067627522905657989e-01
-8.482766501759853384e+01 9.058063346440690111e-01
-8.025964401085157363e+01 9.048658248740935051e-01
-7.569162300413788103e+01 8.985207049317031069e-01
-7.112360199742420264e+01 8.944585605619863600e-01
-6.655558099067722821e+01 8.908057313184561954e-01
-6.198755998399683165e+01 8.891847406756218097e-01
-5.741953897724985723e+01 8.857849094890374309e-01
-5.285151797050288991e+01 8.833804252578261185e-01
-4.828349696382248624e+01 8.803893433282231618e-01
-4.371547595707551892e+01 8.772525884326493051e-01
-3.914745495039511525e+01 8.736744015883269876e-01
-3.457943394364814793e+01 8.708348702903284666e-01
-3.001141293690118061e+01 8.704386848536197485e-01
-2.544339193022077694e+01 8.720370863624301583e-01
-2.087537092347380963e+01 8.721702482436626269e-01
-1.630734991679340595e+01 8.678994311568999365e-01
-1.173932891004643864e+01 8.639213765147056856e-01
-7.171307903299469544e+00 8.613868342337127615e-01
-2.603286896619067647e+00 8.620635660400731703e-01
1.964734110127903222e+00 8.600466055049764691e-01
6.532755116808303342e+00 8.609926146454540685e-01
1.110077612355527421e+01 8.614701176818092554e-01
1.566879713030224508e+01 8.618279755850911661e-01
2.023681813698264165e+01 8.637565169179500790e-01
2.480483914372961607e+01 8.671558553534927105e-01
2.937286015041001264e+01 8.727469458794038237e-01
3.394088115715697995e+01 8.763701850346782285e-01
3.850890216390395437e+01 8.801862679770806608e-01
4.307692317058435094e+01 8.841056117444358042e-01
4.764494417733132536e+01 8.897035541864207753e-01
5.221296518401172193e+01 8.951612135813699078e-01
5.678098619075869635e+01 9.017860030446817055e-01
6.134900719750565656e+01 9.096967976932243127e-01
6.591702820418606734e+01 9.126496983875730384e-01
7.048504921093302755e+01 9.213054286054974673e-01
7.505307021761343833e+01 9.272867264564675915e-01
7.962109122436039854e+01 9.400381595922150391e-01
8.418911223110737296e+01 9.486006198691446789e-01
8.875713323778776953e+01 9.594576643264266513e-01
9.332515424453474395e+01 9.669481126584477115e-01
9.789317525121514052e+01 9.727348445278304334e-01
1.024611962579621149e+02 9.781639896858299599e-01
1.070292172647090894e+02 9.836482722628451247e-01
1.115972382713895001e+02 9.905445506325160077e-01
1.161652592781364604e+02 9.973710914471022315e-01
1.207332802848168569e+02 1.005591020712661932e+00
1.253013012915638171e+02 1.012435721177837422e+00
1.298693222983108058e+02 1.018776794754804316e+00
1.344373433049912023e+02 1.023266513080367757e+00
1.390053643117381625e+02 1.029771928721231689e+00
1.435733853184185591e+02 1.035543134429114387e+00
1.481414063251655477e+02 1.042506701604376529e+00
1.527094273319125080e+02 1.046552079237794031e+00
1.572774483385929045e+02 1.052386016254634571e+00
1.618454693453398647e+02 1.058438276340742279e+00
1.664134903520202897e+02 1.065589731811978025e+00
1.709815113587672499e+02 1.068001057314783564e+00
1.755495323655142101e+02 1.071265745236360090e+00
1.801175533721946067e+02 1.073550197687116681e+00
1.846855743789415953e+02 1.078223530750316739e+00
1.892535953856219919e+02 1.081531657023200976e+00
1.938216163923689521e+02 1.085272655959765187e+00
1.983896373991159408e+02 1.088028967798417623e+00
2.029576584057963373e+02 1.089670201188312149e+00
2.075256794125432975e+02 1.091180535714253663e+00
2.120937004192902577e+02 1.090406946469651528e+00
2.166617214259706827e+02 1.091093381705661614e+00
2.212297424327176429e+02 1.089105696935803280e+00
2.257977634393980395e+02 1.088465093492326785e+00
2.303657844461449997e+02 1.086630898341354623e+00
2.349338054528919884e+02 1.084640621635609703e+00
2.395018264595723849e+02 1.081931293769305968e+00
2.440698474663193451e+02 1.078492472128705915e+00
2.486378684730663053e+02 1.076616878840487290e+00
2.532058894797467019e+02 1.074250905123695476e+00
2.577739104864936621e+02 1.071525380964506668e+00
2.623419314931741155e+02 1.068909061447300246e+00
2.669099524999210757e+02 1.066801731795180785e+00
2.714779735066680360e+02 1.063667055950834994e+00
2.760459945133484325e+02 1.057030705959959960e+00
2.806140155200953927e+02 1.052408659498155430e+00
2.851820365267757893e+02 1.047637122078299399e+00
2.897500575335227495e+02 1.045519305413942446e+00
2.943180785402697666e+02 1.042726963628448855e+00
2.988860995469501631e+02 1.040895684405427346e+00
3.034541205536971233e+02 1.037991992837855149e+00
3.080221415604440836e+02 1.035463169432394581e+00
3.125901625671244801e+02 1.032820924530824414e+00
3.171581835738714403e+02 1.033124549136232417e+00
3.217262045805518369e+02 1.029652857164724766e+00
3.262942255872987971e+02 1.028401764559456977e+00
3.308622465940458142e+02 1.025666970932074262e+00
3.354302676007262107e+02 1.026814600443913150e+00
3.399982886074731709e+02 1.026119748688453681e+00
3.445663096142201312e+02 1.022840146506382553e+00
3.491343306209005277e+02 1.018933765501818245e+00
3.537023516276474879e+02 1.017392688755194285e+00
3.582703726343278845e+02 1.018833321077939447e+00
3.628383936410748447e+02 1.019431979213777595e+00
3.674064146478218618e+02 1.019153158810051307e+00
3.719744356545022583e+02 1.019164757189287229e+00
3.765424566612492185e+02 1.018864358767435307e+00
3.811104776679961788e+02 1.017885396297288025e+00
3.856784986746765753e+02 1.016780532047164343e+00
3.902465196814235355e+02 1.016270998101087342e+00
3.948145406881039321e+02 1.015328064258180119e+00
3.993825616948509492e+02 1.015019357734331606e+00
4.039505827015979094e+02 1.015177950590252065e+00
4.085186037082783059e+02 1.015091345192255856e+00
4.130866247150252661e+02 1.014847413790486597e+00
4.176546457217056627e+02 1.014419757006673306e+00
4.222226667284526229e+02 1.011617918948066519e+00
4.267906877351995831e+02 1.007100804727580678e+00
4.313587087418799797e+02 1.004887341202485684e+00
4.359267297486269968e+02 1.008605302222425282e+00
4.404947507553073933e+02 1.013625884841606650e+00
4.450627717620543535e+02 1.015783127967589961e+00
4.496307927688013137e+02 1.014601489018862823e+00
4.541988137754817103e+02 1.014819611539867994e+00
4.587668347822286705e+02 1.014823151388100086e+00
4.633348557889090671e+02 1.014761557358080379e+00
4.679028767956560273e+02 1.012985170040034744e+00
4.724708978024030444e+02 1.014289341558234581e+00
4.770389188090834409e+02 1.014529451979645502e+00
4.816069398158304011e+02 1.015740401219356270e+00
4.861749608225107977e+02 1.014639178653662155e+00
4.907429818292577579e+02 1.014740277054594797e+00
4.953110028360047181e+02 1.016105463526249197e+00
4.998790238426851147e+02 1.017680265546194507e+00
5.044470448494321317e+02 1.020311607728179526e+00
5.090150658561125283e+02 1.020334773361393443e+00
5.135830868628594317e+02 1.020039636892571933e+00
5.181511078696064487e+02 1.018324324499303657e+00
5.227191288762868453e+02 1.017324718707110831e+00
5.272871498830338624e+02 1.017946464382551541e+00
5.318551708897142589e+02 1.018863385131415500e+00
5.364231918964611623e+02 1.020499447007068738e+00
5.409912129032081793e+02 1.021472320933185074e+00
5.455592339098885759e+02 1.023887498205681368e+00
5.501272549166354793e+02 1.015664935163234306e+00
5.546952759233158758e+02 1.010619834763891278e+00
5.592632969300628929e+02 1.007682986802971525e+00
5.638313179368099100e+02 1.014239001164203957e+00
5.683993389434903065e+02 1.018517193631775397e+00
5.729673599502372099e+02 1.017892258384222259e+00
5.775353809569176065e+02 1.018185118994627603e+00
5.821034019636646235e+02 1.017417137111010561e+00
5.866714229704115269e+02 1.018640742113158693e+00
5.912394439770919234e+02 1.018081702797341448e+00
5.958074649838389405e+02 1.017619992749776658e+00
6.003754859905193371e+02 1.018399036186527384e+00
6.049435069972663541e+02 1.019198849670108986e+00
6.095115280040132575e+02 1.019478156826683746e+00
6.140795490106936541e+02 1.016470972371697146e+00
6.186475700174406711e+02 1.015135002819382182e+00
6.232155910241210677e+02 1.013553487887709936e+00
6.277836120308680847e+02 1.013757948323056324e+00
6.323516330376149881e+02 1.016567125291430784e+00
6.369196540442953847e+02 1.019184749187199257e+00
6.414876750510424017e+02 1.018886397715088377e+00
6.460556960577227983e+02 1.016432027027841967e+00
6.506237170644697017e+02 1.014922026746641448e+00
6.551917380712167187e+02 1.016379342222080595e+00
6.597597590778971153e+02 1.017454366543991684e+00
6.643277800846441323e+02 1.016713487748423406e+00
6.688958010913245289e+02 1.015064578346709823e+00
6.734638220980714323e+02 1.011965862578108499e+00
6.780318431048184493e+02 1.009389347782682078e+00
6.825998641114988459e+02 1.008598952852328923e+00
6.871678851182457493e+02 1.007774623230375255e+00
6.917359061249261458e+02 1.008176709870667764e+00
6.963039271316731629e+02 1.008533529533489626e+00
7.008719481384201799e+02 1.009052130096771860e+00
7.054399691451005765e+02 1.010141882812149561e+00
7.100079901518474799e+02 1.008445609492014228e+00
7.145760111585278764e+02 1.008937113574954081e+00
7.191440321652748935e+02 1.007834817347467604e+00
7.237120531720217969e+02 1.010535428161953631e+00
7.282800741787021934e+02 1.011157494910510879e+00
7.328480951854492105e+02 1.012986898188122042e+00
7.374161161921296070e+02 1.011780280517162511e+00
7.419841371988766241e+02 1.011806418668318885e+00
7.465521582056235275e+02 1.012782346323812588e+00
7.511201792123039240e+02 1.012579862723707036e+00
7.556882002190509411e+02 1.012539242308776011e+00
7.602562212257313377e+02 1.012371658193918167e+00
7.648242422324782410e+02 1.013735866421825449e+00
7.693922632392252581e+02 1.014832734154235139e+00
7.739602842459056546e+02 1.014347672227358998e+00
7.785283052526526717e+02 1.014610524528582802e+00
7.830963262593330683e+02 1.013771961874037286e+00
7.876643472660799716e+02 1.012156207759820292e+00
7.922323682728269887e+02 1.011825548170615319e+00
7.968003892795073853e+02 1.012626573933099960e+00
8.013684102862542886e+02 1.012633700242266288e+00
8.059364312930013057e+02 1.012196884141644659e+00
8.105044522996817022e+02 1.010535747952038266e+00
8.150724733064287193e+02 1.012009421924934260e+00
8.196404943131091159e+02 1.010166273539539361e+00
8.242085153198560192e+02 1.009327634084418834e+00
8.287765363266030363e+02 1.008569818607043089e+00
8.333445573332834329e+02 1.010324101345342340e+00
8.379125783400304499e+02 1.010723080618276981e+00
8.424805993467773533e+02 1.009834403855696339e+00
8.470486203534577498e+02 1.010809702291188161e+00
8.516166413602047669e+02 1.013061861170399425e+00
8.561846623668851635e+02 1.014178070407713905e+00
8.607526833736320668e+02 1.012533903987294481e+00
8.653207043803790839e+02 1.010957039831206883e+00
8.698887253870594805e+02 1.011021468909499843e+00
8.744567463938064975e+02 1.011061449766695430e+00
8.790247674005534009e+02 1.008932547539605595e+00
8.835927884072337974e+02 1.007724618473162082e+00
8.881608094139808145e+02 1.007436637578545513e+00
8.927288304206612111e+02 1.009259136312607552e+00
8.972968514274081144e+02 1.008035861508687958e+00
9.018648724341551315e+02 1.007858416647991362e+00
9.064328934408355281e+02 1.006320478958893316e+00
9.110009144475825451e+02 1.007108449610806700e+00
9.155689354542629417e+02 1.006354613328994674e+00
9.201369564610098450e+02 1.005583109201400704e+00
9.247049774677568621e+02 1.004245091345183027e+00
9.292729984744372587e+02 1.003583082881315702e+00
9.338410194811841620e+02 1.004273474176519132e+00
9.384090404879311791e+02 1.004283075008932657e+00
9.429770614946115757e+02 1.005961152900946898e+00
9.475450825013585927e+02 1.004836077105248249e+00
9.521131035080389893e+02 1.005697408374165436e+00
9.566811245147858926e+02 1.005321408085554369e+00
9.612491455215329097e+02 1.005990937513009387e+00
9.658171665282133063e+02 1.005226213271005919e+00
9.703851875349602096e+02 1.004413684722370137e+00
9.749532085417072267e+02 1.006163892978027663e+00
9.795212295483876233e+02 1.008899556404912801e+00
9.840892505551346403e+02 1.008628651159066747e+00
9.886572715618150369e+02 1.008510345662974261e+00
9.932252925685619402e+02 1.007761586388369324e+00
9.977933135753089573e+02 1.008595478869134920e+00
1.002361334581989354e+03 1.008132596463800157e+00
1.006929355588736371e+03 1.008431757969901810e+00
1.011497376595416654e+03 1.009086170576817265e+00
1.016065397602163785e+03 1.007818048512111320e+00
1.020633418608910688e+03 1.006853574038359511e+00
1.025201439615590971e+03 1.005533550510449459e+00
1.029769460622338102e+03 1.006756606303232049e+00
1.034337481629018384e+03 1.006950082602012797e+00
1.038905502635765288e+03 1.005943998746715806e+00
1.043473523642512419e+03 1.006408889542247609e+00
1.048041544649192701e+03 1.005083600713305714e+00
1.052609565655939832e+03 1.005945307460554661e+00
1.057177586662620115e+03 1.004788464206626486e+00
1.061745607669367018e+03 1.006287511378066712e+00
1.066313628676114149e+03 1.006180565150657458e+00
1.070881649682794432e+03 1.006634010660150125e+00
1.075449670689541335e+03 1.004732206084743895e+00
1.080017691696221846e+03 1.004032448442027770e+00
1.084585712702968749e+03 1.001485410301067303e+00
1.089153733709715880e+03 1.001458616996956152e+00
1.093721754716396163e+03 1.001899514183340445e+00
1.098289775723143066e+03 1.003168069798524131e+00
1.102857796729823576e+03 1.003516735179308172e+00
1.107425817736570480e+03 1.003148267301336771e+00
1.111993838743317383e+03 1.004594058221679687e+00
1.116561859749997893e+03 1.003872068234992865e+00
1.121129880756744797e+03 1.003824791673726624e+00
1.125697901763425307e+03 1.003138807623675577e+00
1.130265922770172210e+03 1.003233816914530507e+00
1.134833943776919114e+03 1.002605832084213944e+00
1.139401964783599624e+03 1.002891906571373282e+00
1.143969985790346527e+03 1.002495206521833326e+00
1.148538006797027037e+03 1.003822668814829511e+00
1.153106027803773941e+03 1.004361732492877080e+00
1.157674048810520844e+03 1.005129464056456756e+00
1.162242069817201354e+03 1.005850841773470394e+00
1.166810090823948258e+03 1.003726914180864016e+00
1.171378111830628768e+03 1.004738083536002025e+00
1.175946132837375671e+03 1.003584482046145920e+00
1.180514153844122575e+03 1.004459865791394124e+00
1.185082174850803085e+03 1.003215940846606147e+00
1.189650195857549988e+03 1.002733625727046274e+00
1.194218216864230499e+03 1.003828870266299189e+00
1.198786237870977402e+03 1.003292022454123300e+00
1.203354258877724305e+03 1.002661196987787662e+00
1.207922279884404816e+03 1.003141896789088605e+00
1.212490300891151719e+03 1.004352846569607438e+00
1.217058321897832002e+03 1.005399668539401548e+00
1.221626342904579133e+03 1.002077127519366284e+00
1.226194363911326036e+03 1.000326936519892795e+00
1.230762384918006546e+03 9.996349504939795461e-01
1.235330405924753450e+03 1.000826564405012276e+00
1.239898426931433733e+03 1.001527265197940553e+00
1.244466447938180863e+03 1.002056341278072749e+00
1.249034468944927767e+03 1.001308974035926669e+00
1.253602489951608050e+03 1.000886373415482922e+00
1.258170510958355180e+03 1.000234767558481508e+00
1.262738531965035463e+03 1.000215223521687902e+00
1.267306552971782594e+03 1.000015391858861902e+00
1.271874573978529497e+03 9.995366290614432492e-01
1.276442594985209780e+03 1.000593683115880594e+00
1.281010615991956911e+03 1.000574953541066181e+00
1.285578636998637194e+03 9.999076789728178483e-01
1.290146658005384097e+03 9.985456462992866600e-01
1.294714679012131228e+03 9.976324079424708779e-01
1.299282700018811511e+03 9.991040571366435197e-01
1.303850721025558641e+03 1.000272230258815398e+00
1.308418742032238924e+03 1.001261257645296610e+00
1.312986763038985828e+03 1.000795614838428493e+00
1.317554784045732958e+03 1.000997133229740710e+00
1.322122805052413241e+03 1.001312027158936191e+00
1.326690826059160372e+03 1.000559750942291659e+00
1.331258847065840655e+03 1.000786220169629814e+00
1.335826868072587558e+03 9.999717536195475986e-01
1.340394889079334689e+03 9.995610282966254090e-01
1.344962910086014972e+03 9.990466460161542273e-01
1.349530931092761875e+03 1.000249748486453427e+00
1.354098952099442386e+03 1.000375160317616974e+00
1.358666973106189289e+03 9.998231859325036330e-01
1.363234994112936420e+03 1.000232922614031850e+00
1.367803015119616703e+03 1.001664634073449633e+00
1.372371036126363606e+03 1.002945265391152363e+00
1.376939057133110737e+03 1.002224332012663810e+00
1.381507078139791020e+03 1.001921152748044053e+00
1.386075099146537923e+03 1.001363663866716935e+00
1.390643120153218433e+03 1.001995600231869732e+00
1.395211141159965337e+03 1.003136852082434416e+00
1.399779162166712467e+03 1.003294714279794109e+00
1.404347183173392750e+03 1.003616065897138698e+00
1.408915204180139654e+03 1.003438293741358622e+00
1.413483225186820164e+03 1.003404160933769163e+00
1.418051246193567067e+03 1.003492424592839827e+00
1.422619267200313971e+03 1.002634860944643380e+00
1.427187288206994481e+03 1.001487975246580620e+00
1.431755309213741384e+03 1.001474985515035998e+00
1.436323330220488515e+03 1.001611543066436072e+00
1.440891351227168798e+03 1.002481795674915022e+00
1.445459372233915701e+03 1.000912636134899003e+00
1.450027393240596211e+03 1.000751715724618407e+00
1.454595414247343115e+03 1.002704151466408122e+00
1.459163435254090018e+03 1.004159905369874650e+00
1.463731456260770528e+03 1.006245027817688653e+00
1.468299477267517432e+03 1.006515232812868588e+00
1.472867498274264562e+03 1.005480311237571867e+00
1.477435519280944845e+03 1.004544158080382887e+00
1.482003540287691749e+03 1.003093359088135683e+00
1.486571561294372259e+03 1.004211319167855665e+00
1.491139582301119162e+03 1.003422946267050975e+00
1.495707603307866066e+03 1.005084711811756959e+00
1.500275624314546576e+03 1.005124670551178268e+00
1.504843645321293479e+03 1.004380215947776378e+00
1.509411666328040610e+03 1.001976545301962007e+00
1.513979687334720893e+03 1.002023756871229354e+00
1.518547708341467796e+03 1.002203789116454802e+00
1.523115729348148307e+03 1.001930868084741633e+00
1.527683750354895210e+03 1.001921880434376133e+00
1.532251771361642113e+03 1.002133456974282355e+00
1.536819792368322624e+03 1.001137308914091362e+00
1.541387813375069527e+03 9.996834352288411774e-01
1.545955834381750037e+03 9.993003057491401941e-01
1.550523855388496941e+03 9.991906883783864268e-01
1.555091876395243844e+03 1.000681717878819654e+00
1.559659897401924354e+03 1.002300450254135056e+00
1.564227918408671258e+03 1.002898442711663618e+00
1.568795939415418161e+03 1.001152002883221259e+00
1.573363960422098671e+03 1.000307019032788958e+00
1.577931981428845575e+03 1.000730231239913337e+00
1.582500002435526085e+03 1.001149822965961222e+00
1.587068023442272988e+03 1.000859057198113078e+00
1.591636044449019892e+03 1.000870335341005557e+00
1.596204065455700402e+03 9.991381170607761542e-01
1.600772086462447305e+03 9.990057172332550417e-01
1.605340107469127815e+03 9.977540606039762006e-01
1.609908128475874719e+03 9.993943554288003961e-01
1.614476149482621622e+03 9.982203796940893881e-01
1.619044170489302132e+03 1.000062886279048824e+00
1.623612191496049036e+03 1.000007949517453198e+00
1.628180212502729546e+03 1.000936469409869689e+00
1.632748233509476449e+03 1.002200343171087527e+00
1.637316254516223353e+03 1.001807853541966553e+00
1.641884275522903863e+03 1.003058374706635503e+00
1.646452296529650766e+03 1.004148495825726739e+00
1.651020317536331277e+03 1.005063932781657288e+00
1.655588338543078180e+03 1.003841902899504701e+00
1.660156359549825083e+03 1.000794934515662815e+00
1.664724380556505594e+03 1.000199821312245829e+00
1.669292401563252497e+03 9.995835801964858547e-01
1.673860422569932780e+03 9.983713248744076063e-01
1.678428443576679911e+03 9.979333675616999244e-01
1.682996464583426814e+03 9.976480740456660223e-01
1.687564485590107324e+03 9.983030973281756815e-01
1.692132506596854228e+03 9.992820172620895391e-01
1.696700527603534510e+03 9.984958426679213517e-01
1.701268548610281641e+03 9.992076446901592135e-01
1.705836569617028545e+03 9.997138080705857410e-01
1.710404590623708827e+03 1.001135459313710951e+00
1.714972611630455958e+03 1.001920611907886949e+00
1.719540632637136241e+03 1.002383861976037904e+00
1.724108653643883372e+03 1.002924710058816116e+00
1.728676674650630275e+03 1.001691551112837031e+00
1.733244695657310558e+03 9.998068821467995804e-01
1.737812716664057689e+03 9.988251841546116339e-01
1.742380737670737972e+03 1.000036262856572877e+00
1.746948758677485102e+03 1.000754936523056360e+00
1.751516779684232006e+03 1.002011225435391450e+00
1.756084800690912289e+03 1.002293016175599405e+00
1.760652821697659419e+03 1.000312982766104142e+00
1.765220842704339702e+03 9.996719933658747559e-01
1.769788863711086606e+03 9.972950055390205071e-01
1.774356884717833736e+03 9.987182258582455452e-01
1.778924905724514019e+03 9.984800676035850975e-01
1.783492926731261150e+03 9.999755505048142368e-01
1.788060947737941433e+03 9.993436520823782976e-01
1.792628968744688336e+03 9.991000905296232304e-01
1.797196989751435467e+03 9.982674842912047097e-01
1.801765010758115750e+03 1.000677042622517776e+00
1.806333031764862653e+03 1.002870425515880015e+00
1.810901052771543164e+03 1.004279161201907300e+00
1.815469073778290067e+03 1.003136435822852945e+00
1.820037094785037198e+03 1.001388570237092379e+00
1.824605115791717481e+03 1.000285039227226891e+00
1.829173136798464384e+03 9.995812283634677442e-01
1.833741157805144894e+03 9.993576088953280978e-01
1.838309178811891798e+03 9.990478325985728825e-01
1.842877199818638701e+03 1.000056581008228251e+00
1.847445220825319211e+03 1.000505241912454268e+00
1.852013241832066115e+03 1.000976442795528554e+00
1.856581262838746625e+03 1.000827882335291408e+00
1.861149283845493528e+03 1.000279096841495630e+00
1.865717304852240432e+03 1.000649258713754763e+00
1.870285325858920942e+03 9.991568786746256592e-01
1.874853346865667845e+03 9.992877896613663324e-01
1.879421367872348355e+03 9.984291351263436809e-01
1.883989388879095259e+03 9.996484304026959089e-01
1.888557409885842162e+03 9.998484845695733148e-01
1.893125430892522672e+03 1.000363714548863525e+00
1.897693451899269576e+03 9.999069280116069658e-01
1.902261472905950086e+03 9.998433201437441076e-01
1.906829493912696989e+03 1.000413106073968494e+00
1.911397514919443893e+03 1.000968978707874157e+00
1.915965535926124403e+03 1.001795764928715471e+00
1.920533556932871306e+03 1.002066445507087566e+00
1.925101577939551817e+03 1.001668423946209030e+00
1.929669598946298720e+03 1.000621836010471499e+00
1.934237619953045623e+03 9.990091490999475354e-01
1.938805640959726134e+03 9.999683578673360662e-01
1.943373661966473037e+03 1.001286637523132184e+00
1.947941682973153320e+03 1.001707193759026948e+00
1.952509703979900451e+03 1.000441304306302071e+00
1.957077724986647354e+03 9.995295639471729610e-01
1.961645745993327864e+03 9.995689416737528754e-01
1.966213767000074768e+03 1.000008055444292721e+00
1.970781788006821671e+03 1.001662918307374639e+00
1.975349809013502181e+03 1.002339248447166709e+00
1.979917830020249085e+03 1.002326482634430249e+00
1.984485851026929367e+03 1.000136513799968041e+00
1.989053872033676498e+03 1.000142415873369828e+00
1.993621893040423402e+03 9.999910364744361013e-01
