-1.994260445826881323e+03 1.030159334162501938e+00
-1.989692424820200813e+03 1.026687744108890188e+00
-1.985124403813453910e+03 1.028986447981898644e+00
-1.980556382806740203e+03 1.024592707130941083e+00
-1.975988361800026496e+03 1.021755797664817500e+00
-1.971420340793279593e+03 1.019497452047953834e+00
-1.966852319786565886e+03 1.020991556849791371e+00
-1.962284298779852179e+03 1.022727915442710911e+00
-1.957716277773138472e+03 1.021072069685870387e+00
-1.953148256766424765e+03 1.025027932857790036e+00
-1.948580235759677862e+03 1.026859419299176013e+00
-1.944012214752964155e+03 1.027762452885681244e+00
-1.939444193746250448e+03 1.026409054204007631e+00
-1.934876172739536742e+03 1.026818361400438917e+00
-1.930308151732823035e+03 1.029882251837600293e+00
-1.925740130726076131e+03 1.029311457853762990e+00
-1.921172109719362425e+03 1.026908040223440510e+00
-1.916604088712648718e+03 1.026277684842149540e+00
-1.912036067705935011e+03 1.027743707336548740e+00
-1.907468046699188108e+03 1.029225573069375343e+00
-1.902900025692474401e+03 1.028936782796445071e+00
-1.898332004685760694e+03 1.028936707398659278e+00
-1.893763983679046987e+03 1.028325113674428026e+00
-1.889195962672333280e+03 1.026849286608433998e+00
-1.884627941665586377e+03 1.025803338064359194e+00
-1.880059920658872670e+03 1.027629759174155000e+00
-1.875491899652158963e+03 1.026378375913118646e+00
-1.870923878645412060e+03 1.026720756619688757e+00
-1.866355857638731777e+03 1.023890068692561384e+00
-1.861787836631984646e+03 1.024514056736990142e+00
-1.857219815625270940e+03 1.025181699726787743e+00
-1.852651794618557233e+03 1.024548379944414167e+00
-1.848083773611810329e+03 1.024886316121232710e+00
-1.843515752605130047e+03 1.023808682348321897e+00
-1.838947731598382916e+03 1.024691199601673874e+00
-1.834379710591669209e+03 1.026138717249819310e+00
-1.829811689584955730e+03 1.025627343392796265e+00
-1.825243668578208599e+03 1.027667667339279944e+00
-1.820675647571528316e+03 1.026850573921163745e+00
-1.816107626564781185e+03 1.028072430398317749e+00
-1.811539605558034282e+03 1.026257908110305150e+00
-1.806971584551353999e+03 1.024758913155627171e+00
-1.802403563544606868e+03 1.021301397149583012e+00
-1.797835542537926585e+03 1.020558148237192597e+00
-1.793267521531179682e+03 1.021224152268596752e+00
-1.788699500524432551e+03 1.021803029680249608e+00
-1.784131479517752268e+03 1.024352609108383660e+00
-1.779563458511005138e+03 1.014206028832598916e+00
-1.774995437504324855e+03 1.013521862021597997e+00
-1.770427416497577951e+03 1.012330404657627581e+00
-1.765859395490830821e+03 1.023673906558445479e+00
-1.761291374484150538e+03 1.022227761264296930e+00
-1.756723353477403634e+03 1.020349780779073567e+00
-1.752155332470723124e+03 1.018415182756835291e+00
-1.747587311463976221e+03 1.019656139396128536e+00
-1.743019290457229090e+03 1.019099203679767696e+00
-1.738451269450548807e+03 1.017939873257051486e+00
-1.733883248443801904e+03 1.018576160774567141e+00
-1.729315227437121393e+03 1.017900388276721912e+00
-1.724747206430374490e+03 1.015821683556346500e+00
-1.720179185423627587e+03 1.013616015596061404e+00
-1.715611164416947076e+03 1.014575229929046030e+00
-1.711043143410200173e+03 1.013594111437804202e+00
-1.706475122403486466e+03 1.014742073724955729e+00
-1.701907101396772759e+03 1.011002644090259084e+00
-1.697339080390025856e+03 1.012154105037718521e+00
-1.692771059383345346e+03 1.010063010285539464e+00
-1.688203038376598442e+03 1.010627060157692769e+00
-1.683635017369884736e+03 1.010476680221406243e+00
-1.679066996363171029e+03 1.011760910532842672e+00
-1.674498975356424125e+03 1.011949885887328149e+00
-1.669930954349710419e+03 1.011573638590765656e+00
-1.665362933342996712e+03 1.009448276987735538e+00
-1.660794912336283005e+03 1.008182819752344583e+00
-1.656226891329569298e+03 1.008186268027803978e+00
-1.651658870322822395e+03 1.008187865845689091e+00
-1.647090849316108688e+03 1.009875344217434190e+00
-1.642522828309394981e+03 1.008311103448069845e+00
-1.637954807302681274e+03 1.007585839006466699e+00
-1.633386786295967568e+03 1.006848257933474544e+00
-1.628818765289220664e+03 1.008451475181876278e+00
-1.624250744282506957e+03 1.008723985918199562e+00
-1.619682723275793251e+03 1.007679584268250439e+00
-1.615114702269079544e+03 1.006556239186248147e+00
-1.610546681262332640e+03 1.005101907130945049e+00
-1.605978660255618934e+03 1.004700321203126689e+00
-1.601410639248905227e+03 1.004886375744305838e+00
-1.596842618242191520e+03 1.006963501426265450e+00
-1.592274597235477813e+03 1.005772237301812311e+00
-1.587706576228730910e+03 1.004231346422055138e+00
-1.583138555222017203e+03 1.005845361977956598e+00
-1.578570534215303496e+03 1.006190365892531302e+00
-1.574002513208556593e+03 1.007035801719055712e+00
-1.569434492201876083e+03 1.003575855488108459e+00
-1.564866471195129179e+03 1.003259622994927325e+00
-1.560298450188415472e+03 1.003881296965952741e+00
-1.555730429181701766e+03 1.004991802025618997e+00
-1.551162408174954862e+03 1.005333583802302089e+00
-1.546594387168274352e+03 1.006935981277355951e+00
-1.542026366161527449e+03 1.006819809548697320e+00
-1.537458345154780545e+03 1.007757248115946025e+00
-1.532890324148100035e+03 1.005528905893560365e+00
-1.528322303141353132e+03 1.006341677698448622e+00
-1.523754282134672621e+03 1.007626295013878348e+00
-1.519186261127925718e+03 1.010400841080733469e+00
-1.514618240121178815e+03 1.012092721686784103e+00
-1.510050219114498304e+03 1.012369609157431682e+00
-1.505482198107751401e+03 1.010639678255770946e+00
-1.500914177101071118e+03 1.010690595928575020e+00
-1.496346156094323987e+03 1.010457638040151096e+00
-1.491778135087577084e+03 1.009140968438108077e+00
-1.487210114080896574e+03 1.007723182683387675e+00
-1.482642093074149670e+03 1.007055196692372645e+00
-1.478074072067469388e+03 1.008470604160450534e+00
-1.473506051060722257e+03 1.006431659292114089e+00
-1.468938030053975353e+03 1.005015177430792050e+00
-1.464370009047295071e+03 1.004528455350239824e+00
-1.459801988040547940e+03 1.008246404127499884e+00
-1.455233967033867657e+03 1.010957011292380914e+00
-1.450665946027120526e+03 1.012183451034985637e+00
-1.446097925020373623e+03 1.010123323624948055e+00
-1.441529904013693340e+03 1.009722050179031383e+00
-1.436961883006946209e+03 1.007057926235423340e+00
-1.432393862000265926e+03 1.006557632868748442e+00
-1.427825840993519023e+03 1.005974728301599841e+00
-1.423257819986771892e+03 1.006753173760529307e+00
-1.418689798980091609e+03 1.006106826057797887e+00
-1.414121777973344479e+03 1.006270537179432267e+00
-1.409553756966630999e+03 1.007212155888339566e+00
-1.404985735959917292e+03 1.009932334629174422e+00
-1.400417714953170162e+03 1.010122259427229663e+00
-1.395849693946489879e+03 1.010277234358738951e+00
-1.391281672939742975e+03 9.980972361385814784e-01
-1.386713651933029269e+03 9.946318137624908795e-01
-1.382145630926315562e+03 9.923585760698093727e-01
-1.377577609919568431e+03 1.001357221608789816e+00
-1.373009588912854952e+03 1.001765018779224192e+00
-1.368441567906141245e+03 1.001561722051576453e+00
-1.363873546899427538e+03 1.004053997541130228e+00
-1.359305525892713831e+03 1.005388070933397104e+00
-1.354737504885966928e+03 1.005287804132033669e+00
-1.350169483879253221e+03 1.003915238663751097e+00
-1.345601462872539514e+03 1.004214542099257867e+00
-1.341033441865825807e+03 1.005931034457925533e+00
-1.336465420859112101e+03 1.006168425477236950e+00
-1.331897399852365197e+03 1.004722763436878497e+00
-1.327329378845651490e+03 1.003926160501568576e+00
-1.322761357838937784e+03 1.004129616368184541e+00
-1.318193336832224077e+03 1.003540102290837011e+00
-1.313625315825477173e+03 9.983933726039234680e-01
-1.309057294818763467e+03 9.948047630783776185e-01
-1.304489273812049760e+03 9.941121856187843386e-01
-1.299921252805336053e+03 9.987325892902561009e-01
-1.295353231798622346e+03 1.000017963819516353e+00
-1.290785210791875443e+03 1.001548931588634561e+00
-1.286217189785161736e+03 9.997745781905678086e-01
-1.281649168778448029e+03 9.994610026097158206e-01
-1.277081147771701126e+03 9.996843289019068379e-01
-1.272513126765020615e+03 1.001127490086427541e+00
-1.267945105758273712e+03 1.000858846790852796e+00
-1.263377084751560005e+03 1.000198959504700724e+00
-1.258809063744846299e+03 9.992742915940482362e-01
-1.254241042738099395e+03 1.000976261653079291e+00
-1.249673021731418885e+03 1.001228276657419203e+00
-1.245105000724671982e+03 1.001852098459721674e+00
-1.240536979717925078e+03 1.001666232164865278e+00
-1.235968958711244568e+03 1.002039254950631175e+00
-1.231400937704497665e+03 1.000889656149913209e+00
-1.226832916697817154e+03 9.989792082417068286e-01
-1.222264895691070251e+03 9.959213237391774109e-01
-1.217696874684323348e+03 9.965226945767161615e-01
-1.213128853677642837e+03 9.966769723268290582e-01
-1.208560832670895934e+03 9.985499666859803947e-01
-1.203992811664215424e+03 9.973308755037066931e-01
-1.199424790657468520e+03 9.979366094072190663e-01
-1.194856769650721617e+03 9.980354967913740438e-01
-1.190288748644041107e+03 9.949650727285188623e-01
-1.185720727637294203e+03 9.937769384210639600e-01
-1.181152706630613693e+03 9.940819491404416786e-01
-1.176584685623866790e+03 9.990343531661949328e-01
-1.172016664617119886e+03 1.000196197697410527e+00
-1.167448643610439376e+03 1.000480403115602712e+00
-1.162880622603692473e+03 1.001135534793310855e+00
-1.158312601597012190e+03 9.996674773871442321e-01
-1.153744580590265059e+03 9.996006448149330481e-01
-1.149176559583518156e+03 9.968616732146339254e-01
-1.144608538576837645e+03 1.000573294912015854e+00
-1.140040517570090742e+03 9.994038299105530987e-01
-1.135472496563410459e+03 9.986210703772732122e-01
-1.130904475556663328e+03 9.959188398651406260e-01
-1.126336454549916425e+03 9.969649259100398231e-01
-1.121768433543235915e+03 1.000132532043560785e+00
-1.117200412536489011e+03 1.000584395886581435e+00
-1.112632391529775305e+03 1.001364300353988712e+00
-1.108064370523061598e+03 9.995636740705909906e-01
-1.103496349516314694e+03 9.995031141349954851e-01
-1.098928328509634412e+03 9.979014548142496333e-01
-1.094360307502887281e+03 9.998659167571209982e-01
-1.089792286496173574e+03 9.997540862409172169e-01
-1.085224265489459867e+03 1.000603538861478681e+00
-1.080656244482712964e+03 9.992622924620491176e-01
-1.076088223475999257e+03 1.001808255997796548e+00
-1.071520202469285550e+03 1.001072386277731541e+00
-1.066952181462571843e+03 1.000143917029826524e+00
-1.062384160455858364e+03 9.970915177233242721e-01
-1.057816139449111233e+03 9.972134903934110062e-01
-1.053248118442397526e+03 9.983707562651792378e-01
-1.048680097435683820e+03 1.001493003537471393e+00
-1.044112076428970340e+03 1.002077920084587959e+00
-1.039544055422256406e+03 1.003356140378230066e+00
-1.034976034415509730e+03 9.999492394843420007e-01
-1.030408013408795796e+03 9.989822142828378437e-01
-1.025839992402082316e+03 9.969597328781768519e-01
-1.021271971395368496e+03 9.990250427692236590e-01
-1.016703950388621593e+03 9.991205556809935606e-01
-1.012135929381907886e+03 9.989523917773605044e-01
-1.007567908375194179e+03 9.967948048948755968e-01
-1.002999887368480472e+03 9.962544172509998353e-01
-9.984318663617667653e+02 9.975524889858226052e-01
-9.938638453550198619e+02 9.973778840161079406e-01
-9.892958243483061551e+02 1.000251385277654892e+00
-9.847278033415924483e+02 9.983598909951373335e-01
-9.801597823348455449e+02 1.001460132214020859e+00
-9.755917613281651484e+02 1.001233659740999427e+00
-9.710237403214181313e+02 1.000174846236793202e+00
-9.664557193147044245e+02 9.970924284547303396e-01
-9.618876983079907177e+02 9.968952863714358736e-01
-9.573196773012438143e+02 1.001655634300287145e+00
-9.527516562945634178e+02 1.005379128850885762e+00
-9.481836352878164007e+02 1.005274505962394871e+00
-9.436156142810694973e+02 1.004675277431829272e+00
-9.390475932743891008e+02 1.003604594444055920e+00
-9.344795722676420837e+02 1.000163281702744600e+00
-9.299115512609616871e+02 9.989018386184227438e-01
-9.253435302542146701e+02 9.976104474444204007e-01
-9.207755092474677667e+02 1.002414081745039764e+00
-9.162074882407873702e+02 1.004041342787151736e+00
-9.116394672340403531e+02 1.005139403159442280e+00
-9.070714462273599565e+02 1.002757077040219658e+00
-9.025034252206130532e+02 1.000408368171311624e+00
-8.979354042138660361e+02 9.995775304422522822e-01
-8.933673832071856395e+02 1.000128866220090229e+00
-8.887993622004386225e+02 1.000368967280384824e+00
-8.842313411937582259e+02 1.000194298417682148e+00
-8.796633201870113226e+02 9.980817605910866641e-01
-8.750952991802643055e+02 9.977373109586172850e-01
-8.705272781735839089e+02 9.996344143175596164e-01
-8.659592571668370056e+02 9.977224103407896783e-01
-8.613912361601566090e+02 9.857954078750879034e-01
-8.568232151534095919e+02 9.824012151270457016e-01
-8.522551941466625749e+02 9.849659616708947851e-01
-8.476871731399821783e+02 9.960645689797141822e-01
-8.431191521332352750e+02 9.955769458283896256e-01
-8.385511311265548784e+02 9.976000542286271866e-01
-8.339831101198078613e+02 9.991362825734123598e-01
-8.294150891130609580e+02 1.002355969314464801e+00
-8.248470681063804477e+02 1.001025858700738125e+00
-8.202790470996335443e+02 1.002258121154644188e+00
-8.157110260929198375e+02 9.995967962649388028e-01
-8.111430050862061307e+02 9.989952804258829255e-01
-8.065749840794592274e+02 9.973239226267386348e-01
-8.020069630727788308e+02 9.990726066864302757e-01
-7.974389420660318137e+02 9.991058667506914626e-01
-7.928709210593181069e+02 9.991690601939353655e-01
-7.883029000526044001e+02 9.985892678803338640e-01
-7.837348790458574967e+02 1.000961919504391062e+00
-7.791668580391437899e+02 1.000088500713824713e+00
-7.745988370324300831e+02 1.000177376818119912e+00
-7.700308160257163763e+02 9.974667235354672812e-01
-7.654627950190027832e+02 9.981394319390043401e-01
-7.608947740122557661e+02 9.961756066888748373e-01
-7.563267530055420593e+02 9.966612792867787229e-01
-7.517587319988283525e+02 9.966420519346949058e-01
-7.471907109921147594e+02 1.000453737628618001e+00
-7.426226899853677423e+02 1.001403522299142423e+00
-7.380546689786540355e+02 1.003605880854327781e+00
-7.334866479719403287e+02 1.002501534791842230e+00
-7.289186269652267356e+02 1.002241256127357927e+00
-7.243506059585130288e+02 1.000551131894913626e+00
-7.197825849517660117e+02 1.000556473757929554e+00
-7.152145639450523049e+02 1.002887078489417716e+00
-7.106465429383387118e+02 1.005444469437350108e+00
-7.060785219316250050e+02 1.007165344375948735e+00
-7.015105009249112982e+02 1.004995499293348304e+00
-6.969424799181642811e+02 1.003816704817609207e+00
-6.923744589114506880e+02 1.003229817542508728e+00
-6.878064379047369812e+02 1.001338980639957299e+00
-6.832384168979899641e+02 1.002171896921216332e+00
-6.786703958913095676e+02 1.002323006501721236e+00
-6.741023748845626642e+02 1.007086177007446848e+00
-6.695343538778489574e+02 1.004111919030037825e+00
-6.649663328711352506e+02 1.004434914677233337e+00
-6.603983118643882335e+02 1.005545597487127907e+00
-6.558302908577078369e+02 1.010502083640460569e+00
-6.512622698509609336e+02 1.010733455066599618e+00
-6.466942488442139165e+02 9.985232004951475338e-01
-6.421262278375335200e+02 9.965920538033022913e-01
-6.375582068307866166e+02 9.957079999613634991e-01
-6.329901858241062200e+02 1.007797789788962062e+00
-6.284221648173592030e+02 1.007722831036365507e+00
-6.238541438106121859e+02 1.008341829575253312e+00
-6.192861228039317893e+02 1.006298836507918848e+00
-6.147181017971848860e+02 1.008512199802074294e+00
-6.101500807905044894e+02 1.007864079751016106e+00
-6.055820597837574724e+02 1.008084969259546826e+00
-6.010140387770105690e+02 1.007760919736824690e+00
-5.964460177703300587e+02 1.009828088283901026e+00
-5.918779967635831554e+02 1.011076984427082381e+00
-5.873099757569027588e+02 1.011900005312971418e+00
-5.827419547501557417e+02 1.011626825732510726e+00
-5.781739337434088384e+02 1.011222885616102074e+00
-5.736059127367284418e+02 1.011576156349671463e+00
-5.690378917299814248e+02 1.012490273676727837e+00
-5.644698707233010282e+02 1.012925069756875018e+00
-5.599018497165540111e+02 1.011592222009236819e+00
-5.553338287098071078e+02 1.014337963139628984e+00
-5.507658077031267112e+02 1.014859271118098150e+00
-5.461977866963796941e+02 1.015125652958734692e+00
-5.416297656896992976e+02 1.011447330400945477e+00
-5.370617446829523942e+02 1.011376495661124864e+00
-5.324937236762053772e+02 1.013073196281330413e+00
-5.279257026695249806e+02 1.012705547003198037e+00
-5.233576816627780772e+02 1.013151410578207789e+00
-5.187896606560643704e+02 1.013166709827506340e+00
-5.142216396493506636e+02 1.017156901325354967e+00
-5.096536186426036465e+02 1.018358970653783446e+00
-5.050855976359232500e+02 1.018512519136038463e+00
-5.005175766291762898e+02 1.019377179664028743e+00
-4.959495556224626398e+02 1.019888073959729580e+00
-4.913815346157489330e+02 1.017309788784643843e+00
-4.868135136090019728e+02 1.015305784545868617e+00
-4.822454926022882660e+02 1.016116077045637667e+00
-4.776774715955746160e+02 1.020712591997740448e+00
-4.731094505888609092e+02 1.021752739208750427e+00
-4.685414295821472024e+02 1.023065181444603011e+00
-4.639734085754002422e+02 1.007525455861317143e+00
-4.594053875686865922e+02 1.005866808911283217e+00
-4.548373665619728854e+02 1.004441531693222034e+00
-4.502693455552591786e+02 1.019256040159632448e+00
-4.457013245485122184e+02 1.022901131690882037e+00
-4.411333035417985684e+02 1.022342017440507789e+00
-4.365652825350848616e+02 1.019940114967710088e+00
-4.319972615283711548e+02 1.017263949194178396e+00
-4.274292405216575048e+02 1.016605040183170106e+00
-4.228612195149104878e+02 1.016831745695507605e+00
-4.182931985081968378e+02 1.017192130389219074e+00
-4.137251775014831310e+02 1.016438516683327409e+00
-4.091571564947694810e+02 1.013879507426622695e+00
-4.045891354880557742e+02 1.012879835820153174e+00
-4.000211144813088140e+02 1.014748238945950787e+00
-3.954530934745951072e+02 1.019436286969986893e+00
-3.908850724678814572e+02 1.019475419638846914e+00
-3.863170514611344402e+02 1.019571424344576371e+00
-3.817490304544540436e+02 1.018513759352515535e+00
-3.771810094477070834e+02 1.018305767213576019e+00
-3.726129884409934334e+02 1.018207493388710416e+00
-3.680449674342797266e+02 1.016978089130873286e+00
-3.634769464275327664e+02 1.017281506333726382e+00
-3.589089254208523698e+02 1.015953109034758883e+00
-3.543409044141054096e+02 1.016133905062948317e+00
-3.497728834073583926e+02 1.018436098903123366e+00
-3.452048624006779960e+02 1.019120906011778516e+00
-3.406368413939310358e+02 1.017082682586400777e+00
-3.360688203872506392e+02 1.013831785249957873e+00
-3.315007993805036790e+02 1.016165825222382635e+00
-3.269327783737567188e+02 1.019127280243765199e+00
-3.223647573670763222e+02 1.021295969100151524e+00
-3.177967363603293052e+02 1.019295335195541385e+00
-3.132287153536489086e+02 1.020235239881950973e+00
-3.086606943469019484e+02 1.021212517845526691e+00
-3.040926733401549882e+02 1.023758822596334994e+00
-2.995246523334745916e+02 1.024328320719329666e+00
-2.949566313267276314e+02 1.024853994073907870e+00
-2.903886103200472348e+02 1.022753509364804358e+00
-2.858205893133002746e+02 1.022345321135636143e+00
-2.812525683065532576e+02 1.022427269700017405e+00
-2.766845472998728610e+02 1.023783132463108814e+00
-2.721165262931259008e+02 1.024026219969092155e+00
-2.675485052864455042e+02 1.022310423522469591e+00
-2.629804842796985440e+02 1.021589948773168999e+00
-2.584124632729515838e+02 1.018025602386103401e+00
-2.538444422662711588e+02 1.013665233550549827e+00
-2.492764212595241986e+02 1.012567961780481030e+00
-2.447084002528438020e+02 1.014123040738695636e+00
-2.401403792460968418e+02 1.018121178375281488e+00
-2.355723582393498532e+02 1.015248164133083719e+00
-2.310043372326694566e+02 1.014689297258200895e+00
-2.264363162259224964e+02 1.011336463490333015e+00
-2.218682952192087896e+02 1.010100965957121844e+00
-2.173002742124951112e+02 1.008252077934874480e+00
-2.127322532057481510e+02 1.003437019033659228e+00
-2.081642321990677544e+02 9.989477097716795706e-01
-2.035962111923207658e+02 9.951084474363938170e-01
-1.990281901856070874e+02 9.948381331389933857e-01
-1.944601691788934090e+02 9.926428386549824845e-01
-1.898921481721464488e+02 9.874994361613479432e-01
-1.853241271654327420e+02 9.837135389112935391e-01
-1.807561061587190636e+02 9.803381301874954934e-01
-1.761880851520053852e+02 9.769911948825248382e-01
-1.716200641452917068e+02 9.731201082138341008e-01
-1.670520431385447182e+02 9.691430858630573075e-01
-1.624840221318310398e+02 9.658168179709036849e-01
-1.579160011251173614e+02 9.625724294516544433e-01
-1.533479801184036830e+02 9.602360398204344838e-01
-1.487799591116566944e+02 9.558713920089303429e-01
-1.442119381049430160e+02 9.518495956718311390e-01
-1.396439170982293376e+02 9.482230381158464061e-01
-1.350758960915156308e+02 9.438218938446804041e-01
-1.305078750848019808e+02 9.386714182523595573e-01
-1.259398540780549922e+02 9.328226979777886063e-01
-1.213718330713412996e+02 9.308124677755623688e-01
-1.168038120646276212e+02 9.275019364480195927e-01
-1.122357910579139286e+02 9.252483649943883393e-01
-1.076677700512002502e+02 9.183229378877703075e-01
-1.030997490444532758e+02 9.130456803146861366e-01
-9.853172803773959743e+01 9.090636962431138945e-01
-9.396370703102590483e+01 9.051068218572216884e-01
-8.939568602427894461e+01 9.043251118916183495e-01
-8.482766501759853384e+01 9.017474771936045963e-01
-8.025964401085157363e+01 9.011919473397824731e-01
-7.569162300413788103e+01 8.927217240369221818e-01
-7.112360199742420264e+01 8.879852442020705894e-01
-6.655558099067722821e+01 8.851609862767872983e-01
-6.198755998399683165e+01 8.853001240078128831e-01
-5.741953897724985723e+01 8.815041657897116911e-01
-5.285151797050288991e+01 8.769724098448629102e-01
-4.828349696382248624e+01 8.728654583546054946e-01
-4.371547595707551892e+01 8.679031493213452686e-01
-3.914745495039511525e+01 8.647461731438473853e-01
-3.457943394364814793e+01 8.615094222453384409e-01
-3.001141293690118061e+01 8.630087112193601806e-01
-2.544339193022077694e+01 8.633163906928871256e-01
-2.087537092347380963e+01 8.641199696943621111e-01
-1.630734991679340595e+01 8.596438922895307533e-01
-1.173932891004643864e+01 8.565113159400539189e-01
-7.171307903299469544e+00 8.541414788797965230e-01
-2.603286896619067647e+00 8.555750848195771141e-01
1.964734110127903222e+00 8.554173938122365817e-01
6.532755116808303342e+00 8.574024096430434838e-01
1.110077612355527421e+01 8.599006349221364198e-01
1.566879713030224508e+01 8.619432544815595065e-01
2.023681813698264165e+01 8.634620293386205958e-01
2.480483914372961607e+01 8.661763119575501824e-01
2.937286015041001264e+01 8.704910623714189333e-01
3.394088115715697995e+01 8.749340660905886580e-01
3.850890216390395437e+01 8.800833649459415264e-01
4.307692317058435094e+01 8.837755238618001385e-01
4.764494417733132536e+01 8.905025334745270138e-01
5.221296518401172193e+01 8.987236490145468215e-01
5.678098619075869635e+01 9.056836174320134214e-01
6.134900719750565656e+01 9.129373543242612632e-01
6.591702820418606734e+01 9.106830716415098559e-01
7.048504921093302755e+01 9.192817086128570736e-01
7.505307021761343833e+01 9.256809286068991005e-01
7.962109122436039854e+01 9.397977094319193148e-01
8.418911223110737296e+01 9.498997789142435977e-01
8.875713323778776953e+01 9.605638888096829087e-01
9.332515424453474395e+01 9.692120256909598774e-01
9.789317525121514052e+01 9.766129067622083548e-01
1.024611962579621149e+02 9.819191743257723592e-01
1.070292172647090894e+02 9.884861341779848098e-01
1.115972382713895001e+02 9.932147803783095696e-01
1.161652592781364604e+02 1.000568212377875854e+00
1.207332802848168569e+02 1.008767701009370965e+00
1.253013012915638171e+02 1.014459490631357541e+00
1.298693222983108058e+02 1.019365120858784168e+00
1.344373433049912023e+02 1.022827616921006211e+00
1.390053643117381625e+02 1.031712776236266338e+00
1.435733853184185591e+02 1.041116674894302152e+00
1.481414063251655477e+02 1.049232752251233025e+00
1.527094273319125080e+02 1.053374883646578608e+00
1.572774483385929045e+02 1.058217796113619213e+00
1.618454693453398647e+02 1.063404260459075656e+00
1.664134903520202897e+02 1.070032160860705517e+00
1.709815113587672499e+02 1.072056165967069319e+00
1.755495323655142101e+02 1.075540396715988889e+00
1.801175533721946067e+02 1.077896325470116379e+00
1.846855743789415953e+02 1.081582351815806531e+00
1.892535953856219919e+02 1.084577997821819961e+00
1.938216163923689521e+02 1.087413887728208239e+00
1.983896373991159408e+02 1.088950747381242534e+00
2.029576584057963373e+02 1.087936312136567496e+00
2.075256794125432975e+02 1.088959042997013738e+00
2.120937004192902577e+02 1.087367387675935104e+00
2.166617214259706827e+02 1.087706208720438328e+00
2.212297424327176429e+02 1.083168512061888578e+00
2.257977634393980395e+02 1.082470743368787680e+00
2.303657844461449997e+02 1.080765409608829941e+00
2.349338054528919884e+02 1.081428533426010974e+00
2.395018264595723849e+02 1.080632977842507669e+00
2.440698474663193451e+02 1.077764931536004722e+00
2.486378684730663053e+02 1.073805664450086850e+00
2.532058894797467019e+02 1.070269277606257674e+00
2.577739104864936621e+02 1.067689625308579027e+00
2.623419314931741155e+02 1.065237333696624544e+00
2.669099524999210757e+02 1.062408015245087656e+00
2.714779735066680360e+02 1.059946776939436175e+00
2.760459945133484325e+02 1.053977572343778091e+00
2.806140155200953927e+02 1.050467143065930031e+00
2.851820365267757893e+02 1.045430316585679975e+00
2.897500575335227495e+02 1.043639918238871589e+00
2.943180785402697666e+02 1.039532974528981413e+00
2.988860995469501631e+02 1.037371840850274340e+00
3.034541205536971233e+02 1.033796117503281264e+00
3.080221415604440836e+02 1.032004784140023501e+00
3.125901625671244801e+02 1.030269868717236248e+00
3.171581835738714403e+02 1.031288005434798150e+00
3.217262045805518369e+02 1.027603261064825801e+00
3.262942255872987971e+02 1.024339553613534237e+00
3.308622465940458142e+02 1.021498052674663315e+00
3.354302676007262107e+02 1.021779375243814458e+00
3.399982886074731709e+02 1.021813265565602480e+00
3.445663096142201312e+02 1.019047078099068360e+00
3.491343306209005277e+02 1.015752365501650045e+00
3.537023516276474879e+02 1.014580709429499850e+00
3.582703726343278845e+02 1.014373939225076127e+00
3.628383936410748447e+02 1.015214624928338027e+00
3.674064146478218618e+02 1.014471037602523440e+00
3.719744356545022583e+02 1.016111291769940861e+00
3.765424566612492185e+02 1.017021634907223415e+00
3.811104776679961788e+02 1.017713456692073803e+00
3.856784986746765753e+02 1.016749952537149282e+00
3.902465196814235355e+02 1.016746688582050639e+00
3.948145406881039321e+02 1.015934100163842002e+00
3.993825616948509492e+02 1.015836223219063639e+00
4.039505827015979094e+02 1.015798924184878160e+00
4.085186037082783059e+02 1.014690291896348073e+00
4.130866247150252661e+02 1.013164484224034823e+00
4.176546457217056627e+02 1.014704253992969596e+00
4.222226667284526229e+02 1.010905394434719939e+00
4.267906877351995831e+02 1.005848826108225014e+00
4.313587087418799797e+02 1.002131113914022764e+00
4.359267297486269968e+02 1.006078780883437274e+00
4.404947507553073933e+02 1.012160302421837743e+00
4.450627717620543535e+02 1.013331619159809405e+00
4.496307927688013137e+02 1.012918338569003707e+00
4.541988137754817103e+02 1.013540231200484643e+00
4.587668347822286705e+02 1.012956156971047905e+00
4.633348557889090671e+02 1.012487849209151136e+00
4.679028767956560273e+02 1.011420016981370962e+00
4.724708978024030444e+02 1.013028393260394067e+00
4.770389188090834409e+02 1.015281773207789229e+00
4.816069398158304011e+02 1.016913105707885734e+00
4.861749608225107977e+02 1.016183814536740782e+00
4.907429818292577579e+02 1.014773652938401938e+00
4.953110028360047181e+02 1.014568778259899773e+00
4.998790238426851147e+02 1.016461788363282492e+00
5.044470448494321317e+02 1.019170446097746208e+00
5.090150658561125283e+02 1.020575985749815118e+00
5.135830868628594317e+02 1.019754728823121015e+00
5.181511078696064487e+02 1.018898569593829961e+00
5.227191288762868453e+02 1.017995844137089989e+00
5.272871498830338624e+02 1.020197628042221139e+00
5.318551708897142589e+02 1.020985459880686674e+00
5.364231918964611623e+02 1.021913510459095731e+00
5.409912129032081793e+02 1.022283437145840024e+00
5.455592339098885759e+02 1.025101375314799723e+00
5.501272549166354793e+02 1.015090751451301232e+00
5.546952759233158758e+02 1.008648643758003116e+00
5.592632969300628929e+02 1.003140214448194456e+00
5.638313179368099100e+02 1.011165253502554151e+00
5.683993389434903065e+02 1.017329676795194926e+00
5.729673599502372099e+02 1.019308857027795057e+00
5.775353809569176065e+02 1.020278937014722942e+00
5.821034019636646235e+02 1.017604979893273365e+00
5.866714229704115269e+02 1.017607197302027089e+00
5.912394439770919234e+02 1.016995453840688013e+00
5.958074649838389405e+02 1.017847398576653406e+00
6.003754859905193371e+02 1.018627670165756172e+00
6.049435069972663541e+02 1.017984887201199173e+00
6.095115280040132575e+02 1.015933314765409934e+00
6.140795490106936541e+02 1.014102984029856769e+00
6.186475700174406711e+02 1.013456269277753563e+00
6.232155910241210677e+02 1.014483432342785818e+00
6.277836120308680847e+02 1.014054038712818739e+00
6.323516330376149881e+02 1.016553810167844629e+00
6.369196540442953847e+02 1.017319672758238314e+00
6.414876750510424017e+02 1.016271799768181383e+00
6.460556960577227983e+02 1.014433103175141015e+00
6.506237170644697017e+02 1.013522783349571910e+00
6.551917380712167187e+02 1.015675777802433233e+00
6.597597590778971153e+02 1.015319306095648244e+00
6.643277800846441323e+02 1.014346702931220534e+00
6.688958010913245289e+02 1.012618914212491061e+00
6.734638220980714323e+02 1.010952551080473993e+00
6.780318431048184493e+02 1.009142679778544105e+00
6.825998641114988459e+02 1.008066042352728120e+00
6.871678851182457493e+02 1.008508354800824236e+00
6.917359061249261458e+02 1.010958183081205108e+00
6.963039271316731629e+02 1.011613953293514667e+00
7.008719481384201799e+02 1.010651495110702625e+00
7.054399691451005765e+02 1.010217918609214394e+00
7.100079901518474799e+02 1.008796690495842086e+00
7.145760111585278764e+02 1.008956580721549701e+00
7.191440321652748935e+02 1.008319118531327829e+00
7.237120531720217969e+02 1.010084747999258070e+00
7.282800741787021934e+02 1.011747411589984269e+00
7.328480951854492105e+02 1.010372417951202806e+00
7.374161161921296070e+02 1.009587083058628876e+00
7.419841371988766241e+02 1.009048467102691804e+00
7.465521582056235275e+02 1.011203492293551109e+00
7.511201792123039240e+02 1.011258602077835578e+00
7.556882002190509411e+02 1.011609761724495682e+00
7.602562212257313377e+02 1.011617923027453569e+00
7.648242422324782410e+02 1.012248189654504360e+00
7.693922632392252581e+02 1.012064552702024001e+00
7.739602842459056546e+02 1.012405267214110838e+00
7.785283052526526717e+02 1.013527707679107381e+00
7.830963262593330683e+02 1.013977989318277650e+00
7.876643472660799716e+02 1.013626454496867835e+00
7.922323682728269887e+02 1.013615384291445709e+00
7.968003892795073853e+02 1.013866969348858449e+00
8.013684102862542886e+02 1.013675838255115425e+00
8.059364312930013057e+02 1.013970660738361174e+00
8.105044522996817022e+02 1.013425337988185904e+00
8.150724733064287193e+02 1.013083958326660650e+00
8.196404943131091159e+02 1.009846182825375083e+00
8.242085153198560192e+02 1.007747954118182632e+00
8.287765363266030363e+02 1.006725198064411186e+00
8.333445573332834329e+02 1.008930849294908283e+00
8.379125783400304499e+02 1.009753500858513009e+00
8.424805993467773533e+02 1.009466947794370073e+00
8.470486203534577498e+02 1.008926935390263679e+00
8.516166413602047669e+02 1.010725769819941888e+00
8.561846623668851635e+02 1.011695482473328411e+00
8.607526833736320668e+02 1.010124516901744984e+00
8.653207043803790839e+02 1.009721399436368072e+00
8.698887253870594805e+02 1.008454567028896465e+00
8.744567463938064975e+02 1.008987135715301520e+00
8.790247674005534009e+02 1.005503700459598804e+00
8.835927884072337974e+02 1.005460471107388232e+00
8.881608094139808145e+02 1.007607644259754354e+00
8.927288304206612111e+02 1.009664461860779738e+00
8.972968514274081144e+02 1.009983214853339861e+00
9.018648724341551315e+02 1.007169634237015998e+00
9.064328934408355281e+02 1.007103832227547402e+00
9.110009144475825451e+02 1.006634051735204594e+00
9.155689354542629417e+02 1.007464178430420132e+00
9.201369564610098450e+02 1.006206920650545955e+00
9.247049774677568621e+02 1.005074842934921664e+00
9.292729984744372587e+02 1.004876406895618857e+00
9.338410194811841620e+02 1.004578502591925826e+00
9.384090404879311791e+02 1.005535634150191981e+00
9.429770614946115757e+02 1.006460789706314474e+00
9.475450825013585927e+02 1.006293258178061478e+00
9.521131035080389893e+02 1.006387554280460561e+00
9.566811245147858926e+02 1.005744071433279485e+00
9.612491455215329097e+02 1.007752528253263336e+00
9.658171665282133063e+02 1.006490746258350555e+00
9.703851875349602096e+02 1.004899541851917322e+00
9.749532085417072267e+02 1.003877958125031000e+00
9.795212295483876233e+02 1.006399110082725201e+00
9.840892505551346403e+02 1.006506878275066130e+00
9.886572715618150369e+02 1.006279327205788832e+00
9.932252925685619402e+02 1.005787902359240205e+00
9.977933135753089573e+02 1.006305513276743113e+00
1.002361334581989354e+03 1.007210975642124140e+00
1.006929355588736371e+03 1.007940869651103410e+00
1.011497376595416654e+03 1.009486302694502458e+00
1.016065397602163785e+03 1.007541355265061611e+00
1.020633418608910688e+03 1.006733313964180754e+00
1.025201439615590971e+03 1.004241090260090230e+00
1.029769460622338102e+03 1.004089024328474578e+00
1.034337481629018384e+03 1.004294641024102930e+00
1.038905502635765288e+03 1.005370098526517042e+00
1.043473523642512419e+03 1.007159670998703405e+00
1.048041544649192701e+03 1.004769953864979470e+00
1.052609565655939832e+03 1.003899003485798858e+00
1.057177586662620115e+03 1.003532068963825852e+00
1.061745607669367018e+03 1.004855570355327243e+00
1.066313628676114149e+03 1.004624681286448551e+00
1.070881649682794432e+03 1.005054561493125220e+00
1.075449670689541335e+03 1.003955653628054279e+00
1.080017691696221846e+03 1.002901823969978068e+00
1.084585712702968749e+03 9.982018456778026794e-01
1.089153733709715880e+03 9.976766899789785148e-01
1.093721754716396163e+03 9.980776755627781549e-01
1.098289775723143066e+03 1.001273360688742287e+00
1.102857796729823576e+03 1.002885337373754737e+00
1.107425817736570480e+03 1.004282569194363761e+00
1.111993838743317383e+03 1.006219545037803753e+00
1.116561859749997893e+03 1.005990435856612519e+00
1.121129880756744797e+03 1.005538995541996883e+00
1.125697901763425307e+03 1.003782177957305066e+00
1.130265922770172210e+03 1.002960621521234996e+00
1.134833943776919114e+03 1.002049929849060161e+00
1.139401964783599624e+03 1.002676353451003477e+00
1.143969985790346527e+03 1.002030630443035308e+00
1.148538006797027037e+03 1.003491383911371715e+00
1.153106027803773941e+03 1.003505540315738243e+00
1.157674048810520844e+03 1.005141678667125005e+00
1.162242069817201354e+03 1.005204770733485020e+00
1.166810090823948258e+03 1.004325592084796881e+00
1.171378111830628768e+03 1.003612714661358041e+00
1.175946132837375671e+03 1.003337470817958321e+00
1.180514153844122575e+03 1.002230861965623943e+00
1.185082174850803085e+03 1.002449996471379334e+00
1.189650195857549988e+03 1.001897237857368284e+00
1.194218216864230499e+03 1.004010092057039172e+00
1.198786237870977402e+03 1.002966221003854796e+00
1.203354258877724305e+03 1.003906713162905362e+00
1.207922279884404816e+03 1.004767674511792164e+00
1.212490300891151719e+03 1.004422430196996174e+00
1.217058321897832002e+03 1.004363098218125971e+00
1.221626342904579133e+03 1.002203057797790509e+00
1.226194363911326036e+03 1.003553856321483861e+00
1.230762384918006546e+03 1.001852267780463990e+00
1.235330405924753450e+03 1.002066731868239913e+00
1.239898426931433733e+03 1.001269964359569942e+00
1.244466447938180863e+03 1.001701211720614992e+00
1.249034468944927767e+03 1.000281304606308597e+00
1.253602489951608050e+03 1.000483562069386378e+00
1.258170510958355180e+03 1.000295038464021902e+00
1.262738531965035463e+03 1.001071493384377620e+00
1.267306552971782594e+03 1.000001798538998399e+00
1.271874573978529497e+03 9.997057736882197787e-01
1.276442594985209780e+03 1.000144789909389376e+00
1.281010615991956911e+03 1.001362405801993871e+00
1.285578636998637194e+03 1.000405748845385689e+00
1.290146658005384097e+03 9.999723792989243520e-01
1.294714679012131228e+03 9.993878963857696363e-01
1.299282700018811511e+03 1.000561514995259360e+00
1.303850721025558641e+03 1.000595561570889913e+00
1.308418742032238924e+03 9.996310734035963597e-01
1.312986763038985828e+03 9.987291032370345656e-01
1.317554784045732958e+03 9.977306291618409650e-01
1.322122805052413241e+03 9.978307883960724212e-01
1.326690826059160372e+03 9.980212124619735059e-01
1.331258847065840655e+03 9.994542233755888683e-01
1.335826868072587558e+03 9.995662754501685177e-01
1.340394889079334689e+03 9.995376611477316819e-01
1.344962910086014972e+03 9.988079742699179642e-01
1.349530931092761875e+03 9.993411129524171210e-01
1.354098952099442386e+03 9.994373107038730941e-01
1.358666973106189289e+03 9.995042758333360089e-01
1.363234994112936420e+03 1.001312382653206212e+00
1.367803015119616703e+03 1.001898993439908736e+00
1.372371036126363606e+03 1.003519690041988044e+00
1.376939057133110737e+03 1.001874951654675217e+00
1.381507078139791020e+03 1.001527311681722265e+00
1.386075099146537923e+03 1.000068512288900591e+00
1.390643120153218433e+03 1.000146096326526957e+00
1.395211141159965337e+03 1.001671337800720041e+00
1.399779162166712467e+03 1.003461164899060121e+00
1.404347183173392750e+03 1.004383746847603787e+00
1.408915204180139654e+03 1.004600323050719224e+00
1.413483225186820164e+03 1.003031818680369724e+00
1.418051246193567067e+03 1.002708971742398036e+00
1.422619267200313971e+03 1.000423198158349125e+00
1.427187288206994481e+03 9.999131776365478563e-01
1.431755309213741384e+03 1.000193039075270462e+00
1.436323330220488515e+03 1.002556651419960643e+00
1.440891351227168798e+03 1.003294632599477154e+00
1.445459372233915701e+03 1.002314796974928868e+00
1.450027393240596211e+03 1.000608862305815139e+00
1.454595414247343115e+03 1.001861429685732219e+00
1.459163435254090018e+03 1.001888360551409507e+00
1.463731456260770528e+03 1.003148082694679033e+00
1.468299477267517432e+03 1.003879947414740625e+00
1.472867498274264562e+03 1.003552302724642686e+00
1.477435519280944845e+03 1.003633152058114320e+00
1.482003540287691749e+03 1.003361326375170393e+00
1.486571561294372259e+03 1.005073560045237402e+00
1.491139582301119162e+03 1.003934513261545591e+00
1.495707603307866066e+03 1.003836432420181835e+00
1.500275624314546576e+03 1.003665081275357807e+00
1.504843645321293479e+03 1.004268454470737426e+00
1.509411666328040610e+03 1.003286513224225018e+00
1.513979687334720893e+03 1.004738240724691423e+00
1.518547708341467796e+03 1.005024373410644101e+00
1.523115729348148307e+03 1.005415289558148517e+00
1.527683750354895210e+03 1.003082822420007458e+00
1.532251771361642113e+03 1.001554673923957806e+00
1.536819792368322624e+03 9.996631507105652181e-01
1.541387813375069527e+03 1.000641595943307038e+00
1.545955834381750037e+03 1.001336020851226749e+00
1.550523855388496941e+03 1.002397708232895868e+00
1.555091876395243844e+03 1.002064218969242804e+00
1.559659897401924354e+03 1.003224771366528101e+00
1.564227918408671258e+03 1.000967335208694520e+00
1.568795939415418161e+03 9.989186807692173042e-01
1.573363960422098671e+03 9.973678507020622419e-01
1.577931981428845575e+03 9.986297254326549355e-01
1.582500002435526085e+03 1.000068689350882778e+00
1.587068023442272988e+03 9.999424271236799777e-01
1.591636044449019892e+03 1.001809400832409436e+00
1.596204065455700402e+03 1.000559638991717293e+00
1.600772086462447305e+03 1.001081513998239414e+00
1.605340107469127815e+03 9.986825366059974840e-01
1.609908128475874719e+03 1.000534189312475064e+00
1.614476149482621622e+03 1.000716629558382920e+00
1.619044170489302132e+03 1.002822448520570786e+00
1.623612191496049036e+03 1.002655167171307538e+00
1.628180212502729546e+03 1.003087081224028454e+00
1.632748233509476449e+03 1.005043372685274106e+00
1.637316254516223353e+03 1.004811114567473851e+00
1.641884275522903863e+03 1.004104820569295953e+00
1.646452296529650766e+03 1.003080846264045478e+00
1.651020317536331277e+03 1.001955218348901555e+00
1.655588338543078180e+03 1.002791920261529413e+00
1.660156359549825083e+03 1.000665865785587583e+00
1.664724380556505594e+03 1.001731239755031311e+00
1.669292401563252497e+03 9.985482011245873091e-01
1.673860422569932780e+03 9.974742133220692031e-01
1.678428443576679911e+03 9.968429910376622738e-01
1.682996464583426814e+03 9.987108998794838044e-01
1.687564485590107324e+03 9.991388424595015749e-01
1.692132506596854228e+03 1.000475665736227482e+00
1.696700527603534510e+03 1.001001085610407015e+00
1.701268548610281641e+03 1.000570928413215599e+00
1.705836569617028545e+03 9.998899075333156361e-01
1.710404590623708827e+03 1.000359646729445329e+00
1.714972611630455958e+03 1.002450562494156427e+00
1.719540632637136241e+03 1.003033519353380143e+00
1.724108653643883372e+03 1.003352306574659680e+00
1.728676674650630275e+03 1.003011440537268983e+00
1.733244695657310558e+03 1.000735459719104936e+00
1.737812716664057689e+03 9.991243902742326100e-01
1.742380737670737972e+03 1.000328634460591504e+00
1.746948758677485102e+03 1.000468006425118572e+00
1.751516779684232006e+03 1.000787072722384208e+00
1.756084800690912289e+03 1.000326088656379397e+00
1.760652821697659419e+03 9.991308479811777943e-01
1.765220842704339702e+03 9.999980556586933744e-01
1.769788863711086606e+03 9.972424985514104501e-01
1.774356884717833736e+03 9.981759834740842052e-01
1.778924905724514019e+03 9.956673316490878278e-01
1.783492926731261150e+03 9.960628805599375246e-01
1.788060947737941433e+03 9.964478115694342941e-01
1.792628968744688336e+03 9.979485838031602052e-01
1.797196989751435467e+03 9.989995174421816282e-01
1.801765010758115750e+03 9.999900668013879113e-01
1.806333031764862653e+03 1.001673958482797389e+00
1.810901052771543164e+03 1.002642912690134835e+00
1.815469073778290067e+03 1.003262393247837281e+00
1.820037094785037198e+03 1.000825867427427740e+00
1.824605115791717481e+03 9.986755039492436481e-01
1.829173136798464384e+03 9.969466284006784917e-01
1.833741157805144894e+03 9.983819478224328359e-01
1.838309178811891798e+03 9.984654752283100843e-01
1.842877199818638701e+03 9.988334463515305961e-01
1.847445220825319211e+03 1.000052458841499403e+00
1.852013241832066115e+03 9.999215345251286635e-01
1.856581262838746625e+03 1.000793259910665256e+00
1.861149283845493528e+03 9.986864395947728790e-01
1.865717304852240432e+03 9.995778791328575608e-01
1.870285325858920942e+03 9.989755381023238678e-01
1.874853346865667845e+03 1.000324370399653162e+00
1.879421367872348355e+03 9.993102319239900444e-01
1.883989388879095259e+03 9.991971839145890044e-01
1.888557409885842162e+03 9.984621128012728386e-01
1.893125430892522672e+03 1.000580745628970591e+00
1.897693451899269576e+03 1.001178763924523762e+00
1.902261472905950086e+03 1.001109514418544677e+00
1.906829493912696989e+03 1.000301218906239908e+00
1.911397514919443893e+03 9.998087605201059214e-01
1.915965535926124403e+03 1.000379361867733907e+00
1.920533556932871306e+03 1.000193042695286749e+00
1.925101577939551817e+03 9.994876877873366539e-01
1.929669598946298720e+03 9.984229593231171984e-01
1.934237619953045623e+03 9.984708018630120696e-01
1.938805640959726134e+03 1.000587896884326256e+00
1.943373661966473037e+03 1.002528945424387530e+00
1.947941682973153320e+03 1.002944826548173296e+00
1.952509703979900451e+03 1.000088708452115727e+00
1.957077724986647354e+03 9.979094481272644535e-01
1.961645745993327864e+03 9.976366698065627370e-01
1.966213767000074768e+03 9.996783087319727201e-01
1.970781788006821671e+03 1.000666754827761906e+00
1.975349809013502181e+03 9.996378628486581874e-01
1.979917830020249085e+03 9.994446121282484219e-01
1.984485851026929367e+03 9.994154196094010567e-01
1.989053872033676498e+03 1.000041320625465913e+00
1.993621893040423402e+03 1.000459647432762722e+00
