-1.994260445826881323e+03 1.028428345525097543e+00
-1.989692424820200813e+03 1.025977834981790737e+00
-1.985124403813453910e+03 1.026065161034668272e+00
-1.980556382806740203e+03 1.024661462110152854e+00
-1.975988361800026496e+03 1.025932856050748354e+00
-1.971420340793279593e+03 1.026246766932400689e+00
-1.966852319786565886e+03 1.025358435515825617e+00
-1.962284298779852179e+03 1.025071272009356882e+00
-1.957716277773138472e+03 1.024655515032371511e+00
-1.953148256766424765e+03 1.025836990156828277e+00
-1.948580235759677862e+03 1.026886807851055350e+00
-1.944012214752964155e+03 1.027572009028335787e+00
-1.939444193746250448e+03 1.025494386735363195e+00
-1.934876172739536742e+03 1.024601619684728959e+00
-1.930308151732823035e+03 1.024399585143799696e+00
-1.925740130726076131e+03 1.024763722896728568e+00
-1.921172109719362425e+03 1.023563467508940450e+00
-1.916604088712648718e+03 1.025484453549961872e+00
-1.912036067705935011e+03 1.028530717798621597e+00
-1.907468046699188108e+03 1.029701444730523718e+00
-1.902900025692474401e+03 1.028874764497100358e+00
-1.898332004685760694e+03 1.027075333586441985e+00
-1.893763983679046987e+03 1.025384210227673121e+00
-1.889195962672333280e+03 1.023147119360179547e+00
-1.884627941665586377e+03 1.023053667487989316e+00
-1.880059920658872670e+03 1.026710953844448992e+00
-1.875491899652158963e+03 1.026730809059770877e+00
-1.870923878645412060e+03 1.028114514656266465e+00
-1.866355857638731777e+03 1.023430434618713747e+00
-1.861787836631984646e+03 1.023494076422213794e+00
-1.857219815625270940e+03 1.022687153635991164e+00
-1.852651794618557233e+03 1.024703970519202700e+00
-1.848083773611810329e+03 1.027122482123483449e+00
-1.843515752605130047e+03 1.026086786184137623e+00
-1.838947731598382916e+03 1.026005481310695133e+00
-1.834379710591669209e+03 1.024774431445526490e+00
-1.829811689584955730e+03 1.025173969757107839e+00
-1.825243668578208599e+03 1.026924865942736576e+00
-1.820675647571528316e+03 1.026073754402827776e+00
-1.816107626564781185e+03 1.027543083300682669e+00
-1.811539605558034282e+03 1.024861433313489556e+00
-1.806971584551353999e+03 1.024775339690106479e+00
-1.802403563544606868e+03 1.022185711721777635e+00
-1.797835542537926585e+03 1.023083617206699047e+00
-1.793267521531179682e+03 1.024041230218306398e+00
-1.788699500524432551e+03 1.023530947019177573e+00
-1.784131479517752268e+03 1.023207842336984585e+00
-1.779563458511005138e+03 1.019164629644095044e+00
-1.774995437504324855e+03 1.019194940884356582e+00
-1.770427416497577951e+03 1.019236779984375119e+00
-1.765859395490830821e+03 1.021625871241733874e+00
-1.761291374484150538e+03 1.020859010247458398e+00
-1.756723353477403634e+03 1.020140991143916098e+00
-1.752155332470723124e+03 1.019913241726638775e+00
-1.747587311463976221e+03 1.020948608433360105e+00
-1.743019290457229090e+03 1.019131046900890736e+00
-1.738451269450548807e+03 1.017831928475146697e+00
-1.733883248443801904e+03 1.017746533147892762e+00
-1.729315227437121393e+03 1.017338809845054870e+00
-1.724747206430374490e+03 1.015218177815199851e+00
-1.720179185423627587e+03 1.011667699167854151e+00
-1.715611164416947076e+03 1.011306577810690444e+00
-1.711043143410200173e+03 1.011661355932908180e+00
-1.706475122403486466e+03 1.013144818168503436e+00
-1.701907101396772759e+03 1.010980065709423004e+00
-1.697339080390025856e+03 1.009823072536249811e+00
-1.692771059383345346e+03 1.005952453318215589e+00
-1.688203038376598442e+03 1.005702082007563947e+00
-1.683635017369884736e+03 1.005550991798055405e+00
-1.679066996363171029e+03 1.008259727711106279e+00
-1.674498975356424125e+03 1.009896120918090334e+00
-1.669930954349710419e+03 1.011453470275284872e+00
-1.665362933342996712e+03 1.009926752232829017e+00
-1.660794912336283005e+03 1.008446823845195128e+00
-1.656226891329569298e+03 1.007821798010098746e+00
-1.651658870322822395e+03 1.009016090885997530e+00
-1.647090849316108688e+03 1.009811333288378021e+00
-1.642522828309394981e+03 1.006661459140019588e+00
-1.637954807302681274e+03 1.006161253625184715e+00
-1.633386786295967568e+03 1.004237351889590402e+00
-1.628818765289220664e+03 1.007268512438765695e+00
-1.624250744282506957e+03 1.006626680859293854e+00
-1.619682723275793251e+03 1.007787369852560344e+00
-1.615114702269079544e+03 1.006842135096386981e+00
-1.610546681262332640e+03 1.003362510177600031e+00
-1.605978660255618934e+03 1.000570084600885368e+00
-1.601410639248905227e+03 1.000253380543530968e+00
-1.596842618242191520e+03 1.003597465152623158e+00
-1.592274597235477813e+03 1.006206092230470972e+00
-1.587706576228730910e+03 1.004547382152026103e+00
-1.583138555222017203e+03 1.003850783256335033e+00
-1.578570534215303496e+03 1.002719738912295044e+00
-1.574002513208556593e+03 1.004419897246696225e+00
-1.569434492201876083e+03 1.004290219736536871e+00
-1.564866471195129179e+03 1.003543077090886415e+00
-1.560298450188415472e+03 1.003538342494944002e+00
-1.555730429181701766e+03 1.003130570929220200e+00
-1.551162408174954862e+03 1.005022376516431448e+00
-1.546594387168274352e+03 1.002955634775190674e+00
-1.542026366161527449e+03 1.002995792680669185e+00
-1.537458345154780545e+03 1.002184930898385007e+00
-1.532890324148100035e+03 1.003339152203428286e+00
-1.528322303141353132e+03 1.006311547041240262e+00
-1.523754282134672621e+03 1.005150967422224539e+00
-1.519186261127925718e+03 1.005044618516464539e+00
-1.514618240121178815e+03 1.003160613258865963e+00
-1.510050219114498304e+03 1.004558480319786895e+00
-1.505482198107751401e+03 1.005705500107784589e+00
-1.500914177101071118e+03 1.007675525030123254e+00
-1.496346156094323987e+03 1.007728919520957334e+00
-1.491778135087577084e+03 1.007837802704647290e+00
-1.487210114080896574e+03 1.006842633442474266e+00
-1.482642093074149670e+03 1.009745815265124635e+00
-1.478074072067469388e+03 1.008789924395263826e+00
-1.473506051060722257e+03 1.005316618016910413e+00
-1.468938030053975353e+03 1.001506086337125678e+00
-1.464370009047295071e+03 1.003799161228206005e+00
-1.459801988040547940e+03 1.007920033284837702e+00
-1.455233967033867657e+03 1.010457468058656216e+00
-1.450665946027120526e+03 1.007464183657224455e+00
-1.446097925020373623e+03 1.003755714545751632e+00
-1.441529904013693340e+03 1.003128084163137146e+00
-1.436961883006946209e+03 1.005875699407596358e+00
-1.432393862000265926e+03 1.008195604624101405e+00
-1.427825840993519023e+03 1.007164913522113237e+00
-1.423257819986771892e+03 1.004486754687898609e+00
-1.418689798980091609e+03 1.004839119061784913e+00
-1.414121777973344479e+03 1.005517107679613220e+00
-1.409553756966630999e+03 1.008206795314038118e+00
-1.404985735959917292e+03 1.010471586395207622e+00
-1.400417714953170162e+03 1.010625641428418930e+00
-1.395849693946489879e+03 1.007723426810675393e+00
-1.391281672939742975e+03 1.001291224167829341e+00
-1.386713651933029269e+03 1.001441042869070541e+00
-1.382145630926315562e+03 1.001384173851941339e+00
-1.377577609919568431e+03 1.005546337661305190e+00
-1.373009588912854952e+03 1.002888321177711761e+00
-1.368441567906141245e+03 1.004500668745331948e+00
-1.363873546899427538e+03 1.003906631721586562e+00
-1.359305525892713831e+03 1.003992957464457048e+00
-1.354737504885966928e+03 1.003220920474111155e+00
-1.350169483879253221e+03 1.002905227868315707e+00
-1.345601462872539514e+03 1.004145763279628456e+00
-1.341033441865825807e+03 1.004886930647198140e+00
-1.336465420859112101e+03 1.005749501568506732e+00
-1.331897399852365197e+03 1.006243002902095895e+00
-1.327329378845651490e+03 1.006849196448285966e+00
-1.322761357838937784e+03 1.006415108256798474e+00
-1.318193336832224077e+03 1.004189072875609101e+00
-1.313625315825477173e+03 9.997993213327353024e-01
-1.309057294818763467e+03 9.986525487251185496e-01
-1.304489273812049760e+03 9.993515135693561424e-01
-1.299921252805336053e+03 1.001237737572646891e+00
-1.295353231798622346e+03 1.001805262386009643e+00
-1.290785210791875443e+03 1.002242824228280371e+00
-1.286217189785161736e+03 1.002651723957351804e+00
-1.281649168778448029e+03 1.003051475774138224e+00
-1.277081147771701126e+03 1.004009739098156162e+00
-1.272513126765020615e+03 1.003154094693693876e+00
-1.267945105758273712e+03 1.000588771675902988e+00
-1.263377084751560005e+03 9.999791713143508787e-01
-1.258809063744846299e+03 1.001301309727864464e+00
-1.254241042738099395e+03 1.002628272265013720e+00
-1.249673021731418885e+03 1.002364853777284681e+00
-1.245105000724671982e+03 1.001810279684027138e+00
-1.240536979717925078e+03 1.000660778439405929e+00
-1.235968958711244568e+03 1.000775821362879014e+00
-1.231400937704497665e+03 9.990245599051945646e-01
-1.226832916697817154e+03 9.976985065376595685e-01
-1.222264895691070251e+03 9.945745804083779840e-01
-1.217696874684323348e+03 9.975040813568986087e-01
-1.213128853677642837e+03 1.000761194133626075e+00
-1.208560832670895934e+03 1.003349248834770835e+00
-1.203992811664215424e+03 1.002153688342180660e+00
-1.199424790657468520e+03 1.000257619055768599e+00
-1.194856769650721617e+03 9.995835904207600597e-01
-1.190288748644041107e+03 9.972424289771216754e-01
-1.185720727637294203e+03 9.957843450363649263e-01
-1.181152706630613693e+03 9.949941039787498775e-01
-1.176584685623866790e+03 9.953740938336750332e-01
-1.172016664617119886e+03 9.986729491167238848e-01
-1.167448643610439376e+03 9.987172960644367103e-01
-1.162880622603692473e+03 1.000438774117469620e+00
-1.158312601597012190e+03 9.985215296006231256e-01
-1.153744580590265059e+03 1.001025796405969004e+00
-1.149176559583518156e+03 9.998157677354319040e-01
-1.144608538576837645e+03 9.999162995783782426e-01
-1.140040517570090742e+03 9.987303711239974291e-01
-1.135472496563410459e+03 9.974071484691459100e-01
-1.130904475556663328e+03 9.975335985643406511e-01
-1.126336454549916425e+03 9.957049173014335119e-01
-1.121768433543235915e+03 9.968027298704763561e-01
-1.117200412536489011e+03 9.971021684794626472e-01
-1.112632391529775305e+03 9.983284575359144819e-01
-1.108064370523061598e+03 9.971736779072936097e-01
-1.103496349516314694e+03 9.967918178359033154e-01
-1.098928328509634412e+03 9.973070967983043156e-01
-1.094360307502887281e+03 1.001213587223399371e+00
-1.089792286496173574e+03 1.000643710133090281e+00
-1.085224265489459867e+03 9.999246083635474625e-01
-1.080656244482712964e+03 9.980937136145181521e-01
-1.076088223475999257e+03 9.999580377122944119e-01
-1.071520202469285550e+03 9.991558459843096207e-01
-1.066952181462571843e+03 9.991191868036631840e-01
-1.062384160455858364e+03 9.976401331141270257e-01
-1.057816139449111233e+03 9.981012812613698770e-01
-1.053248118442397526e+03 9.982984890165766956e-01
-1.048680097435683820e+03 1.000920650158093395e+00
-1.044112076428970340e+03 1.001408587489947877e+00
-1.039544055422256406e+03 1.003291458294683025e+00
-1.034976034415509730e+03 1.002596494931007554e+00
-1.030408013408795796e+03 1.003945185014354591e+00
-1.025839992402082316e+03 1.001770056981674317e+00
-1.021271971395368496e+03 1.001450287688982144e+00
-1.016703950388621593e+03 1.000581902399081402e+00
-1.012135929381907886e+03 1.001224980589294544e+00
-1.007567908375194179e+03 9.990247754523883250e-01
-1.002999887368480472e+03 9.980377501448364219e-01
-9.984318663617667653e+02 9.981534577733649494e-01
-9.938638453550198619e+02 9.978734717904842455e-01
-9.892958243483061551e+02 9.989390928540160530e-01
-9.847278033415924483e+02 9.987263874171313782e-01
-9.801597823348455449e+02 1.002185103683624900e+00
-9.755917613281651484e+02 1.000776091832297654e+00
-9.710237403214181313e+02 9.981609336460431914e-01
-9.664557193147044245e+02 9.959445413711023321e-01
-9.618876983079907177e+02 9.993798588224270807e-01
-9.573196773012438143e+02 1.001822452645465544e+00
-9.527516562945634178e+02 1.002155324815665383e+00
-9.481836352878164007e+02 1.000319342347154361e+00
-9.436156142810694973e+02 1.001240609844757046e+00
-9.390475932743891008e+02 9.999447884731201830e-01
-9.344795722676420837e+02 9.994092850807968498e-01
-9.299115512609616871e+02 9.990112663075384480e-01
-9.253435302542146701e+02 1.000969445530728308e+00
-9.207755092474677667e+02 1.003408766218370829e+00
-9.162074882407873702e+02 1.003697717123770872e+00
-9.116394672340403531e+02 1.003244548823100102e+00
-9.070714462273599565e+02 1.001517141633324171e+00
-9.025034252206130532e+02 1.002466226951440831e+00
-8.979354042138660361e+02 1.002296441759303436e+00
-8.933673832071856395e+02 1.001750619822729504e+00
-8.887993622004386225e+02 9.998444932252065209e-01
-8.842313411937582259e+02 9.990878316465247044e-01
-8.796633201870113226e+02 9.976611469030179924e-01
-8.750952991802643055e+02 9.984037847501099350e-01
-8.705272781735839089e+02 9.997434002348862814e-01
-8.659592571668370056e+02 9.972136636637477514e-01
-8.613912361601566090e+02 9.943698680317728522e-01
-8.568232151534095919e+02 9.932844744805701120e-01
-8.522551941466625749e+02 9.976251091815697691e-01
-8.476871731399821783e+02 9.993860346719903864e-01
-8.431191521332352750e+02 9.988688238456499002e-01
-8.385511311265548784e+02 1.000205152924877439e+00
-8.339831101198078613e+02 1.001767955722091985e+00
-8.294150891130609580e+02 1.003889553225481679e+00
-8.248470681063804477e+02 1.001505838264658221e+00
-8.202790470996335443e+02 1.000781217653923250e+00
-8.157110260929198375e+02 9.994975843853239894e-01
-8.111430050862061307e+02 1.001328309624227586e+00
-8.065749840794592274e+02 1.001359024165234812e+00
-8.020069630727788308e+02 1.001805915275326697e+00
-7.974389420660318137e+02 1.000473258981306346e+00
-7.928709210593181069e+02 1.000283683220554165e+00
-7.883029000526044001e+02 1.000608093034297097e+00
-7.837348790458574967e+02 1.001902644968727829e+00
-7.791668580391437899e+02 1.000986935782198772e+00
-7.745988370324300831e+02 1.000012252134467872e+00
-7.700308160257163763e+02 9.998663726548974173e-01
-7.654627950190027832e+02 1.002787156734295193e+00
-7.608947740122557661e+02 1.001944394833420349e+00
-7.563267530055420593e+02 9.998728256398597969e-01
-7.517587319988283525e+02 9.971457663803183769e-01
-7.471907109921147594e+02 9.996435936090696250e-01
-7.426226899853677423e+02 1.000084130063877863e+00
-7.380546689786540355e+02 1.002774211924512882e+00
-7.334866479719403287e+02 1.001366596143611787e+00
-7.289186269652267356e+02 1.002896447851336914e+00
-7.243506059585130288e+02 1.002382945099460132e+00
-7.197825849517660117e+02 1.004158734064465763e+00
-7.152145639450523049e+02 1.004375529408416012e+00
-7.106465429383387118e+02 1.003991822298776926e+00
-7.060785219316250050e+02 1.001329956938150190e+00
-7.015105009249112982e+02 1.000504643988923137e+00
-6.969424799181642811e+02 9.995444601453110645e-01
-6.923744589114506880e+02 1.002392945322772677e+00
-6.878064379047369812e+02 1.004036739864754280e+00
-6.832384168979899641e+02 1.004354046861654526e+00
-6.786703958913095676e+02 1.002861413970549620e+00
-6.741023748845626642e+02 1.003212345626574686e+00
-6.695343538778489574e+02 1.003578591709867851e+00
-6.649663328711352506e+02 1.005863540747744311e+00
-6.603983118643882335e+02 1.005285963886592526e+00
-6.558302908577078369e+02 1.007143542495801514e+00
-6.512622698509609336e+02 1.003480539366288893e+00
-6.466942488442139165e+02 1.000150270086749060e+00
-6.421262278375335200e+02 9.983380984771580424e-01
-6.375582068307866166e+02 1.000433598722471062e+00
-6.329901858241062200e+02 1.003789762287150777e+00
-6.284221648173592030e+02 1.005238055486529447e+00
-6.238541438106121859e+02 1.004758976240983204e+00
-6.192861228039317893e+02 1.004265258446688902e+00
-6.147181017971848860e+02 1.002329225533382440e+00
-6.101500807905044894e+02 1.000881158626668821e+00
-6.055820597837574724e+02 1.002613941506088624e+00
-6.010140387770105690e+02 1.005484188533709355e+00
-5.964460177703300587e+02 1.009123627570526649e+00
-5.918779967635831554e+02 1.008098840245414296e+00
-5.873099757569027588e+02 1.008059528233559377e+00
-5.827419547501557417e+02 1.007223850612130489e+00
-5.781739337434088384e+02 1.007037913956480679e+00
-5.736059127367284418e+02 1.005902481482602751e+00
-5.690378917299814248e+02 1.005442002567501047e+00
-5.644698707233010282e+02 1.006414784301303600e+00
-5.599018497165540111e+02 1.006798941981837059e+00
-5.553338287098071078e+02 1.010351830803301709e+00
-5.507658077031267112e+02 1.008514803578217878e+00
-5.461977866963796941e+02 1.008203148759037049e+00
-5.416297656896992976e+02 1.005249531481410941e+00
-5.370617446829523942e+02 1.005014638055456544e+00
-5.324937236762053772e+02 1.004730861608057468e+00
-5.279257026695249806e+02 1.004634873764208125e+00
-5.233576816627780772e+02 1.006880537372334627e+00
-5.187896606560643704e+02 1.008419865227949686e+00
-5.142216396493506636e+02 1.009776363670880528e+00
-5.096536186426036465e+02 1.008869040631016789e+00
-5.050855976359232500e+02 1.007111196290888300e+00
-5.005175766291762898e+02 1.005899260971621745e+00
-4.959495556224626398e+02 1.004735464870653461e+00
-4.913815346157489330e+02 1.002873043842669176e+00
-4.868135136090019728e+02 1.003286663536546941e+00
-4.822454926022882660e+02 1.002865573799510912e+00
-4.776774715955746160e+02 1.005368005181651370e+00
-4.731094505888609092e+02 1.004974940403428718e+00
-4.685414295821472024e+02 1.004074423316031472e+00
-4.639734085754002422e+02 9.972189865557842259e-01
-4.594053875686865922e+02 9.954934504419080676e-01
-4.548373665619728854e+02 9.970993843954450986e-01
-4.502693455552591786e+02 1.002092436614740789e+00
-4.457013245485122184e+02 1.002507821519903475e+00
-4.411333035417985684e+02 1.001194023591021276e+00
-4.365652825350848616e+02 1.000325318489198478e+00
-4.319972615283711548e+02 9.981214995559261061e-01
-4.274292405216575048e+02 9.974964558273123894e-01
-4.228612195149104878e+02 9.955243559912597684e-01
-4.182931985081968378e+02 9.956169186827802386e-01
-4.137251775014831310e+02 9.962890320944666200e-01
-4.091571564947694810e+02 9.985111335674332622e-01
-4.045891354880557742e+02 9.963975976535076606e-01
-4.000211144813088140e+02 9.941192523067646780e-01
-3.954530934745951072e+02 9.933807764429806175e-01
-3.908850724678814572e+02 9.952100902581264563e-01
-3.863170514611344402e+02 9.960391760116067417e-01
-3.817490304544540436e+02 9.953305340528876277e-01
-3.771810094477070834e+02 9.957819179885328831e-01
-3.726129884409934334e+02 9.954281445115876759e-01
-3.680449674342797266e+02 9.927270976054956009e-01
-3.634769464275327664e+02 9.917180553550792865e-01
-3.589089254208523698e+02 9.907645060252624480e-01
-3.543409044141054096e+02 9.908774463966096846e-01
-3.497728834073583926e+02 9.909373470945675999e-01
-3.452048624006779960e+02 9.904329658668681313e-01
-3.406368413939310358e+02 9.899284210498725534e-01
-3.360688203872506392e+02 9.867038397952873074e-01
-3.315007993805036790e+02 9.875501668525998866e-01
-3.269327783737567188e+02 9.870923714391702797e-01
-3.223647573670763222e+02 9.874265991903143913e-01
-3.177967363603293052e+02 9.855104661311694381e-01
-3.132287153536489086e+02 9.855547961514806721e-01
-3.086606943469019484e+02 9.869068497943279672e-01
-3.040926733401549882e+02 9.885334457058926327e-01
-2.995246523334745916e+02 9.895463407481770446e-01
-2.949566313267276314e+02 9.900700578429754151e-01
-2.903886103200472348e+02 9.878249568272584602e-01
-2.858205893133002746e+02 9.871207968762784057e-01
-2.812525683065532576e+02 9.872189555257288029e-01
-2.766845472998728610e+02 9.875151485526885153e-01
-2.721165262931259008e+02 9.863403573946243341e-01
-2.675485052864455042e+02 9.831395689029704954e-01
-2.629804842796985440e+02 9.825751465944184693e-01
-2.584124632729515838e+02 9.808231793896879935e-01
-2.538444422662711588e+02 9.826562660842151908e-01
-2.492764212595241986e+02 9.842996032221927871e-01
-2.447084002528438020e+02 9.878238009853248514e-01
-2.401403792460968418e+02 9.894256140904266195e-01
-2.355723582393498532e+02 9.895684826484322238e-01
-2.310043372326694566e+02 9.911555996119053580e-01
-2.264363162259224964e+02 9.914219855952524085e-01
-2.218682952192087896e+02 9.924086400539143815e-01
-2.173002742124951112e+02 9.930733949275918349e-01
-2.127322532057481510e+02 9.903938204475176699e-01
-2.081642321990677544e+02 9.908838268394219995e-01
-2.035962111923207658e+02 9.906634397527037672e-01
-1.990281901856070874e+02 9.937277227225157494e-01
-1.944601691788934090e+02 9.929019709260463733e-01
-1.898921481721464488e+02 9.953160622388660395e-01
-1.853241271654327420e+02 9.974669632333453828e-01
-1.807561061587190636e+02 1.000339849077173993e+00
-1.761880851520053852e+02 9.997897211717562405e-01
-1.716200641452917068e+02 1.000684691425590245e+00
-1.670520431385447182e+02 1.003039864520606672e+00
-1.624840221318310398e+02 1.007194646259184312e+00
-1.579160011251173614e+02 1.008312610304964663e+00
-1.533479801184036830e+02 1.009227373724343124e+00
-1.487799591116566944e+02 1.008988136000198210e+00
-1.442119381049430160e+02 1.008446149708807527e+00
-1.396439170982293376e+02 1.007539135876129421e+00
-1.350758960915156308e+02 1.003545312740470763e+00
-1.305078750848019808e+02 1.001657820715915248e+00
-1.259398540780549922e+02 9.974813294345684644e-01
-1.213718330713412996e+02 9.962494430984444316e-01
-1.168038120646276212e+02 9.933774398038318632e-01
-1.122357910579139286e+02 9.894529671740125432e-01
-1.076677700512002502e+02 9.823960296776969026e-01
-1.030997490444532758e+02 9.803395337323005387e-01
-9.853172803773959743e+01 9.784341487240908464e-01
-9.396370703102590483e+01 9.749105301316376426e-01
-8.939568602427894461e+01 9.703527473292107297e-01
-8.482766501759853384e+01 9.664001258286892826e-01
-8.025964401085157363e+01 9.656606277647673542e-01
-7.569162300413788103e+01 9.581391469634089608e-01
-7.112360199742420264e+01 9.534226011693552882e-01
-6.655558099067722821e+01 9.488983289092894902e-01
-6.198755998399683165e+01 9.472249117598986468e-01
-5.741953897724985723e+01 9.443805798726808698e-01
-5.285151797050288991e+01 9.414374395411186924e-01
-4.828349696382248624e+01 9.385154677577247639e-01
-4.371547595707551892e+01 9.349182252395848991e-01
-3.914745495039511525e+01 9.306078429637713034e-01
-3.457943394364814793e+01 9.290114090558366788e-01
-3.001141293690118061e+01 9.305543522154758884e-01
-2.544339193022077694e+01 9.344390185080063693e-01
-2.087537092347380963e+01 9.368965385352794328e-01
-1.630734991679340595e+01 9.365266127643016025e-01
-1.173932891004643864e+01 9.358822471005320276e-01
-7.171307903299469544e+00 9.347160381421227848e-01
-2.603286896619067647e+00 9.349411831643124060e-01
1.964734110127903222e+00 9.337957999796534514e-01
6.532755116808303342e+00 9.347477958816815535e-01
1.110077612355527421e+01 9.387768087228588465e-01
1.566879713030224508e+01 9.436631264851106371e-01
2.023681813698264165e+01 9.479462326361272062e-01
2.480483914372961607e+01 9.518546477460366750e-01
2.937286015041001264e+01 9.558783590564606802e-01
3.394088115715697995e+01 9.616593841721700064e-01
3.850890216390395437e+01 9.665677020008350828e-01
4.307692317058435094e+01 9.724802033391028999e-01
4.764494417733132536e+01 9.792275380594901435e-01
5.221296518401172193e+01 9.869942512407874347e-01
5.678098619075869635e+01 9.933664309909507883e-01
6.134900719750565656e+01 9.985196903862364470e-01
6.591702820418606734e+01 1.002245451392790754e+00
7.048504921093302755e+01 1.010732261249605246e+00
7.505307021761343833e+01 1.016813095376051024e+00
7.962109122436039854e+01 1.026251791998693763e+00
8.418911223110737296e+01 1.033730287973223083e+00
8.875713323778776953e+01 1.044423122492882383e+00
9.332515424453474395e+01 1.049036214397195410e+00
9.789317525121514052e+01 1.055733972882326954e+00
1.024611962579621149e+02 1.059540434863151859e+00
1.070292172647090894e+02 1.066225891656301883e+00
1.115972382713895001e+02 1.070051004180489373e+00
1.161652592781364604e+02 1.076524388530363696e+00
1.207332802848168569e+02 1.081894523499405070e+00
1.253013012915638171e+02 1.085523658840259031e+00
1.298693222983108058e+02 1.087785078929717431e+00
1.344373433049912023e+02 1.089955566086075578e+00
1.390053643117381625e+02 1.092687415236506920e+00
1.435733853184185591e+02 1.096659444363922375e+00
1.481414063251655477e+02 1.101211273259574908e+00
1.527094273319125080e+02 1.101063902743817380e+00
1.572774483385929045e+02 1.099726507243208973e+00
1.618454693453398647e+02 1.099033233559491007e+00
1.664134903520202897e+02 1.102318431941228027e+00
1.709815113587672499e+02 1.103079874141845496e+00
1.755495323655142101e+02 1.103150178578876650e+00
1.801175533721946067e+02 1.101606057517983572e+00
1.846855743789415953e+02 1.101532742446731161e+00
1.892535953856219919e+02 1.102890579292496342e+00
1.938216163923689521e+02 1.104070685023714304e+00
1.983896373991159408e+02 1.105260747441434432e+00
2.029576584057963373e+02 1.102853336855787347e+00
2.075256794125432975e+02 1.102535614639312600e+00
2.120937004192902577e+02 1.100082000736108512e+00
2.166617214259706827e+02 1.098768553813499693e+00
2.212297424327176429e+02 1.096259790691817670e+00
2.257977634393980395e+02 1.096079843238461082e+00
2.303657844461449997e+02 1.096812339172970496e+00
2.349338054528919884e+02 1.096158877106347518e+00
2.395018264595723849e+02 1.093978779408227409e+00
2.440698474663193451e+02 1.089198952187132363e+00
2.486378684730663053e+02 1.086607700700369605e+00
2.532058894797467019e+02 1.084692492803166486e+00
2.577739104864936621e+02 1.083152485688799516e+00
2.623419314931741155e+02 1.080702405009333233e+00
2.669099524999210757e+02 1.079469298664150756e+00
2.714779735066680360e+02 1.079741417380811752e+00
2.760459945133484325e+02 1.079972734336213991e+00
2.806140155200953927e+02 1.078507024195668462e+00
2.851820365267757893e+02 1.075246658423793633e+00
2.897500575335227495e+02 1.072599651533759468e+00
2.943180785402697666e+02 1.070265263991321492e+00
2.988860995469501631e+02 1.067592579636842176e+00
3.034541205536971233e+02 1.065531621423398745e+00
3.080221415604440836e+02 1.064346754958819474e+00
3.125901625671244801e+02 1.064224763090881654e+00
3.171581835738714403e+02 1.064267284707739236e+00
3.217262045805518369e+02 1.061430693817783322e+00
3.262942255872987971e+02 1.061320303002389664e+00
3.308622465940458142e+02 1.060507046517955132e+00
3.354302676007262107e+02 1.060744833175893520e+00
3.399982886074731709e+02 1.058269447301616539e+00
3.445663096142201312e+02 1.053620198622600812e+00
3.491343306209005277e+02 1.051130480074675688e+00
3.537023516276474879e+02 1.051831742451781793e+00
3.582703726343278845e+02 1.053917858604791036e+00
3.628383936410748447e+02 1.054061810316359926e+00
3.674064146478218618e+02 1.052787345160898669e+00
3.719744356545022583e+02 1.052162450931253490e+00
3.765424566612492185e+02 1.050647296784935181e+00
3.811104776679961788e+02 1.049810862382021925e+00
3.856784986746765753e+02 1.047808582042345504e+00
3.902465196814235355e+02 1.047882005923914450e+00
3.948145406881039321e+02 1.045844308426315594e+00
3.993825616948509492e+02 1.047088824466186452e+00
4.039505827015979094e+02 1.048779558647765953e+00
4.085186037082783059e+02 1.048209167013093746e+00
4.130866247150252661e+02 1.045299624494002044e+00
4.176546457217056627e+02 1.042903733207140249e+00
4.222226667284526229e+02 1.041147348440176756e+00
4.267906877351995831e+02 1.041649743007193818e+00
4.313587087418799797e+02 1.040212609010912503e+00
4.359267297486269968e+02 1.041593966016572947e+00
4.404947507553073933e+02 1.041517134672024669e+00
4.450627717620543535e+02 1.042689709124185127e+00
4.496307927688013137e+02 1.041443607730836218e+00
4.541988137754817103e+02 1.041801757312668997e+00
4.587668347822286705e+02 1.041873137593749332e+00
4.633348557889090671e+02 1.043087403198607488e+00
4.679028767956560273e+02 1.041816857678024233e+00
4.724708978024030444e+02 1.041696167825800101e+00
4.770389188090834409e+02 1.041074486858140746e+00
4.816069398158304011e+02 1.041811001314158602e+00
4.861749608225107977e+02 1.039772185498653245e+00
4.907429818292577579e+02 1.038063159239830613e+00
4.953110028360047181e+02 1.039480192973466499e+00
4.998790238426851147e+02 1.040032343822000938e+00
5.044470448494321317e+02 1.042227887819611398e+00
5.090150658561125283e+02 1.039824372405443453e+00
5.135830868628594317e+02 1.038484284195760665e+00
5.181511078696064487e+02 1.035357336530334349e+00
5.227191288762868453e+02 1.033677251403029684e+00
5.272871498830338624e+02 1.033449206142752930e+00
5.318551708897142589e+02 1.034946883240005944e+00
5.364231918964611623e+02 1.035944600493659662e+00
5.409912129032081793e+02 1.036234532583534929e+00
5.455592339098885759e+02 1.032778373581474396e+00
5.501272549166354793e+02 1.028165961247585303e+00
5.546952759233158758e+02 1.026978720648268562e+00
5.592632969300628929e+02 1.027588910511402220e+00
5.638313179368099100e+02 1.030490414117404496e+00
5.683993389434903065e+02 1.030998894324094861e+00
5.729673599502372099e+02 1.030291090582901914e+00
5.775353809569176065e+02 1.029295206053158607e+00
5.821034019636646235e+02 1.028456488465546270e+00
5.866714229704115269e+02 1.029822242898073226e+00
5.912394439770919234e+02 1.029307894706297022e+00
5.958074649838389405e+02 1.029756089577025024e+00
6.003754859905193371e+02 1.029335015663226160e+00
6.049435069972663541e+02 1.029121794012098690e+00
6.095115280040132575e+02 1.026840162517525412e+00
6.140795490106936541e+02 1.024284487174024205e+00
6.186475700174406711e+02 1.022374303649788319e+00
6.232155910241210677e+02 1.022259540366462716e+00
6.277836120308680847e+02 1.023296938859061811e+00
6.323516330376149881e+02 1.026193320563455247e+00
6.369196540442953847e+02 1.027006499570537246e+00
6.414876750510424017e+02 1.025936649003142520e+00
6.460556960577227983e+02 1.024579875083645675e+00
6.506237170644697017e+02 1.023602551657631921e+00
6.551917380712167187e+02 1.023790693499487814e+00
6.597597590778971153e+02 1.022178248366534037e+00
6.643277800846441323e+02 1.021178318471735791e+00
6.688958010913245289e+02 1.019315983650244561e+00
6.734638220980714323e+02 1.018130555851674446e+00
6.780318431048184493e+02 1.014939996364091712e+00
6.825998641114988459e+02 1.013491412753978693e+00
6.871678851182457493e+02 1.011987828638590825e+00
6.917359061249261458e+02 1.014943029475944059e+00
6.963039271316731629e+02 1.017349934790559018e+00
7.008719481384201799e+02 1.018289918807757433e+00
7.054399691451005765e+02 1.016337175643002411e+00
7.100079901518474799e+02 1.013609704980656945e+00
7.145760111585278764e+02 1.013555834655714305e+00
7.191440321652748935e+02 1.012482955495670467e+00
7.237120531720217969e+02 1.014051314680689986e+00
7.282800741787021934e+02 1.016238213192802275e+00
7.328480951854492105e+02 1.017117481486745190e+00
7.374161161921296070e+02 1.016789766898341441e+00
7.419841371988766241e+02 1.014550288364527431e+00
7.465521582056235275e+02 1.016731269835910778e+00
7.511201792123039240e+02 1.015671147925975903e+00
7.556882002190509411e+02 1.015972427622765961e+00
7.602562212257313377e+02 1.014109495705649122e+00
7.648242422324782410e+02 1.014509253488047991e+00
7.693922632392252581e+02 1.014494894668625191e+00
7.739602842459056546e+02 1.015423892119618587e+00
7.785283052526526717e+02 1.017915680890647989e+00
7.830963262593330683e+02 1.019461831015216147e+00
7.876643472660799716e+02 1.018082839411401208e+00
7.922323682728269887e+02 1.018115773507853872e+00
7.968003892795073853e+02 1.019083469506161466e+00
8.013684102862542886e+02 1.020645686337957159e+00
8.059364312930013057e+02 1.021525821329532846e+00
8.105044522996817022e+02 1.020384153853456155e+00
8.150724733064287193e+02 1.020441969372730684e+00
8.196404943131091159e+02 1.017857382115304743e+00
8.242085153198560192e+02 1.017707781776796994e+00
8.287765363266030363e+02 1.017388106023531691e+00
8.333445573332834329e+02 1.020525555859800759e+00
8.379125783400304499e+02 1.018973304969866378e+00
8.424805993467773533e+02 1.020496219522745607e+00
8.470486203534577498e+02 1.019324151877488704e+00
8.516166413602047669e+02 1.021175677213780775e+00
8.561846623668851635e+02 1.018435962712828768e+00
8.607526833736320668e+02 1.014347631296573127e+00
8.653207043803790839e+02 1.012840055368580350e+00
8.698887253870594805e+02 1.012160535467425460e+00
8.744567463938064975e+02 1.012542743716001725e+00
8.790247674005534009e+02 1.010124984747032384e+00
8.835927884072337974e+02 1.010255044570461225e+00
8.881608094139808145e+02 1.010773728272965855e+00
8.927288304206612111e+02 1.011429774168467022e+00
8.972968514274081144e+02 1.011160692696914110e+00
9.018648724341551315e+02 1.009433415165555514e+00
9.064328934408355281e+02 1.007918282316419889e+00
9.110009144475825451e+02 1.007875825408518722e+00
9.155689354542629417e+02 1.008947286208315974e+00
9.201369564610098450e+02 1.009988507733055485e+00
9.247049774677568621e+02 1.010805612312424273e+00
9.292729984744372587e+02 1.010244434898822874e+00
9.338410194811841620e+02 1.010195334194349925e+00
9.384090404879311791e+02 1.010529847519554325e+00
9.429770614946115757e+02 1.011430503346446130e+00
9.475450825013585927e+02 1.011783299864267294e+00
9.521131035080389893e+02 1.010341380993774463e+00
9.566811245147858926e+02 1.009357563210642184e+00
9.612491455215329097e+02 1.007670193439783590e+00
9.658171665282133063e+02 1.006598736541225891e+00
9.703851875349602096e+02 1.007273262519144508e+00
9.749532085417072267e+02 1.009607361641125634e+00
9.795212295483876233e+02 1.011642936496400580e+00
9.840892505551346403e+02 1.010447027565571032e+00
9.886572715618150369e+02 1.010170973704741071e+00
9.932252925685619402e+02 1.010324580366689817e+00
9.977933135753089573e+02 1.011132459995868205e+00
1.002361334581989354e+03 1.010215853717568280e+00
1.006929355588736371e+03 1.010146177161345804e+00
1.011497376595416654e+03 1.011316305229835733e+00
1.016065397602163785e+03 1.010038704583053004e+00
1.020633418608910688e+03 1.009371075390504302e+00
1.025201439615590971e+03 1.008232072958359593e+00
1.029769460622338102e+03 1.009445988575369713e+00
1.034337481629018384e+03 1.009639831514580921e+00
1.038905502635765288e+03 1.009178356785772168e+00
1.043473523642512419e+03 1.009442015436320617e+00
1.048041544649192701e+03 1.008528920137867546e+00
1.052609565655939832e+03 1.009435815140856674e+00
1.057177586662620115e+03 1.009242761036792446e+00
1.061745607669367018e+03 1.010854943460875122e+00
1.066313628676114149e+03 1.009904771683106217e+00
1.070881649682794432e+03 1.011921258954885161e+00
1.075449670689541335e+03 1.009202839250254558e+00
1.080017691696221846e+03 1.006140690565568319e+00
1.084585712702968749e+03 1.003861353378131982e+00
1.089153733709715880e+03 1.005118612358766539e+00
1.093721754716396163e+03 1.006474084150340786e+00
1.098289775723143066e+03 1.006297592255539941e+00
1.102857796729823576e+03 1.005495104430072617e+00
1.107425817736570480e+03 1.005498357161475953e+00
1.111993838743317383e+03 1.006148515547503619e+00
1.116561859749997893e+03 1.004316984060627194e+00
1.121129880756744797e+03 1.005500763524196373e+00
1.125697901763425307e+03 1.002341148166806306e+00
1.130265922770172210e+03 1.004337035626046370e+00
1.134833943776919114e+03 1.004345576696512810e+00
1.139401964783599624e+03 1.005973416546225963e+00
1.143969985790346527e+03 1.003208986430308869e+00
1.148538006797027037e+03 1.003491159681933143e+00
1.153106027803773941e+03 1.004139619919593995e+00
1.157674048810520844e+03 1.006364307491442789e+00
1.162242069817201354e+03 1.005432459631379061e+00
1.166810090823948258e+03 1.004303442377135980e+00
1.171378111830628768e+03 1.004324513031823018e+00
1.175946132837375671e+03 1.003886483407124386e+00
1.180514153844122575e+03 1.004821349151181265e+00
1.185082174850803085e+03 1.003566290699912544e+00
1.189650195857549988e+03 1.003281962497680979e+00
1.194218216864230499e+03 1.003407279108197825e+00
1.198786237870977402e+03 1.002575774351347038e+00
1.203354258877724305e+03 1.002106486217636983e+00
1.207922279884404816e+03 1.001529539954920667e+00
1.212490300891151719e+03 1.003717495549115712e+00
1.217058321897832002e+03 1.005755249945347485e+00
1.221626342904579133e+03 1.005626986320142580e+00
1.226194363911326036e+03 1.004186365271910519e+00
1.230762384918006546e+03 1.001900324781407337e+00
1.235330405924753450e+03 1.000564408491110724e+00
1.239898426931433733e+03 1.000384804437430830e+00
1.244466447938180863e+03 1.001704569250023269e+00
1.249034468944927767e+03 1.002279071729124782e+00
1.253602489951608050e+03 1.002530440549662671e+00
1.258170510958355180e+03 1.001602563342885333e+00
1.262738531965035463e+03 1.001081660040237464e+00
1.267306552971782594e+03 9.999788646143391579e-01
1.271874573978529497e+03 9.990279612172040524e-01
1.276442594985209780e+03 9.993621689620036941e-01
1.281010615991956911e+03 1.000270141548336822e+00
1.285578636998637194e+03 1.000285209744106396e+00
1.290146658005384097e+03 9.999681315440890339e-01
1.294714679012131228e+03 1.000363701076215195e+00
1.299282700018811511e+03 1.001452767713544745e+00
1.303850721025558641e+03 1.000917790700100340e+00
1.308418742032238924e+03 9.994967362210142037e-01
1.312986763038985828e+03 9.991221727812368281e-01
1.317554784045732958e+03 1.000316623177582187e+00
1.322122805052413241e+03 1.001743045250843123e+00
1.326690826059160372e+03 1.001494582642142861e+00
1.331258847065840655e+03 1.000590454927419160e+00
1.335826868072587558e+03 9.992612709569735907e-01
1.340394889079334689e+03 9.988378244305901044e-01
1.344962910086014972e+03 9.995580847601482910e-01
1.349530931092761875e+03 1.001783731565183189e+00
1.354098952099442386e+03 1.003072971636925104e+00
1.358666973106189289e+03 1.002284134512099856e+00
1.363234994112936420e+03 1.003614921921742509e+00
1.367803015119616703e+03 1.002599406709691721e+00
1.372371036126363606e+03 1.005502824055459543e+00
1.376939057133110737e+03 1.002025191842297547e+00
1.381507078139791020e+03 1.003485416369017003e+00
1.386075099146537923e+03 1.002228287147280072e+00
1.390643120153218433e+03 1.003692219820474518e+00
1.395211141159965337e+03 1.003521961041656141e+00
1.399779162166712467e+03 1.005296064660418098e+00
1.404347183173392750e+03 1.005468477735386612e+00
1.408915204180139654e+03 1.006191380947711878e+00
1.413483225186820164e+03 1.005094230152811408e+00
1.418051246193567067e+03 1.005485090688201355e+00
1.422619267200313971e+03 1.003017333802783240e+00
1.427187288206994481e+03 1.000332142762014653e+00
1.431755309213741384e+03 9.996229199461671433e-01
1.436323330220488515e+03 1.000551450198486236e+00
1.440891351227168798e+03 1.002022932141092726e+00
1.445459372233915701e+03 1.000468949879480762e+00
1.450027393240596211e+03 9.999420214279931551e-01
1.454595414247343115e+03 1.001860970363812386e+00
1.459163435254090018e+03 1.003048230195721091e+00
1.463731456260770528e+03 1.005213616285800526e+00
1.468299477267517432e+03 1.005188726852035641e+00
1.472867498274264562e+03 1.006715849899516568e+00
1.477435519280944845e+03 1.007505705934818252e+00
1.482003540287691749e+03 1.007432182860990677e+00
1.486571561294372259e+03 1.007037145122543054e+00
1.491139582301119162e+03 1.004438596539519724e+00
1.495707603307866066e+03 1.003210109813267081e+00
1.500275624314546576e+03 1.003221741061186778e+00
1.504843645321293479e+03 1.004813576806516950e+00
1.509411666328040610e+03 1.005560314104475994e+00
1.513979687334720893e+03 1.007158122259852462e+00
1.518547708341467796e+03 1.006828961433939185e+00
1.523115729348148307e+03 1.006488526822484575e+00
1.527683750354895210e+03 1.004301642225717162e+00
1.532251771361642113e+03 1.004846482503315430e+00
1.536819792368322624e+03 1.001502327997097153e+00
1.541387813375069527e+03 1.001634508138939283e+00
1.545955834381750037e+03 9.999290647260371534e-01
1.550523855388496941e+03 1.001536732793624651e+00
1.555091876395243844e+03 1.001983875406760260e+00
1.559659897401924354e+03 1.002281131437181783e+00
1.564227918408671258e+03 1.000118114634991118e+00
1.568795939415418161e+03 9.974087435695082604e-01
1.573363960422098671e+03 9.968536458626431340e-01
1.577931981428845575e+03 9.977468981654737945e-01
1.582500002435526085e+03 1.000152075419047604e+00
1.587068023442272988e+03 1.000732714459180217e+00
1.591636044449019892e+03 1.003154167108656791e+00
1.596204065455700402e+03 1.001042991556384321e+00
1.600772086462447305e+03 9.998262245603655174e-01
1.605340107469127815e+03 9.973380969634035864e-01
1.609908128475874719e+03 9.989595632872200204e-01
1.614476149482621622e+03 9.985867556676263357e-01
1.619044170489302132e+03 1.001926533196903391e+00
1.623612191496049036e+03 1.000994298097680257e+00
1.628180212502729546e+03 1.003408429831324611e+00
1.632748233509476449e+03 1.003435133442773575e+00
1.637316254516223353e+03 1.003987345412610921e+00
1.641884275522903863e+03 1.002410505232319338e+00
1.646452296529650766e+03 1.001782172739467569e+00
1.651020317536331277e+03 9.999082643995128583e-01
1.655588338543078180e+03 1.000736336055789932e+00
1.660156359549825083e+03 9.994988287873335375e-01
1.664724380556505594e+03 1.000184380200986878e+00
1.669292401563252497e+03 1.000106060992000723e+00
1.673860422569932780e+03 9.999945922337474258e-01
1.678428443576679911e+03 1.001463284972108569e+00
1.682996464583426814e+03 1.001442207188612654e+00
1.687564485590107324e+03 1.000853838561132081e+00
1.692132506596854228e+03 1.001213169421210525e+00
1.696700527603534510e+03 9.996533294084505306e-01
1.701268548610281641e+03 1.000095169501757253e+00
1.705836569617028545e+03 9.989822320353217711e-01
1.710404590623708827e+03 1.001093505327162347e+00
1.714972611630455958e+03 1.002776958910961413e+00
1.719540632637136241e+03 1.004258035506457647e+00
1.724108653643883372e+03 1.003127190909708588e+00
1.728676674650630275e+03 1.003130412410466077e+00
1.733244695657310558e+03 1.002419043129900045e+00
1.737812716664057689e+03 1.000744970561640912e+00
1.742380737670737972e+03 1.000008881689647522e+00
1.746948758677485102e+03 9.999245903045826944e-01
1.751516779684232006e+03 1.002068378537614990e+00
1.756084800690912289e+03 1.001699821385159339e+00
1.760652821697659419e+03 9.991478193529322871e-01
1.765220842704339702e+03 9.959762579834053886e-01
1.769788863711086606e+03 9.950507248825033457e-01
1.774356884717833736e+03 9.966767589231343427e-01
1.778924905724514019e+03 9.992583634962480810e-01
1.783492926731261150e+03 1.001097505149384004e+00
1.788060947737941433e+03 1.001539829375929003e+00
1.792628968744688336e+03 1.002206779617760501e+00
1.797196989751435467e+03 1.001480598763881291e+00
1.801765010758115750e+03 1.002062172111967131e+00
1.806333031764862653e+03 1.003424615132757935e+00
1.810901052771543164e+03 1.004267305149521006e+00
1.815469073778290067e+03 1.003713472598671386e+00
1.820037094785037198e+03 1.001133741423170020e+00
1.824605115791717481e+03 9.990946393164298334e-01
1.829173136798464384e+03 9.986723998036950434e-01
1.833741157805144894e+03 9.999219867333218881e-01
1.838309178811891798e+03 9.996389152685196677e-01
1.842877199818638701e+03 1.000195100512617730e+00
1.847445220825319211e+03 1.001189765402462628e+00
1.852013241832066115e+03 1.001952481699315056e+00
1.856581262838746625e+03 1.001997154331131012e+00
1.861149283845493528e+03 9.996839380326036917e-01
1.865717304852240432e+03 9.984830584978681145e-01
1.870285325858920942e+03 9.982146503838293938e-01
1.874853346865667845e+03 9.986277784181917250e-01
1.879421367872348355e+03 9.993060168440782709e-01
1.883989388879095259e+03 9.988350526593118284e-01
1.888557409885842162e+03 9.988768331724410254e-01
1.893125430892522672e+03 9.999239714937099288e-01
1.897693451899269576e+03 1.000244132795652829e+00
1.902261472905950086e+03 1.001441731587647155e+00
1.906829493912696989e+03 1.002681265097521646e+00
1.911397514919443893e+03 1.002618793656665730e+00
1.915965535926124403e+03 1.002474111503109500e+00
1.920533556932871306e+03 1.001164877341617965e+00
1.925101577939551817e+03 1.001292931865236824e+00
1.929669598946298720e+03 9.995682743603234721e-01
1.934237619953045623e+03 9.988408926469295457e-01
1.938805640959726134e+03 1.000104492969019931e+00
1.943373661966473037e+03 1.002387599360531567e+00
1.947941682973153320e+03 1.002278464563801208e+00
1.952509703979900451e+03 1.001608504692588442e+00
1.957077724986647354e+03 1.001346530986590322e+00
1.961645745993327864e+03 1.001096487157876025e+00
1.966213767000074768e+03 1.000405799734380707e+00
1.970781788006821671e+03 1.000527182520689395e+00
1.975349809013502181e+03 1.001436902386861449e+00
1.979917830020249085e+03 1.000911895229895210e+00
1.984485851026929367e+03 9.988423478164728531e-01
1.989053872033676498e+03 9.984830160105199193e-01
1.993621893040423402e+03 1.001005877039688130e+00
