-1.994260445826881323e+03 1.022276155734409109e+00
-1.989692424820200813e+03 1.023132275900285881e+00
-1.985124403813453910e+03 1.024066579003829691e+00
-1.980556382806740203e+03 1.023299442572972673e+00
-1.975988361800026496e+03 1.022558676324537563e+00
-1.971420340793279593e+03 1.023370864842333861e+00
-1.966852319786565886e+03 1.023852594897972423e+00
-1.962284298779852179e+03 1.022447160420662859e+00
-1.957716277773138472e+03 1.022670775598202964e+00
-1.953148256766424765e+03 1.021904769055166140e+00
-1.948580235759677862e+03 1.021925840544508857e+00
-1.944012214752964155e+03 1.021961082238284080e+00
-1.939444193746250448e+03 1.021292674999246586e+00
-1.934876172739536742e+03 1.021861216273268314e+00
-1.930308151732823035e+03 1.023098829167117030e+00
-1.925740130726076131e+03 1.022374027116286443e+00
-1.921172109719362425e+03 1.019956211222175169e+00
-1.916604088712648718e+03 1.018985439146208760e+00
-1.912036067705935011e+03 1.021231568380244425e+00
-1.907468046699188108e+03 1.024248097309608196e+00
-1.902900025692474401e+03 1.022882750835242716e+00
-1.898332004685760694e+03 1.021145936537307675e+00
-1.893763983679046987e+03 1.020376765587384993e+00
-1.889195962672333280e+03 1.019818857937201839e+00
-1.884627941665586377e+03 1.020189206103895740e+00
-1.880059920658872670e+03 1.021074840694009112e+00
-1.875491899652158963e+03 1.021033297582777832e+00
-1.870923878645412060e+03 1.021744946406861088e+00
-1.866355857638731777e+03 1.017421619844341762e+00
-1.861787836631984646e+03 1.015946359075585947e+00
-1.857219815625270940e+03 1.014290608872978394e+00
-1.852651794618557233e+03 1.017816015289714215e+00
-1.848083773611810329e+03 1.019015423111587326e+00
-1.843515752605130047e+03 1.020251215807180811e+00
-1.838947731598382916e+03 1.019128130159176804e+00
-1.834379710591669209e+03 1.020665566867492657e+00
-1.829811689584955730e+03 1.021004452135490626e+00
-1.825243668578208599e+03 1.021621359723567934e+00
-1.820675647571528316e+03 1.020333920648148762e+00
-1.816107626564781185e+03 1.018731447033746518e+00
-1.811539605558034282e+03 1.016542713020730959e+00
-1.806971584551353999e+03 1.017571718710260198e+00
-1.802403563544606868e+03 1.018629629822598304e+00
-1.797835542537926585e+03 1.020173987364046297e+00
-1.793267521531179682e+03 1.019122828029066286e+00
-1.788699500524432551e+03 1.018806441359743076e+00
-1.784131479517752268e+03 1.018622319769607598e+00
-1.779563458511005138e+03 1.017241990433153775e+00
-1.774995437504324855e+03 1.016590193316806223e+00
-1.770427416497577951e+03 1.015357276502027561e+00
-1.765859395490830821e+03 1.015151585198703854e+00
-1.761291374484150538e+03 1.012272671737697749e+00
-1.756723353477403634e+03 1.011521643717882002e+00
-1.752155332470723124e+03 1.011619153979059549e+00
-1.747587311463976221e+03 1.014174059327267230e+00
-1.743019290457229090e+03 1.013853374868515234e+00
-1.738451269450548807e+03 1.012780210236833511e+00
-1.733883248443801904e+03 1.011968298686227286e+00
-1.729315227437121393e+03 1.012762176936661263e+00
-1.724747206430374490e+03 1.011796331063074206e+00
-1.720179185423627587e+03 1.009720356304756761e+00
-1.715611164416947076e+03 1.008561803305276783e+00
-1.711043143410200173e+03 1.007084066701272151e+00
-1.706475122403486466e+03 1.006753995256791656e+00
-1.701907101396772759e+03 1.005271766103930986e+00
-1.697339080390025856e+03 1.006062957503000233e+00
-1.692771059383345346e+03 1.006975800906919405e+00
-1.688203038376598442e+03 1.006993037605298014e+00
-1.683635017369884736e+03 1.007151772994044903e+00
-1.679066996363171029e+03 1.006269263747621379e+00
-1.674498975356424125e+03 1.005945859923950136e+00
-1.669930954349710419e+03 1.004628168206797456e+00
-1.665362933342996712e+03 1.002308658635759686e+00
-1.660794912336283005e+03 1.000877234114218028e+00
-1.656226891329569298e+03 1.002294827558467771e+00
-1.651658870322822395e+03 1.002747698030110657e+00
-1.647090849316108688e+03 1.001766314103510469e+00
-1.642522828309394981e+03 9.996520507477271167e-01
-1.637954807302681274e+03 9.999819113406118731e-01
-1.633386786295967568e+03 1.002617744185973381e+00
-1.628818765289220664e+03 1.001664694513157317e+00
-1.624250744282506957e+03 1.000970418335380030e+00
-1.619682723275793251e+03 9.999508446937710460e-01
-1.615114702269079544e+03 1.001303292593813010e+00
-1.610546681262332640e+03 1.001625792879849541e+00
-1.605978660255618934e+03 1.001228732225825979e+00
-1.601410639248905227e+03 1.000069610838214773e+00
-1.596842618242191520e+03 1.000354784844897038e+00
-1.592274597235477813e+03 1.000573356554880888e+00
-1.587706576228730910e+03 1.001744595245365188e+00
-1.583138555222017203e+03 1.002781950700850189e+00
-1.578570534215303496e+03 1.002440795361370762e+00
-1.574002513208556593e+03 1.002583357937145481e+00
-1.569434492201876083e+03 1.000269370458255480e+00
-1.564866471195129179e+03 9.980910878006928888e-01
-1.560298450188415472e+03 9.979241816618392713e-01
-1.555730429181701766e+03 9.974092899468018913e-01
-1.551162408174954862e+03 9.989207975248746152e-01
-1.546594387168274352e+03 9.997218830140042201e-01
-1.542026366161527449e+03 1.000244860747585562e+00
-1.537458345154780545e+03 1.002425834387892678e+00
-1.532890324148100035e+03 1.001854594654038921e+00
-1.528322303141353132e+03 1.004218683758376640e+00
-1.523754282134672621e+03 1.002212212070190844e+00
-1.519186261127925718e+03 1.002280337819575040e+00
-1.514618240121178815e+03 1.002671180764139081e+00
-1.510050219114498304e+03 1.003214057465465769e+00
-1.505482198107751401e+03 1.003120896043607102e+00
-1.500914177101071118e+03 1.003332152424685431e+00
-1.496346156094323987e+03 1.004701138357442458e+00
-1.491778135087577084e+03 1.006163325485559312e+00
-1.487210114080896574e+03 1.006260214803319286e+00
-1.482642093074149670e+03 1.005782504558813573e+00
-1.478074072067469388e+03 1.005839250845895094e+00
-1.473506051060722257e+03 1.002914593755287909e+00
-1.468938030053975353e+03 1.002472566755163941e+00
-1.464370009047295071e+03 1.004255186953993073e+00
-1.459801988040547940e+03 1.007285724256561821e+00
-1.455233967033867657e+03 1.009386383891898165e+00
-1.450665946027120526e+03 1.006914495431284307e+00
-1.446097925020373623e+03 1.005721070686225405e+00
-1.441529904013693340e+03 1.004722888836549144e+00
-1.436961883006946209e+03 1.004284998542933183e+00
-1.432393862000265926e+03 1.002908101693354981e+00
-1.427825840993519023e+03 1.002345242693043703e+00
-1.423257819986771892e+03 1.001369683595143556e+00
-1.418689798980091609e+03 1.003013579591746973e+00
-1.414121777973344479e+03 1.004173019853586313e+00
-1.409553756966630999e+03 1.007046452813085580e+00
-1.404985735959917292e+03 1.008308337114262487e+00
-1.400417714953170162e+03 1.008288167621534059e+00
-1.395849693946489879e+03 1.006854331271370029e+00
-1.391281672939742975e+03 1.003752811674350598e+00
-1.386713651933029269e+03 1.002027208664202362e+00
-1.382145630926315562e+03 1.000431640115446497e+00
-1.377577609919568431e+03 1.001445346903030442e+00
-1.373009588912854952e+03 1.000492890558149384e+00
-1.368441567906141245e+03 1.001264717182181130e+00
-1.363873546899427538e+03 1.001220004210419345e+00
-1.359305525892713831e+03 1.004133981032443446e+00
-1.354737504885966928e+03 1.004371437671721878e+00
-1.350169483879253221e+03 1.005314019638594347e+00
-1.345601462872539514e+03 1.004901000150605794e+00
-1.341033441865825807e+03 1.006072096106862546e+00
-1.336465420859112101e+03 1.004701233615435285e+00
-1.331897399852365197e+03 1.002464228399105650e+00
-1.327329378845651490e+03 1.002490734267307060e+00
-1.322761357838937784e+03 1.002929125921393050e+00
-1.318193336832224077e+03 1.002628256703853138e+00
-1.313625315825477173e+03 1.000105366109494298e+00
-1.309057294818763467e+03 9.997384775011539659e-01
-1.304489273812049760e+03 9.996414032455902543e-01
-1.299921252805336053e+03 1.000188390370880143e+00
-1.295353231798622346e+03 9.994296166628373612e-01
-1.290785210791875443e+03 9.991634670403755081e-01
-1.286217189785161736e+03 9.993942017491121987e-01
-1.281649168778448029e+03 1.000442648312002802e+00
-1.277081147771701126e+03 1.000724129014382013e+00
-1.272513126765020615e+03 1.001328400322648804e+00
-1.267945105758273712e+03 1.000700842764094434e+00
-1.263377084751560005e+03 1.000360464988508058e+00
-1.258809063744846299e+03 9.993481903231232755e-01
-1.254241042738099395e+03 9.989814053006588201e-01
-1.249673021731418885e+03 9.989421757813753411e-01
-1.245105000724671982e+03 9.987713982492513187e-01
-1.240536979717925078e+03 1.000680319306600952e+00
-1.235968958711244568e+03 1.001042028332515654e+00
-1.231400937704497665e+03 1.002178593058971501e+00
-1.226832916697817154e+03 1.000066924699372750e+00
-1.222264895691070251e+03 1.000245560224423569e+00
-1.217696874684323348e+03 9.996755919849155125e-01
-1.213128853677642837e+03 1.001771071673043023e+00
-1.208560832670895934e+03 1.002657922653999778e+00
-1.203992811664215424e+03 1.002384174837118280e+00
-1.199424790657468520e+03 9.997158526472370577e-01
-1.194856769650721617e+03 9.976873393702684334e-01
-1.190288748644041107e+03 9.969680260928157622e-01
-1.185720727637294203e+03 9.992855465241822222e-01
-1.181152706630613693e+03 1.000964338546670662e+00
-1.176584685623866790e+03 1.000334703421448923e+00
-1.172016664617119886e+03 9.992221321823725466e-01
-1.167448643610439376e+03 9.983429198175978181e-01
-1.162880622603692473e+03 1.000203655296066474e+00
-1.158312601597012190e+03 1.000769473768400530e+00
-1.153744580590265059e+03 1.003059919889778939e+00
-1.149176559583518156e+03 1.002634236749855745e+00
-1.144608538576837645e+03 1.003834137540669191e+00
-1.140040517570090742e+03 1.003210031294315741e+00
-1.135472496563410459e+03 1.002168916373051388e+00
-1.130904475556663328e+03 9.993104721735998064e-01
-1.126336454549916425e+03 9.972968858597539565e-01
-1.121768433543235915e+03 9.985326604024180597e-01
-1.117200412536489011e+03 9.976308310412397296e-01
-1.112632391529775305e+03 9.992889411805853106e-01
-1.108064370523061598e+03 9.984511400969798833e-01
-1.103496349516314694e+03 1.000117430357372994e+00
-1.098928328509634412e+03 9.982719356204560190e-01
-1.094360307502887281e+03 9.988881195616935438e-01
-1.089792286496173574e+03 9.982143902351102716e-01
-1.085224265489459867e+03 9.999449289550454978e-01
-1.080656244482712964e+03 1.000509048207713247e+00
-1.076088223475999257e+03 1.002553924671341745e+00
-1.071520202469285550e+03 1.000143152984861672e+00
-1.066952181462571843e+03 9.985808751280558226e-01
-1.062384160455858364e+03 9.971337195548434229e-01
-1.057816139449111233e+03 9.980045059045608014e-01
-1.053248118442397526e+03 1.000530983863001211e+00
-1.048680097435683820e+03 1.000721298635416590e+00
-1.044112076428970340e+03 1.000429559827817227e+00
-1.039544055422256406e+03 9.986230275975364057e-01
-1.034976034415509730e+03 9.996681013173637220e-01
-1.030408013408795796e+03 1.001799417819758675e+00
-1.025839992402082316e+03 1.001460301610810122e+00
-1.021271971395368496e+03 1.001503005749251995e+00
-1.016703950388621593e+03 1.000275154924963772e+00
-1.012135929381907886e+03 1.000228558638364573e+00
-1.007567908375194179e+03 9.981853681987521432e-01
-1.002999887368480472e+03 9.974601103235821720e-01
-9.984318663617667653e+02 9.972373883367046110e-01
-9.938638453550198619e+02 9.970979824771101230e-01
-9.892958243483061551e+02 9.983355170877151741e-01
-9.847278033415924483e+02 9.990199592008176532e-01
-9.801597823348455449e+02 1.001581533630475862e+00
-9.755917613281651484e+02 1.002420788093075998e+00
-9.710237403214181313e+02 1.003003083106411397e+00
-9.664557193147044245e+02 1.001031344002588641e+00
-9.618876983079907177e+02 1.000901143892320988e+00
-9.573196773012438143e+02 9.993118380415353386e-01
-9.527516562945634178e+02 9.993168935207279446e-01
-9.481836352878164007e+02 9.991429079207895247e-01
-9.436156142810694973e+02 1.002227720338349171e+00
-9.390475932743891008e+02 1.002072792646184096e+00
-9.344795722676420837e+02 1.001127357824079356e+00
-9.299115512609616871e+02 9.993805645818175654e-01
-9.253435302542146701e+02 1.001822436304716346e+00
-9.207755092474677667e+02 1.004161453734070619e+00
-9.162074882407873702e+02 1.005134189928450494e+00
-9.116394672340403531e+02 1.004915008933304987e+00
-9.070714462273599565e+02 1.002591681253695244e+00
-9.025034252206130532e+02 1.001934070651856246e+00
-8.979354042138660361e+02 1.000920362553737730e+00
-8.933673832071856395e+02 1.000347204119284017e+00
-8.887993622004386225e+02 1.000446405203272660e+00
-8.842313411937582259e+02 1.001325038937494583e+00
-8.796633201870113226e+02 1.002149551428544783e+00
-8.750952991802643055e+02 1.000002679426188479e+00
-8.705272781735839089e+02 9.974632458938780255e-01
-8.659592571668370056e+02 9.942635614031397617e-01
-8.613912361601566090e+02 9.940741614912459445e-01
-8.568232151534095919e+02 9.939327659682722915e-01
-8.522551941466625749e+02 9.969915485215304907e-01
-8.476871731399821783e+02 9.964656986128659355e-01
-8.431191521332352750e+02 9.970307144505454744e-01
-8.385511311265548784e+02 9.953714167118240530e-01
-8.339831101198078613e+02 9.967783907888095873e-01
-8.294150891130609580e+02 9.980688611581930436e-01
-8.248470681063804477e+02 1.000467728544341073e+00
-8.202790470996335443e+02 1.001492563027359894e+00
-8.157110260929198375e+02 9.988553030919623543e-01
-8.111430050862061307e+02 9.964949901007192912e-01
-8.065749840794592274e+02 9.953712495445188324e-01
-8.020069630727788308e+02 9.978411731274263730e-01
-7.974389420660318137e+02 9.980874492320973568e-01
-7.928709210593181069e+02 9.979143272959353217e-01
-7.883029000526044001e+02 9.957018252301660377e-01
-7.837348790458574967e+02 9.971194935531760839e-01
-7.791668580391437899e+02 9.975260997004132824e-01
-7.745988370324300831e+02 1.001497672392304139e+00
-7.700308160257163763e+02 9.988647517373010487e-01
-7.654627950190027832e+02 9.995951924142710832e-01
-7.608947740122557661e+02 9.964643968161036591e-01
-7.563267530055420593e+02 9.949913288864612460e-01
-7.517587319988283525e+02 9.942521342520270755e-01
-7.471907109921147594e+02 9.932091133564995289e-01
-7.426226899853677423e+02 9.967613348358668190e-01
-7.380546689786540355e+02 9.979549123531228361e-01
-7.334866479719403287e+02 1.001147824904554229e+00
-7.289186269652267356e+02 1.001524018346363620e+00
-7.243506059585130288e+02 1.000179073643437277e+00
-7.197825849517660117e+02 1.000334619178507412e+00
-7.152145639450523049e+02 1.001945449614709105e+00
-7.106465429383387118e+02 1.003335871150738967e+00
-7.060785219316250050e+02 1.003693087352379054e+00
-7.015105009249112982e+02 1.002410528779743570e+00
-6.969424799181642811e+02 1.002984208386465070e+00
-6.923744589114506880e+02 1.001457448954302665e+00
-6.878064379047369812e+02 1.001198769885320417e+00
-6.832384168979899641e+02 9.998918645392601556e-01
-6.786703958913095676e+02 9.996420197807273089e-01
-6.741023748845626642e+02 9.997757335050133642e-01
-6.695343538778489574e+02 9.992782178339515431e-01
-6.649663328711352506e+02 1.000455987324509577e+00
-6.603983118643882335e+02 1.001945161413364760e+00
-6.558302908577078369e+02 1.004955136029138885e+00
-6.512622698509609336e+02 1.003980036148125921e+00
-6.466942488442139165e+02 9.998762124873223911e-01
-6.421262278375335200e+02 9.993841231852039764e-01
-6.375582068307866166e+02 9.995295252033807865e-01
-6.329901858241062200e+02 1.000923004358090340e+00
-6.284221648173592030e+02 9.996796368784922615e-01
-6.238541438106121859e+02 9.997680345270509861e-01
-6.192861228039317893e+02 1.002274645885487869e+00
-6.147181017971848860e+02 1.002917119959988668e+00
-6.101500807905044894e+02 1.002767395882756318e+00
-6.055820597837574724e+02 1.001410040154325998e+00
-6.010140387770105690e+02 1.002475532272986358e+00
-5.964460177703300587e+02 1.004705468010475444e+00
-5.918779967635831554e+02 1.005646073969065357e+00
-5.873099757569027588e+02 1.005194729652165053e+00
-5.827419547501557417e+02 1.004669935427235261e+00
-5.781739337434088384e+02 1.005348219608909632e+00
-5.736059127367284418e+02 1.006541507066970098e+00
-5.690378917299814248e+02 1.005690874658758505e+00
-5.644698707233010282e+02 1.006541784551643559e+00
-5.599018497165540111e+02 1.005257402118975962e+00
-5.553338287098071078e+02 1.007322893950288289e+00
-5.507658077031267112e+02 1.006906297545640427e+00
-5.461977866963796941e+02 1.006149652680733197e+00
-5.416297656896992976e+02 1.004511217821270064e+00
-5.370617446829523942e+02 1.005700658156058580e+00
-5.324937236762053772e+02 1.008585810199140953e+00
-5.279257026695249806e+02 1.009298163741846110e+00
-5.233576816627780772e+02 1.009385368023610452e+00
-5.187896606560643704e+02 1.009115916636668997e+00
-5.142216396493506636e+02 1.011941756254865821e+00
-5.096536186426036465e+02 1.011783468049827661e+00
-5.050855976359232500e+02 1.012910404916415930e+00
-5.005175766291762898e+02 1.012394149395599241e+00
-4.959495556224626398e+02 1.012804853276975336e+00
-4.913815346157489330e+02 1.013805321951622318e+00
-4.868135136090019728e+02 1.015491358739325278e+00
-4.822454926022882660e+02 1.015958950187268783e+00
-4.776774715955746160e+02 1.014948367663293993e+00
-4.731094505888609092e+02 1.013744559125389744e+00
-4.685414295821472024e+02 1.015463041016346324e+00
-4.639734085754002422e+02 1.014152954503856563e+00
-4.594053875686865922e+02 1.015731747087594838e+00
-4.548373665619728854e+02 1.016520134487734595e+00
-4.502693455552591786e+02 1.020440313721261871e+00
-4.457013245485122184e+02 1.021352589617473994e+00
-4.411333035417985684e+02 1.020344627062343079e+00
-4.365652825350848616e+02 1.018533902411036252e+00
-4.319972615283711548e+02 1.019072788782731775e+00
-4.274292405216575048e+02 1.019835032128469265e+00
-4.228612195149104878e+02 1.022016054758826842e+00
-4.182931985081968378e+02 1.023242175843980251e+00
-4.137251775014831310e+02 1.023095691132444474e+00
-4.091571564947694810e+02 1.022485993573866381e+00
-4.045891354880557742e+02 1.020894075479077401e+00
-4.000211144813088140e+02 1.021824711304172295e+00
-3.954530934745951072e+02 1.022785233053904674e+00
-3.908850724678814572e+02 1.022992418104119450e+00
-3.863170514611344402e+02 1.026219574459579009e+00
-3.817490304544540436e+02 1.028122410262028552e+00
-3.771810094477070834e+02 1.029694776267225054e+00
-3.726129884409934334e+02 1.027962773317881329e+00
-3.680449674342797266e+02 1.026179054696967796e+00
-3.634769464275327664e+02 1.028225261352076814e+00
-3.589089254208523698e+02 1.030396220597405543e+00
-3.543409044141054096e+02 1.032943970433564118e+00
-3.497728834073583926e+02 1.032407754556970758e+00
-3.452048624006779960e+02 1.031894944127865754e+00
-3.406368413939310358e+02 1.031400709915620384e+00
-3.360688203872506392e+02 1.030312372959580669e+00
-3.315007993805036790e+02 1.031751639896053119e+00
-3.269327783737567188e+02 1.033100248071055605e+00
-3.223647573670763222e+02 1.032983165581091045e+00
-3.177967363603293052e+02 1.031130164511883551e+00
-3.132287153536489086e+02 1.031454340425398186e+00
-3.086606943469019484e+02 1.034404470819102473e+00
-3.040926733401549882e+02 1.036873958797040585e+00
-2.995246523334745916e+02 1.037319389235032530e+00
-2.949566313267276314e+02 1.037935399493581601e+00
-2.903886103200472348e+02 1.037543724588393390e+00
-2.858205893133002746e+02 1.036851964770808765e+00
-2.812525683065532576e+02 1.036306064153525996e+00
-2.766845472998728610e+02 1.037035632012456743e+00
-2.721165262931259008e+02 1.038387332977341204e+00
-2.675485052864455042e+02 1.038121572210172872e+00
-2.629804842796985440e+02 1.037045879543332605e+00
-2.584124632729515838e+02 1.036602719845329146e+00
-2.538444422662711588e+02 1.034844068939795081e+00
-2.492764212595241986e+02 1.034840825101999373e+00
-2.447084002528438020e+02 1.033780910330316827e+00
-2.401403792460968418e+02 1.034451883310680387e+00
-2.355723582393498532e+02 1.034247900527456521e+00
-2.310043372326694566e+02 1.033081070359609610e+00
-2.264363162259224964e+02 1.032415294690451901e+00
-2.218682952192087896e+02 1.031294880209183473e+00
-2.173002742124951112e+02 1.029222595817069985e+00
-2.127322532057481510e+02 1.024798918678868631e+00
-2.081642321990677544e+02 1.019719598677909289e+00
-2.035962111923207658e+02 1.014368577652021486e+00
-1.990281901856070874e+02 1.012938261022895858e+00
-1.944601691788934090e+02 1.009078152910774406e+00
-1.898921481721464488e+02 1.006691173589085109e+00
-1.853241271654327420e+02 1.001494985920847514e+00
-1.807561061587190636e+02 9.986568610376025390e-01
-1.761880851520053852e+02 9.952603557460785177e-01
-1.716200641452917068e+02 9.937703521842612409e-01
-1.670520431385447182e+02 9.917460142600967865e-01
-1.624840221318310398e+02 9.903017899206361108e-01
-1.579160011251173614e+02 9.875763117238610667e-01
-1.533479801184036830e+02 9.862146623750808194e-01
-1.487799591116566944e+02 9.844439869287953115e-01
-1.442119381049430160e+02 9.801368774909254844e-01
-1.396439170982293376e+02 9.770162652055773833e-01
-1.350758960915156308e+02 9.720284230219439214e-01
-1.305078750848019808e+02 9.695853017244454586e-01
-1.259398540780549922e+02 9.649998020435077706e-01
-1.213718330713412996e+02 9.621141593849150686e-01
-1.168038120646276212e+02 9.586753149995956846e-01
-1.122357910579139286e+02 9.548718301968127653e-01
-1.076677700512002502e+02 9.522545781269778908e-01
-1.030997490444532758e+02 9.502707481443053439e-01
-9.853172803773959743e+01 9.479970234426673414e-01
-9.396370703102590483e+01 9.442515659418025953e-01
-8.939568602427894461e+01 9.419012312694311495e-01
-8.482766501759853384e+01 9.402519574433844118e-01
-8.025964401085157363e+01 9.396924156667031403e-01
-7.569162300413788103e+01 9.345476291114209744e-01
-7.112360199742420264e+01 9.307061102139755349e-01
-6.655558099067722821e+01 9.277891306596757204e-01
-6.198755998399683165e+01 9.268761523710699057e-01
-5.741953897724985723e+01 9.246495130557453868e-01
-5.285151797050288991e+01 9.212945342406820837e-01
-4.828349696382248624e+01 9.198642817929491011e-01
-4.371547595707551892e+01 9.187315437517895589e-01
-3.914745495039511525e+01 9.159242375459560881e-01
-3.457943394364814793e+01 9.127021430857098494e-01
-3.001141293690118061e+01 9.110648106333959495e-01
-2.544339193022077694e+01 9.108314710782300372e-01
-2.087537092347380963e+01 9.072153302559513577e-01
-1.630734991679340595e+01 9.042236621592488754e-01
-1.173932891004643864e+01 9.034468847332656205e-01
-7.171307903299469544e+00 9.047814284711345190e-01
-2.603286896619067647e+00 9.052622837380113197e-01
1.964734110127903222e+00 9.059289875795570879e-01
6.532755116808303342e+00 9.083953391009534917e-01
1.110077612355527421e+01 9.110043299248596904e-01
1.566879713030224508e+01 9.120650272606288800e-01
2.023681813698264165e+01 9.141288364566548807e-01
2.480483914372961607e+01 9.178975427444319157e-01
2.937286015041001264e+01 9.230839245444523167e-01
3.394088115715697995e+01 9.287306273792902411e-01
3.850890216390395437e+01 9.333307118115499179e-01
4.307692317058435094e+01 9.384082573409576744e-01
4.764494417733132536e+01 9.424846499712202785e-01
5.221296518401172193e+01 9.484564350313652303e-01
5.678098619075869635e+01 9.551456377134286413e-01
6.134900719750565656e+01 9.632735881491308882e-01
6.591702820418606734e+01 9.709317628372104991e-01
7.048504921093302755e+01 9.781163943061415011e-01
7.505307021761343833e+01 9.839605890927979326e-01
7.962109122436039854e+01 9.887402154370571461e-01
8.418911223110737296e+01 9.947440477640915324e-01
8.875713323778776953e+01 1.004219930977493958e+00
9.332515424453474395e+01 1.012593305722987225e+00
9.789317525121514052e+01 1.018887110718746269e+00
1.024611962579621149e+02 1.024197724134675580e+00
1.070292172647090894e+02 1.029591055184274184e+00
1.115972382713895001e+02 1.038348241012613471e+00
1.161652592781364604e+02 1.046855048697295842e+00
1.207332802848168569e+02 1.055805364479188713e+00
1.253013012915638171e+02 1.063067267304442565e+00
1.298693222983108058e+02 1.068995920223983376e+00
1.344373433049912023e+02 1.075724053388133372e+00
1.390053643117381625e+02 1.081084571116737836e+00
1.435733853184185591e+02 1.088027332225692589e+00
1.481414063251655477e+02 1.093393691379427990e+00
1.527094273319125080e+02 1.098562281950269837e+00
1.572774483385929045e+02 1.100942432677186389e+00
1.618454693453398647e+02 1.103349606129881977e+00
1.664134903520202897e+02 1.105428487642503343e+00
1.709815113587672499e+02 1.106871569878099537e+00
1.755495323655142101e+02 1.106993143803473911e+00
1.801175533721946067e+02 1.107441389094674378e+00
1.846855743789415953e+02 1.107950003492912172e+00
1.892535953856219919e+02 1.109244313167247808e+00
1.938216163923689521e+02 1.109939148482699922e+00
1.983896373991159408e+02 1.111123979100587578e+00
2.029576584057963373e+02 1.109318534354940766e+00
2.075256794125432975e+02 1.108148707517917275e+00
2.120937004192902577e+02 1.105326799705153462e+00
2.166617214259706827e+02 1.106366502593042922e+00
2.212297424327176429e+02 1.102792585315228280e+00
2.257977634393980395e+02 1.101557836200849350e+00
2.303657844461449997e+02 1.099516047593529722e+00
2.349338054528919884e+02 1.100560963574935158e+00
2.395018264595723849e+02 1.099339566004080782e+00
2.440698474663193451e+02 1.097488326661694602e+00
2.486378684730663053e+02 1.094493785679901521e+00
2.532058894797467019e+02 1.091303854571757936e+00
2.577739104864936621e+02 1.088553464151459593e+00
2.623419314931741155e+02 1.086616599504566238e+00
2.669099524999210757e+02 1.084020261100325344e+00
2.714779735066680360e+02 1.082996530915977473e+00
2.760459945133484325e+02 1.082108064530397540e+00
2.806140155200953927e+02 1.081391045553762753e+00
2.851820365267757893e+02 1.077538612066007317e+00
2.897500575335227495e+02 1.076916564314899460e+00
2.943180785402697666e+02 1.075297610343587396e+00
2.988860995469501631e+02 1.073291720279788253e+00
3.034541205536971233e+02 1.069450484669573598e+00
3.080221415604440836e+02 1.066837855790424783e+00
3.125901625671244801e+02 1.066673235782824802e+00
3.171581835738714403e+02 1.065308494086934843e+00
3.217262045805518369e+02 1.063625555104636078e+00
3.262942255872987971e+02 1.063698475686313261e+00
3.308622465940458142e+02 1.061336698541405665e+00
3.354302676007262107e+02 1.062071779389953008e+00
3.399982886074731709e+02 1.059774027665715268e+00
3.445663096142201312e+02 1.058476639417487375e+00
3.491343306209005277e+02 1.056178310341579163e+00
3.537023516276474879e+02 1.054536185768786938e+00
3.582703726343278845e+02 1.055577265301091527e+00
3.628383936410748447e+02 1.053954389421922544e+00
3.674064146478218618e+02 1.051822020043043038e+00
3.719744356545022583e+02 1.052068882617315237e+00
3.765424566612492185e+02 1.051641185524772482e+00
3.811104776679961788e+02 1.051623390234226463e+00
3.856784986746765753e+02 1.049180298839739178e+00
3.902465196814235355e+02 1.049790761052501464e+00
3.948145406881039321e+02 1.050286919065911206e+00
3.993825616948509492e+02 1.049909227120944477e+00
4.039505827015979094e+02 1.050830870830244068e+00
4.085186037082783059e+02 1.048758722383581699e+00
4.130866247150252661e+02 1.047532540144932911e+00
4.176546457217056627e+02 1.045201843671331288e+00
4.222226667284526229e+02 1.043582836080266363e+00
4.267906877351995831e+02 1.042813382005040923e+00
4.313587087418799797e+02 1.041629695113253318e+00
4.359267297486269968e+02 1.042783475057073472e+00
4.404947507553073933e+02 1.042768684119134148e+00
4.450627717620543535e+02 1.042886602717544520e+00
4.496307927688013137e+02 1.042278313029290304e+00
4.541988137754817103e+02 1.040657565611733615e+00
4.587668347822286705e+02 1.038975521260795176e+00
4.633348557889090671e+02 1.039056196194148241e+00
4.679028767956560273e+02 1.040090539383299983e+00
4.724708978024030444e+02 1.040946384859163798e+00
4.770389188090834409e+02 1.041712392252937436e+00
4.816069398158304011e+02 1.041717145863496397e+00
4.861749608225107977e+02 1.040059007830185012e+00
4.907429818292577579e+02 1.038004618648680433e+00
4.953110028360047181e+02 1.037576919896953997e+00
4.998790238426851147e+02 1.037908517662761598e+00
5.044470448494321317e+02 1.039303984006778592e+00
5.090150658561125283e+02 1.038687703235950721e+00
5.135830868628594317e+02 1.040447114016387786e+00
5.181511078696064487e+02 1.039595223466183826e+00
5.227191288762868453e+02 1.039563001357881378e+00
5.272871498830338624e+02 1.039004129073797911e+00
5.318551708897142589e+02 1.038117474786645289e+00
5.364231918964611623e+02 1.036548325677586035e+00
5.409912129032081793e+02 1.035418532032660321e+00
5.455592339098885759e+02 1.035137180725807182e+00
5.501272549166354793e+02 1.035339930650100770e+00
5.546952759233158758e+02 1.035607751314614688e+00
5.592632969300628929e+02 1.034348331220219963e+00
5.638313179368099100e+02 1.033233701733403676e+00
5.683993389434903065e+02 1.031445743983833152e+00
5.729673599502372099e+02 1.031988141495389755e+00
5.775353809569176065e+02 1.031755047035896267e+00
5.821034019636646235e+02 1.032331561743944803e+00
5.866714229704115269e+02 1.032243255929794712e+00
5.912394439770919234e+02 1.032866824044731402e+00
5.958074649838389405e+02 1.032957730582931388e+00
6.003754859905193371e+02 1.031754979405718586e+00
6.049435069972663541e+02 1.031615647579125605e+00
6.095115280040132575e+02 1.032077143003031550e+00
6.140795490106936541e+02 1.032510996209566656e+00
6.186475700174406711e+02 1.032308289045962058e+00
6.232155910241210677e+02 1.031303088522046663e+00
6.277836120308680847e+02 1.031368988850583035e+00
6.323516330376149881e+02 1.032896490314556104e+00
6.369196540442953847e+02 1.034668914111421145e+00
6.414876750510424017e+02 1.035385180513685555e+00
6.460556960577227983e+02 1.034171655659709588e+00
6.506237170644697017e+02 1.032311150110444942e+00
6.551917380712167187e+02 1.032129397675210614e+00
6.597597590778971153e+02 1.030915681344026780e+00
6.643277800846441323e+02 1.030326691639591674e+00
6.688958010913245289e+02 1.028662164713561422e+00
6.734638220980714323e+02 1.028146763569300903e+00
6.780318431048184493e+02 1.026172436583275838e+00
6.825998641114988459e+02 1.024963811657736867e+00
6.871678851182457493e+02 1.022691273480745622e+00
6.917359061249261458e+02 1.023910457457721579e+00
6.963039271316731629e+02 1.026306189848431361e+00
7.008719481384201799e+02 1.029421390959744942e+00
7.054399691451005765e+02 1.027908239750862096e+00
7.100079901518474799e+02 1.024244965485915371e+00
7.145760111585278764e+02 1.022588397881122546e+00
7.191440321652748935e+02 1.022404027927298786e+00
7.237120531720217969e+02 1.023529865752569323e+00
7.282800741787021934e+02 1.025099568249364212e+00
7.328480951854492105e+02 1.023839688182723195e+00
7.374161161921296070e+02 1.024376899437622113e+00
7.419841371988766241e+02 1.021338605754825268e+00
7.465521582056235275e+02 1.022920444083183611e+00
7.511201792123039240e+02 1.021325224363939244e+00
7.556882002190509411e+02 1.021944257664320732e+00
7.602562212257313377e+02 1.022531001449275889e+00
7.648242422324782410e+02 1.024078381478981781e+00
7.693922632392252581e+02 1.024037029155617118e+00
7.739602842459056546e+02 1.022283953006876800e+00
7.785283052526526717e+02 1.021656344447895437e+00
7.830963262593330683e+02 1.019835142298423536e+00
7.876643472660799716e+02 1.018467899718871195e+00
7.922323682728269887e+02 1.018762772143721351e+00
7.968003892795073853e+02 1.020548822784917320e+00
8.013684102862542886e+02 1.021582678815927236e+00
8.059364312930013057e+02 1.021377951804576467e+00
8.105044522996817022e+02 1.020811635056172006e+00
8.150724733064287193e+02 1.020998229971610272e+00
8.196404943131091159e+02 1.019535774592024380e+00
8.242085153198560192e+02 1.020402805450999040e+00
8.287765363266030363e+02 1.021816524430467554e+00
8.333445573332834329e+02 1.024247489383128595e+00
8.379125783400304499e+02 1.023969769463254353e+00
8.424805993467773533e+02 1.024500350677537197e+00
8.470486203534577498e+02 1.023136831890421261e+00
8.516166413602047669e+02 1.024045972740509569e+00
8.561846623668851635e+02 1.021500870806903549e+00
8.607526833736320668e+02 1.021355679723835008e+00
8.653207043803790839e+02 1.019626797959100939e+00
8.698887253870594805e+02 1.018390769656624117e+00
8.744567463938064975e+02 1.017734237779336581e+00
8.790247674005534009e+02 1.017553906528519292e+00
8.835927884072337974e+02 1.018462186445162843e+00
8.881608094139808145e+02 1.018950956995468005e+00
8.927288304206612111e+02 1.020237997622946979e+00
8.972968514274081144e+02 1.019578640414996018e+00
9.018648724341551315e+02 1.019130338877024089e+00
9.064328934408355281e+02 1.016708483580638811e+00
9.110009144475825451e+02 1.017085022520859638e+00
9.155689354542629417e+02 1.016937688818795094e+00
9.201369564610098450e+02 1.015546065701983025e+00
9.247049774677568621e+02 1.012435276758992586e+00
9.292729984744372587e+02 1.010222975069799078e+00
9.338410194811841620e+02 1.011201877984149178e+00
9.384090404879311791e+02 1.014313215118742617e+00
9.429770614946115757e+02 1.015658738007118700e+00
9.475450825013585927e+02 1.016139140060583257e+00
9.521131035080389893e+02 1.014722198120352914e+00
9.566811245147858926e+02 1.012857826783905013e+00
9.612491455215329097e+02 1.010837040047969593e+00
9.658171665282133063e+02 1.009804622108693595e+00
9.703851875349602096e+02 1.010834083875238321e+00
9.749532085417072267e+02 1.011691836975198155e+00
9.795212295483876233e+02 1.012410374874851415e+00
9.840892505551346403e+02 1.012037323530724509e+00
9.886572715618150369e+02 1.011646777339516801e+00
9.932252925685619402e+02 1.012084422726464483e+00
9.977933135753089573e+02 1.009948292613709553e+00
1.002361334581989354e+03 1.009287631499357074e+00
1.006929355588736371e+03 1.010334312919629385e+00
1.011497376595416654e+03 1.013134678015755297e+00
1.016065397602163785e+03 1.013607916885954863e+00
1.020633418608910688e+03 1.010915763029743175e+00
1.025201439615590971e+03 1.009328523504488428e+00
1.029769460622338102e+03 1.008194906585572426e+00
1.034337481629018384e+03 1.009448712900848477e+00
1.038905502635765288e+03 1.009541494823224639e+00
1.043473523642512419e+03 1.011417507405440119e+00
1.048041544649192701e+03 1.009130346473853024e+00
1.052609565655939832e+03 1.008207724489996737e+00
1.057177586662620115e+03 1.006801452898002935e+00
1.061745607669367018e+03 1.008846693578523857e+00
1.066313628676114149e+03 1.008558078757232579e+00
1.070881649682794432e+03 1.008413720580430661e+00
1.075449670689541335e+03 1.006630421937908748e+00
1.080017691696221846e+03 1.007410717606906703e+00
1.084585712702968749e+03 1.008915265695084829e+00
1.089153733709715880e+03 1.008404072792852046e+00
1.093721754716396163e+03 1.008543322618038474e+00
1.098289775723143066e+03 1.006350711598922087e+00
1.102857796729823576e+03 1.006693607725992479e+00
1.107425817736570480e+03 1.005741326640456235e+00
1.111993838743317383e+03 1.006826634206769766e+00
1.116561859749997893e+03 1.007365718159841661e+00
1.121129880756744797e+03 1.007538461781071648e+00
1.125697901763425307e+03 1.007645729609900398e+00
1.130265922770172210e+03 1.008202199020767464e+00
1.134833943776919114e+03 1.008717813196199131e+00
1.139401964783599624e+03 1.005949735869042572e+00
1.143969985790346527e+03 1.005378994488751232e+00
1.148538006797027037e+03 1.004897699834448987e+00
1.153106027803773941e+03 1.007515668027167521e+00
1.157674048810520844e+03 1.007086593630295512e+00
1.162242069817201354e+03 1.006251178909716826e+00
1.166810090823948258e+03 1.004077792049088202e+00
1.171378111830628768e+03 1.004379562332815112e+00
1.175946132837375671e+03 1.004088201624199428e+00
1.180514153844122575e+03 1.004466248600048628e+00
1.185082174850803085e+03 1.002412871421483942e+00
1.189650195857549988e+03 1.002427515522451129e+00
1.194218216864230499e+03 1.003587920822951673e+00
1.198786237870977402e+03 1.004455704695828899e+00
1.203354258877724305e+03 1.005727028076762508e+00
1.207922279884404816e+03 1.006036897179076961e+00
1.212490300891151719e+03 1.007785578331928944e+00
1.217058321897832002e+03 1.008102887395807556e+00
1.221626342904579133e+03 1.004898749155662019e+00
1.226194363911326036e+03 1.002632318318130045e+00
1.230762384918006546e+03 1.000228886391558492e+00
1.235330405924753450e+03 1.001326867331840731e+00
1.239898426931433733e+03 1.003161400842411011e+00
1.244466447938180863e+03 1.004383428879350504e+00
1.249034468944927767e+03 1.004505530286792236e+00
1.253602489951608050e+03 1.002010760941895340e+00
1.258170510958355180e+03 1.000913752075500041e+00
1.262738531965035463e+03 1.001372871784875995e+00
1.267306552971782594e+03 1.004170018145676524e+00
1.271874573978529497e+03 1.004984284304934361e+00
1.276442594985209780e+03 1.004101761861799558e+00
1.281010615991956911e+03 1.003605884762312828e+00
1.285578636998637194e+03 1.002580975383466466e+00
1.290146658005384097e+03 1.002279189214808186e+00
1.294714679012131228e+03 1.000164547471437571e+00
1.299282700018811511e+03 1.000508692832227098e+00
1.303850721025558641e+03 1.001062243126815021e+00
1.308418742032238924e+03 1.001914223986432262e+00
1.312986763038985828e+03 1.001870784835091399e+00
1.317554784045732958e+03 1.000229695018522991e+00
1.322122805052413241e+03 9.990580989891290065e-01
1.326690826059160372e+03 9.986098872384445713e-01
1.331258847065840655e+03 1.000443099958981064e+00
1.335826868072587558e+03 1.000817149335982092e+00
1.340394889079334689e+03 9.997013114329623695e-01
1.344962910086014972e+03 9.990581840422692039e-01
1.349530931092761875e+03 9.996164218290838344e-01
1.354098952099442386e+03 1.000891929241750633e+00
1.358666973106189289e+03 1.002452497128463849e+00
1.363234994112936420e+03 1.002909777312841699e+00
1.367803015119616703e+03 1.002324316451411734e+00
1.372371036126363606e+03 1.001754049346686770e+00
1.376939057133110737e+03 1.000846259450933529e+00
1.381507078139791020e+03 9.995369181971227590e-01
1.386075099146537923e+03 9.990677400865782820e-01
1.390643120153218433e+03 9.998483556033761488e-01
1.395211141159965337e+03 1.002530575310894845e+00
1.399779162166712467e+03 1.002562679112543265e+00
1.404347183173392750e+03 1.003332281457801400e+00
1.408915204180139654e+03 1.003135466945309417e+00
1.413483225186820164e+03 1.003586398490786680e+00
1.418051246193567067e+03 1.002441033914237778e+00
1.422619267200313971e+03 1.001851274471581066e+00
1.427187288206994481e+03 1.001653197887662827e+00
1.431755309213741384e+03 1.001602632057029041e+00
1.436323330220488515e+03 1.002252737630556112e+00
1.440891351227168798e+03 1.002139977313087682e+00
1.445459372233915701e+03 1.003245086842450062e+00
1.450027393240596211e+03 1.004391952392476695e+00
1.454595414247343115e+03 1.004116885229943135e+00
1.459163435254090018e+03 1.003471295888819670e+00
1.463731456260770528e+03 1.002377623697649822e+00
1.468299477267517432e+03 1.004125717835866682e+00
1.472867498274264562e+03 1.004893237897401148e+00
1.477435519280944845e+03 1.006546398019395383e+00
1.482003540287691749e+03 1.006110092392797695e+00
1.486571561294372259e+03 1.005544240267075340e+00
1.491139582301119162e+03 1.002910256699844238e+00
1.495707603307866066e+03 1.001980381171620138e+00
1.500275624314546576e+03 1.001002500013555618e+00
1.504843645321293479e+03 1.002730010307118391e+00
1.509411666328040610e+03 1.003818886792638976e+00
1.513979687334720893e+03 1.006029889152955548e+00
1.518547708341467796e+03 1.005851056165435464e+00
1.523115729348148307e+03 1.006100579240599702e+00
1.527683750354895210e+03 1.005034326343206885e+00
1.532251771361642113e+03 1.004646566299356891e+00
1.536819792368322624e+03 1.002820472969498722e+00
1.541387813375069527e+03 1.002866006731816695e+00
1.545955834381750037e+03 1.002251765073007617e+00
1.550523855388496941e+03 1.000154022173319390e+00
1.555091876395243844e+03 9.988488388178211608e-01
1.559659897401924354e+03 9.989122343418254113e-01
1.564227918408671258e+03 1.001924557754250600e+00
1.568795939415418161e+03 1.000938373024268913e+00
1.573363960422098671e+03 1.000874459290760798e+00
1.577931981428845575e+03 9.997432619965517242e-01
1.582500002435526085e+03 1.000897073111180591e+00
1.587068023442272988e+03 1.001811056117238197e+00
1.591636044449019892e+03 1.003156996285838432e+00
1.596204065455700402e+03 1.004046350176622582e+00
1.600772086462447305e+03 1.004376570152544446e+00
1.605340107469127815e+03 1.003714343421127753e+00
1.609908128475874719e+03 1.002709876077195306e+00
1.614476149482621622e+03 1.000315106574741320e+00
1.619044170489302132e+03 1.000460915718842214e+00
1.623612191496049036e+03 1.001052513764723928e+00
1.628180212502729546e+03 1.002793946975657491e+00
1.632748233509476449e+03 1.003706403518511481e+00
1.637316254516223353e+03 1.003949566110009073e+00
1.641884275522903863e+03 1.003611887129598701e+00
1.646452296529650766e+03 1.003719331824868277e+00
1.651020317536331277e+03 1.004247172392524590e+00
1.655588338543078180e+03 1.006028373572917189e+00
1.660156359549825083e+03 1.004742730756220226e+00
1.664724380556505594e+03 1.003641446952959315e+00
1.669292401563252497e+03 1.003178495492799582e+00
1.673860422569932780e+03 1.001365798466357093e+00
1.678428443576679911e+03 1.001463367680116789e+00
1.682996464583426814e+03 9.985282500365428859e-01
1.687564485590107324e+03 9.987935819962862061e-01
1.692132506596854228e+03 9.979148876799021073e-01
1.696700527603534510e+03 9.990456322118083099e-01
1.701268548610281641e+03 1.000903914380235848e+00
1.705836569617028545e+03 1.001470234507034318e+00
1.710404590623708827e+03 1.000699515450530042e+00
1.714972611630455958e+03 9.999524513476293341e-01
1.719540632637136241e+03 1.000318025123344112e+00
1.724108653643883372e+03 1.001073087159663144e+00
1.728676674650630275e+03 9.993423545974641220e-01
1.733244695657310558e+03 9.985310985273750939e-01
1.737812716664057689e+03 9.966416365209624928e-01
1.742380737670737972e+03 9.972327695274240122e-01
1.746948758677485102e+03 9.971326054671104666e-01
1.751516779684232006e+03 1.000145716815116659e+00
1.756084800690912289e+03 1.002242894145221497e+00
1.760652821697659419e+03 1.002632992490324115e+00
1.765220842704339702e+03 1.003303197637933408e+00
1.769788863711086606e+03 1.001398898758414591e+00
1.774356884717833736e+03 1.001470078373358774e+00
1.778924905724514019e+03 9.993378708553185552e-01
1.783492926731261150e+03 1.000578114336046154e+00
1.788060947737941433e+03 1.000620585197490753e+00
1.792628968744688336e+03 1.001280957698819973e+00
1.797196989751435467e+03 1.001313975468860917e+00
1.801765010758115750e+03 1.000686057494893477e+00
1.806333031764862653e+03 1.001391390358700617e+00
1.810901052771543164e+03 1.001644012940422046e+00
1.815469073778290067e+03 1.002144232967073778e+00
1.820037094785037198e+03 1.000616805803967280e+00
1.824605115791717481e+03 9.987757428394843373e-01
1.829173136798464384e+03 9.995012942501185771e-01
1.833741157805144894e+03 1.000377678359768652e+00
1.838309178811891798e+03 1.002373815111013755e+00
1.842877199818638701e+03 1.002748151913351649e+00
1.847445220825319211e+03 1.002739529228582116e+00
1.852013241832066115e+03 1.001305770482455726e+00
1.856581262838746625e+03 1.000845468990670950e+00
1.861149283845493528e+03 9.990725630915449074e-01
1.865717304852240432e+03 9.994922028039354700e-01
1.870285325858920942e+03 9.995784573595756228e-01
1.874853346865667845e+03 1.001558859637081467e+00
1.879421367872348355e+03 1.001686252784566022e+00
1.883989388879095259e+03 1.000791358794951291e+00
1.888557409885842162e+03 9.997377903511429631e-01
1.893125430892522672e+03 1.000828664407436008e+00
1.897693451899269576e+03 1.000854957159769354e+00
1.902261472905950086e+03 1.001431930042296470e+00
1.906829493912696989e+03 1.002005807828671324e+00
1.911397514919443893e+03 1.001967926875181547e+00
1.915965535926124403e+03 1.001902218679977752e+00
1.920533556932871306e+03 1.000219274492603061e+00
1.925101577939551817e+03 1.001011999870002001e+00
1.929669598946298720e+03 1.001917658408274292e+00
1.934237619953045623e+03 1.003227567069264525e+00
1.938805640959726134e+03 1.003425109989545261e+00
1.943373661966473037e+03 1.002620160849308606e+00
1.947941682973153320e+03 1.001386826171142275e+00
1.952509703979900451e+03 1.000951531946270734e+00
1.957077724986647354e+03 1.000836958625427542e+00
1.961645745993327864e+03 1.000998775361040316e+00
1.966213767000074768e+03 9.995827067733292770e-01
1.970781788006821671e+03 1.000019535622830746e+00
1.975349809013502181e+03 9.997802278681623411e-01
1.979917830020249085e+03 1.001576729900989449e+00
1.984485851026929367e+03 1.002413518100183865e+00
1.989053872033676498e+03 1.003947939637858555e+00
1.993621893040423402e+03 1.003494795548817820e+00
