-1.994260445826881323e+03 1.028596053540563160e+00
-1.989692424820200813e+03 1.028098118861340060e+00
-1.985124403813453910e+03 1.027837997447384133e+00
-1.980556382806740203e+03 1.025837560955695116e+00
-1.975988361800026496e+03 1.025043377815618273e+00
-1.971420340793279593e+03 1.024841053566809324e+00
-1.966852319786565886e+03 1.023344702330454048e+00
-1.962284298779852179e+03 1.022684175581973776e+00
-1.957716277773138472e+03 1.022452025070704762e+00
-1.953148256766424765e+03 1.023762161988326369e+00
-1.948580235759677862e+03 1.026587727742316547e+00
-1.944012214752964155e+03 1.028181848455764325e+00
-1.939444193746250448e+03 1.026681360227883699e+00
-1.934876172739536742e+03 1.024842283486078642e+00
-1.930308151732823035e+03 1.024642950250094886e+00
-1.925740130726076131e+03 1.024658855544682723e+00
-1.921172109719362425e+03 1.023679137803265915e+00
-1.916604088712648718e+03 1.025220188241824815e+00
-1.912036067705935011e+03 1.026988334535283487e+00
-1.907468046699188108e+03 1.027741139236141521e+00
-1.902900025692474401e+03 1.026085326486076754e+00
-1.898332004685760694e+03 1.025226738454147579e+00
-1.893763983679046987e+03 1.024661690559397043e+00
-1.889195962672333280e+03 1.023413618746430442e+00
-1.884627941665586377e+03 1.021999303155053385e+00
-1.880059920658872670e+03 1.023343049575437647e+00
-1.875491899652158963e+03 1.023240373305472017e+00
-1.870923878645412060e+03 1.024432101199915790e+00
-1.866355857638731777e+03 1.022350399242647256e+00
-1.861787836631984646e+03 1.021512922645572585e+00
-1.857219815625270940e+03 1.022153799694231369e+00
-1.852651794618557233e+03 1.024033078979411870e+00
-1.848083773611810329e+03 1.026277257941641041e+00
-1.843515752605130047e+03 1.025338505119566035e+00
-1.838947731598382916e+03 1.024398702497511637e+00
-1.834379710591669209e+03 1.023314749260305634e+00
-1.829811689584955730e+03 1.023328564024071907e+00
-1.825243668578208599e+03 1.024300952854102720e+00
-1.820675647571528316e+03 1.023928008416158830e+00
-1.816107626564781185e+03 1.024097463123832652e+00
-1.811539605558034282e+03 1.022102438762904741e+00
-1.806971584551353999e+03 1.022449069299196767e+00
-1.802403563544606868e+03 1.023333437240815158e+00
-1.797835542537926585e+03 1.022916293545243605e+00
-1.793267521531179682e+03 1.023824302172146927e+00
-1.788699500524432551e+03 1.019546113835318124e+00
-1.784131479517752268e+03 1.021400885519360147e+00
-1.779563458511005138e+03 1.018776396080516067e+00
-1.774995437504324855e+03 1.020358108819588550e+00
-1.770427416497577951e+03 1.020100479484580491e+00
-1.765859395490830821e+03 1.020100297853626214e+00
-1.761291374484150538e+03 1.019235070758017114e+00
-1.756723353477403634e+03 1.017866171222226113e+00
-1.752155332470723124e+03 1.017198764305322412e+00
-1.747587311463976221e+03 1.018618093943276959e+00
-1.743019290457229090e+03 1.016850358166259127e+00
-1.738451269450548807e+03 1.015868720586096119e+00
-1.733883248443801904e+03 1.014703139846794500e+00
-1.729315227437121393e+03 1.013682373282920990e+00
-1.724747206430374490e+03 1.011407477473776906e+00
-1.720179185423627587e+03 1.008461041798376812e+00
-1.715611164416947076e+03 1.010018191891407069e+00
-1.711043143410200173e+03 1.011323519665246806e+00
-1.706475122403486466e+03 1.011877698103826217e+00
-1.701907101396772759e+03 1.008588060179150148e+00
-1.697339080390025856e+03 1.008038588931739810e+00
-1.692771059383345346e+03 1.006638789108729837e+00
-1.688203038376598442e+03 1.006940993504012338e+00
-1.683635017369884736e+03 1.005438998913480875e+00
-1.679066996363171029e+03 1.006865662808015260e+00
-1.674498975356424125e+03 1.004530547524439044e+00
-1.669930954349710419e+03 1.004499310917651655e+00
-1.665362933342996712e+03 1.003042318374942399e+00
-1.660794912336283005e+03 1.003954046248765053e+00
-1.656226891329569298e+03 1.007286340673511971e+00
-1.651658870322822395e+03 1.007313428069224415e+00
-1.647090849316108688e+03 1.007797612262872233e+00
-1.642522828309394981e+03 1.004224187278784486e+00
-1.637954807302681274e+03 1.002956395696822822e+00
-1.633386786295967568e+03 1.002402442187232623e+00
-1.628818765289220664e+03 1.001713649882882917e+00
-1.624250744282506957e+03 1.000653628593392908e+00
-1.619682723275793251e+03 1.000376290567558613e+00
-1.615114702269079544e+03 1.001749083135114349e+00
-1.610546681262332640e+03 1.002079844843933643e+00
-1.605978660255618934e+03 1.001231893622611890e+00
-1.601410639248905227e+03 9.998776268397099320e-01
-1.596842618242191520e+03 1.001332739510331749e+00
-1.592274597235477813e+03 1.001659741378967849e+00
-1.587706576228730910e+03 1.001659149290309303e+00
-1.583138555222017203e+03 1.002233244706886239e+00
-1.578570534215303496e+03 1.002729864468752341e+00
-1.574002513208556593e+03 1.004375638663480119e+00
-1.569434492201876083e+03 1.002995684370920459e+00
-1.564866471195129179e+03 1.001414613112449503e+00
-1.560298450188415472e+03 1.000611426926544256e+00
-1.555730429181701766e+03 1.000427110789317453e+00
-1.551162408174954862e+03 1.000834159605749507e+00
-1.546594387168274352e+03 9.986887411069934606e-01
-1.542026366161527449e+03 9.990394272982806578e-01
-1.537458345154780545e+03 1.000680221655703805e+00
-1.532890324148100035e+03 1.002804286297295677e+00
-1.528322303141353132e+03 1.004053292359283089e+00
-1.523754282134672621e+03 1.002110816720597652e+00
-1.519186261127925718e+03 1.001208048471227130e+00
-1.514618240121178815e+03 1.000048204678260388e+00
-1.510050219114498304e+03 1.002746187942686218e+00
-1.505482198107751401e+03 1.003408839254352758e+00
-1.500914177101071118e+03 1.003962128591898706e+00
-1.496346156094323987e+03 1.002425536641979420e+00
-1.491778135087577084e+03 1.002186523767510495e+00
-1.487210114080896574e+03 1.004405090305913406e+00
-1.482642093074149670e+03 1.008377045819401019e+00
-1.478074072067469388e+03 1.009451046147006537e+00
-1.473506051060722257e+03 1.006729344615090893e+00
-1.468938030053975353e+03 1.003848042089273918e+00
-1.464370009047295071e+03 1.003884425761138344e+00
-1.459801988040547940e+03 1.007276391095321744e+00
-1.455233967033867657e+03 1.009022018706455581e+00
-1.450665946027120526e+03 1.007222330555028522e+00
-1.446097925020373623e+03 1.002762855493145366e+00
-1.441529904013693340e+03 1.001609730093292683e+00
-1.436961883006946209e+03 1.003217754866999600e+00
-1.432393862000265926e+03 1.004340358820480672e+00
-1.427825840993519023e+03 1.003397304987496907e+00
-1.423257819986771892e+03 1.001725357444162912e+00
-1.418689798980091609e+03 1.001730394217555498e+00
-1.414121777973344479e+03 1.004034325622531698e+00
-1.409553756966630999e+03 1.006997799114060399e+00
-1.404985735959917292e+03 1.009765501984446701e+00
-1.400417714953170162e+03 1.009880211163457941e+00
-1.395849693946489879e+03 1.008436106300659274e+00
-1.391281672939742975e+03 1.005560818177514193e+00
-1.386713651933029269e+03 1.003307485700872803e+00
-1.382145630926315562e+03 1.002131778631100589e+00
-1.377577609919568431e+03 1.003135390656552772e+00
-1.373009588912854952e+03 1.002225743369914879e+00
-1.368441567906141245e+03 1.002608785500806787e+00
-1.363873546899427538e+03 1.000953458999447321e+00
-1.359305525892713831e+03 1.000714162147535946e+00
-1.354737504885966928e+03 1.002013987988590316e+00
-1.350169483879253221e+03 1.003591482066582330e+00
-1.345601462872539514e+03 1.005865257750495401e+00
-1.341033441865825807e+03 1.004515181507220634e+00
-1.336465420859112101e+03 1.003245754034367110e+00
-1.331897399852365197e+03 1.000824836251429817e+00
-1.327329378845651490e+03 1.001908366777987114e+00
-1.322761357838937784e+03 1.004674270566179528e+00
-1.318193336832224077e+03 1.003435957112657206e+00
-1.313625315825477173e+03 1.001565516702082048e+00
-1.309057294818763467e+03 9.987695848132792653e-01
-1.304489273812049760e+03 1.000494648521121688e+00
-1.299921252805336053e+03 1.001419132387411537e+00
-1.295353231798622346e+03 1.002322813492999787e+00
-1.290785210791875443e+03 1.002337582609593936e+00
-1.286217189785161736e+03 1.003084513971344904e+00
-1.281649168778448029e+03 1.003276360862306094e+00
-1.277081147771701126e+03 1.003254893325409514e+00
-1.272513126765020615e+03 9.995081995137695685e-01
-1.267945105758273712e+03 9.984380959392638033e-01
-1.263377084751560005e+03 1.000117001039086517e+00
-1.258809063744846299e+03 1.003486295635061198e+00
-1.254241042738099395e+03 1.003787291042878449e+00
-1.249673021731418885e+03 1.001302380573766415e+00
-1.245105000724671982e+03 1.000233332752884507e+00
-1.240536979717925078e+03 1.001261111755714639e+00
-1.235968958711244568e+03 1.001797322014539304e+00
-1.231400937704497665e+03 1.000093702063338696e+00
-1.226832916697817154e+03 9.979835169108260962e-01
-1.222264895691070251e+03 9.960575187525364527e-01
-1.217696874684323348e+03 9.982504400859397720e-01
-1.213128853677642837e+03 9.975354187363999481e-01
-1.208560832670895934e+03 9.982655317071191803e-01
-1.203992811664215424e+03 9.975440853374948347e-01
-1.199424790657468520e+03 9.975736098854403044e-01
-1.194856769650721617e+03 9.970191328499614647e-01
-1.190288748644041107e+03 9.948612247553777488e-01
-1.185720727637294203e+03 9.949635310458498916e-01
-1.181152706630613693e+03 9.957580100446724591e-01
-1.176584685623866790e+03 9.986181812382047829e-01
-1.172016664617119886e+03 9.994895673561075000e-01
-1.167448643610439376e+03 9.987251809126386215e-01
-1.162880622603692473e+03 9.983149576363814504e-01
-1.158312601597012190e+03 9.975869165854950316e-01
-1.153744580590265059e+03 1.000808571566930594e+00
-1.149176559583518156e+03 9.987865305975370811e-01
-1.144608538576837645e+03 9.995755813290637670e-01
-1.140040517570090742e+03 9.976447716597647286e-01
-1.135472496563410459e+03 9.969744863487240982e-01
-1.130904475556663328e+03 9.960762670914391492e-01
-1.126336454549916425e+03 9.950327923477857439e-01
-1.121768433543235915e+03 9.962659178087278633e-01
-1.117200412536489011e+03 9.977808736576511128e-01
-1.112632391529775305e+03 1.000488964393734248e+00
-1.108064370523061598e+03 1.001323886086898485e+00
-1.103496349516314694e+03 1.002086459996443635e+00
-1.098928328509634412e+03 1.001136861803265221e+00
-1.094360307502887281e+03 1.003051458476212021e+00
-1.089792286496173574e+03 1.003163854598104310e+00
-1.085224265489459867e+03 1.002965266304528313e+00
-1.080656244482712964e+03 1.000017166083087661e+00
-1.076088223475999257e+03 1.000428814314470172e+00
-1.071520202469285550e+03 9.979443432539198966e-01
-1.066952181462571843e+03 9.990931487260183985e-01
-1.062384160455858364e+03 9.957087793293908362e-01
-1.057816139449111233e+03 9.979224712256590246e-01
-1.053248118442397526e+03 9.968510568337857203e-01
-1.048680097435683820e+03 1.000849843166814024e+00
-1.044112076428970340e+03 1.000862804550498142e+00
-1.039544055422256406e+03 1.001584624144716829e+00
-1.034976034415509730e+03 9.977597193621173810e-01
-1.030408013408795796e+03 9.979563702673317493e-01
-1.025839992402082316e+03 9.970600381156581316e-01
-1.021271971395368496e+03 9.989139095975000382e-01
-1.016703950388621593e+03 9.984703164099357764e-01
-1.012135929381907886e+03 9.997231900438142693e-01
-1.007567908375194179e+03 9.996049084602797175e-01
-1.002999887368480472e+03 9.981592259747836815e-01
-9.984318663617667653e+02 9.995849723800915854e-01
-9.938638453550198619e+02 9.998827887136579884e-01
-9.892958243483061551e+02 1.004669788662027941e+00
-9.847278033415924483e+02 1.003469587183891010e+00
-9.801597823348455449e+02 1.004788562242348915e+00
-9.755917613281651484e+02 1.002417914069534843e+00
-9.710237403214181313e+02 1.000486215921104760e+00
-9.664557193147044245e+02 9.967870409143415600e-01
-9.618876983079907177e+02 9.967790855619114154e-01
-9.573196773012438143e+02 1.000150128500716162e+00
-9.527516562945634178e+02 1.002408326946247596e+00
-9.481836352878164007e+02 1.004056031601332277e+00
-9.436156142810694973e+02 1.003400645178373907e+00
-9.390475932743891008e+02 1.001137883970007580e+00
-9.344795722676420837e+02 1.000583456212268629e+00
-9.299115512609616871e+02 1.000408749048091295e+00
-9.253435302542146701e+02 1.002449793761930552e+00
-9.207755092474677667e+02 1.001676856744277755e+00
-9.162074882407873702e+02 1.001956012429947807e+00
-9.116394672340403531e+02 1.002538976956562466e+00
-9.070714462273599565e+02 9.996958532236229766e-01
-9.025034252206130532e+02 9.979195664129179022e-01
-8.979354042138660361e+02 9.980836880493200169e-01
-8.933673832071856395e+02 9.993276386792521171e-01
-8.887993622004386225e+02 1.000982229001408541e+00
-8.842313411937582259e+02 9.999517112881525227e-01
-8.796633201870113226e+02 1.000398853943456290e+00
-8.750952991802643055e+02 9.985435644594247151e-01
-8.705272781735839089e+02 9.979137248511923408e-01
-8.659592571668370056e+02 9.925669411887080296e-01
-8.613912361601566090e+02 9.941825777346480209e-01
-8.568232151534095919e+02 9.961913903159995698e-01
-8.522551941466625749e+02 1.001512526659193325e+00
-8.476871731399821783e+02 9.980109998944138860e-01
-8.431191521332352750e+02 9.968579835456145011e-01
-8.385511311265548784e+02 9.993218471352823817e-01
-8.339831101198078613e+02 1.003406922291607772e+00
-8.294150891130609580e+02 1.005154784056344397e+00
-8.248470681063804477e+02 1.003717756343557310e+00
-8.202790470996335443e+02 1.003265499516184489e+00
-8.157110260929198375e+02 1.000795107463735123e+00
-8.111430050862061307e+02 9.987100868191115532e-01
-8.065749840794592274e+02 9.980617333960898341e-01
-8.020069630727788308e+02 1.000212965533724629e+00
-7.974389420660318137e+02 1.001190697320964773e+00
-7.928709210593181069e+02 1.001352248573255110e+00
-7.883029000526044001e+02 9.989220708742058141e-01
-7.837348790458574967e+02 9.998777019368200181e-01
-7.791668580391437899e+02 9.999390084947966661e-01
-7.745988370324300831e+02 1.001623630982142688e+00
-7.700308160257163763e+02 1.001929736026018647e+00
-7.654627950190027832e+02 1.002988069990029318e+00
-7.608947740122557661e+02 1.001385227287983071e+00
-7.563267530055420593e+02 9.978890306719563341e-01
-7.517587319988283525e+02 9.958333870009520306e-01
-7.471907109921147594e+02 9.957126462814661627e-01
-7.426226899853677423e+02 9.977454284012688968e-01
-7.380546689786540355e+02 1.000136795002447343e+00
-7.334866479719403287e+02 1.001922207487571770e+00
-7.289186269652267356e+02 1.002370855095951585e+00
-7.243506059585130288e+02 1.000876116670913918e+00
-7.197825849517660117e+02 1.000685067746663437e+00
-7.152145639450523049e+02 1.000933005151769750e+00
-7.106465429383387118e+02 1.001229005136091699e+00
-7.060785219316250050e+02 1.002699493877021952e+00
-7.015105009249112982e+02 1.002166523146911459e+00
-6.969424799181642811e+02 1.001503594647620732e+00
-6.923744589114506880e+02 9.998177762193828366e-01
-6.878064379047369812e+02 1.001563259826961483e+00
-6.832384168979899641e+02 1.003156112249807164e+00
-6.786703958913095676e+02 1.003868150859204889e+00
-6.741023748845626642e+02 1.005146630280269848e+00
-6.695343538778489574e+02 1.003140795680053543e+00
-6.649663328711352506e+02 1.004120616806289945e+00
-6.603983118643882335e+02 1.002289875709474698e+00
-6.558302908577078369e+02 1.003485363196735536e+00
-6.512622698509609336e+02 9.986911397926974132e-01
-6.466942488442139165e+02 9.972906952432936123e-01
-6.421262278375335200e+02 1.000342583866010271e+00
-6.375582068307866166e+02 1.004334732678273667e+00
-6.329901858241062200e+02 1.006210271111873000e+00
-6.284221648173592030e+02 1.003297792039859360e+00
-6.238541438106121859e+02 1.002741669667633007e+00
-6.192861228039317893e+02 1.002973040734881804e+00
-6.147181017971848860e+02 1.003740678487853755e+00
-6.101500807905044894e+02 1.004115517006236358e+00
-6.055820597837574724e+02 1.004400420995883225e+00
-6.010140387770105690e+02 1.005132742868681817e+00
-5.964460177703300587e+02 1.007118145379289897e+00
-5.918779967635831554e+02 1.005093455107877842e+00
-5.873099757569027588e+02 1.005712029028378085e+00
-5.827419547501557417e+02 1.003743827382474363e+00
-5.781739337434088384e+02 1.004560568470481030e+00
-5.736059127367284418e+02 1.003243565064887433e+00
-5.690378917299814248e+02 1.002528518356333054e+00
-5.644698707233010282e+02 1.002533774310127912e+00
-5.599018497165540111e+02 1.002682551567336988e+00
-5.553338287098071078e+02 1.005514044219902869e+00
-5.507658077031267112e+02 1.005418919305516967e+00
-5.461977866963796941e+02 1.002953636736113596e+00
-5.416297656896992976e+02 1.001076840043670702e+00
-5.370617446829523942e+02 9.995530272271556660e-01
-5.324937236762053772e+02 1.002300495251783330e+00
-5.279257026695249806e+02 1.001032845042667985e+00
-5.233576816627780772e+02 1.002945046335885992e+00
-5.187896606560643704e+02 1.003190971934884601e+00
-5.142216396493506636e+02 1.003982055148999963e+00
-5.096536186426036465e+02 1.003908683348868180e+00
-5.050855976359232500e+02 1.002743026744174815e+00
-5.005175766291762898e+02 1.003938002290037046e+00
-4.959495556224626398e+02 1.001769968716416770e+00
-4.913815346157489330e+02 9.998393983273482499e-01
-4.868135136090019728e+02 9.996848625149823420e-01
-4.822454926022882660e+02 1.002213105954486538e+00
-4.776774715955746160e+02 1.004742098686961072e+00
-4.731094505888609092e+02 1.002712160637448280e+00
-4.685414295821472024e+02 9.981142540407859087e-01
-4.639734085754002422e+02 9.925572446497502588e-01
-4.594053875686865922e+02 9.927054820243483846e-01
-4.548373665619728854e+02 9.950426576997036809e-01
-4.502693455552591786e+02 9.995854799771564103e-01
-4.457013245485122184e+02 1.000831354185947930e+00
-4.411333035417985684e+02 1.000602466472325203e+00
-4.365652825350848616e+02 9.995214731754155091e-01
-4.319972615283711548e+02 9.979393929113863360e-01
-4.274292405216575048e+02 9.971470354950421333e-01
-4.228612195149104878e+02 9.952578252929621394e-01
-4.182931985081968378e+02 9.951277423339964789e-01
-4.137251775014831310e+02 9.950337020997229720e-01
-4.091571564947694810e+02 9.957124134350389122e-01
-4.045891354880557742e+02 9.953602670569429156e-01
-4.000211144813088140e+02 9.961200719873394283e-01
-3.954530934745951072e+02 9.953791146104435938e-01
-3.908850724678814572e+02 9.939396639174257198e-01
-3.863170514611344402e+02 9.934257671536291801e-01
-3.817490304544540436e+02 9.946723137058484099e-01
-3.771810094477070834e+02 9.948264494100081956e-01
-3.726129884409934334e+02 9.944923150382388721e-01
-3.680449674342797266e+02 9.931944213992096593e-01
-3.634769464275327664e+02 9.924308783807305190e-01
-3.589089254208523698e+02 9.915056647253474020e-01
-3.543409044141054096e+02 9.926565256429853434e-01
-3.497728834073583926e+02 9.947569962413164157e-01
-3.452048624006779960e+02 9.949960731391342961e-01
-3.406368413939310358e+02 9.923332980576068385e-01
-3.360688203872506392e+02 9.887150696316476806e-01
-3.315007993805036790e+02 9.903878263684759986e-01
-3.269327783737567188e+02 9.923425133544393484e-01
-3.223647573670763222e+02 9.925160270334837387e-01
-3.177967363603293052e+02 9.893609619444229120e-01
-3.132287153536489086e+02 9.860091118919740438e-01
-3.086606943469019484e+02 9.860147176018282389e-01
-3.040926733401549882e+02 9.868694341446749840e-01
-2.995246523334745916e+02 9.871461338721019274e-01
-2.949566313267276314e+02 9.874343024141012393e-01
-2.903886103200472348e+02 9.850191681917218611e-01
-2.858205893133002746e+02 9.858862765577972587e-01
-2.812525683065532576e+02 9.855911239096712961e-01
-2.766845472998728610e+02 9.872819341405071336e-01
-2.721165262931259008e+02 9.875696937115586715e-01
-2.675485052864455042e+02 9.858627214954177598e-01
-2.629804842796985440e+02 9.835079616069606345e-01
-2.584124632729515838e+02 9.800906978862448105e-01
-2.538444422662711588e+02 9.796715668447480985e-01
-2.492764212595241986e+02 9.818675945726719201e-01
-2.447084002528438020e+02 9.851217176819394572e-01
-2.401403792460968418e+02 9.880809852704146579e-01
-2.355723582393498532e+02 9.890316237607900129e-01
-2.310043372326694566e+02 9.903279967873572787e-01
-2.264363162259224964e+02 9.915315844005666568e-01
-2.218682952192087896e+02 9.930754150483380727e-01
-2.173002742124951112e+02 9.949787122615513235e-01
-2.127322532057481510e+02 9.948042619593593372e-01
-2.081642321990677544e+02 9.951365965708873773e-01
-2.035962111923207658e+02 9.954436843955249969e-01
-1.990281901856070874e+02 9.989429002779578459e-01
-1.944601691788934090e+02 9.983238033286170321e-01
-1.898921481721464488e+02 1.000350871207956516e+00
-1.853241271654327420e+02 1.001749748447177124e+00
-1.807561061587190636e+02 1.006382922632686361e+00
-1.761880851520053852e+02 1.007447521702222959e+00
-1.716200641452917068e+02 1.009094688016678676e+00
-1.670520431385447182e+02 1.010701667605398368e+00
-1.624840221318310398e+02 1.011977442900312552e+00
-1.579160011251173614e+02 1.012380200907311290e+00
-1.533479801184036830e+02 1.013143299125166097e+00
-1.487799591116566944e+02 1.015557725549797397e+00
-1.442119381049430160e+02 1.015032674556209713e+00
-1.396439170982293376e+02 1.014183232354866959e+00
-1.350758960915156308e+02 1.008242755378925493e+00
-1.305078750848019808e+02 1.004161508985798035e+00
-1.259398540780549922e+02 9.985653665743825513e-01
-1.213718330713412996e+02 9.959570386766168903e-01
-1.168038120646276212e+02 9.926232162195750552e-01
-1.122357910579139286e+02 9.876568002801112689e-01
-1.076677700512002502e+02 9.794692312605851603e-01
-1.030997490444532758e+02 9.743554975780929217e-01
-9.853172803773959743e+01 9.697109269725198155e-01
-9.396370703102590483e+01 9.653786701849563778e-01
-8.939568602427894461e+01 9.601537180066088695e-01
-8.482766501759853384e+01 9.571112174170366416e-01
-8.025964401085157363e+01 9.550626282386929233e-01
-7.569162300413788103e+01 9.481077503246524429e-01
-7.112360199742420264e+01 9.412554618056864220e-01
-6.655558099067722821e+01 9.361157370659611843e-01
-6.198755998399683165e+01 9.349023928670590067e-01
-5.741953897724985723e+01 9.322031959113322719e-01
-5.285151797050288991e+01 9.293712236312217101e-01
-4.828349696382248624e+01 9.263318917128534613e-01
-4.371547595707551892e+01 9.235996274247971760e-01
-3.914745495039511525e+01 9.214350452577946271e-01
-3.457943394364814793e+01 9.188792882235361503e-01
-3.001141293690118061e+01 9.218849566433581222e-01
-2.544339193022077694e+01 9.258489490049441883e-01
-2.087537092347380963e+01 9.299292577777009683e-01
-1.630734991679340595e+01 9.299564242699224215e-01
-1.173932891004643864e+01 9.292472171979587747e-01
-7.171307903299469544e+00 9.294222940263807686e-01
-2.603286896619067647e+00 9.314040129528393663e-01
1.964734110127903222e+00 9.332247767991740384e-01
6.532755116808303342e+00 9.337411962447390579e-01
1.110077612355527421e+01 9.366297795618265809e-01
1.566879713030224508e+01 9.388938206339503267e-01
2.023681813698264165e+01 9.428471773049409421e-01
2.480483914372961607e+01 9.467758484788078022e-01
2.937286015041001264e+01 9.532344870510390811e-01
3.394088115715697995e+01 9.599596782557758834e-01
3.850890216390395437e+01 9.633856835057486023e-01
4.307692317058435094e+01 9.642126451236663343e-01
4.764494417733132536e+01 9.684203425103040663e-01
5.221296518401172193e+01 9.756489778377689381e-01
5.678098619075869635e+01 9.852622672402352455e-01
6.134900719750565656e+01 9.903261952394094569e-01
6.591702820418606734e+01 9.950651854467386093e-01
7.048504921093302755e+01 1.001371275453228238e+00
7.505307021761343833e+01 1.006552452373891127e+00
7.962109122436039854e+01 1.013348616198906482e+00
8.418911223110737296e+01 1.019385656992009670e+00
8.875713323778776953e+01 1.028691556237485427e+00
9.332515424453474395e+01 1.034293946856621460e+00
9.789317525121514052e+01 1.038591710890007791e+00
1.024611962579621149e+02 1.043946061849377882e+00
1.070292172647090894e+02 1.049925831833074197e+00
1.115972382713895001e+02 1.056855006898463900e+00
1.161652592781364604e+02 1.061589326420346424e+00
1.207332802848168569e+02 1.068658195679859091e+00
1.253013012915638171e+02 1.073690162235815704e+00
1.298693222983108058e+02 1.080538844751345096e+00
1.344373433049912023e+02 1.082199426271813536e+00
1.390053643117381625e+02 1.085914716340766972e+00
1.435733853184185591e+02 1.088771333866494162e+00
1.481414063251655477e+02 1.095778563570718234e+00
1.527094273319125080e+02 1.099258020362962496e+00
1.572774483385929045e+02 1.101974389949778699e+00
1.618454693453398647e+02 1.102363506274192106e+00
1.664134903520202897e+02 1.104526648761994467e+00
1.709815113587672499e+02 1.103972219886960149e+00
1.755495323655142101e+02 1.104945320572445100e+00
1.801175533721946067e+02 1.104657669372348439e+00
1.846855743789415953e+02 1.106517340470891897e+00
1.892535953856219919e+02 1.104501191932286019e+00
1.938216163923689521e+02 1.104733081363519887e+00
1.983896373991159408e+02 1.103126664952374769e+00
2.029576584057963373e+02 1.101901132223910507e+00
2.075256794125432975e+02 1.098946280148993537e+00
2.120937004192902577e+02 1.095567544046180730e+00
2.166617214259706827e+02 1.094617442987119604e+00
2.212297424327176429e+02 1.091195682199554540e+00
2.257977634393980395e+02 1.090566332942463079e+00
2.303657844461449997e+02 1.086832312079290430e+00
2.349338054528919884e+02 1.086286941928240823e+00
2.395018264595723849e+02 1.083695984024473091e+00
2.440698474663193451e+02 1.080290602355546525e+00
2.486378684730663053e+02 1.077563610095808144e+00
2.532058894797467019e+02 1.076398167239441817e+00
2.577739104864936621e+02 1.076512241049442764e+00
2.623419314931741155e+02 1.076400360612486340e+00
2.669099524999210757e+02 1.074013928922302741e+00
2.714779735066680360e+02 1.072540316314568143e+00
2.760459945133484325e+02 1.069695453837823607e+00
2.806140155200953927e+02 1.069018471265811288e+00
2.851820365267757893e+02 1.066611149207441711e+00
2.897500575335227495e+02 1.065356464629038102e+00
2.943180785402697666e+02 1.063103926694926260e+00
2.988860995469501631e+02 1.061862682207769693e+00
3.034541205536971233e+02 1.061613284651665934e+00
3.080221415604440836e+02 1.059844044630002147e+00
3.125901625671244801e+02 1.059448442400537260e+00
3.171581835738714403e+02 1.058197564283621661e+00
3.217262045805518369e+02 1.058412894128309745e+00
3.262942255872987971e+02 1.059691783462312742e+00
3.308622465940458142e+02 1.059507537026433965e+00
3.354302676007262107e+02 1.058621805087303303e+00
3.399982886074731709e+02 1.056040142755894751e+00
3.445663096142201312e+02 1.052622426640899223e+00
3.491343306209005277e+02 1.050471005293919236e+00
3.537023516276474879e+02 1.049894451740821522e+00
3.582703726343278845e+02 1.049781807563628488e+00
3.628383936410748447e+02 1.048989040940796258e+00
3.674064146478218618e+02 1.048808576105708879e+00
3.719744356545022583e+02 1.050203649515045301e+00
3.765424566612492185e+02 1.051150670782173391e+00
3.811104776679961788e+02 1.048017337923662806e+00
3.856784986746765753e+02 1.045818725265803550e+00
3.902465196814235355e+02 1.044515108589773034e+00
3.948145406881039321e+02 1.045176769062777566e+00
3.993825616948509492e+02 1.041968579928531424e+00
4.039505827015979094e+02 1.040667872016342699e+00
4.085186037082783059e+02 1.038756602250600736e+00
4.130866247150252661e+02 1.039226665812407191e+00
4.176546457217056627e+02 1.037833579375956106e+00
4.222226667284526229e+02 1.035800392973101225e+00
4.267906877351995831e+02 1.036990259238905310e+00
4.313587087418799797e+02 1.036941683067046371e+00
4.359267297486269968e+02 1.040561939002638381e+00
4.404947507553073933e+02 1.041015396410936544e+00
4.450627717620543535e+02 1.043035787791988467e+00
4.496307927688013137e+02 1.041404149346514485e+00
4.541988137754817103e+02 1.041862156167591591e+00
4.587668347822286705e+02 1.040151957416507456e+00
4.633348557889090671e+02 1.039202731857775008e+00
4.679028767956560273e+02 1.038639874241198413e+00
4.724708978024030444e+02 1.039118333354319246e+00
4.770389188090834409e+02 1.040378183001659407e+00
4.816069398158304011e+02 1.038064230502641294e+00
4.861749608225107977e+02 1.036201371466518140e+00
4.907429818292577579e+02 1.035397063889983427e+00
4.953110028360047181e+02 1.037825568166946821e+00
4.998790238426851147e+02 1.039469856250358815e+00
5.044470448494321317e+02 1.040795616373846544e+00
5.090150658561125283e+02 1.039603828573338662e+00
5.135830868628594317e+02 1.037437005772858356e+00
5.181511078696064487e+02 1.035474082343587954e+00
5.227191288762868453e+02 1.034140658088858800e+00
5.272871498830338624e+02 1.035989028626242314e+00
5.318551708897142589e+02 1.036589205094893940e+00
5.364231918964611623e+02 1.038083252633630993e+00
5.409912129032081793e+02 1.037554060440697867e+00
5.455592339098885759e+02 1.034828524299276298e+00
5.501272549166354793e+02 1.031660506414861400e+00
5.546952759233158758e+02 1.031823645299747794e+00
5.592632969300628929e+02 1.032979174487801854e+00
5.638313179368099100e+02 1.033218931052563905e+00
5.683993389434903065e+02 1.033064545583518568e+00
5.729673599502372099e+02 1.032841526178799541e+00
5.775353809569176065e+02 1.033094917553095682e+00
5.821034019636646235e+02 1.031930015762024366e+00
5.866714229704115269e+02 1.031837351960120941e+00
5.912394439770919234e+02 1.030419167389178936e+00
5.958074649838389405e+02 1.029159481885206562e+00
6.003754859905193371e+02 1.028471612732346330e+00
6.049435069972663541e+02 1.028066762280786861e+00
6.095115280040132575e+02 1.025680168389537128e+00
6.140795490106936541e+02 1.023040787779753602e+00
6.186475700174406711e+02 1.022191506459800392e+00
6.232155910241210677e+02 1.023676764719804622e+00
6.277836120308680847e+02 1.024314606508937686e+00
6.323516330376149881e+02 1.025315693525006511e+00
6.369196540442953847e+02 1.024501968798745111e+00
6.414876750510424017e+02 1.023534367330095618e+00
6.460556960577227983e+02 1.023013932973564577e+00
6.506237170644697017e+02 1.022368218510867566e+00
6.551917380712167187e+02 1.023053095424984349e+00
6.597597590778971153e+02 1.021187599685504210e+00
6.643277800846441323e+02 1.021392334497249976e+00
6.688958010913245289e+02 1.019438585827439736e+00
6.734638220980714323e+02 1.017700782010933835e+00
6.780318431048184493e+02 1.015364613606720923e+00
6.825998641114988459e+02 1.014020458882820774e+00
6.871678851182457493e+02 1.014176370488560908e+00
6.917359061249261458e+02 1.014099702489943411e+00
6.963039271316731629e+02 1.016373514167942860e+00
7.008719481384201799e+02 1.017000672707695230e+00
7.054399691451005765e+02 1.017931865130132563e+00
7.100079901518474799e+02 1.015479627263516704e+00
7.145760111585278764e+02 1.015253888469942467e+00
7.191440321652748935e+02 1.013734369583744410e+00
7.237120531720217969e+02 1.014629627697331671e+00
7.282800741787021934e+02 1.014813099730910606e+00
7.328480951854492105e+02 1.015249010326025880e+00
7.374161161921296070e+02 1.016775065934401256e+00
7.419841371988766241e+02 1.016766271629307994e+00
7.465521582056235275e+02 1.018830190853236672e+00
7.511201792123039240e+02 1.017142429265845749e+00
7.556882002190509411e+02 1.017990968322806111e+00
7.602562212257313377e+02 1.016716640918502890e+00
7.648242422324782410e+02 1.018046981784853644e+00
7.693922632392252581e+02 1.017190579761025448e+00
7.739602842459056546e+02 1.016706031914319963e+00
7.785283052526526717e+02 1.016505994760185105e+00
7.830963262593330683e+02 1.017432511111223903e+00
7.876643472660799716e+02 1.017559863077432736e+00
7.922323682728269887e+02 1.018662494760633308e+00
7.968003892795073853e+02 1.018756098042786107e+00
8.013684102862542886e+02 1.019617370711747073e+00
8.059364312930013057e+02 1.019312807252276798e+00
8.105044522996817022e+02 1.018758357235924450e+00
8.150724733064287193e+02 1.017954422160035621e+00
8.196404943131091159e+02 1.017876165688259560e+00
8.242085153198560192e+02 1.018992769371266149e+00
8.287765363266030363e+02 1.019482383319010976e+00
8.333445573332834329e+02 1.020370509516851598e+00
8.379125783400304499e+02 1.018032581245089885e+00
8.424805993467773533e+02 1.018393477984507856e+00
8.470486203534577498e+02 1.015578755646326270e+00
8.516166413602047669e+02 1.017099954045799448e+00
8.561846623668851635e+02 1.015772059201746513e+00
8.607526833736320668e+02 1.014607663276516858e+00
8.653207043803790839e+02 1.012448770256810349e+00
8.698887253870594805e+02 1.011528640767930254e+00
8.744567463938064975e+02 1.012506200498667797e+00
8.790247674005534009e+02 1.010632146937799236e+00
8.835927884072337974e+02 1.010808502979746892e+00
8.881608094139808145e+02 1.010244634470495839e+00
8.927288304206612111e+02 1.011203241271687148e+00
8.972968514274081144e+02 1.010326040631450040e+00
9.018648724341551315e+02 1.009185326909232572e+00
9.064328934408355281e+02 1.008779393567427407e+00
9.110009144475825451e+02 1.009429829559356451e+00
9.155689354542629417e+02 1.008824207587432964e+00
9.201369564610098450e+02 1.006795738048291922e+00
9.247049774677568621e+02 1.004459941200479989e+00
9.292729984744372587e+02 1.004792821979966222e+00
9.338410194811841620e+02 1.006421554962154685e+00
9.384090404879311791e+02 1.008475751263934628e+00
9.429770614946115757e+02 1.010356309352838933e+00
9.475450825013585927e+02 1.012437623484288451e+00
9.521131035080389893e+02 1.011921331135567925e+00
9.566811245147858926e+02 1.010415677924356714e+00
9.612491455215329097e+02 1.007602912195845191e+00
9.658171665282133063e+02 1.005921339200199327e+00
9.703851875349602096e+02 1.005412798932146190e+00
9.749532085417072267e+02 1.007175155967577895e+00
9.795212295483876233e+02 1.010426767995378894e+00
9.840892505551346403e+02 1.010311005943738794e+00
9.886572715618150369e+02 1.010100480978583848e+00
9.932252925685619402e+02 1.008438615977297559e+00
9.977933135753089573e+02 1.007619612546022836e+00
1.002361334581989354e+03 1.006828254115892607e+00
1.006929355588736371e+03 1.007859839173230965e+00
1.011497376595416654e+03 1.011705855162100987e+00
1.016065397602163785e+03 1.011556009899550190e+00
1.020633418608910688e+03 1.011269095552506769e+00
1.025201439615590971e+03 1.008473347543106913e+00
1.029769460622338102e+03 1.009643179611922958e+00
1.034337481629018384e+03 1.010574609187377293e+00
1.038905502635765288e+03 1.012025070681071837e+00
1.043473523642512419e+03 1.012455124640723625e+00
1.048041544649192701e+03 1.010959029874432646e+00
1.052609565655939832e+03 1.010705074369942169e+00
1.057177586662620115e+03 1.010377757282337141e+00
1.061745607669367018e+03 1.009524726492903257e+00
1.066313628676114149e+03 1.008179279865278888e+00
1.070881649682794432e+03 1.007854773053926012e+00
1.075449670689541335e+03 1.006755569888127866e+00
1.080017691696221846e+03 1.003978322171368065e+00
1.084585712702968749e+03 1.001793695673010687e+00
1.089153733709715880e+03 1.001443443102099762e+00
1.093721754716396163e+03 1.003174184993137485e+00
1.098289775723143066e+03 1.003599932613876033e+00
1.102857796729823576e+03 1.004264262020039267e+00
1.107425817736570480e+03 1.004690741785566388e+00
1.111993838743317383e+03 1.005561889010664345e+00
1.116561859749997893e+03 1.004958470091575462e+00
1.121129880756744797e+03 1.004262298898879635e+00
1.125697901763425307e+03 1.002235865114698754e+00
1.130265922770172210e+03 1.002715110565570056e+00
1.134833943776919114e+03 1.002263588605122324e+00
1.139401964783599624e+03 1.002865908295082820e+00
1.143969985790346527e+03 1.000567841493951393e+00
1.148538006797027037e+03 1.001015498552154215e+00
1.153106027803773941e+03 1.002160331944840665e+00
1.157674048810520844e+03 1.004783144102968206e+00
1.162242069817201354e+03 1.005088031301663021e+00
1.166810090823948258e+03 1.004206972347333249e+00
1.171378111830628768e+03 1.004611853149905754e+00
1.175946132837375671e+03 1.004712605525924118e+00
1.180514153844122575e+03 1.003831555418135624e+00
1.185082174850803085e+03 1.001912526172797469e+00
1.189650195857549988e+03 1.001465131218840954e+00
1.194218216864230499e+03 1.002154897532060884e+00
1.198786237870977402e+03 1.001506404096896174e+00
1.203354258877724305e+03 1.000908168588542368e+00
1.207922279884404816e+03 1.002914821828691627e+00
1.212490300891151719e+03 1.004492608646993856e+00
1.217058321897832002e+03 1.006605881125665292e+00
1.221626342904579133e+03 1.004531742255759807e+00
1.226194363911326036e+03 1.003530229530156248e+00
1.230762384918006546e+03 1.001389307602153167e+00
1.235330405924753450e+03 1.000407801989922518e+00
1.239898426931433733e+03 9.998507498689832573e-01
1.244466447938180863e+03 1.000082538643634278e+00
1.249034468944927767e+03 1.000459358921792274e+00
1.253602489951608050e+03 1.000689508658562543e+00
1.258170510958355180e+03 1.000328636210156219e+00
1.262738531965035463e+03 9.997469195034606182e-01
1.267306552971782594e+03 9.983045407949097116e-01
1.271874573978529497e+03 9.970129306550840065e-01
1.276442594985209780e+03 9.980466664459678450e-01
1.281010615991956911e+03 9.992115125305645051e-01
1.285578636998637194e+03 9.988161129131185589e-01
1.290146658005384097e+03 9.984410469468230076e-01
1.294714679012131228e+03 9.979925965398402932e-01
1.299282700018811511e+03 9.996632510935418159e-01
1.303850721025558641e+03 9.993421113193031724e-01
1.308418742032238924e+03 9.994113997517312109e-01
1.312986763038985828e+03 9.988098733607936319e-01
1.317554784045732958e+03 9.978147549211749956e-01
1.322122805052413241e+03 9.990128886266044228e-01
1.326690826059160372e+03 9.986672469134040275e-01
1.331258847065840655e+03 1.000223493824099252e+00
1.335826868072587558e+03 9.998350512995557438e-01
1.340394889079334689e+03 9.999167039666948531e-01
1.344962910086014972e+03 9.989815707759058805e-01
1.349530931092761875e+03 9.987979077172516318e-01
1.354098952099442386e+03 1.000102890632585284e+00
1.358666973106189289e+03 1.000561049852005224e+00
1.363234994112936420e+03 1.001940827536411005e+00
1.367803015119616703e+03 1.000065931156920440e+00
1.372371036126363606e+03 1.002065204529420273e+00
1.376939057133110737e+03 1.001045402973848697e+00
1.381507078139791020e+03 1.002819978160421899e+00
1.386075099146537923e+03 1.002482853470534563e+00
1.390643120153218433e+03 1.002061474637305993e+00
1.395211141159965337e+03 1.003698934882512050e+00
1.399779162166712467e+03 1.005529337061792150e+00
1.404347183173392750e+03 1.006557712285901518e+00
1.408915204180139654e+03 1.006169425614681812e+00
1.413483225186820164e+03 1.003242734287293159e+00
1.418051246193567067e+03 1.003546732951955844e+00
1.422619267200313971e+03 1.000890088144274159e+00
1.427187288206994481e+03 9.998547186157414890e-01
1.431755309213741384e+03 1.000803305587396608e+00
1.436323330220488515e+03 1.001738761747371198e+00
1.440891351227168798e+03 1.003567874455067566e+00
1.445459372233915701e+03 1.001738450664144464e+00
1.450027393240596211e+03 1.002551127567244293e+00
1.454595414247343115e+03 1.004086644433111131e+00
1.459163435254090018e+03 1.004175688429654656e+00
1.463731456260770528e+03 1.006192313882252165e+00
1.468299477267517432e+03 1.007202373435082565e+00
1.472867498274264562e+03 1.008123648077988266e+00
1.477435519280944845e+03 1.007278932709785524e+00
1.482003540287691749e+03 1.005141696540211571e+00
1.486571561294372259e+03 1.005801677546742212e+00
1.491139582301119162e+03 1.003459313985331391e+00
1.495707603307866066e+03 1.004397070935207692e+00
1.500275624314546576e+03 1.004513114273398289e+00
1.504843645321293479e+03 1.006026183953698139e+00
1.509411666328040610e+03 1.004959052161060074e+00
1.513979687334720893e+03 1.006053974569719456e+00
1.518547708341467796e+03 1.005405792907822615e+00
1.523115729348148307e+03 1.005802371364893588e+00
1.527683750354895210e+03 1.003580443171889103e+00
1.532251771361642113e+03 1.003835260796828832e+00
1.536819792368322624e+03 1.002107529853295320e+00
1.541387813375069527e+03 1.002709875349789170e+00
1.545955834381750037e+03 1.001858416746320701e+00
1.550523855388496941e+03 1.000629283004741410e+00
1.555091876395243844e+03 9.993055080903255893e-01
1.559659897401924354e+03 1.000173519510743292e+00
1.564227918408671258e+03 1.001311569832789017e+00
1.568795939415418161e+03 1.000253187151050271e+00
1.573363960422098671e+03 9.989362367064131831e-01
1.577931981428845575e+03 9.993570943145186902e-01
1.582500002435526085e+03 1.001169173806033541e+00
1.587068023442272988e+03 1.003096820323207794e+00
1.591636044449019892e+03 1.003852217247943601e+00
1.596204065455700402e+03 1.001166389370382603e+00
1.600772086462447305e+03 9.997370357016279740e-01
1.605340107469127815e+03 9.979366351399979740e-01
1.609908128475874719e+03 9.996517544854365278e-01
1.614476149482621622e+03 9.988167999471215808e-01
1.619044170489302132e+03 1.000505835454418957e+00
1.623612191496049036e+03 1.001638116882380247e+00
1.628180212502729546e+03 1.002102891557531850e+00
1.632748233509476449e+03 1.003609860787719299e+00
1.637316254516223353e+03 1.002322264545910002e+00
1.641884275522903863e+03 1.001996876898526123e+00
1.646452296529650766e+03 1.000155925899813836e+00
1.651020317536331277e+03 9.993646198824990279e-01
1.655588338543078180e+03 9.998707131271658000e-01
1.660156359549825083e+03 9.987658471472210531e-01
1.664724380556505594e+03 9.991703175074538867e-01
1.669292401563252497e+03 1.000408755808810612e+00
1.673860422569932780e+03 1.000127755634063531e+00
1.678428443576679911e+03 1.001053856883534765e+00
1.682996464583426814e+03 9.989126809495019188e-01
1.687564485590107324e+03 9.999057399339790209e-01
1.692132506596854228e+03 1.001165017351165032e+00
1.696700527603534510e+03 1.001008306716509422e+00
1.701268548610281641e+03 1.001030427624073127e+00
1.705836569617028545e+03 1.000135349369012827e+00
1.710404590623708827e+03 1.001298741839984130e+00
1.714972611630455958e+03 1.002768061904665275e+00
1.719540632637136241e+03 1.003103084407105827e+00
1.724108653643883372e+03 1.005111936749055301e+00
1.728676674650630275e+03 1.003119324433176418e+00
1.733244695657310558e+03 1.001004392117503583e+00
1.737812716664057689e+03 9.980448715349817812e-01
1.742380737670737972e+03 9.986550529987804348e-01
1.746948758677485102e+03 9.999763226342489597e-01
1.751516779684232006e+03 1.001802435804999503e+00
1.756084800690912289e+03 1.001908309187873103e+00
1.760652821697659419e+03 9.999581386811845496e-01
1.765220842704339702e+03 9.987537265251376084e-01
1.769788863711086606e+03 9.961686379485096277e-01
1.774356884717833736e+03 9.968233328865684362e-01
1.778924905724514019e+03 9.970389181344595508e-01
1.783492926731261150e+03 9.986532328623903831e-01
1.788060947737941433e+03 9.996968607932027462e-01
1.792628968744688336e+03 1.000060989575331405e+00
1.797196989751435467e+03 1.000406012477393913e+00
1.801765010758115750e+03 1.001308834921208701e+00
1.806333031764862653e+03 1.001516214778878977e+00
1.810901052771543164e+03 1.003247510021651578e+00
1.815469073778290067e+03 1.003538440830576972e+00
1.820037094785037198e+03 1.002368387729423604e+00
1.824605115791717481e+03 9.995051380547010922e-01
1.829173136798464384e+03 9.969291741983093980e-01
1.833741157805144894e+03 9.968799264071321886e-01
1.838309178811891798e+03 9.959427562653218047e-01
1.842877199818638701e+03 9.975425593315018213e-01
1.847445220825319211e+03 9.983084242719542090e-01
1.852013241832066115e+03 9.984635444284322148e-01
1.856581262838746625e+03 9.979934500997084124e-01
1.861149283845493528e+03 9.975576681116535838e-01
1.865717304852240432e+03 9.997780778675178226e-01
1.870285325858920942e+03 9.995130285406427229e-01
1.874853346865667845e+03 9.988142357058222842e-01
1.879421367872348355e+03 9.972914486724372418e-01
1.883989388879095259e+03 9.972030599277559304e-01
1.888557409885842162e+03 9.978571190286326109e-01
1.893125430892522672e+03 9.993368124076672521e-01
1.897693451899269576e+03 1.000168643199269125e+00
1.902261472905950086e+03 1.000566981539426026e+00
1.906829493912696989e+03 1.000306736983172184e+00
1.911397514919443893e+03 9.983682621218955555e-01
1.915965535926124403e+03 9.974110173178966088e-01
1.920533556932871306e+03 9.967688980135184229e-01
1.925101577939551817e+03 9.978724355939524449e-01
1.929669598946298720e+03 9.982077385384021673e-01
1.934237619953045623e+03 9.986579192327175170e-01
1.938805640959726134e+03 1.000044476170539154e+00
1.943373661966473037e+03 1.000484421691756554e+00
1.947941682973153320e+03 1.000883731663596565e+00
1.952509703979900451e+03 1.000300024460367920e+00
1.957077724986647354e+03 1.000995593136129402e+00
1.961645745993327864e+03 9.996949765461143889e-01
1.966213767000074768e+03 1.000162326621686359e+00
1.970781788006821671e+03 9.997063819037445009e-01
1.975349809013502181e+03 1.000100195997788433e+00
1.979917830020249085e+03 9.996956332887899643e-01
1.984485851026929367e+03 9.998332406207737222e-01
1.989053872033676498e+03 9.992049270133899208e-01
1.993621893040423402e+03 9.984968169933760018e-01
