-1.994260445826881323e+03 1.028262036202539198e+00
-1.989692424820200813e+03 1.027309579742642365e+00
-1.985124403813453910e+03 1.026072550130757932e+00
-1.980556382806740203e+03 1.024590332107861324e+00
-1.975988361800026496e+03 1.024380864001561031e+00
-1.971420340793279593e+03 1.023530622165800708e+00
-1.966852319786565886e+03 1.024649284669225890e+00
-1.962284298779852179e+03 1.023367964545851772e+00
-1.957716277773138472e+03 1.024604504189501997e+00
-1.953148256766424765e+03 1.026165000853596965e+00
-1.948580235759677862e+03 1.027208249067883772e+00
-1.944012214752964155e+03 1.027870641059299261e+00
-1.939444193746250448e+03 1.026039149524185179e+00
-1.934876172739536742e+03 1.026460434785475995e+00
-1.930308151732823035e+03 1.025030180886091768e+00
-1.925740130726076131e+03 1.023664364586478470e+00
-1.921172109719362425e+03 1.022097544866812369e+00
-1.916604088712648718e+03 1.023600691791348938e+00
-1.912036067705935011e+03 1.025647926419447797e+00
-1.907468046699188108e+03 1.025386768289424877e+00
-1.902900025692474401e+03 1.023918666127562771e+00
-1.898332004685760694e+03 1.022969724384360291e+00
-1.893763983679046987e+03 1.023596306571356251e+00
-1.889195962672333280e+03 1.024069716614774306e+00
-1.884627941665586377e+03 1.024186927868514063e+00
-1.880059920658872670e+03 1.023554091453539483e+00
-1.875491899652158963e+03 1.023027660981232545e+00
-1.870923878645412060e+03 1.023405253997336617e+00
-1.866355857638731777e+03 1.022917325731815597e+00
-1.861787836631984646e+03 1.023228300549111625e+00
-1.857219815625270940e+03 1.023771890574482368e+00
-1.852651794618557233e+03 1.024313829751241967e+00
-1.848083773611810329e+03 1.023966217982374305e+00
-1.843515752605130047e+03 1.022414795230612183e+00
-1.838947731598382916e+03 1.021972178033053069e+00
-1.834379710591669209e+03 1.022361718151740151e+00
-1.829811689584955730e+03 1.023220823313250039e+00
-1.825243668578208599e+03 1.024430662779778345e+00
-1.820675647571528316e+03 1.023849399514787706e+00
-1.816107626564781185e+03 1.023975975876377786e+00
-1.811539605558034282e+03 1.022590035848556456e+00
-1.806971584551353999e+03 1.022635398112396787e+00
-1.802403563544606868e+03 1.021222306382514544e+00
-1.797835542537926585e+03 1.021576260795690416e+00
-1.793267521531179682e+03 1.021733076396685647e+00
-1.788699500524432551e+03 1.020848644603392641e+00
-1.784131479517752268e+03 1.020950453645127709e+00
-1.779563458511005138e+03 1.015932415668615363e+00
-1.774995437504324855e+03 1.015650384140850404e+00
-1.770427416497577951e+03 1.013881563203878899e+00
-1.765859395490830821e+03 1.017461208572261855e+00
-1.761291374484150538e+03 1.016020970091193076e+00
-1.756723353477403634e+03 1.016473916387954146e+00
-1.752155332470723124e+03 1.015871016421404649e+00
-1.747587311463976221e+03 1.016787559970521615e+00
-1.743019290457229090e+03 1.015726906720952227e+00
-1.738451269450548807e+03 1.016789337529014459e+00
-1.733883248443801904e+03 1.016295150444326056e+00
-1.729315227437121393e+03 1.012070280755490215e+00
-1.724747206430374490e+03 1.008500356173615442e+00
-1.720179185423627587e+03 1.008940897235492740e+00
-1.715611164416947076e+03 1.011277999186188881e+00
-1.711043143410200173e+03 1.010990134812663088e+00
-1.706475122403486466e+03 1.010298696991711154e+00
-1.701907101396772759e+03 1.009614201908850761e+00
-1.697339080390025856e+03 1.008273718204241165e+00
-1.692771059383345346e+03 1.007738776565801686e+00
-1.688203038376598442e+03 1.007772605646200192e+00
-1.683635017369884736e+03 1.008542224332922954e+00
-1.679066996363171029e+03 1.007214672138279754e+00
-1.674498975356424125e+03 1.005786548219693488e+00
-1.669930954349710419e+03 1.005872096316148712e+00
-1.665362933342996712e+03 1.004254043565808274e+00
-1.660794912336283005e+03 1.005305617052537626e+00
-1.656226891329569298e+03 1.005015613022502974e+00
-1.651658870322822395e+03 1.005671248820775077e+00
-1.647090849316108688e+03 1.003805810004758881e+00
-1.642522828309394981e+03 1.002680287752933053e+00
-1.637954807302681274e+03 1.001606252106204353e+00
-1.633386786295967568e+03 1.003513665012372824e+00
-1.628818765289220664e+03 1.003694293947570371e+00
-1.624250744282506957e+03 1.002066912600004800e+00
-1.619682723275793251e+03 9.996291184982956102e-01
-1.615114702269079544e+03 9.979865042757722904e-01
-1.610546681262332640e+03 9.989706370776426647e-01
-1.605978660255618934e+03 9.984602534217827952e-01
-1.601410639248905227e+03 9.996854137611043134e-01
-1.596842618242191520e+03 9.994089626345848965e-01
-1.592274597235477813e+03 9.990804375926435332e-01
-1.587706576228730910e+03 9.978623307306833112e-01
-1.583138555222017203e+03 1.000534929717000976e+00
-1.578570534215303496e+03 1.001276554459053614e+00
-1.574002513208556593e+03 1.001180978446318592e+00
-1.569434492201876083e+03 9.981642005919818539e-01
-1.564866471195129179e+03 9.978539935594407106e-01
-1.560298450188415472e+03 9.982248406933441620e-01
-1.555730429181701766e+03 1.000328892711929596e+00
-1.551162408174954862e+03 1.000929585833693070e+00
-1.546594387168274352e+03 1.000488704845144072e+00
-1.542026366161527449e+03 9.982457215230718939e-01
-1.537458345154780545e+03 9.972314512473730019e-01
-1.532890324148100035e+03 9.984361278962836650e-01
-1.528322303141353132e+03 1.000026924977011733e+00
-1.523754282134672621e+03 1.001224553380405835e+00
-1.519186261127925718e+03 9.998177448821934377e-01
-1.514618240121178815e+03 1.000484187414069082e+00
-1.510050219114498304e+03 1.000712439337997806e+00
-1.505482198107751401e+03 1.002301126582513691e+00
-1.500914177101071118e+03 1.002320352636814960e+00
-1.496346156094323987e+03 1.001784370030023297e+00
-1.491778135087577084e+03 1.000916971808692324e+00
-1.487210114080896574e+03 1.001629707469836150e+00
-1.482642093074149670e+03 1.003134633707816192e+00
-1.478074072067469388e+03 1.004619458973313728e+00
-1.473506051060722257e+03 1.000922853309115679e+00
-1.468938030053975353e+03 9.997321978485634864e-01
-1.464370009047295071e+03 9.998963670232446921e-01
-1.459801988040547940e+03 1.004885617611719795e+00
-1.455233967033867657e+03 1.007887218894164105e+00
-1.450665946027120526e+03 1.005534347548575624e+00
-1.446097925020373623e+03 1.002226705749279745e+00
-1.441529904013693340e+03 1.001430625766208893e+00
-1.436961883006946209e+03 1.003866939538492487e+00
-1.432393862000265926e+03 1.004799843453469066e+00
-1.427825840993519023e+03 1.001709336764359248e+00
-1.423257819986771892e+03 9.981108297738453539e-01
-1.418689798980091609e+03 9.978636883570762839e-01
-1.414121777973344479e+03 1.001748489553174748e+00
-1.409553756966630999e+03 1.006767168705664517e+00
-1.404985735959917292e+03 1.007812590361273353e+00
-1.400417714953170162e+03 1.005664171930287010e+00
-1.395849693946489879e+03 1.004946198570460636e+00
-1.391281672939742975e+03 1.001619854346671445e+00
-1.386713651933029269e+03 1.000588180834332208e+00
-1.382145630926315562e+03 9.971179687641343881e-01
-1.377577609919568431e+03 9.998153565488413497e-01
-1.373009588912854952e+03 1.000234671241145179e+00
-1.368441567906141245e+03 1.003950656030440314e+00
-1.363873546899427538e+03 1.004183383476297875e+00
-1.359305525892713831e+03 1.003540988663919054e+00
-1.354737504885966928e+03 1.001115590170712721e+00
-1.350169483879253221e+03 1.001734739163121501e+00
-1.345601462872539514e+03 1.004503565188713310e+00
-1.341033441865825807e+03 1.005363326276845326e+00
-1.336465420859112101e+03 1.003195994524863410e+00
-1.331897399852365197e+03 1.001713632517891028e+00
-1.327329378845651490e+03 1.001489828976843910e+00
-1.322761357838937784e+03 1.004447378791553547e+00
-1.318193336832224077e+03 1.001879007724037818e+00
-1.313625315825477173e+03 9.982663716098821860e-01
-1.309057294818763467e+03 9.958938214064497751e-01
-1.304489273812049760e+03 9.983669955201625035e-01
-1.299921252805336053e+03 1.001025794415141945e+00
-1.295353231798622346e+03 9.989154393407204680e-01
-1.290785210791875443e+03 9.983552754328096634e-01
-1.286217189785161736e+03 9.986944139675699716e-01
-1.281649168778448029e+03 1.002290786564780545e+00
-1.277081147771701126e+03 1.002315063233102821e+00
-1.272513126765020615e+03 1.001352246179711303e+00
-1.267945105758273712e+03 9.999782304828102042e-01
-1.263377084751560005e+03 9.994798395600147378e-01
-1.258809063744846299e+03 9.997160245966844050e-01
-1.254241042738099395e+03 9.986003232352326231e-01
-1.249673021731418885e+03 9.987575897649018097e-01
-1.245105000724671982e+03 9.997134716593905068e-01
-1.240536979717925078e+03 1.000497313995964532e+00
-1.235968958711244568e+03 1.000110538155894346e+00
-1.231400937704497665e+03 9.980968325235816119e-01
-1.226832916697817154e+03 9.973266215155641712e-01
-1.222264895691070251e+03 9.963367812201795459e-01
-1.217696874684323348e+03 9.985834480496862398e-01
-1.213128853677642837e+03 9.998865412450091972e-01
-1.208560832670895934e+03 1.000831471273784246e+00
-1.203992811664215424e+03 9.998624419860012713e-01
-1.199424790657468520e+03 9.978944038210689760e-01
-1.194856769650721617e+03 9.976356434803032025e-01
-1.190288748644041107e+03 9.952949817442041658e-01
-1.185720727637294203e+03 9.963401637505455710e-01
-1.181152706630613693e+03 9.969115209140397837e-01
-1.176584685623866790e+03 1.000040326104112864e+00
-1.172016664617119886e+03 1.000052292791764330e+00
-1.167448643610439376e+03 9.989947681097911536e-01
-1.162880622603692473e+03 9.991997526487921277e-01
-1.158312601597012190e+03 9.988525768935687665e-01
-1.153744580590265059e+03 9.980450139936843934e-01
-1.149176559583518156e+03 9.968979120222721813e-01
-1.144608538576837645e+03 9.970762897954822401e-01
-1.140040517570090742e+03 9.987099360131329595e-01
-1.135472496563410459e+03 9.969225394507835736e-01
-1.130904475556663328e+03 9.957605141272646287e-01
-1.126336454549916425e+03 9.958230053288730232e-01
-1.121768433543235915e+03 9.963501505895351329e-01
-1.117200412536489011e+03 9.978142816398568593e-01
-1.112632391529775305e+03 9.977316855752652591e-01
-1.108064370523061598e+03 1.000626595595917934e+00
-1.103496349516314694e+03 1.000589556625423482e+00
-1.098928328509634412e+03 1.000386174093904401e+00
-1.094360307502887281e+03 1.000095879580053859e+00
-1.089792286496173574e+03 1.000777050444213501e+00
-1.085224265489459867e+03 1.001846834757496252e+00
-1.080656244482712964e+03 1.001191184000466139e+00
-1.076088223475999257e+03 1.001240729716490252e+00
-1.071520202469285550e+03 1.000213831199043168e+00
-1.066952181462571843e+03 1.000085249124519349e+00
-1.062384160455858364e+03 9.993245395149964461e-01
-1.057816139449111233e+03 9.977304468610365129e-01
-1.053248118442397526e+03 9.970358891642471244e-01
-1.048680097435683820e+03 9.985515633443829975e-01
-1.044112076428970340e+03 1.001452775461170175e+00
-1.039544055422256406e+03 1.002338561723377097e+00
-1.034976034415509730e+03 1.000005917067700922e+00
-1.030408013408795796e+03 9.995186170612081478e-01
-1.025839992402082316e+03 9.996977743073026668e-01
-1.021271971395368496e+03 1.001103362794064422e+00
-1.016703950388621593e+03 1.002779003431754745e+00
-1.012135929381907886e+03 1.002854822925570488e+00
-1.007567908375194179e+03 1.002653213898128115e+00
-1.002999887368480472e+03 1.001202388650445529e+00
-9.984318663617667653e+02 1.000547708952353787e+00
-9.938638453550198619e+02 9.999748086357366228e-01
-9.892958243483061551e+02 1.000538617491533389e+00
-9.847278033415924483e+02 1.000454384187112966e+00
-9.801597823348455449e+02 1.001329712889723167e+00
-9.755917613281651484e+02 1.001016338869267885e+00
-9.710237403214181313e+02 9.997778070641535342e-01
-9.664557193147044245e+02 9.983860183109527497e-01
-9.618876983079907177e+02 9.993882379137914995e-01
-9.573196773012438143e+02 1.001869861348779978e+00
-9.527516562945634178e+02 1.004298387731912046e+00
-9.481836352878164007e+02 1.004110085812480291e+00
-9.436156142810694973e+02 1.005074778624229337e+00
-9.390475932743891008e+02 1.003154894595714497e+00
-9.344795722676420837e+02 1.001508812048285790e+00
-9.299115512609616871e+02 1.000746970733899843e+00
-9.253435302542146701e+02 1.001588396368693568e+00
-9.207755092474677667e+02 1.005216615160047011e+00
-9.162074882407873702e+02 1.006256826549758898e+00
-9.116394672340403531e+02 1.006361868632865253e+00
-9.070714462273599565e+02 1.003101206460826234e+00
-9.025034252206130532e+02 1.000629132056824799e+00
-8.979354042138660361e+02 1.002199593761834651e+00
-8.933673832071856395e+02 1.002095652483973254e+00
-8.887993622004386225e+02 1.003658971575579928e+00
-8.842313411937582259e+02 1.002027084361126752e+00
-8.796633201870113226e+02 1.002202772987781598e+00
-8.750952991802643055e+02 1.000555778580007882e+00
-8.705272781735839089e+02 1.001548303289657271e+00
-8.659592571668370056e+02 9.989075976499938170e-01
-8.613912361601566090e+02 9.938515732525369240e-01
-8.568232151534095919e+02 9.932699957827347825e-01
-8.522551941466625749e+02 9.948087205693525448e-01
-8.476871731399821783e+02 9.990609143907912548e-01
-8.431191521332352750e+02 9.986208839677696014e-01
-8.385511311265548784e+02 1.000465854018377287e+00
-8.339831101198078613e+02 1.003326640695216154e+00
-8.294150891130609580e+02 1.004987346016984473e+00
-8.248470681063804477e+02 1.007329837780863047e+00
-8.202790470996335443e+02 1.005965373722801814e+00
-8.157110260929198375e+02 1.003803178936493623e+00
-8.111430050862061307e+02 1.000516477726989706e+00
-8.065749840794592274e+02 1.001460138818856649e+00
-8.020069630727788308e+02 1.004160174905545544e+00
-7.974389420660318137e+02 1.004905214632572097e+00
-7.928709210593181069e+02 1.005282638106905324e+00
-7.883029000526044001e+02 1.004491354203480569e+00
-7.837348790458574967e+02 1.006415024765696442e+00
-7.791668580391437899e+02 1.006272592816894074e+00
-7.745988370324300831e+02 1.005540182164774476e+00
-7.700308160257163763e+02 1.003902947033035842e+00
-7.654627950190027832e+02 1.004291387565975358e+00
-7.608947740122557661e+02 1.004538515576011148e+00
-7.563267530055420593e+02 1.002454611929692874e+00
-7.517587319988283525e+02 1.002654345275535208e+00
-7.471907109921147594e+02 1.004126164773689878e+00
-7.426226899853677423e+02 1.006065977660341559e+00
-7.380546689786540355e+02 1.005889599624955055e+00
-7.334866479719403287e+02 1.005365587041562092e+00
-7.289186269652267356e+02 1.005357621222155329e+00
-7.243506059585130288e+02 1.004508187946403952e+00
-7.197825849517660117e+02 1.002382112548919624e+00
-7.152145639450523049e+02 1.003331673046185868e+00
-7.106465429383387118e+02 1.004338043951728876e+00
-7.060785219316250050e+02 1.007869869765632531e+00
-7.015105009249112982e+02 1.007981858138748521e+00
-6.969424799181642811e+02 1.007282029948801894e+00
-6.923744589114506880e+02 1.004743921011026941e+00
-6.878064379047369812e+02 1.002361368497058036e+00
-6.832384168979899641e+02 1.004333500476889185e+00
-6.786703958913095676e+02 1.005110989909667296e+00
-6.741023748845626642e+02 1.008033739790581196e+00
-6.695343538778489574e+02 1.007303458103895766e+00
-6.649663328711352506e+02 1.008516900901592406e+00
-6.603983118643882335e+02 1.007501927222790528e+00
-6.558302908577078369e+02 1.007977347339514607e+00
-6.512622698509609336e+02 1.007926342100991635e+00
-6.466942488442139165e+02 1.005754204731696744e+00
-6.421262278375335200e+02 1.005524299099287644e+00
-6.375582068307866166e+02 1.004885019888168474e+00
-6.329901858241062200e+02 1.009604815636388819e+00
-6.284221648173592030e+02 1.007908435093440858e+00
-6.238541438106121859e+02 1.005809632070111093e+00
-6.192861228039317893e+02 1.005673208900551119e+00
-6.147181017971848860e+02 1.008640485592081859e+00
-6.101500807905044894e+02 1.011141493103972833e+00
-6.055820597837574724e+02 1.011476007681854528e+00
-6.010140387770105690e+02 1.013454824742135996e+00
-5.964460177703300587e+02 1.016338725203809190e+00
-5.918779967635831554e+02 1.017097076665057331e+00
-5.873099757569027588e+02 1.017457934877749492e+00
-5.827419547501557417e+02 1.015350541966389075e+00
-5.781739337434088384e+02 1.014215727336591044e+00
-5.736059127367284418e+02 1.010779518119913289e+00
-5.690378917299814248e+02 1.011570091935482196e+00
-5.644698707233010282e+02 1.011191935310989720e+00
-5.599018497165540111e+02 1.013996066856843070e+00
-5.553338287098071078e+02 1.015963417381215095e+00
-5.507658077031267112e+02 1.016436980000226642e+00
-5.461977866963796941e+02 1.015073035252612499e+00
-5.416297656896992976e+02 1.013045550069648471e+00
-5.370617446829523942e+02 1.013422121112266039e+00
-5.324937236762053772e+02 1.015482171034875591e+00
-5.279257026695249806e+02 1.015665320574385078e+00
-5.233576816627780772e+02 1.017407478313846925e+00
-5.187896606560643704e+02 1.018310072298372004e+00
-5.142216396493506636e+02 1.019751575878160565e+00
-5.096536186426036465e+02 1.018133420941997658e+00
-5.050855976359232500e+02 1.016982670447400094e+00
-5.005175766291762898e+02 1.016881411991353845e+00
-4.959495556224626398e+02 1.017995866666353777e+00
-4.913815346157489330e+02 1.017801858295740658e+00
-4.868135136090019728e+02 1.018709791224712946e+00
-4.822454926022882660e+02 1.020410032534092126e+00
-4.776774715955746160e+02 1.022917144695706382e+00
-4.731094505888609092e+02 1.024383939830386225e+00
-4.685414295821472024e+02 1.025010876966007345e+00
-4.639734085754002422e+02 1.017125680814274347e+00
-4.594053875686865922e+02 1.014719346447520820e+00
-4.548373665619728854e+02 1.014246564535881134e+00
-4.502693455552591786e+02 1.021032075588948373e+00
-4.457013245485122184e+02 1.023013097577802455e+00
-4.411333035417985684e+02 1.022813719626204376e+00
-4.365652825350848616e+02 1.023041099301697843e+00
-4.319972615283711548e+02 1.024449754029149062e+00
-4.274292405216575048e+02 1.025110413963337352e+00
-4.228612195149104878e+02 1.025660624044689939e+00
-4.182931985081968378e+02 1.025969853379535834e+00
-4.137251775014831310e+02 1.024164776719336034e+00
-4.091571564947694810e+02 1.022824944668495162e+00
-4.045891354880557742e+02 1.021051434776476752e+00
-4.000211144813088140e+02 1.022837728923472467e+00
-3.954530934745951072e+02 1.024689242218357776e+00
-3.908850724678814572e+02 1.025322356779535538e+00
-3.863170514611344402e+02 1.025221982661207676e+00
-3.817490304544540436e+02 1.025237446909329719e+00
-3.771810094477070834e+02 1.025012160453760091e+00
-3.726129884409934334e+02 1.026292131211903325e+00
-3.680449674342797266e+02 1.027223861468030464e+00
-3.634769464275327664e+02 1.027308459615085212e+00
-3.589089254208523698e+02 1.026641515352366696e+00
-3.543409044141054096e+02 1.025095423115317317e+00
-3.497728834073583926e+02 1.027134226152725205e+00
-3.452048624006779960e+02 1.027853286368459296e+00
-3.406368413939310358e+02 1.026890940485316150e+00
-3.360688203872506392e+02 1.024522875622456697e+00
-3.315007993805036790e+02 1.026497819315257631e+00
-3.269327783737567188e+02 1.029254014710791809e+00
-3.223647573670763222e+02 1.030729847782860586e+00
-3.177967363603293052e+02 1.029444761350854831e+00
-3.132287153536489086e+02 1.030191791803664048e+00
-3.086606943469019484e+02 1.030888094562915969e+00
-3.040926733401549882e+02 1.032586426486830078e+00
-2.995246523334745916e+02 1.031193299756144599e+00
-2.949566313267276314e+02 1.031316852147009966e+00
-2.903886103200472348e+02 1.028858106073566203e+00
-2.858205893133002746e+02 1.028887539682405761e+00
-2.812525683065532576e+02 1.029458593356764595e+00
-2.766845472998728610e+02 1.029779914326127255e+00
-2.721165262931259008e+02 1.029359786660847931e+00
-2.675485052864455042e+02 1.026340541234010972e+00
-2.629804842796985440e+02 1.025201712056343695e+00
-2.584124632729515838e+02 1.021528301885742396e+00
-2.538444422662711588e+02 1.018368771834919473e+00
-2.492764212595241986e+02 1.014737172528991094e+00
-2.447084002528438020e+02 1.015024618099080955e+00
-2.401403792460968418e+02 1.014980802832591733e+00
-2.355723582393498532e+02 1.013151940409689589e+00
-2.310043372326694566e+02 1.011025118915388932e+00
-2.264363162259224964e+02 1.008724541151480025e+00
-2.218682952192087896e+02 1.006702020440513934e+00
-2.173002742124951112e+02 1.004052264228202374e+00
-2.127322532057481510e+02 1.000066437206195813e+00
-2.081642321990677544e+02 9.966785178676597079e-01
-2.035962111923207658e+02 9.935543669649860021e-01
-1.990281901856070874e+02 9.931810239197602641e-01
-1.944601691788934090e+02 9.918372525546033103e-01
-1.898921481721464488e+02 9.899234353993620061e-01
-1.853241271654327420e+02 9.868272268024232963e-01
-1.807561061587190636e+02 9.828339924103488556e-01
-1.761880851520053852e+02 9.778926293082198518e-01
-1.716200641452917068e+02 9.737035366506839873e-01
-1.670520431385447182e+02 9.710286503761645927e-01
-1.624840221318310398e+02 9.703050672412322220e-01
-1.579160011251173614e+02 9.686397960012603781e-01
-1.533479801184036830e+02 9.688453900603235525e-01
-1.487799591116566944e+02 9.672564439622419741e-01
-1.442119381049430160e+02 9.667226090044778175e-01
-1.396439170982293376e+02 9.641424147480393003e-01
-1.350758960915156308e+02 9.593928946229652865e-01
-1.305078750848019808e+02 9.553744826800615320e-01
-1.259398540780549922e+02 9.508327961154728891e-01
-1.213718330713412996e+02 9.502221021432623038e-01
-1.168038120646276212e+02 9.470102631070934640e-01
-1.122357910579139286e+02 9.448020389216745807e-01
-1.076677700512002502e+02 9.415849590226722521e-01
-1.030997490444532758e+02 9.401560682770574440e-01
-9.853172803773959743e+01 9.385243599151635863e-01
-9.396370703102590483e+01 9.349886497690628184e-01
-8.939568602427894461e+01 9.321404117015011925e-01
-8.482766501759853384e+01 9.299861023672898463e-01
-8.025964401085157363e+01 9.296886370299072277e-01
-7.569162300413788103e+01 9.253064070578224110e-01
-7.112360199742420264e+01 9.211180829433752715e-01
-6.655558099067722821e+01 9.173353630741493125e-01
-6.198755998399683165e+01 9.172609862261538183e-01
-5.741953897724985723e+01 9.167326323329613169e-01
-5.285151797050288991e+01 9.162090260412204534e-01
-4.828349696382248624e+01 9.139273136730329261e-01
-4.371547595707551892e+01 9.134309790476132784e-01
-3.914745495039511525e+01 9.124196517139656626e-01
-3.457943394364814793e+01 9.142154466290435266e-01
-3.001141293690118061e+01 9.168733317884706358e-01
-2.544339193022077694e+01 9.212081754471151962e-01
-2.087537092347380963e+01 9.233158669053409540e-01
-1.630734991679340595e+01 9.238324305071614617e-01
-1.173932891004643864e+01 9.236012755722148304e-01
-7.171307903299469544e+00 9.239430318309777013e-01
-2.603286896619067647e+00 9.261575997060541576e-01
1.964734110127903222e+00 9.289543627983599672e-01
6.532755116808303342e+00 9.338559471627831954e-01
1.110077612355527421e+01 9.386883364659676099e-01
1.566879713030224508e+01 9.423092239441833717e-01
2.023681813698264165e+01 9.468345756073593966e-01
2.480483914372961607e+01 9.520214287600387015e-01
2.937286015041001264e+01 9.567613335909754824e-01
3.394088115715697995e+01 9.614754324688306042e-01
3.850890216390395437e+01 9.663755045130150156e-01
4.307692317058435094e+01 9.727077940481573259e-01
4.764494417733132536e+01 9.763322371291186519e-01
5.221296518401172193e+01 9.797174361498832695e-01
5.678098619075869635e+01 9.823367327272194416e-01
6.134900719750565656e+01 9.874841984931587158e-01
6.591702820418606734e+01 9.893786966055321264e-01
7.048504921093302755e+01 9.924041110485291028e-01
7.505307021761343833e+01 9.945276474723906412e-01
7.962109122436039854e+01 9.988112326740292701e-01
8.418911223110737296e+01 1.004290690757026594e+00
8.875713323778776953e+01 1.010377895634348988e+00
9.332515424453474395e+01 1.012893219720335081e+00
9.789317525121514052e+01 1.015598311738149961e+00
1.024611962579621149e+02 1.015829813379828694e+00
1.070292172647090894e+02 1.019373785346791239e+00
1.115972382713895001e+02 1.020107144876040595e+00
1.161652592781364604e+02 1.023279292146241914e+00
1.207332802848168569e+02 1.026734449315370057e+00
1.253013012915638171e+02 1.031047738545794346e+00
1.298693222983108058e+02 1.035336144622059917e+00
1.344373433049912023e+02 1.036713875522593753e+00
1.390053643117381625e+02 1.038024648175564835e+00
1.435733853184185591e+02 1.038191078627032082e+00
1.481414063251655477e+02 1.041448379769936539e+00
1.527094273319125080e+02 1.042392803120947065e+00
1.572774483385929045e+02 1.044300800639670568e+00
1.618454693453398647e+02 1.045683955564224332e+00
1.664134903520202897e+02 1.049310907422674743e+00
1.709815113587672499e+02 1.049194428351673425e+00
1.755495323655142101e+02 1.050860003463545356e+00
1.801175533721946067e+02 1.049636169207796454e+00
1.846855743789415953e+02 1.049362381059078642e+00
1.892535953856219919e+02 1.047426719942260886e+00
1.938216163923689521e+02 1.048256926340532802e+00
1.983896373991159408e+02 1.050210020155778468e+00
2.029576584057963373e+02 1.049318824317727605e+00
2.075256794125432975e+02 1.049218634367643288e+00
2.120937004192902577e+02 1.047914435210657302e+00
2.166617214259706827e+02 1.048116923336105399e+00
2.212297424327176429e+02 1.045864056480809268e+00
2.257977634393980395e+02 1.044801273512386386e+00
2.303657844461449997e+02 1.044305513362170812e+00
2.349338054528919884e+02 1.043499654534230103e+00
2.395018264595723849e+02 1.041193089299213170e+00
2.440698474663193451e+02 1.038708007074546913e+00
2.486378684730663053e+02 1.037130376519977970e+00
2.532058894797467019e+02 1.036603605016277241e+00
2.577739104864936621e+02 1.034729401261093473e+00
2.623419314931741155e+02 1.034022474378578638e+00
2.669099524999210757e+02 1.033263595103032229e+00
2.714779735066680360e+02 1.032514296587805802e+00
2.760459945133484325e+02 1.028713504934292589e+00
2.806140155200953927e+02 1.027578770962880528e+00
2.851820365267757893e+02 1.026253314986888654e+00
2.897500575335227495e+02 1.026849145666100638e+00
2.943180785402697666e+02 1.023793432811658022e+00
2.988860995469501631e+02 1.022336421563504016e+00
3.034541205536971233e+02 1.021478810672078907e+00
3.080221415604440836e+02 1.021635413638724232e+00
3.125901625671244801e+02 1.022080074445151920e+00
3.171581835738714403e+02 1.021417743463681971e+00
3.217262045805518369e+02 1.019217325327891333e+00
3.262942255872987971e+02 1.018087739780526135e+00
3.308622465940458142e+02 1.016441155317655332e+00
3.354302676007262107e+02 1.016944099431005499e+00
3.399982886074731709e+02 1.015333346210430365e+00
3.445663096142201312e+02 1.014909497033499974e+00
3.491343306209005277e+02 1.014643936380025480e+00
3.537023516276474879e+02 1.015757847321727469e+00
3.582703726343278845e+02 1.017860920606267428e+00
3.628383936410748447e+02 1.017651913047681544e+00
3.674064146478218618e+02 1.017362198099438730e+00
3.719744356545022583e+02 1.017235403493676360e+00
3.765424566612492185e+02 1.018745252283603575e+00
3.811104776679961788e+02 1.020275030918469383e+00
3.856784986746765753e+02 1.021206617708116937e+00
3.902465196814235355e+02 1.021177440397498914e+00
3.948145406881039321e+02 1.018081883970846091e+00
3.993825616948509492e+02 1.016602140255599807e+00
4.039505827015979094e+02 1.015603361246651959e+00
4.085186037082783059e+02 1.016097796780172757e+00
4.130866247150252661e+02 1.015139791699122496e+00
4.176546457217056627e+02 1.015628787080383288e+00
4.222226667284526229e+02 1.015376048901657668e+00
4.267906877351995831e+02 1.012568026113967790e+00
4.313587087418799797e+02 1.011753598974109991e+00
4.359267297486269968e+02 1.012598274894457973e+00
4.404947507553073933e+02 1.016186729790016896e+00
4.450627717620543535e+02 1.016300834005960496e+00
4.496307927688013137e+02 1.016753132325637354e+00
4.541988137754817103e+02 1.017078002182188357e+00
4.587668347822286705e+02 1.017529759998183181e+00
4.633348557889090671e+02 1.018934958247996292e+00
4.679028767956560273e+02 1.018754122997734157e+00
4.724708978024030444e+02 1.020044315833085191e+00
4.770389188090834409e+02 1.018492723368808583e+00
4.816069398158304011e+02 1.019641805878450214e+00
4.861749608225107977e+02 1.017053348160402493e+00
4.907429818292577579e+02 1.015615006913852314e+00
4.953110028360047181e+02 1.016573980860243864e+00
4.998790238426851147e+02 1.018990969136022384e+00
5.044470448494321317e+02 1.021231652768885168e+00
5.090150658561125283e+02 1.019310968863085920e+00
5.135830868628594317e+02 1.017813800716908190e+00
5.181511078696064487e+02 1.017687179180863266e+00
5.227191288762868453e+02 1.017227562544348984e+00
5.272871498830338624e+02 1.019763730015673220e+00
5.318551708897142589e+02 1.020081774354442361e+00
5.364231918964611623e+02 1.020849017493105748e+00
5.409912129032081793e+02 1.019121482530143341e+00
5.455592339098885759e+02 1.020620611791855481e+00
5.501272549166354793e+02 1.016756608046762267e+00
5.546952759233158758e+02 1.017054330807051654e+00
5.592632969300628929e+02 1.014847493752843777e+00
5.638313179368099100e+02 1.017017214926606128e+00
5.683993389434903065e+02 1.016880681963205690e+00
5.729673599502372099e+02 1.016014301688225485e+00
5.775353809569176065e+02 1.017410990668054183e+00
5.821034019636646235e+02 1.018831673387542880e+00
5.866714229704115269e+02 1.019946871947884803e+00
5.912394439770919234e+02 1.019385001455286099e+00
5.958074649838389405e+02 1.017018684442708265e+00
6.003754859905193371e+02 1.017249879961089620e+00
6.049435069972663541e+02 1.017202344126720392e+00
6.095115280040132575e+02 1.017639304982784099e+00
6.140795490106936541e+02 1.015615362726521198e+00
6.186475700174406711e+02 1.015853003012277211e+00
6.232155910241210677e+02 1.017493042192427311e+00
6.277836120308680847e+02 1.019497362899528525e+00
6.323516330376149881e+02 1.021353103742209667e+00
6.369196540442953847e+02 1.019462396978269680e+00
6.414876750510424017e+02 1.018940427055781583e+00
6.460556960577227983e+02 1.018649794855188473e+00
6.506237170644697017e+02 1.020063299877316920e+00
6.551917380712167187e+02 1.020597250165375725e+00
6.597597590778971153e+02 1.021350121083590468e+00
6.643277800846441323e+02 1.022441945665264029e+00
6.688958010913245289e+02 1.022386860006273990e+00
6.734638220980714323e+02 1.020207724863439580e+00
6.780318431048184493e+02 1.017391971007706841e+00
6.825998641114988459e+02 1.014405266216802604e+00
6.871678851182457493e+02 1.014283444478148111e+00
6.917359061249261458e+02 1.015372375966724805e+00
6.963039271316731629e+02 1.017393841130153076e+00
7.008719481384201799e+02 1.016128425458911577e+00
7.054399691451005765e+02 1.015924607700374738e+00
7.100079901518474799e+02 1.014182306063806438e+00
7.145760111585278764e+02 1.014259123202767343e+00
7.191440321652748935e+02 1.014824591453475477e+00
7.237120531720217969e+02 1.016220736023948801e+00
7.282800741787021934e+02 1.017900303546563689e+00
7.328480951854492105e+02 1.016109542386933073e+00
7.374161161921296070e+02 1.014596979800406418e+00
7.419841371988766241e+02 1.012596696992545731e+00
7.465521582056235275e+02 1.013503074350220912e+00
7.511201792123039240e+02 1.013183195040672446e+00
7.556882002190509411e+02 1.013236146639769686e+00
7.602562212257313377e+02 1.012119285579387906e+00
7.648242422324782410e+02 1.012330043197152918e+00
7.693922632392252581e+02 1.012945999876023961e+00
7.739602842459056546e+02 1.012475731157602921e+00
7.785283052526526717e+02 1.012799311856876328e+00
7.830963262593330683e+02 1.010372009194497878e+00
7.876643472660799716e+02 1.008625658772833278e+00
7.922323682728269887e+02 1.008626303977469663e+00
7.968003892795073853e+02 1.011156911808067660e+00
8.013684102862542886e+02 1.012123227400252290e+00
8.059364312930013057e+02 1.011843321962639264e+00
8.105044522996817022e+02 1.008887226021253580e+00
8.150724733064287193e+02 1.008562917930665437e+00
8.196404943131091159e+02 1.006980186693150925e+00
8.242085153198560192e+02 1.008661365060750770e+00
8.287765363266030363e+02 1.008675431340255502e+00
8.333445573332834329e+02 1.011199877740068587e+00
8.379125783400304499e+02 1.010202286292648521e+00
8.424805993467773533e+02 1.009688150562131570e+00
8.470486203534577498e+02 1.009259624532470978e+00
8.516166413602047669e+02 1.012296675044581207e+00
8.561846623668851635e+02 1.014273764319455040e+00
8.607526833736320668e+02 1.011857832881787544e+00
8.653207043803790839e+02 1.008641222032300222e+00
8.698887253870594805e+02 1.006643238906235638e+00
8.744567463938064975e+02 1.007597205382201766e+00
8.790247674005534009e+02 1.007655955290033489e+00
8.835927884072337974e+02 1.007533732819183570e+00
8.881608094139808145e+02 1.008400133980027702e+00
8.927288304206612111e+02 1.009722978265093163e+00
8.972968514274081144e+02 1.011415183097710724e+00
9.018648724341551315e+02 1.009333939536001479e+00
9.064328934408355281e+02 1.008246433673737785e+00
9.110009144475825451e+02 1.006270929032098138e+00
9.155689354542629417e+02 1.005851364947185855e+00
9.201369564610098450e+02 1.005017086236345447e+00
9.247049774677568621e+02 1.004975409084105875e+00
9.292729984744372587e+02 1.005891555091200873e+00
9.338410194811841620e+02 1.006882765579007355e+00
9.384090404879311791e+02 1.007331480890153896e+00
9.429770614946115757e+02 1.009401987161443914e+00
9.475450825013585927e+02 1.009146119600889735e+00
9.521131035080389893e+02 1.008825531569073064e+00
9.566811245147858926e+02 1.007263924618541751e+00
9.612491455215329097e+02 1.007325540720254820e+00
9.658171665282133063e+02 1.007880323430678571e+00
9.703851875349602096e+02 1.008038849224779598e+00
9.749532085417072267e+02 1.008354438276076737e+00
9.795212295483876233e+02 1.008840143538880740e+00
9.840892505551346403e+02 1.008344249577438179e+00
9.886572715618150369e+02 1.007851639065809879e+00
9.932252925685619402e+02 1.008356364666648686e+00
9.977933135753089573e+02 1.007965251521530492e+00
1.002361334581989354e+03 1.006588990007874829e+00
1.006929355588736371e+03 1.006088902288449161e+00
1.011497376595416654e+03 1.006836802945751286e+00
1.016065397602163785e+03 1.007677732903933476e+00
1.020633418608910688e+03 1.006737768811528211e+00
1.025201439615590971e+03 1.005783870459519447e+00
1.029769460622338102e+03 1.005711453764699170e+00
1.034337481629018384e+03 1.006514404167357268e+00
1.038905502635765288e+03 1.005979745151876159e+00
1.043473523642512419e+03 1.004745071528001743e+00
1.048041544649192701e+03 1.003304774845294789e+00
1.052609565655939832e+03 1.003819418373533834e+00
1.057177586662620115e+03 1.003918799905060721e+00
1.061745607669367018e+03 1.003637828101924923e+00
1.066313628676114149e+03 1.003237377324012414e+00
1.070881649682794432e+03 1.005096974362421181e+00
1.075449670689541335e+03 1.005129131623334615e+00
1.080017691696221846e+03 1.004686657364724622e+00
1.084585712702968749e+03 1.002134254393998392e+00
1.089153733709715880e+03 1.001718696508494988e+00
1.093721754716396163e+03 1.001282958409471346e+00
1.098289775723143066e+03 1.002036004838449346e+00
1.102857796729823576e+03 1.002452663385611231e+00
1.107425817736570480e+03 1.001935871860306859e+00
1.111993838743317383e+03 1.002607745836940012e+00
1.116561859749997893e+03 1.003291754473252695e+00
1.121129880756744797e+03 1.006046617269210630e+00
1.125697901763425307e+03 1.006312097691193230e+00
1.130265922770172210e+03 1.007011120693050543e+00
1.134833943776919114e+03 1.005023359475217148e+00
1.139401964783599624e+03 1.004920348544601438e+00
1.143969985790346527e+03 1.002246335585671888e+00
1.148538006797027037e+03 1.003408406230316130e+00
1.153106027803773941e+03 1.003516076847745353e+00
1.157674048810520844e+03 1.004557492006028951e+00
1.162242069817201354e+03 1.005063041087055353e+00
1.166810090823948258e+03 1.003199251745816811e+00
1.171378111830628768e+03 1.003241127596121940e+00
1.175946132837375671e+03 1.003187210450922295e+00
1.180514153844122575e+03 1.004240604447772967e+00
1.185082174850803085e+03 1.003848471497841954e+00
1.189650195857549988e+03 1.002273409146596350e+00
1.194218216864230499e+03 1.003312747027280238e+00
1.198786237870977402e+03 1.003465507232476739e+00
1.203354258877724305e+03 1.004115962825949282e+00
1.207922279884404816e+03 1.003497644186798654e+00
1.212490300891151719e+03 1.003869116763022928e+00
1.217058321897832002e+03 1.004488413678397363e+00
1.221626342904579133e+03 1.003299981377570704e+00
1.226194363911326036e+03 1.004210604084657232e+00
1.230762384918006546e+03 1.001846081816627931e+00
1.235330405924753450e+03 1.001007495763587940e+00
1.239898426931433733e+03 9.998711496913301744e-01
1.244466447938180863e+03 1.001684452363216904e+00
1.249034468944927767e+03 1.002685937564820051e+00
1.253602489951608050e+03 1.002251847456856693e+00
1.258170510958355180e+03 1.001211666437977099e+00
1.262738531965035463e+03 1.001325528176910895e+00
1.267306552971782594e+03 1.000157581385640926e+00
1.271874573978529497e+03 9.991773586590019240e-01
1.276442594985209780e+03 9.997051724773958759e-01
1.281010615991956911e+03 9.998456874460922572e-01
1.285578636998637194e+03 1.000126956526817823e+00
1.290146658005384097e+03 9.986082549037670342e-01
1.294714679012131228e+03 9.990724285692446083e-01
1.299282700018811511e+03 9.995744521369639424e-01
1.303850721025558641e+03 1.000502698887354880e+00
1.308418742032238924e+03 1.000925966447236304e+00
1.312986763038985828e+03 1.001356502218186506e+00
1.317554784045732958e+03 1.001702482039415143e+00
1.322122805052413241e+03 1.002062793719308731e+00
1.326690826059160372e+03 1.000670336605139710e+00
1.331258847065840655e+03 1.000720345574147130e+00
1.335826868072587558e+03 9.995686110643570155e-01
1.340394889079334689e+03 9.991228293332975463e-01
1.344962910086014972e+03 9.984593256781408854e-01
1.349530931092761875e+03 1.000226680837424054e+00
1.354098952099442386e+03 1.001861544103045842e+00
1.358666973106189289e+03 1.001898094436000974e+00
1.363234994112936420e+03 1.001729504087203848e+00
1.367803015119616703e+03 1.002176152145125343e+00
1.372371036126363606e+03 1.002916950591118850e+00
1.376939057133110737e+03 1.002695212474047137e+00
1.381507078139791020e+03 1.002286015039051792e+00
1.386075099146537923e+03 1.001974981774916840e+00
1.390643120153218433e+03 1.002818822609204519e+00
1.395211141159965337e+03 1.005074790926452577e+00
1.399779162166712467e+03 1.005001625584024394e+00
1.404347183173392750e+03 1.003643749020322273e+00
1.408915204180139654e+03 1.002097852585090321e+00
1.413483225186820164e+03 1.002297281111509619e+00
1.418051246193567067e+03 1.002403454552715401e+00
1.422619267200313971e+03 1.000826295733948657e+00
1.427187288206994481e+03 9.995542900176891399e-01
1.431755309213741384e+03 1.000515595531207280e+00
1.436323330220488515e+03 1.001334068572797831e+00
1.440891351227168798e+03 1.002826882380266627e+00
1.445459372233915701e+03 1.002433673455319196e+00
1.450027393240596211e+03 1.002983278546669910e+00
1.454595414247343115e+03 1.004306936920481119e+00
1.459163435254090018e+03 1.003585370028531543e+00
1.463731456260770528e+03 1.004457751865781345e+00
1.468299477267517432e+03 1.004033194760457492e+00
1.472867498274264562e+03 1.003879370361839163e+00
1.477435519280944845e+03 1.003462354225765241e+00
1.482003540287691749e+03 1.002078158771685823e+00
1.486571561294372259e+03 1.002854728801708006e+00
1.491139582301119162e+03 1.001443030801018041e+00
1.495707603307866066e+03 1.001535830425761331e+00
1.500275624314546576e+03 1.001227401165313724e+00
1.504843645321293479e+03 1.001677369608766410e+00
1.509411666328040610e+03 1.003754259706852281e+00
1.513979687334720893e+03 1.003438276903996895e+00
1.518547708341467796e+03 1.002416909200936290e+00
1.523115729348148307e+03 1.001030688696535664e+00
1.527683750354895210e+03 9.997539459830401265e-01
1.532251771361642113e+03 1.001207372279395713e+00
1.536819792368322624e+03 1.000014312102583292e+00
1.541387813375069527e+03 1.000517492006944620e+00
1.545955834381750037e+03 9.996288477906697389e-01
1.550523855388496941e+03 1.001348280484459563e+00
1.555091876395243844e+03 1.003764511446320284e+00
1.559659897401924354e+03 1.004097435989251608e+00
1.564227918408671258e+03 1.001208429313275472e+00
1.568795939415418161e+03 9.982231978518711912e-01
1.573363960422098671e+03 9.980384586036356032e-01
1.577931981428845575e+03 9.992526340499429116e-01
1.582500002435526085e+03 9.994515131205238267e-01
1.587068023442272988e+03 9.992547011030410431e-01
1.591636044449019892e+03 9.990509208338002045e-01
1.596204065455700402e+03 9.997243756539168080e-01
1.600772086462447305e+03 1.000174894140551940e+00
1.605340107469127815e+03 1.000066085780872527e+00
1.609908128475874719e+03 9.996089763304022435e-01
1.614476149482621622e+03 9.979624177464833101e-01
1.619044170489302132e+03 9.988785795972793258e-01
1.623612191496049036e+03 9.995331891473900887e-01
1.628180212502729546e+03 1.000944014208130284e+00
1.632748233509476449e+03 1.002653863896512121e+00
1.637316254516223353e+03 1.002180791153591599e+00
1.641884275522903863e+03 1.000786024316956402e+00
1.646452296529650766e+03 9.984457804522056668e-01
1.651020317536331277e+03 9.990635926948243650e-01
1.655588338543078180e+03 1.001148289084577980e+00
1.660156359549825083e+03 1.001691933034521753e+00
1.664724380556505594e+03 1.001034702608156524e+00
1.669292401563252497e+03 9.993931872911995251e-01
1.673860422569932780e+03 9.985841863957981568e-01
1.678428443576679911e+03 9.977844786169877134e-01
1.682996464583426814e+03 9.990211739423102699e-01
1.687564485590107324e+03 9.976194665694416708e-01
1.692132506596854228e+03 9.993774772903331050e-01
1.696700527603534510e+03 9.985190489894648636e-01
1.701268548610281641e+03 1.000399196667747903e+00
1.705836569617028545e+03 1.000232651762113845e+00
1.710404590623708827e+03 9.998596427628854144e-01
1.714972611630455958e+03 9.998634208416964375e-01
1.719540632637136241e+03 1.001273062113871903e+00
1.724108653643883372e+03 1.002397654320172249e+00
1.728676674650630275e+03 1.001363741783620753e+00
1.733244695657310558e+03 1.000558710714471999e+00
1.737812716664057689e+03 9.994140093541545866e-01
1.742380737670737972e+03 1.000330292307353375e+00
1.746948758677485102e+03 9.997517082329446803e-01
1.751516779684232006e+03 1.001145448556788553e+00
1.756084800690912289e+03 1.000757401307510008e+00
1.760652821697659419e+03 1.000088936848934962e+00
1.765220842704339702e+03 1.000330464839748856e+00
1.769788863711086606e+03 9.989598557642693777e-01
1.774356884717833736e+03 9.988841960614914806e-01
1.778924905724514019e+03 9.988050152700603812e-01
1.783492926731261150e+03 9.979055161129130047e-01
1.788060947737941433e+03 9.981381413917157497e-01
1.792628968744688336e+03 9.978689800078276440e-01
1.797196989751435467e+03 1.000268568469361297e+00
1.801765010758115750e+03 9.993649779472283390e-01
1.806333031764862653e+03 9.993643934966863762e-01
1.810901052771543164e+03 9.990111633866641805e-01
1.815469073778290067e+03 9.996975824123713883e-01
1.820037094785037198e+03 9.989671742529253606e-01
1.824605115791717481e+03 9.988595171779858228e-01
1.829173136798464384e+03 9.993331787084495099e-01
1.833741157805144894e+03 9.985855219928604365e-01
1.838309178811891798e+03 9.976546046528179668e-01
1.842877199818638701e+03 9.974138419540850009e-01
1.847445220825319211e+03 9.988154101691483211e-01
1.852013241832066115e+03 1.000992011437953577e+00
1.856581262838746625e+03 1.002032370855355792e+00
1.861149283845493528e+03 1.000995824053613203e+00
1.865717304852240432e+03 9.996787075641956344e-01
1.870285325858920942e+03 9.998917959542268363e-01
1.874853346865667845e+03 1.000650137725491051e+00
1.879421367872348355e+03 9.997764340797630211e-01
1.883989388879095259e+03 9.975314048922049315e-01
1.888557409885842162e+03 9.980227509575266831e-01
1.893125430892522672e+03 9.991077122655269704e-01
1.897693451899269576e+03 9.981654695210787631e-01
1.902261472905950086e+03 9.982125907783180319e-01
1.906829493912696989e+03 9.995182924639417488e-01
1.911397514919443893e+03 1.000587708569582901e+00
1.915965535926124403e+03 1.000061350145453387e+00
1.920533556932871306e+03 9.995968877341662173e-01
1.925101577939551817e+03 1.000280400623940524e+00
1.929669598946298720e+03 9.999753966207359790e-01
1.934237619953045623e+03 9.990665662908592148e-01
1.938805640959726134e+03 9.988762987698768248e-01
1.943373661966473037e+03 9.987590587972666745e-01
1.947941682973153320e+03 9.992700222842358926e-01
1.952509703979900451e+03 9.994824657282682656e-01
1.957077724986647354e+03 1.000063665116234235e+00
1.961645745993327864e+03 9.990244940609424029e-01
1.966213767000074768e+03 9.989900543350435091e-01
1.970781788006821671e+03 9.992757070836356670e-01
1.975349809013502181e+03 9.994263387039458157e-01
1.979917830020249085e+03 9.999975304962921419e-01
1.984485851026929367e+03 9.999047887064307361e-01
1.989053872033676498e+03 1.000356998223802973e+00
1.993621893040423402e+03 9.986783162021311000e-01
