# Corrected for radial velocity of 20.55 km/s
# 
# star name zetOri, line HEII4686
# instrument: HERMES spectrograph @Mercator
# date of observation (midpoint)2018-10-15T06:16:00.872652
# BJD of observation (midpoint)2458406.7635159
# name of fits file: 00898175_HRF_OBJ_ext_CosmicsRemoved_log_merged_c.fits
# 
# wavelength(Angstrom,air) normalised_flux
4.679702311884816481e+03 1.001063014189988332e+00
4.679726648764572019e+03 9.969290088883904222e-01
4.679750985770890111e+03 1.005419433190949619e+00
4.679775322903775304e+03 1.001633588019320120e+00
4.679799660163224871e+03 1.003365549369203080e+00
4.679823997549240630e+03 1.013303444424350275e+00
4.679848335061823491e+03 1.007144692486286797e+00
4.679872672700974363e+03 9.983336502649803323e-01
4.679897010466693246e+03 9.995651155200145910e-01
4.679921348358981049e+03 1.001798001952528105e+00
4.679945686377839593e+03 1.001970041309528714e+00
4.679970024523267057e+03 9.999881442368405704e-01
4.679994362795267079e+03 9.973902592956378488e-01
4.680018701193836932e+03 9.979401320131077169e-01
4.680043039718981163e+03 1.002281073239730036e+00
4.680067378370697043e+03 1.003943183450220600e+00
4.680091717148986390e+03 9.963420354998626660e-01
4.680116056053850116e+03 9.992757885367870019e-01
4.680140395085288219e+03 9.983395882964860579e-01
4.680164734243302519e+03 1.006793901180634387e+00
4.680189073527893925e+03 1.001290910912173704e+00
4.680213412939060618e+03 9.973229640620988601e-01
4.680237752476807145e+03 1.006402297831859194e+00
4.680262092141129870e+03 9.976093160793642056e-01
4.680286431932031519e+03 9.997611020403260884e-01
4.680310771849513912e+03 9.941267638781453586e-01
4.680335111893576141e+03 9.964689501681796013e-01
4.680359452064219113e+03 9.948512894198985324e-01
4.680383792361443739e+03 9.991850329118867613e-01
4.680408132785249109e+03 1.000017709855125725e+00
4.680432473335638861e+03 9.937704910383157175e-01
4.680456814012611176e+03 9.950147453860438418e-01
4.680481154816168782e+03 1.003353548088802727e+00
4.680505495746310771e+03 1.006439742692263550e+00
4.680529836803037142e+03 1.003710140312934707e+00
4.680554177986351533e+03 9.959412395398893336e-01
4.680578519296251216e+03 9.906040656682333356e-01
4.680602860732738918e+03 9.954879991318956733e-01
4.680627202295814641e+03 9.956509100898818243e-01
4.680651543985479293e+03 9.947194542705829479e-01
4.680675885801732875e+03 9.972959930245119953e-01
4.680700227744576296e+03 9.999550503432452775e-01
4.680724569814011375e+03 9.912852706967829608e-01
4.680748912010038111e+03 9.919605266663811260e-01
4.680773254332655597e+03 9.885544915215578321e-01
4.680797596781866559e+03 1.002260579565295462e+00
4.680821939357670999e+03 9.954116152762129133e-01
4.680846282060068916e+03 1.005112582894436501e+00
4.680870624889062128e+03 1.003039288884643332e+00
4.680894967844650637e+03 1.005907004376990654e+00
4.680919310926834441e+03 1.002970389566911091e+00
4.680943654135615361e+03 1.003248147694389747e+00
4.680967997470993396e+03 9.993379635280136286e-01
4.680992340932970365e+03 9.961089937349694168e-01
4.681016684521544448e+03 1.001066807607619014e+00
4.681041028236718375e+03 9.991385087362545381e-01
4.681065372078493056e+03 9.964041298192114482e-01
4.681089716046867579e+03 1.000118250030776590e+00
4.681114060141842856e+03 1.001731371002985149e+00
4.681138404363420705e+03 1.004407576989502671e+00
4.681162748711602035e+03 1.001406769791104656e+00
4.681187093186385027e+03 9.953683004152552583e-01
4.681211437787772411e+03 9.974411268733088809e-01
4.681235782515764186e+03 9.961052603310420750e-01
4.681260127370362170e+03 1.001836836504410577e+00
4.681284472351565455e+03 1.000308308851444838e+00
4.681308817459374950e+03 9.988263962566523713e-01
4.681333162693791564e+03 9.980226872789378367e-01
4.681357508054816208e+03 1.001710559184250116e+00
4.681381853542449790e+03 9.973309953538944672e-01
4.681406199156692310e+03 9.966242902451345476e-01
4.681430544897544678e+03 1.001438257372271989e+00
4.681454890765006894e+03 1.008879152792692802e+00
4.681479236759081687e+03 9.979774963827233725e-01
4.681503582879767237e+03 9.991497121659173031e-01
4.681527929127064453e+03 1.004484621087271101e+00
4.681552275500976066e+03 9.950403858156998682e-01
4.681576622001501164e+03 9.917689903165213261e-01
4.681600968628640658e+03 9.971022990859377266e-01
4.681625315382395456e+03 1.001770853046124898e+00
4.681649662262765560e+03 9.969368730704477599e-01
4.681674009269751878e+03 9.975587434142059173e-01
4.681698356403356229e+03 1.002933146815714993e+00
4.681722703663577704e+03 9.988934848866767302e-01
4.681747051050418122e+03 9.972639788514819914e-01
4.681771398563876573e+03 1.001356472401936815e+00
4.681795746203954877e+03 1.001032147235167979e+00
4.681820093970653943e+03 1.003762489428206672e+00
4.681844441863974680e+03 1.004100845358723681e+00
4.681868789883916179e+03 9.991883776551989671e-01
4.681893138030480259e+03 1.001171682637829630e+00
4.681917486303666919e+03 9.968505142850042633e-01
4.681941834703477070e+03 1.001807109438331178e+00
4.681966183229912531e+03 9.995080540964602633e-01
4.681990531882972391e+03 1.001701798635083795e+00
4.682014880662658470e+03 1.002237138835108121e+00
4.682039229568969859e+03 9.992223913581663730e-01
4.682063578601908375e+03 1.001966023629623059e+00
4.682087927761474930e+03 9.994494105113549409e-01
4.682112277047670432e+03 9.954830884479664022e-01
4.682136626460493972e+03 1.000400556212910574e+00
4.682160975999946459e+03 1.002556547518273611e+00
4.682185325666029712e+03 1.004749858391595030e+00
4.682209675458744641e+03 9.966322726634736506e-01
4.682234025378090337e+03 9.975474474253142043e-01
4.682258375424068618e+03 1.003399196965957252e+00
4.682282725596679484e+03 1.004186762413103340e+00
4.682307075895923845e+03 9.993808532544680157e-01
4.682331426321801700e+03 9.985588645158161025e-01
4.682355776874315779e+03 9.975861176108182793e-01
4.682380127553465172e+03 9.978012649155204583e-01
4.682404478359249879e+03 9.990818510224975801e-01
4.682428829291671718e+03 9.972949073677006560e-01
4.682453180350731600e+03 9.975421349805951854e-01
4.682477531536428614e+03 9.984514793813425992e-01
4.682501882848765490e+03 9.961920016064621519e-01
4.682526234287741318e+03 9.940342824330291593e-01
4.682550585853357916e+03 9.955682292058047889e-01
4.682574937545614375e+03 1.001786494438720254e+00
4.682599289364512515e+03 1.003648853355328940e+00
4.682623641310053245e+03 9.972296769622246426e-01
4.682647993382235654e+03 9.916880539333450262e-01
4.682672345581062473e+03 1.001466798219049048e+00
4.682696697906532791e+03 1.005526259912824072e+00
4.682721050358647517e+03 1.004981841199519277e+00
4.682745402937409381e+03 1.000225796373855225e+00
4.682769755642814744e+03 9.989331696119201354e-01
4.682794108474868153e+03 9.978243218340240306e-01
4.682818461433569610e+03 1.004989929344309418e+00
4.682842814518918203e+03 1.011575315278844478e+00
4.682867167730915753e+03 1.001940383375155008e+00
4.682891521069562259e+03 1.009880537876806761e+00
4.682915874534858631e+03 9.963039660316269641e-01
4.682940228126806687e+03 9.999552903753925470e-01
4.682964581845405519e+03 1.007196115509075840e+00
4.682988935690656035e+03 1.005232454825505384e+00
4.683013289662560055e+03 1.004613691119068619e+00
4.683037643761115760e+03 1.006998299044755019e+00
4.683061997986326787e+03 1.008063012607235631e+00
4.683086352338191318e+03 1.003169867995926001e+00
4.683110706816712081e+03 9.962360376371611759e-01
4.683135061421888167e+03 1.002713510919729378e+00
4.683159416153721395e+03 1.008364676148001626e+00
4.683183771012210855e+03 1.003870608150758015e+00
4.683208125997359275e+03 1.004301751955890554e+00
4.683232481109166656e+03 1.002765547096593934e+00
4.683256836347632088e+03 9.945161004523739301e-01
4.683281191712758300e+03 9.928798638460806236e-01
4.683305547204543473e+03 1.003483487425349763e+00
4.683329902822992153e+03 1.009805046452725064e+00
4.683354258568100704e+03 1.006410198165399006e+00
4.683378614439872763e+03 9.976705526884247499e-01
4.683402970438307420e+03 1.004842796831038276e+00
4.683427326563406496e+03 1.000708451785985886e+00
4.683451682815169988e+03 1.000310020866380434e+00
4.683476039193597899e+03 1.002236848816269177e+00
4.683500395698692955e+03 1.004723692401771507e+00
4.683524752330453339e+03 1.004435351327733539e+00
4.683549109088881778e+03 9.957750119622688079e-01
4.683573465973976454e+03 1.008736458833350946e+00
4.683597822985740095e+03 9.994139624176291425e-01
4.683622180124173610e+03 1.008265955707030148e+00
4.683646537389277000e+03 9.983068551534139967e-01
4.683670894781050265e+03 1.001799966579429269e+00
4.683695252299495223e+03 9.968685245795042560e-01
4.683719609944610966e+03 9.981685841778065171e-01
4.683743967716399311e+03 1.002038734894195038e+00
4.683768325614860260e+03 1.002385382572016148e+00
4.683792683639995630e+03 9.949401423422228330e-01
4.683817041791805423e+03 9.966382474616842790e-01
4.683841400070290547e+03 1.000188214212961890e+00
4.683865758475450093e+03 9.956899355676707142e-01
4.683890117007287699e+03 9.937955407509952988e-01
4.683914475665801547e+03 9.967998610286792349e-01
4.683938834450992545e+03 9.936198446299260301e-01
4.683963193362861603e+03 9.938464740239033590e-01
4.683987552401411449e+03 9.951759098874060072e-01
4.684011911566638446e+03 9.881638477256041719e-01
4.684036270858548050e+03 9.905734206304578349e-01
4.684060630277136624e+03 9.927790101747883122e-01
4.684084989822408716e+03 9.921314563062795244e-01
4.684109349494361595e+03 9.906794463264877448e-01
4.684133709292997992e+03 9.895136907300037254e-01
4.684158069218317905e+03 9.923753367953693783e-01
4.684182429270322245e+03 9.861654928433429834e-01
4.684206789449011012e+03 9.918711662926544825e-01
4.684231149754386024e+03 9.866256588592453580e-01
4.684255510186447282e+03 9.818226128963454258e-01
4.684279870745193875e+03 9.865012040175619168e-01
4.684304231430630352e+03 9.868601263718549399e-01
4.684328592242753075e+03 9.812677470249869804e-01
4.684352953181566591e+03 9.899264290683675860e-01
4.684377314247067261e+03 9.860754642643654311e-01
4.684401675439259634e+03 9.816735399259455264e-01
4.684426036758142800e+03 9.799148513820732376e-01
4.684450398203717668e+03 9.773006995854051082e-01
4.684474759775983330e+03 9.819328216185124747e-01
4.684499121474943422e+03 9.851420863043678366e-01
4.684523483300596126e+03 9.752770529080291295e-01
4.684547845252943262e+03 9.694186190994573682e-01
4.684572207331984828e+03 9.639352718908300588e-01
4.684596569537721734e+03 9.704223198639696513e-01
4.684620931870154891e+03 9.683928186625448964e-01
4.684645294329286116e+03 9.662980842842405771e-01
4.684669656915113592e+03 9.693922089265252229e-01
4.684694019627638227e+03 9.675694172820861194e-01
4.684718382466862749e+03 9.656235095331715534e-01
4.684742745432786251e+03 9.652486971892363377e-01
4.684767108525410549e+03 9.634882700832301250e-01
4.684791471744734736e+03 9.615923655390160585e-01
4.684815835090760629e+03 9.619457886497262411e-01
4.684840198563488229e+03 9.604107241425503538e-01
4.684864562162919356e+03 9.588617669444265967e-01
4.684888925889054008e+03 9.591653646255964283e-01
4.684913289741892186e+03 9.577466754121378711e-01
4.684937653721434799e+03 9.615457950745827098e-01
4.684962017827682757e+03 9.570601190629859367e-01
4.684986382060636970e+03 9.535863574364132900e-01
4.685010746420297437e+03 9.593727573393751040e-01
4.685035110906665068e+03 9.561704237831084585e-01
4.685059475519740772e+03 9.539649875269817780e-01
4.685083840259526369e+03 9.491326172305702968e-01
4.685108205126020039e+03 9.457710381796189392e-01
4.685132570119223601e+03 9.504302286289980639e-01
4.685156935239137965e+03 9.410720171469858508e-01
4.685181300485764041e+03 9.354755025755099318e-01
4.685205665859100918e+03 9.399165140594885059e-01
4.685230031359151326e+03 9.340343492089585586e-01
4.685254396985914354e+03 9.373992991926209939e-01
4.685278762739391823e+03 9.409346213862648245e-01
4.685303128619583731e+03 9.272956271182125620e-01
4.685327494626490989e+03 9.357457237481033863e-01
4.685351860760114505e+03 9.379584313842062038e-01
4.685376227020454280e+03 9.373897952367292730e-01
4.685400593407510314e+03 9.416741434633287833e-01
4.685424959921284426e+03 9.387337412952246885e-01
4.685449326561778435e+03 9.365523165788908200e-01
4.685473693328990521e+03 9.282187226697670157e-01
4.685498060222922504e+03 9.218471811313699860e-01
4.685522427243575294e+03 9.228403159936836575e-01
4.685546794390948889e+03 9.248728737915101750e-01
4.685571161665044201e+03 9.320785539824884003e-01
4.685595529065863047e+03 9.301708810802946648e-01
4.685619896593403610e+03 9.241794468942358121e-01
4.685644264247668616e+03 9.243710403429609146e-01
4.685668632028658067e+03 9.284232821021157767e-01
4.685692999936371962e+03 9.283343607868598246e-01
4.685717367970813029e+03 9.202200404425067148e-01
4.685741736131979451e+03 9.189929203671357572e-01
4.685766104419873045e+03 9.197073218911053782e-01
4.685790472834493812e+03 9.190964928696854219e-01
4.685814841375844480e+03 9.249735545108285217e-01
4.685839210043923231e+03 9.208326883236690463e-01
4.685863578838731883e+03 9.155041654149588259e-01
4.685887947760271345e+03 9.194202380979655809e-01
4.685912316808540709e+03 9.192897477329776690e-01
4.685936685983542702e+03 9.219963163034611275e-01
4.685961055285276416e+03 9.285251681274846458e-01
4.685985424713743669e+03 9.178810113912755364e-01
4.686009794268944461e+03 9.188305808450796253e-01
4.686034163950879702e+03 9.200499456174281443e-01
4.686058533759550301e+03 9.233103254971832818e-01
4.686082903694955348e+03 9.256551865852475913e-01
4.686107273757097573e+03 9.237679417830251261e-01
4.686131643945976066e+03 9.206967674255900347e-01
4.686156014261592645e+03 9.250218256462169331e-01
4.686180384703947311e+03 9.221479226774272897e-01
4.686204755273041883e+03 9.232421806255161068e-01
4.686229125968874541e+03 9.297404857277622447e-01
4.686253496791448924e+03 9.269392696424483269e-01
4.686277867740763213e+03 9.269063748988410900e-01
4.686302238816819226e+03 9.281771002059324704e-01
4.686326610019618784e+03 9.300147704695216344e-01
4.686350981349160065e+03 9.321239098948372881e-01
4.686375352805444891e+03 9.298613126143043806e-01
4.686399724388473260e+03 9.300673912685241129e-01
4.686424096098246991e+03 9.225051923512855856e-01
4.686448467934766995e+03 9.341570377956547322e-01
4.686472839898032362e+03 9.379288051628056344e-01
4.686497211988045819e+03 9.299569340305393617e-01
4.686521584204805549e+03 9.280506489718793883e-01
4.686545956548314280e+03 9.317281677135884621e-01
4.686570329018571101e+03 9.368234693808695779e-01
4.686594701615577833e+03 9.364104974013680582e-01
4.686619074339334475e+03 9.390097380997898258e-01
4.686643447189841936e+03 9.466406590580335179e-01
4.686667820167101127e+03 9.426203264791697123e-01
4.686692193271112046e+03 9.457331786105197535e-01
4.686716566501876514e+03 9.528186569667151939e-01
4.686740939859393620e+03 9.522483587226218127e-01
4.686765313343664275e+03 9.470279970206788578e-01
4.686789686954691206e+03 9.476948166326116807e-01
4.686814060692472594e+03 9.530184085085887657e-01
4.686838434557010260e+03 9.507547094456879622e-01
4.686862808548305111e+03 9.473823521644092471e-01
4.686887182666357148e+03 9.499904357588627724e-01
4.686911556911166372e+03 9.535877561010095427e-01
4.686935931282735510e+03 9.556277996781842310e-01
4.686960305781063653e+03 9.564350035053407195e-01
4.686984680406151710e+03 9.492576420111129565e-01
4.687009055158000592e+03 9.537817218077456749e-01
4.687033430036610298e+03 9.609386388286574876e-01
4.687057805041982647e+03 9.592849824896549915e-01
4.687082180174116729e+03 9.547145201754269062e-01
4.687106555433015274e+03 9.561595453442710557e-01
4.687130930818677371e+03 9.620488434618227336e-01
4.687155306331103930e+03 9.649247484603381553e-01
4.687179681970295860e+03 9.686118715343428054e-01
4.687204057736254981e+03 9.643400770702585945e-01
4.687228433628979474e+03 9.678262554068661760e-01
4.687252809648471157e+03 9.636344519219129934e-01
4.687277185794730940e+03 9.680186834440204224e-01
4.687301562067759733e+03 9.725423337473757535e-01
4.687325938467556625e+03 9.752487375941638614e-01
4.687350314994125256e+03 9.720742239694998288e-01
4.687374691647462896e+03 9.708307685530482845e-01
4.687399068427572274e+03 9.714440245022247788e-01
4.687423445334454300e+03 9.761275700827832802e-01
4.687447822368108064e+03 9.720508646078650505e-01
4.687472199528536294e+03 9.645461464880178415e-01
4.687496576815737171e+03 9.835179571293842793e-01
4.687520954229712515e+03 9.706591353254531152e-01
4.687545331770463235e+03 9.767215936636550744e-01
4.687569709437990241e+03 9.696176194528053349e-01
4.687594087232293532e+03 9.757268785120891685e-01
4.687618465153374018e+03 9.828687665317848987e-01
4.687642843201231699e+03 9.776710812488973446e-01
4.687667221375868394e+03 9.743915234549299642e-01
4.687691599677284103e+03 9.756911683523354917e-01
4.687715978105480644e+03 9.809451829314583815e-01
4.687740356660456200e+03 9.805118129616688938e-01
4.687764735342213498e+03 9.849592734527764515e-01
4.687789114150752539e+03 9.852417404308798643e-01
4.687813493086074232e+03 9.824239528681011357e-01
4.687837872148178576e+03 9.827117284489903515e-01
4.687862251337067391e+03 9.868727530381281587e-01
4.687886630652740678e+03 9.901039834604091761e-01
4.687911010095198435e+03 9.908513411652991598e-01
4.687935389664441573e+03 9.909695698838117961e-01
4.687959769360471910e+03 9.840956646162571930e-01
4.687984149183289446e+03 9.859591726857324101e-01
4.688008529132893273e+03 9.849408632592985269e-01
4.688032909209287027e+03 9.862397950571017979e-01
4.688057289412469800e+03 9.897976695217283183e-01
4.688081669742441591e+03 9.889227455665193789e-01
4.688106050199204219e+03 9.921591143387730183e-01
4.688130430782757685e+03 9.953577478262747302e-01
4.688154811493102898e+03 9.924036271255619601e-01
4.688179192330240767e+03 9.911323192839930352e-01
4.688203573294170383e+03 9.986937682933277882e-01
4.688227954384895384e+03 9.936975425600061973e-01
4.688252335602413041e+03 9.891038919234883542e-01
4.688276716946726083e+03 1.001392664923536735e+00
4.688301098417835419e+03 1.005848459972892739e+00
4.688325480015741050e+03 9.973197572737365624e-01
4.688349861740442975e+03 9.939445870587555465e-01
4.688374243591943014e+03 9.960861140450381068e-01
4.688398625570242075e+03 9.923402533455586427e-01
4.688423007675338340e+03 1.003645394469567131e+00
4.688447389907235447e+03 1.000562084803951590e+00
4.688471772265932486e+03 9.973819552955408563e-01
4.688496154751429458e+03 9.993424021338167540e-01
4.688520537363730000e+03 9.973036734290956495e-01
4.688544920102831384e+03 1.003604664869297780e+00
4.688569302968735428e+03 1.000236439394390109e+00
4.688593685961443953e+03 1.005630075732909079e+00
4.688618069080956957e+03 9.972121037637309282e-01
4.688642452327273531e+03 9.966780707163418462e-01
4.688666835700396405e+03 9.952601140405209490e-01
4.688691219200325577e+03 9.990188994715238913e-01
4.688715602827061048e+03 1.000955643167562581e+00
4.688739986580604636e+03 1.001563179244515434e+00
4.688764370460956343e+03 9.939321616531813230e-01
4.688788754468116167e+03 9.972080943361893990e-01
4.688813138602085928e+03 1.008666463226413068e+00
4.688837522862865626e+03 9.985597033676051337e-01
4.688861907250457079e+03 1.005703193567229148e+00
4.688886291764859379e+03 9.945372696382032141e-01
4.688910676406073435e+03 1.003491636899697337e+00
4.688935061174101065e+03 1.010755192481167519e+00
4.688959446068940451e+03 1.012237278260032403e+00
4.688983831090595231e+03 9.995140587031029478e-01
4.689008216239065405e+03 9.966684258247475725e-01
4.689032601514350972e+03 1.006647338524718105e+00
4.689056986916451024e+03 9.958109873094704856e-01
4.689081372445368288e+03 1.003165177512357120e+00
4.689105758101104584e+03 9.998521088667365886e-01
4.689130143883657183e+03 9.999996078668524913e-01
4.689154529793028814e+03 1.001655522758797323e+00
4.689178915829220387e+03 1.005466726159343738e+00
4.689203301992231900e+03 1.003120772086849355e+00
4.689227688282063355e+03 1.001613349738030179e+00
4.689252074698716569e+03 1.007185810661767489e+00
4.689276461242192454e+03 1.000226030155714207e+00
4.689300847912490099e+03 9.958562456760458037e-01
4.689325234709611323e+03 1.004901944707257799e+00
4.689349621633556126e+03 1.006316687647111463e+00
4.689374008684326327e+03 9.960015002726129163e-01
4.689398395861921927e+03 1.000436555768520641e+00
4.689422783166343834e+03 1.004357475188040416e+00
4.689447170597591139e+03 1.006795083806597768e+00
4.689471558155666571e+03 1.003740939584473857e+00
4.689495945840570130e+03 1.000181775579300103e+00
4.689520333652301815e+03 1.001890887741683001e+00
4.689544721590863446e+03 9.964449064602580730e-01
4.689569109656253204e+03 1.000185030643043538e+00
4.689593497848475636e+03 1.003674681950665226e+00
4.689617886167528923e+03 1.004580890043675678e+00
4.689642274613413974e+03 1.000285824023730230e+00
4.689666663186130791e+03 1.002888681678163030e+00
4.689691051885681190e+03 1.003692094777826060e+00
4.689715440712066084e+03 1.001955387466950453e+00
4.689739829665284560e+03 1.005048204991849659e+00
4.689764218745338439e+03 1.000651640309561996e+00
4.689788607952228631e+03 9.963346609000449661e-01
4.689812997285956044e+03 1.001126520344164383e+00
4.689837386746518860e+03 1.001456843791193929e+00
4.689861776333920716e+03 9.995824075986243784e-01
4.689886166048160703e+03 1.001370350558066669e+00
4.689910555889240641e+03 9.988798489137018510e-01
4.689934945857159619e+03 9.999587670674507933e-01
4.689959335951919456e+03 9.987863620703248957e-01
4.689983726173520154e+03 9.964703796504805755e-01
4.690008116521962620e+03 9.985062135250117876e-01
4.690032506997247765e+03 9.992566509383375983e-01
4.690056897599375588e+03 1.002929071835298558e+00
4.690081288328347910e+03 1.000924050870880766e+00
4.690105679184163819e+03 1.000408095311456913e+00
4.690130070166826044e+03 1.003233029172405200e+00
4.690154461276332768e+03 1.001669060530527400e+00
4.690178852512686717e+03 1.002355709311297138e+00
4.690203243875886983e+03 9.987383425652635038e-01
4.690227635365936294e+03 1.000764426457867229e+00
4.690252026982833740e+03 1.004619732091231343e+00
4.690276418726579323e+03 9.935122938894117572e-01
4.690300810597174859e+03 9.954793456531647600e-01
4.690325202594621260e+03 1.001865014906257123e+00
4.690349594718917615e+03 1.003635363212467713e+00
4.690373986970066653e+03 1.005333941190775349e+00
4.690398379348068374e+03 1.003927126249252622e+00
4.690422771852922779e+03 1.003319072491030362e+00
4.690447164484629866e+03 1.002059003825970018e+00
4.690471557243192365e+03 1.003897388320522888e+00
4.690495950128609365e+03 1.000644799530439943e+00
4.690520343140882687e+03 9.948982341976020383e-01
4.690544736280011421e+03 9.986882372066326896e-01
4.690569129545997384e+03 1.003368222729001058e+00
4.690593522938841488e+03 9.996388214259146476e-01
4.690617916458543732e+03 9.994763238539484673e-01
4.690642310105105025e+03 9.984460888753615704e-01
4.690666703878525368e+03 9.968929720360948377e-01
4.690691097778806579e+03 9.994200245880457967e-01
4.690715491805948659e+03 9.953357064992661707e-01
4.690739885959951607e+03 1.000293753000206287e+00
4.690764280240817243e+03 1.002375960175082348e+00
4.690788674648546476e+03 9.997362506840679064e-01
4.690813069183138396e+03 9.989345071013719934e-01
4.690837463844594822e+03 9.959621964621082624e-01
4.690861858632916665e+03 9.972574479357735333e-01
4.690886253548103014e+03 9.999990671630577532e-01
4.690910648590156597e+03 1.004177322314816267e+00
4.690935043759076507e+03 1.000977287253577375e+00
4.690959439054864561e+03 1.000305881569885980e+00
4.690983834477520759e+03 1.001513032570004125e+00
4.691008230027044192e+03 1.003548278878069633e+00
4.691032625703438498e+03 1.000991153897365704e+00
4.691057021506702768e+03 1.007195875881238045e+00
4.691081417436837910e+03 1.000410768206129397e+00
4.691105813493844835e+03 9.987933943575136864e-01
4.691130209677723542e+03 9.977936070991282325e-01
4.691154605988474941e+03 1.005410172916610279e+00
4.691179002426099942e+03 1.009777259150484774e+00
4.691203398990599453e+03 9.973059913753532513e-01
4.691227795681972566e+03 9.957759759084585660e-01
4.691252192500222918e+03 9.954601008734105250e-01
4.691276589445347781e+03 9.951120520485374765e-01
4.691300986517350793e+03 1.002750271265913762e+00
4.691325383716230135e+03 9.947268745383830435e-01
4.691349781041988535e+03 1.001854765815391790e+00
4.691374178494625085e+03 9.946169696132713955e-01
4.691398576074140692e+03 9.983359233130195687e-01
4.691422973780537177e+03 9.974787651147780654e-01
4.691447371613813630e+03 1.002364031644351172e+00
4.691471769573971869e+03 9.966029760839073548e-01
4.691496167661011896e+03 9.943905711961252836e-01
4.691520565874935528e+03 9.958876064024744235e-01
4.691544964215741857e+03 9.976084532903817248e-01
4.691569362683431791e+03 1.005887234129294594e+00
4.691593761278006241e+03 9.941595375252069156e-01
4.691618159999467025e+03 9.940975095455583110e-01
4.691642558847813234e+03 1.004654384844509085e+00
4.691666957823046687e+03 1.001428322070825994e+00
4.691691356925167383e+03 1.003561090039154724e+00
4.691715756154175324e+03 9.941393694608486875e-01
4.691740155510072327e+03 9.952628775419970486e-01
4.691764554992859303e+03 9.907118822495482036e-01
4.691788954602535341e+03 1.005947588096096190e+00
4.691813354339102261e+03 9.975144248826259830e-01
4.691837754202560063e+03 9.937732214804518849e-01
4.691862154192910566e+03 1.001985825319293255e+00
4.691886554310153770e+03 1.002069467168686501e+00
4.691910954554288764e+03 9.979409799332589204e-01
4.691935354925319189e+03 1.003477223442340138e+00
4.691959755423244133e+03 9.973863915442870987e-01
4.691984156048063596e+03 1.004550024772962846e+00
4.692008556799779399e+03 1.005233682357502323e+00
4.692032957678391540e+03 9.936120840015576494e-01
4.692057358683900929e+03 1.004846166800888785e+00
4.692081759816308477e+03 9.998765208471455113e-01
4.692106161075615091e+03 1.003031899114778858e+00
4.692130562461819864e+03 9.983361271617609001e-01
4.692154963974924613e+03 9.993475329447916167e-01
4.692179365614930248e+03 9.989016507690138269e-01
4.692203767381836769e+03 1.000926223060703890e+00
4.692228169275645087e+03 1.002647413477586680e+00
4.692252571296357019e+03 1.005981610615230171e+00
4.692276973443970746e+03 1.001930453426205903e+00
4.692301375718488998e+03 1.001062638221780654e+00
4.692325778119911774e+03 1.001187328862160886e+00
4.692350180648239075e+03 9.980983443491771023e-01
4.692374583303472718e+03 1.003638700956650531e+00
4.692398986085612705e+03 1.005175456249706833e+00
4.692423388994659945e+03 1.003895789845956399e+00
4.692447792030614437e+03 9.989714896439972902e-01
4.692472195193478910e+03 1.003935924025088466e+00
4.692496598483251546e+03 1.002082740172077324e+00
4.692521001899933253e+03 9.997230543747827047e-01
4.692545405443525851e+03 1.003735424120187680e+00
4.692569809114029340e+03 9.980054772348319059e-01
4.692594212911444629e+03 1.000861921935876975e+00
4.692618616835772627e+03 9.944167298761552587e-01
4.692643020887014245e+03 1.007619605043521105e+00
4.692667425065168572e+03 1.001401251179446339e+00
4.692691829370237429e+03 9.968351873364108551e-01
4.692716233802221723e+03 9.994527857494654999e-01
4.692740638361121455e+03 1.008711358758161536e+00
4.692765043046937535e+03 1.008682251967118582e+00
4.692789447859670872e+03 9.996682100613494271e-01
4.692813852799321467e+03 1.007555606000396287e+00
4.692838257865891137e+03 9.962355096842245850e-01
4.692862663059379884e+03 1.001544035488983742e+00
4.692887068379787706e+03 1.006643571501294465e+00
4.692911473827115515e+03 1.000230631653310942e+00
4.692935879401365128e+03 9.952258648518020889e-01
4.692960285102535636e+03 1.000767625487380297e+00
4.692984690930628858e+03 1.005066992274012527e+00
4.693009096885644794e+03 9.994710407576807842e-01
4.693033502967585264e+03 9.958100928961792775e-01
4.693057909176449357e+03 9.959630658782430146e-01
4.693082315512237983e+03 9.965015385597897346e-01
4.693106721974952961e+03 1.001503089190917350e+00
4.693131128564593382e+03 1.010087501043285929e+00
4.693155535281161974e+03 1.004660987632079561e+00
4.693179942124656918e+03 9.938068745924496517e-01
4.693204349095080943e+03 9.982617089943366384e-01
4.693228756192433138e+03 9.986562846744195809e-01
4.693253163416715324e+03 9.980114688358013852e-01
4.693277570767927500e+03 9.997396574838994798e-01
4.693301978246070576e+03 9.992433084980006930e-01
4.693326385851145460e+03 9.975632727801616584e-01
4.693350793583152154e+03 9.919272892725826685e-01
4.693375201442092475e+03 9.932400631807400959e-01
4.693399609427966425e+03 1.005999105259693049e+00
4.693424017540773093e+03 1.003116447090323327e+00
4.693448425780516118e+03 1.005896090300734569e+00
4.693472834147193680e+03 9.969957730851467526e-01
4.693497242640807599e+03 9.992351372231247364e-01
4.693521651261358784e+03 1.000187800330421428e+00
4.693546060008847235e+03 1.000282155167175890e+00
4.693570468883273861e+03 9.977254861924246265e-01
4.693594877884639573e+03 9.928386990072208818e-01
4.693619287012944369e+03 9.905271606995798006e-01
4.693643696268189160e+03 9.897896159546352157e-01
4.693668105650375765e+03 9.931841392293268012e-01
