# star name zetOri, line HEIHEII4026
# instrument: HERMES spectrograph @Mercator
# date of observation (midpoint)2018-10-15T06:16:00.872652
# BJD of observation (midpoint)2458406.7635159
# name of fits file: 00898175_HRF_OBJ_ext_CosmicsRemoved_log_merged_c.fits
# 
# wavelength(Angstrom,air) normalised_flux
4.014004351421558567e+03 1.008587486408536682e+00
4.014025226326567918e+03 1.000972512692184679e+00
4.014046101340138193e+03 9.962266417662234419e-01
4.014066976462269395e+03 1.005787351854428691e+00
4.014087851692961522e+03 1.000100660761413573e+00
4.014108727032216393e+03 9.951755017323994368e-01
4.014129602480033100e+03 1.001248620740131878e+00
4.014150478036413460e+03 9.945746650953647405e-01
4.014171353701357475e+03 9.937717423982926901e-01
4.014192229474865599e+03 9.885012466824140143e-01
4.014213105356938740e+03 9.984154086806971140e-01
4.014233981347577355e+03 9.975786037393051808e-01
4.014254857446781898e+03 9.864539512653782705e-01
4.014275733654553278e+03 9.987817712645152834e-01
4.014296609970891041e+03 1.000137584836856997e+00
4.014317486395797005e+03 1.007991169748594151e+00
4.014338362929271170e+03 1.003496170283846745e+00
4.014359239571313992e+03 9.902360731247658032e-01
4.014380116321926380e+03 1.000262959471125424e+00
4.014400993181108333e+03 1.009861498900743060e+00
4.014421870148861217e+03 9.922281513827279076e-01
4.014442747225185030e+03 9.961309276986507477e-01
4.014463624410080229e+03 1.004832320062166051e+00
4.014484501703547721e+03 1.000131571750590087e+00
4.014505379105588418e+03 9.979970528854055223e-01
4.014526256616201863e+03 1.010384895229569979e+00
4.014547134235389422e+03 1.001536130574782080e+00
4.014568011963151548e+03 9.986135176046572193e-01
4.014588889799488243e+03 9.980954630944620654e-01
4.014609767744400870e+03 9.980955050672006834e-01
4.014630645797889883e+03 9.980747252278224790e-01
4.014651523959955284e+03 9.997208202382712461e-01
4.014672402230597982e+03 1.001702760932648761e+00
4.014693280609818430e+03 9.948596658308517249e-01
4.014714159097617539e+03 9.901015971183962927e-01
4.014735037693995309e+03 9.917557703095375432e-01
4.014755916398952650e+03 1.000255599557414721e+00
4.014776795212490470e+03 1.004093154315198522e+00
4.014797674134608769e+03 9.905057819304357025e-01
4.014818553165308003e+03 9.850216920436892787e-01
4.014839432304589081e+03 1.002782117103621751e+00
4.014860311552452913e+03 9.989810138751624713e-01
4.014881190908899498e+03 9.980407012917836829e-01
4.014902070373929291e+03 1.005927887555373212e+00
4.014922949947543202e+03 1.005560843858081421e+00
4.014943829629742140e+03 9.974797380798301472e-01
4.014964709420526106e+03 1.001323352087309937e+00
4.014985589319895553e+03 1.000709326473930627e+00
4.015006469327851391e+03 1.003092488330404652e+00
4.015027349444394076e+03 1.003222520251015881e+00
4.015048229669524517e+03 1.000040106598180767e+00
4.015069110003242713e+03 9.981543519038797996e-01
4.015089990445549120e+03 1.005316780930187281e+00
4.015110870996445101e+03 1.002675562281983623e+00
4.015131751655930657e+03 9.957076647263718439e-01
4.015152632424006697e+03 9.949824777677040988e-01
4.015173513300673221e+03 9.912592620627491691e-01
4.015194394285931594e+03 1.000552564025302127e+00
4.015215275379781360e+03 1.011448486365329691e+00
4.015236156582223884e+03 9.964638322980911012e-01
4.015257037893259621e+03 9.855194477688898891e-01
4.015277919312889026e+03 9.986481237592959026e-01
4.015298800841112552e+03 1.004417779147589673e+00
4.015319682477930655e+03 9.936676289112055249e-01
4.015340564223344245e+03 9.974105082819297863e-01
4.015361446077353776e+03 1.002508009880976658e+00
4.015382328039960157e+03 9.993580513453378389e-01
4.015403210111162934e+03 1.001799642444414662e+00
4.015424092290963927e+03 9.993982839726335277e-01
4.015444974579362679e+03 9.994590538647748490e-01
4.015465856976360101e+03 1.002060953744026817e+00
4.015486739481957102e+03 1.001552369840796652e+00
4.015507622096153682e+03 9.938350845166419312e-01
4.015528504818950751e+03 1.002710373917851117e+00
4.015549387650348763e+03 1.003996862713524729e+00
4.015570270590348628e+03 1.012150158418280377e+00
4.015591153638950345e+03 9.974550857572330731e-01
4.015612036796154825e+03 1.007160297917347069e+00
4.015632920061962977e+03 1.005002149654947718e+00
4.015653803436374346e+03 1.000990781567077104e+00
4.015674686919390297e+03 9.833559439007957259e-01
4.015695570511011283e+03 9.959848736778308398e-01
4.015716454211237760e+03 1.005017863372819287e+00
4.015737338020070183e+03 9.940359214821906653e-01
4.015758221937509006e+03 1.003807453356417190e+00
4.015779105963555594e+03 9.896192681215854048e-01
4.015799990098209491e+03 9.893783412912237063e-01
4.015820874341472063e+03 9.992408834117058047e-01
4.015841758693343309e+03 1.002265114357210773e+00
4.015862643153824138e+03 1.002165062359739789e+00
4.015883527722915005e+03 9.947882244593011514e-01
4.015904412400616366e+03 9.974154057405474338e-01
4.015925297186929129e+03 1.002600149740489943e+00
4.015946182081853294e+03 1.002500049011358696e+00
4.015967067085389772e+03 1.003753819169200812e+00
4.015987952197539471e+03 9.945381696830603024e-01
4.016008837418302392e+03 9.907683296053995115e-01
4.016029722747678989e+03 1.000510566635842036e+00
4.016050608185670626e+03 9.984820424758641400e-01
4.016071493732276849e+03 1.001889616502205094e+00
4.016092379387499022e+03 9.996093257201580373e-01
4.016113265151337600e+03 1.002573749533227199e+00
4.016134151023792583e+03 1.001184058622207163e+00
4.016155037004865335e+03 1.013581482837569547e+00
4.016175923094555856e+03 1.006566831760788094e+00
4.016196809292865055e+03 9.914019036896664083e-01
4.016217695599792933e+03 9.943401496107322490e-01
4.016238582015340853e+03 1.009971605142083506e+00
4.016259468539508816e+03 1.008675535050844729e+00
4.016280355172297277e+03 1.011232705070930882e+00
4.016301241913707599e+03 1.006955774473828225e+00
4.016322128763739329e+03 1.016055258111850490e+00
4.016343015722393829e+03 1.006153904412909306e+00
4.016363902789671101e+03 9.973840887625039509e-01
4.016384789965572054e+03 9.993272680271561015e-01
4.016405677250097142e+03 1.002571772125549820e+00
4.016426564643247275e+03 1.001874446322946088e+00
4.016447452145021998e+03 1.000694539814538819e+00
4.016468339755423131e+03 1.001445847103482389e+00
4.016489227474450672e+03 1.003833554937921368e+00
4.016510115302105078e+03 9.957535644372424999e-01
4.016531003238386802e+03 1.007565245884500138e+00
4.016551891283296754e+03 9.978569010703918218e-01
4.016572779436835390e+03 9.917661323258547545e-01
4.016593667699003163e+03 9.996458562316322682e-01
4.016614556069800983e+03 1.009559682161347949e+00
4.016635444549229305e+03 1.008911705795457303e+00
4.016656333137288129e+03 1.003047365328873175e+00
4.016677221833978820e+03 9.958436675123956139e-01
4.016698110639301376e+03 9.980344556479656681e-01
4.016718999553256253e+03 1.001740113323989378e+00
4.016739888575844816e+03 9.959733359502780381e-01
4.016760777707066609e+03 9.904795045037696477e-01
4.016781666946923451e+03 1.001422401255761319e+00
4.016802556295414433e+03 1.010200881713586796e+00
4.016823445752541375e+03 1.001592856520755248e+00
4.016844335318304275e+03 1.003820257846958386e+00
4.016865224992703588e+03 1.005077407647784193e+00
4.016886114775739770e+03 9.996752489178014622e-01
4.016907004667414185e+03 9.983969836401835884e-01
4.016927894667726832e+03 1.001714461656725730e+00
4.016948784776678167e+03 9.979859369208100572e-01
4.016969674994268644e+03 9.940975689486758471e-01
4.016990565320499627e+03 9.967402802387650418e-01
4.017011455755370662e+03 9.925912788972431899e-01
4.017032346298883112e+03 1.005678798838062660e+00
4.017053236951036979e+03 9.971222015429453966e-01
4.017074127711833171e+03 9.989587281549384690e-01
4.017095018581272143e+03 1.010901095375750902e+00
4.017115909559354805e+03 1.005226942433131043e+00
4.017136800646081156e+03 9.933560642863050738e-01
4.017157691841451651e+03 1.003237972433727698e+00
4.017178583145467655e+03 9.988767849978770208e-01
4.017199474558129168e+03 1.000435259637622254e+00
4.017220366079436644e+03 1.001239874999521495e+00
4.017241257709390993e+03 1.003123873531597043e+00
4.017262149447992670e+03 9.970032397503438837e-01
4.017283041295242583e+03 9.880621022260118735e-01
4.017303933251140279e+03 1.009265633858315248e+00
4.017324825315687576e+03 1.013604307385849390e+00
4.017345717488884020e+03 9.918642595257662897e-01
4.017366609770730975e+03 9.968912005638318474e-01
4.017387502161228440e+03 9.982362033326083184e-01
4.017408394660376871e+03 9.908966200623905429e-01
4.017429287268177632e+03 1.000755965918660451e+00
4.017450179984630722e+03 1.006577970483615969e+00
4.017471072809736597e+03 9.958297868287938615e-01
4.017491965743496166e+03 9.935606955338823765e-01
4.017512858785909430e+03 1.000527024886600502e+00
4.017533751936977751e+03 1.002577607537338045e+00
4.017554645196701131e+03 1.013605147078390889e+00
4.017575538565080478e+03 9.989683879445837578e-01
4.017596432042115794e+03 9.995235071569945617e-01
4.017617325627808441e+03 1.002087631262923439e+00
4.017638219322158420e+03 9.999334581771025521e-01
4.017659113125166641e+03 9.933448154153582399e-01
4.017680007036833103e+03 1.005621575095839937e+00
4.017700901057159172e+03 1.007268270818735711e+00
4.017721795186144391e+03 1.001827650785476864e+00
4.017742689423790580e+03 1.012435196955672412e+00
4.017763583770097284e+03 9.972417742551470399e-01
4.017784478225065413e+03 9.977759478757598499e-01
4.017805372788695422e+03 9.938264986904844500e-01
4.017826267460988220e+03 9.988863720179848027e-01
4.017847162241944261e+03 1.005086885633719840e+00
4.017868057131564001e+03 1.000295631217107406e+00
4.017888952129847894e+03 9.956170199241213270e-01
4.017909847236796395e+03 1.000153262995568948e+00
4.017930742452410414e+03 1.004615469775116177e+00
4.017951637776690404e+03 1.009632427919409547e+00
4.017972533209637277e+03 1.005932259315489130e+00
4.017993428751251031e+03 9.999441476943866647e-01
4.018014324401532122e+03 1.001629557267079029e+00
4.018035220160481913e+03 1.002213476304454787e+00
4.018056116028099950e+03 9.905341245022237784e-01
4.018077012004388052e+03 9.934757574180336226e-01
4.018097908089345310e+03 1.002119772677789289e+00
4.018118804282973542e+03 1.002170140947897803e+00
4.018139700585272749e+03 1.009742057366663781e+00
4.018160596996243385e+03 1.006318249993883418e+00
4.018181493515886359e+03 1.013542620049155518e+00
4.018202390144202127e+03 1.004146751844142482e+00
4.018223286881191143e+03 9.958518429983092002e-01
4.018244183726853862e+03 1.002066014483418366e+00
4.018265080681191193e+03 1.007898758234062164e+00
4.018285977744203592e+03 1.001504874854310723e+00
4.018306874915891513e+03 1.004352411653854471e+00
4.018327772196255410e+03 1.004060979149960620e+00
4.018348669585296193e+03 1.001124446808610235e+00
4.018369567083013862e+03 9.959122618988882625e-01
4.018390464689409782e+03 9.902945994000876828e-01
4.018411362404483953e+03 9.885654307525498785e-01
4.018432260228237283e+03 1.002977964326961402e+00
4.018453158160669773e+03 1.005515739788903851e+00
4.018474056201782787e+03 9.960851632547945700e-01
4.018494954351575871e+03 1.007260678033506940e+00
4.018515852610050842e+03 1.001530690180379990e+00
4.018536750977207248e+03 9.949430915571417788e-01
4.018557649453045997e+03 9.990699210779648842e-01
4.018578548037567543e+03 9.941419365629475813e-01
4.018599446730772797e+03 1.000442957310740066e+00
4.018620345532662213e+03 9.913384830212181864e-01
4.018641244443235792e+03 1.014289996738309219e+00
4.018662143462494896e+03 1.008359632237670889e+00
4.018683042590439527e+03 1.005545187623914538e+00
4.018703941827070594e+03 9.899635707974433485e-01
4.018724841172388551e+03 9.990395013901841592e-01
4.018745740626393854e+03 1.015619200855524928e+00
4.018766640189087411e+03 9.921936688042746200e-01
4.018787539860469224e+03 9.999740226869420212e-01
4.018808439640540200e+03 9.996385358072155114e-01
4.018829339529301251e+03 9.950987688206692772e-01
4.018850239526752375e+03 9.942969728244519523e-01
4.018871139632894028e+03 9.980204505024493633e-01
4.018892039847727119e+03 1.006488364588421280e+00
4.018912940171252558e+03 1.004924577028013077e+00
4.018933840603470344e+03 9.996698074274552592e-01
4.018954741144380932e+03 1.005342040764535261e+00
4.018975641793985687e+03 9.949422825201463816e-01
4.018996542552284154e+03 9.980280134314059026e-01
4.019017443419277697e+03 1.002828743639246678e+00
4.019038344394966771e+03 1.013345765874763327e+00
4.019059245479351375e+03 1.002157349464467107e+00
4.019080146672432875e+03 1.000787945161805803e+00
4.019101047974210815e+03 1.001394049535937469e+00
4.019121949384687014e+03 9.974934313537542341e-01
4.019142850903861017e+03 1.001060207651502054e+00
4.019163752531733735e+03 1.016711943170864441e+00
4.019184654268306076e+03 9.949587302080574736e-01
4.019205556113578041e+03 9.898429355422936338e-01
4.019226458067550539e+03 1.006001491936322934e+00
4.019247360130224024e+03 1.006939575600124481e+00
4.019268262301598952e+03 1.001764315015531981e+00
4.019289164581676232e+03 1.002060173178298541e+00
4.019310066970455864e+03 1.003695514849751502e+00
4.019330969467939212e+03 1.003624390299527658e+00
4.019351872074125822e+03 9.948198490329951404e-01
4.019372774789017512e+03 1.001414996845101602e+00
4.019393677612613828e+03 1.010073549761141054e+00
4.019414580544915680e+03 9.963377924070573322e-01
4.019435483585923521e+03 9.970694456734414679e-01
4.019456386735638262e+03 1.005165356257885279e+00
4.019477289994059902e+03 1.000477134882756802e+00
4.019498193361189351e+03 9.942344055929174251e-01
4.019519096837027519e+03 9.996575506139031564e-01
4.019540000421574405e+03 1.004671792747022119e+00
4.019560904114830464e+03 9.993080318102580684e-01
4.019581807916797061e+03 1.006542256853503181e+00
4.019602711827474195e+03 1.009756197487064577e+00
4.019623615846862322e+03 9.989743617600077563e-01
4.019644519974962350e+03 1.002975733320992768e+00
4.019665424211774280e+03 1.006092238057083366e+00
4.019686328557299476e+03 1.000220735429661278e+00
4.019707233011537937e+03 1.006320384583154981e+00
4.019728137574490574e+03 1.006613437083893281e+00
4.019749042246157842e+03 1.000400820894000509e+00
4.019769947026540194e+03 9.902798136234469695e-01
4.019790851915638086e+03 9.991335933634966082e-01
4.019811756913452427e+03 1.002517103968904699e+00
4.019832662019983673e+03 1.004882181205654756e+00
4.019853567235231822e+03 1.009402787928606493e+00
4.019874472559198693e+03 1.002584294972037160e+00
4.019895377991883379e+03 9.998042326906211308e-01
4.019916283533287697e+03 9.974873039588917356e-01
4.019937189183411192e+03 1.002276483798524742e+00
4.019958094942255229e+03 1.007425857729381979e+00
4.019979000809819809e+03 9.989406802206796110e-01
4.019999906786106294e+03 1.000240050904036559e+00
4.020020812871114231e+03 1.006902368659639446e+00
4.020041719064844528e+03 1.006965950508249552e+00
4.020062625367298097e+03 1.005412795376783519e+00
4.020083531778475390e+03 1.002367955734765337e+00
4.020104438298376863e+03 1.011830029337821735e+00
4.020125344927002971e+03 1.001379331276831985e+00
4.020146251664354622e+03 9.955066913365239190e-01
4.020167158510431818e+03 9.943650615035096729e-01
4.020188065465235468e+03 1.001167366800095992e+00
4.020208972528766481e+03 1.017399595933160095e+00
4.020229879701024856e+03 1.002704960389813715e+00
4.020250786982011050e+03 9.952694898608972496e-01
4.020271694371726426e+03 9.998432981510826378e-01
4.020292601870170984e+03 9.899880970107551859e-01
4.020313509477345178e+03 9.958995227840218289e-01
4.020334417193249919e+03 1.010472066904752886e+00
4.020355325017885662e+03 1.001184563363271218e+00
4.020376232951252859e+03 9.941960604006080393e-01
4.020397140993352423e+03 9.968001654665296085e-01
4.020418049144184351e+03 9.963888343141819037e-01
4.020438957403749555e+03 1.002246969771615204e+00
4.020459865772048488e+03 9.992262270348157838e-01
4.020480774249082060e+03 9.915237826614832217e-01
4.020501682834850271e+03 1.002737848363183693e+00
4.020522591529354031e+03 9.986744729692506040e-01
4.020543500332593794e+03 1.002718542612877961e+00
4.020564409244570470e+03 9.935298259908857954e-01
4.020585318265284059e+03 9.929590198747768603e-01
4.020606227394735470e+03 9.923831767411978033e-01
4.020627136632925158e+03 9.958542533102340277e-01
4.020648045979853578e+03 9.969244741465719262e-01
4.020668955435522093e+03 9.989651764783086252e-01
4.020689864999929796e+03 9.893257965431000445e-01
4.020710774673078504e+03 1.009759921804643801e+00
4.020731684454968672e+03 1.013430908573149880e+00
4.020752594345599846e+03 9.943970379053964637e-01
4.020773504344973844e+03 9.868509431632380702e-01
4.020794414453090667e+03 1.003033628254623721e+00
4.020815324669950769e+03 1.000571623553078826e+00
4.020836234995554605e+03 1.010212622872749710e+00
4.020857145429903085e+03 9.907459595441617806e-01
4.020878055972997117e+03 9.920747362857404994e-01
4.020898966624836248e+03 1.001326034258998243e+00
4.020919877385421842e+03 9.948005796807048995e-01
4.020940788254754352e+03 9.953263159046273900e-01
4.020961699232834235e+03 9.967508251406188569e-01
4.020982610319661944e+03 9.999139915049601868e-01
4.021003521515237935e+03 9.967689668054240393e-01
4.021024432819563572e+03 9.899187279258284677e-01
4.021045344232638399e+03 1.002794555706017166e+00
4.021066255754463327e+03 9.994033776870901997e-01
4.021087167385039265e+03 9.924746854838233379e-01
4.021108079124366668e+03 9.892619751659418315e-01
4.021128990972445536e+03 9.960854184077213569e-01
4.021149902929277232e+03 1.002491076728716068e+00
4.021170814994861757e+03 9.949798611533238191e-01
4.021191727169200021e+03 9.974987607281252666e-01
4.021212639452292478e+03 9.907301013951214097e-01
4.021233551844139129e+03 9.888944049045661489e-01
4.021254464344741791e+03 9.854154261666894232e-01
4.021275376954100011e+03 9.895339743947609845e-01
4.021296289672214243e+03 9.967911137891275475e-01
4.021317202499085852e+03 1.004098292587758845e+00
4.021338115434715291e+03 9.967747745093009648e-01
4.021359028479102562e+03 9.899494063849296754e-01
4.021379941632248119e+03 9.951652578226825030e-01
4.021400854894153326e+03 1.001355515964791332e+00
4.021421768264818638e+03 9.958498425685461397e-01
4.021442681744244055e+03 9.936247443228549692e-01
4.021463595332430032e+03 9.961676820281017974e-01
4.021484509029377932e+03 9.930895478101707807e-01
4.021505422835087757e+03 9.945581678967417849e-01
4.021526336749560414e+03 9.967250838269775537e-01
4.021547250772795906e+03 9.950587048844672378e-01
4.021568164904795594e+03 9.985638842736274112e-01
4.021589079145559481e+03 1.003038956567070095e+00
4.021609993495088020e+03 9.992311435920500085e-01
4.021630907953382575e+03 1.010959996936518612e+00
4.021651822520442693e+03 1.006082595567981297e+00
4.021672737196269281e+03 1.000594182160492007e+00
4.021693651980863706e+03 9.822666650540652356e-01
4.021714566874225056e+03 9.804387155522562569e-01
4.021735481876355152e+03 9.921728701863843369e-01
4.021756396987253993e+03 9.963250368424911851e-01
4.021777312206922488e+03 9.978886697396657235e-01
4.021798227535360638e+03 9.962134534502478100e-01
4.021819142972569807e+03 9.934383161323148137e-01
4.021840058518549540e+03 9.819038730562564821e-01
4.021860974173301202e+03 1.001630237246904809e+00
4.021881889936825246e+03 1.003375840638123018e+00
4.021902805809122128e+03 9.867649529946556086e-01
4.021923721790192303e+03 9.832263063359975019e-01
4.021944637880036225e+03 9.984734432619479794e-01
4.021965554078654804e+03 9.961155602822442390e-01
4.021986470386048495e+03 9.962884427555251943e-01
4.022007386802217752e+03 9.941223819487166047e-01
4.022028303327163485e+03 9.937088436872940633e-01
4.022049219960885694e+03 9.986777984997085023e-01
4.022070136703385288e+03 9.804760062668399501e-01
4.022091053554663176e+03 9.772172460563194329e-01
4.022111970514719360e+03 9.894281127050427171e-01
4.022132887583554293e+03 9.908588469565405843e-01
4.022153804761168885e+03 9.854971963675458468e-01
4.022174722047564046e+03 9.925824706374024586e-01
4.022195639442739775e+03 9.916256573189792256e-01
4.022216556946696528e+03 9.857351855353391201e-01
4.022237474559435213e+03 9.783071460377179562e-01
4.022258392280956741e+03 9.864729408949138856e-01
4.022279310111261111e+03 9.932314976967787645e-01
4.022300228050348778e+03 1.001396510549342089e+00
4.022321146098220652e+03 9.882313499001862400e-01
4.022342064254877187e+03 9.908318359507806150e-01
4.022362982520319292e+03 9.868935515178223206e-01
4.022383900894546969e+03 9.920098188698420749e-01
4.022404819377561125e+03 9.896206401964600108e-01
4.022425737969362217e+03 9.916870083152551363e-01
4.022446656669951153e+03 9.841694714185680315e-01
4.022467575479327934e+03 9.920159711679520376e-01
4.022488494397493469e+03 9.924650196922515377e-01
4.022509413424447757e+03 9.952740978394933880e-01
4.022530332560192164e+03 9.898470859591490534e-01
4.022551251804727144e+03 9.838068918075605351e-01
4.022572171158052697e+03 9.981902834881564157e-01
4.022593090620170187e+03 9.957105117743053624e-01
4.022614010191079160e+03 9.903918092529856443e-01
4.022634929870781434e+03 9.781788734127819795e-01
4.022655849659276100e+03 9.824485101107360840e-01
4.022676769556564977e+03 9.864517831605591480e-01
4.022697689562648520e+03 9.785320779606861974e-01
4.022718609677526274e+03 9.942098689782367105e-01
4.022739529901199603e+03 9.814826063534113354e-01
4.022760450233669417e+03 9.831858782976452549e-01
4.022781370674935260e+03 9.884230024791996749e-01
4.022802291224998498e+03 9.833728133934811488e-01
4.022823211883859585e+03 9.730722030713884196e-01
4.022844132651518976e+03 9.822107282041105947e-01
4.022865053527976670e+03 9.873076304779606627e-01
4.022885974513234487e+03 9.827777117683337282e-01
4.022906895607291972e+03 9.886703472868592080e-01
4.022927816810149579e+03 9.787291916201905639e-01
4.022948738121808674e+03 9.751589017310227092e-01
4.022969659542269710e+03 9.850367118786420573e-01
4.022990581071532688e+03 9.917908278823664991e-01
4.023011502709598517e+03 9.899914558296155631e-01
4.023032424456467652e+03 9.840889219740470706e-01
4.023053346312141002e+03 9.821738017037137114e-01
4.023074268276618568e+03 9.833995345685115907e-01
4.023095190349901259e+03 9.802260892216902999e-01
4.023116112531989529e+03 9.828729143446861549e-01
4.023137034822883834e+03 9.770893453245306226e-01
4.023157957222585537e+03 9.740362856010402748e-01
4.023178879731094185e+03 9.788197276396709556e-01
4.023199802348410685e+03 9.678601365125139022e-01
4.023220725074535494e+03 9.827239212542766555e-01
4.023241647909469521e+03 9.818413670573545859e-01
4.023262570853213219e+03 9.761293786653343352e-01
4.023283493905767045e+03 9.795229030554190031e-01
4.023304417067131453e+03 9.829398321356992430e-01
4.023325340337307352e+03 9.893858898910959931e-01
4.023346263716295198e+03 9.692553229264545545e-01
4.023367187204094989e+03 9.630124937561411747e-01
4.023388110800708091e+03 9.715402379177180414e-01
4.023409034506134958e+03 9.736333815153256355e-01
4.023429958320375590e+03 9.672886262278390657e-01
4.023450882243430897e+03 9.811854429238617836e-01
4.023471806275301788e+03 9.839325004485084403e-01
4.023492730415988262e+03 9.745433460823726968e-01
4.023513654665491231e+03 9.654338513173820191e-01
4.023534579023811148e+03 9.683238553461227527e-01
4.023555503490948468e+03 9.737760360948358729e-01
4.023576428066904100e+03 9.723020719212047691e-01
4.023597352751678045e+03 9.693726889424253423e-01
4.023618277545271667e+03 9.720911203451640947e-01
4.023639202447684511e+03 9.669098203975040606e-01
4.023660127458917941e+03 9.678359017847751877e-01
4.023681052578972412e+03 9.617879401764279912e-01
4.023701977807848380e+03 9.643077149333940667e-01
4.023722903145546297e+03 9.562340436692817747e-01
4.023743828592066620e+03 9.648566144294584701e-01
4.023764754147410258e+03 9.679315407635521451e-01
4.023785679811577666e+03 9.657277540434532348e-01
4.023806605584569752e+03 9.641716231788028946e-01
4.023827531466386063e+03 9.567025560487453228e-01
4.023848457457028417e+03 9.516456377837170244e-01
4.023869383556496359e+03 9.597743268075968892e-01
4.023890309764791255e+03 9.565233743621218698e-01
4.023911236081912648e+03 9.517759095662489122e-01
4.023932162507862358e+03 9.577700376425477558e-01
4.023953089042639931e+03 9.497261847425977344e-01
4.023974015686246730e+03 9.530008889309988795e-01
4.023994942438682756e+03 9.609297175710601602e-01
4.024015869299948918e+03 9.550415873445169401e-01
4.024036796270045215e+03 9.512085036796414927e-01
4.024057723348973013e+03 9.587413666194222195e-01
4.024078650536732312e+03 9.613865022073492250e-01
4.024099577833323565e+03 9.480038201734578562e-01
4.024120505238748137e+03 9.497049319285517655e-01
4.024141432753005574e+03 9.469756667681082929e-01
4.024162360376097240e+03 9.417712722860811514e-01
4.024183288108023135e+03 9.376877081971441985e-01
4.024204215948784622e+03 9.414173183831940905e-01
4.024225143898381248e+03 9.281918014982630805e-01
4.024246071956814376e+03 9.319193655811817134e-01
4.024267000124084007e+03 9.406657562248104121e-01
4.024287928400191049e+03 9.318031974944065432e-01
4.024308856785135958e+03 9.389924140934279295e-01
4.024329785278919644e+03 9.310821760702246985e-01
4.024350713881542106e+03 9.360624973565321305e-01
4.024371642593003799e+03 9.153883137301513928e-01
4.024392571413306086e+03 9.128170063189549044e-01
4.024413500342448970e+03 9.301416347094774162e-01
4.024434429380433357e+03 9.272251008172545106e-01
4.024455358527259250e+03 9.242913952655841259e-01
4.024476287782928011e+03 9.238491716052116276e-01
4.024497217147439187e+03 9.257619975105099153e-01
4.024518146620794596e+03 9.259208285721520770e-01
4.024539076202993328e+03 9.192702097405899275e-01
4.024560005894037204e+03 9.261732602368301093e-01
4.024580935693926676e+03 9.263825635879369136e-01
4.024601865602661292e+03 9.164080545148427515e-01
4.024622795620242869e+03 9.109847550510947745e-01
4.024643725746670953e+03 9.213175296800490965e-01
4.024664655981946453e+03 9.223553345057202701e-01
4.024685586326070279e+03 9.062762672939308484e-01
4.024706516779042886e+03 9.051802000878105270e-01
4.024727447340864728e+03 9.000847566803721334e-01
4.024748378011536261e+03 9.010808069023333866e-01
4.024769308791057938e+03 9.069420330128643570e-01
4.024790239679430670e+03 9.012042202686488812e-01
4.024811170676654910e+03 9.016972810429634277e-01
4.024832101782731115e+03 8.930982537321817682e-01
4.024853032997660193e+03 9.057082472238723314e-01
4.024873964321442145e+03 8.955109773966385411e-01
4.024894895754077879e+03 8.946482193420927098e-01
4.024915827295567851e+03 8.923970362337479978e-01
4.024936758945912970e+03 8.887877410320068616e-01
4.024957690705113237e+03 8.993718451663416102e-01
4.024978622573169559e+03 8.886982742175795202e-01
4.024999554550082848e+03 8.895149697160588120e-01
4.025020486635852649e+03 8.869250232643376419e-01
4.025041418830480779e+03 8.885830320385007530e-01
4.025062351133966786e+03 8.871113679053649337e-01
4.025083283546311577e+03 8.776586099179244371e-01
4.025104216067516063e+03 8.861630872962955596e-01
4.025125148697580244e+03 8.809664573934763432e-01
4.025146081436505028e+03 8.862753741615970737e-01
4.025167014284291326e+03 8.827254682972497379e-01
4.025187947240938684e+03 8.769670702007953400e-01
4.025208880306448464e+03 8.748487154244710684e-01
4.025229813480821122e+03 8.757594290757277911e-01
4.025250746764057112e+03 8.695898614137033134e-01
4.025271680156157345e+03 8.691859597952614758e-01
4.025292613657121819e+03 8.731028533669412672e-01
4.025313547266951446e+03 8.688692308954268917e-01
4.025334480985646223e+03 8.590286632178721904e-01
4.025355414813207517e+03 8.545627403959711321e-01
4.025376348749635781e+03 8.536451227267641828e-01
4.025397282794931471e+03 8.575260765258593265e-01
4.025418216949094585e+03 8.522272690832036757e-01
4.025439151212126490e+03 8.529756871228385551e-01
4.025460085584027183e+03 8.550122723962459981e-01
4.025481020064797576e+03 8.552078571393221251e-01
4.025501954654438123e+03 8.432303884939893468e-01
4.025522889352949733e+03 8.433797570798158283e-01
4.025543824160331951e+03 8.410929954419092969e-01
4.025564759076586597e+03 8.409006592693102355e-01
4.025585694101713671e+03 8.279099980043753693e-01
4.025606629235713172e+03 8.406161946377681549e-01
4.025627564478586919e+03 8.390235337839789809e-01
4.025648499830334458e+03 8.330236228781184860e-01
4.025669435290956699e+03 8.295599895420652237e-01
4.025690370860454095e+03 8.277994749910461136e-01
4.025711306538827557e+03 8.328553541810559402e-01
4.025732242326077085e+03 8.277831179370634951e-01
4.025753178222203587e+03 8.215778278134251433e-01
4.025774114227207974e+03 8.237092033864396035e-01
4.025795050341090246e+03 8.227982280084394917e-01
4.025815986563851311e+03 8.278189010283227844e-01
4.025836922895491170e+03 8.212288144879011931e-01
4.025857859336011188e+03 8.165305704778096363e-01
4.025878795885411364e+03 8.126502424093537957e-01
4.025899732543692608e+03 8.126744369315100913e-01
4.025920669310855374e+03 8.055653974025159814e-01
4.025941606186900117e+03 8.121174371163445427e-01
4.025962543171827292e+03 8.126615205479623683e-01
4.025983480265638264e+03 8.037388430510258308e-01
4.026004417468332122e+03 8.044894855437195735e-01
4.026025354779911140e+03 8.089921136477427055e-01
4.026046292200374410e+03 8.049967710163242751e-01
4.026067229729723294e+03 7.945039990885665038e-01
4.026088167367958249e+03 7.951654975934270286e-01
4.026109105115079728e+03 7.991012934674419643e-01
4.026130042971088642e+03 7.958618297160415800e-01
4.026150980935984990e+03 7.978219945908511246e-01
4.026171919009769681e+03 7.984199866250576427e-01
4.026192857192443171e+03 7.964456513820697969e-01
4.026213795484005914e+03 7.945522293875155739e-01
4.026234733884458819e+03 7.964048513906341054e-01
4.026255672393802342e+03 7.940347777869506407e-01
4.026276611012036938e+03 7.950366518303835228e-01
4.026297549739163060e+03 7.910043194028066882e-01
4.026318488575181618e+03 7.877292135786732041e-01
4.026339427520093068e+03 7.899015792039807415e-01
4.026360366573897409e+03 7.862992013490905929e-01
4.026381305736596005e+03 7.895273497950472397e-01
4.026402245008189311e+03 7.999699977879695112e-01
4.026423184388677328e+03 7.892086414241881176e-01
4.026444123878061419e+03 7.810643582537352136e-01
4.026465063476341584e+03 7.943563449908946916e-01
4.026486003183518278e+03 7.949767787253856355e-01
4.026506942999592411e+03 7.903255104199232717e-01
4.026527882924564437e+03 7.941503693953112508e-01
4.026548822958434812e+03 7.922146949596757803e-01
4.026569763101204444e+03 7.831771851505217041e-01
4.026590703352873788e+03 7.871178408223170608e-01
4.026611643713443300e+03 7.964384565834005114e-01
4.026632584182913433e+03 7.964580885448468983e-01
4.026653524761284643e+03 7.943701263067832752e-01
4.026674465448557839e+03 7.937534668446767361e-01
4.026695406244733476e+03 7.861110634010456399e-01
4.026716347149812464e+03 7.823435889758356687e-01
4.026737288163794801e+03 7.912639057084298599e-01
4.026758229286680944e+03 7.902252299711284289e-01
4.026779170518472256e+03 7.923527047231213594e-01
4.026800111859168737e+03 7.924811247846138551e-01
4.026821053308770843e+03 8.009047031312261922e-01
4.026841994867279482e+03 8.058364146600429656e-01
4.026862936534695109e+03 8.049029508721901038e-01
4.026883878311018179e+03 8.040786490215026117e-01
4.026904820196249148e+03 8.027625017386913475e-01
4.026925762190389378e+03 8.070948890274405318e-01
4.026946704293438415e+03 8.119831403855083396e-01
4.026967646505397170e+03 8.151417681496332390e-01
4.026988588826266550e+03 8.100757295100532440e-01
4.027009531256047012e+03 8.214006993375183585e-01
4.027030473794738555e+03 8.160991009533075102e-01
4.027051416442342543e+03 8.106464543149377588e-01
4.027072359198858976e+03 8.193549331541019054e-01
4.027093302064288309e+03 8.187566195877837849e-01
4.027114245038631907e+03 8.164276702827499843e-01
4.027135188121889769e+03 8.237381030272348248e-01
4.027156131314062350e+03 8.263210078697276195e-01
4.027177074615150104e+03 8.343708559703927330e-01
4.027198018025154397e+03 8.380116667568766609e-01
4.027218961544075228e+03 8.403567046157673914e-01
4.027239905171913051e+03 8.376325435374206707e-01
4.027260848908668777e+03 8.476068424772046361e-01
4.027281792754342405e+03 8.335858008279052322e-01
4.027302736708935299e+03 8.422293315477880071e-01
4.027323680772447460e+03 8.495808074136307342e-01
4.027344624944879797e+03 8.452758496430994306e-01
4.027365569226232310e+03 8.453668516338742611e-01
4.027386513616506363e+03 8.498502986588967190e-01
4.027407458115701957e+03 8.573516056140340069e-01
4.027428402723819545e+03 8.681033997119809165e-01
4.027449347440860492e+03 8.597338476691018805e-01
4.027470292266824345e+03 8.646553455603768201e-01
4.027491237201712465e+03 8.728657179414970324e-01
4.027512182245524855e+03 8.689536506322296239e-01
4.027533127398262423e+03 8.718968604469478079e-01
4.027554072659926078e+03 8.734321076204997203e-01
4.027575018030515366e+03 8.685978888867391667e-01
4.027595963510031652e+03 8.681296421856642409e-01
4.027616909098475389e+03 8.756011770515885750e-01
4.027637854795847034e+03 8.877920138162945785e-01
4.027658800602147039e+03 8.777720932277095489e-01
4.027679746517376316e+03 8.859963490616474813e-01
4.027700692541535318e+03 8.832926570939850786e-01
4.027721638674624046e+03 8.828797421081017172e-01
4.027742584916643864e+03 8.949565209579899427e-01
4.027763531267594772e+03 9.034333067216078206e-01
4.027784477727477679e+03 9.033857652531159799e-01
4.027805424296293040e+03 9.053949860433961883e-01
4.027826370974041765e+03 8.983491623967345685e-01
4.027847317760723854e+03 8.981053099831739495e-01
4.027868264656339761e+03 8.971661587331748455e-01
4.027889211660890851e+03 9.149252438202353233e-01
4.027910158774377123e+03 9.114499582913784259e-01
4.027931105996799033e+03 9.050052773724949207e-01
4.027952053328157490e+03 8.998900894618556690e-01
4.027973000768452948e+03 9.117662728020298202e-01
4.027993948317685863e+03 9.259686700793169356e-01
4.028014895975857144e+03 9.251713524307112468e-01
4.028035843742966790e+03 9.190488049193199505e-01
4.028056791619016167e+03 9.120216052756384695e-01
4.028077739604004819e+03 9.302476835773486608e-01
4.028098687697934110e+03 9.225377517758064361e-01
4.028119635900804496e+03 9.173856986367380228e-01
4.028140584212616432e+03 9.294930188688812489e-01
4.028161532633370371e+03 9.225044506447871440e-01
4.028182481163066768e+03 9.238631398057998156e-01
4.028203429801706534e+03 9.225614508323570773e-01
4.028224378549290122e+03 9.323001257589963453e-01
4.028245327405817989e+03 9.434591430274731350e-01
4.028266276371290587e+03 9.355727507028783752e-01
4.028287225445709282e+03 9.450497715052791348e-01
4.028308174629073619e+03 9.377841914988767069e-01
4.028329123921384507e+03 9.400721025396568953e-01
4.028350073322642402e+03 9.431622058214182980e-01
4.028371022832848666e+03 9.384436134235522031e-01
4.028391972452002847e+03 9.370393141980222218e-01
4.028412922180105852e+03 9.401348377215057450e-01
4.028433872017158592e+03 9.348581942773722675e-01
4.028454821963161066e+03 9.385202275510435843e-01
4.028475772018114185e+03 9.535962606418496579e-01
4.028496722182018857e+03 9.485951277469802934e-01
4.028517672454874628e+03 9.473896481701717942e-01
4.028538622836682862e+03 9.558996803906767425e-01
4.028559573327444468e+03 9.689284477518095295e-01
4.028580523927158993e+03 9.475827197363627663e-01
4.028601474635827344e+03 9.530489835423215927e-01
4.028622425453450887e+03 9.607696916565975354e-01
4.028643376380029167e+03 9.569589639726471253e-01
4.028664327415563093e+03 9.664068310811892992e-01
4.028685278560053121e+03 9.751111284144071689e-01
4.028706229813500158e+03 9.650348377691009283e-01
4.028727181175904661e+03 9.713061011894106311e-01
4.028748132647267084e+03 9.748370907024297427e-01
4.028769084227587882e+03 9.724882538323075254e-01
4.028790035916867964e+03 9.694821521226606453e-01
4.028810987715107785e+03 9.687477820631987813e-01
4.028831939622307345e+03 9.745460231367473192e-01
4.028852891638468009e+03 9.884443585116514663e-01
4.028873843763590230e+03 9.936025898447877758e-01
4.028894795997674009e+03 9.795827821108459288e-01
4.028915748340720711e+03 9.625188346062973910e-01
4.028936700792729880e+03 9.674286246190380023e-01
4.028957653353703336e+03 9.892985481381931789e-01
4.028978606023640623e+03 9.742268484947395057e-01
4.028999558802542651e+03 9.739567034537548462e-01
4.029020511690409876e+03 9.750172146604486612e-01
4.029041464687243206e+03 9.750902778822860828e-01
4.029062417793042641e+03 9.738654311940529995e-01
4.029083371007809546e+03 9.711090575983267748e-01
4.029104324331543921e+03 9.732457126244685730e-01
4.029125277764246221e+03 9.802274365767336128e-01
4.029146231305917354e+03 9.823178902025343495e-01
4.029167184956557776e+03 9.785711272602265476e-01
4.029188138716168396e+03 9.774659595543810919e-01
4.029209092584749214e+03 9.837305741515719459e-01
4.029230046562300686e+03 9.804092355862021879e-01
4.029251000648824174e+03 9.703579431609714590e-01
4.029271954844319225e+03 9.887767700235847723e-01
4.029292909148787658e+03 9.833618944020092734e-01
4.029313863562229017e+03 9.795698125656003841e-01
4.029334818084644212e+03 9.818463383193999361e-01
4.029355772716033698e+03 9.764095297754507019e-01
4.029376727456397930e+03 9.761634256609517113e-01
4.029397682305738272e+03 9.829773489761723937e-01
4.029418637264054269e+03 9.856469803606178193e-01
4.029439592331346830e+03 9.849489970055754773e-01
4.029460547507616866e+03 9.785872731213625109e-01
4.029481502792864831e+03 9.915106951427014037e-01
4.029502458187090724e+03 9.927356164390698234e-01
4.029523413690295911e+03 9.703074945679641683e-01
4.029544369302480391e+03 9.722880611753201840e-01
4.029565325023645073e+03 9.862022883381716953e-01
4.029586280853790413e+03 9.864406103645215751e-01
4.029607236792916865e+03 9.808923180505683126e-01
4.029628192841024884e+03 9.771011048577987745e-01
4.029649148998115379e+03 9.880166543792588962e-01
4.029670105264188805e+03 9.890036795444366868e-01
4.029691061639245618e+03 9.688517319576130937e-01
4.029712018123286271e+03 9.870717201775818239e-01
4.029732974716311674e+03 9.816518807659694312e-01
4.029753931418322281e+03 9.919470333103266313e-01
4.029774888229318549e+03 9.951163092431544177e-01
4.029795845149301385e+03 9.917224773836018636e-01
4.029816802178270791e+03 9.920617297816767266e-01
4.029837759316227675e+03 9.931077212502814611e-01
4.029858716563172493e+03 9.963770325223080260e-01
4.029879673919106153e+03 9.896483934894194645e-01
4.029900631384028657e+03 9.962261455286726131e-01
4.029921588957940912e+03 9.989857107214532572e-01
4.029942546640843375e+03 9.825370418235490622e-01
4.029963504432736499e+03 9.819272776526367652e-01
4.029984462333621195e+03 9.824052181543074802e-01
4.030005420343497917e+03 9.874907815629878627e-01
4.030026378462367120e+03 9.958865328696777652e-01
4.030047336690229258e+03 9.949390052435086451e-01
4.030068295027085242e+03 9.859392154679939013e-01
4.030089253472935525e+03 9.806921878506311696e-01
4.030110212027780562e+03 9.815386743512980461e-01
4.030131170691620810e+03 9.879838905527912329e-01
4.030152129464457175e+03 9.970810563190448672e-01
4.030173088346289660e+03 9.706531987015705187e-01
4.030194047337119628e+03 9.820574827238597315e-01
4.030215006436947078e+03 9.814078525929957886e-01
4.030235965645772467e+03 9.859616387742509147e-01
4.030256924963597157e+03 9.887139492234970906e-01
4.030277884390420695e+03 9.875703578629659862e-01
4.030298843926244444e+03 9.892324691529315039e-01
4.030319803571068405e+03 9.849830821825067417e-01
4.030340763324893487e+03 9.822543626712388898e-01
4.030361723187720145e+03 9.825969793715965128e-01
4.030382683159548833e+03 9.667241387472013114e-01
4.030403643240380461e+03 9.921908847463524195e-01
4.030424603430215029e+03 9.923485404788289221e-01
4.030445563729053902e+03 9.970638780646422505e-01
4.030466524136897078e+03 9.910366727122710273e-01
4.030487484653745014e+03 9.951606333478717481e-01
4.030508445279599073e+03 9.996689264387226270e-01
4.030529406014458800e+03 9.923994027946189123e-01
4.030550366858325106e+03 9.952268600239592145e-01
4.030571327811198898e+03 1.002962456822067416e+00
4.030592288873080633e+03 9.934125608203694391e-01
4.030613250043970766e+03 9.901244906398319889e-01
4.030634211323869749e+03 9.983897878268127579e-01
4.030655172712778040e+03 9.849486999294827516e-01
4.030676134210696546e+03 9.954634799152961566e-01
4.030697095817625723e+03 9.937728834630802366e-01
4.030718057533566480e+03 9.948352511257751996e-01
4.030739019358518817e+03 9.886365826360821174e-01
4.030759981292483189e+03 9.884509958185764278e-01
4.030780943335460961e+03 1.000719816255855932e+00
4.030801905487452132e+03 9.995308415100901955e-01
4.030822867748457156e+03 1.002157503600816568e+00
4.030843830118476944e+03 1.003438649023151719e+00
4.030864792597511951e+03 9.882982356751804920e-01
4.030885755185562630e+03 9.965524682332531636e-01
4.030906717882629891e+03 1.000558328808145880e+00
4.030927680688713735e+03 9.865093215155086304e-01
4.030948643603815071e+03 9.956968372167182002e-01
4.030969606627934354e+03 1.002762458522334255e+00
4.030990569761072493e+03 9.841698382501600229e-01
4.031011533003229943e+03 9.794841271097285418e-01
4.031032496354406703e+03 9.942211651745737067e-01
4.031053459814604139e+03 9.917160859897707903e-01
4.031074423383822250e+03 9.902655602243238819e-01
4.031095387062061945e+03 9.799225824585834355e-01
4.031116350849323226e+03 9.889676753161389389e-01
4.031137314745607455e+03 9.878889368114434077e-01
4.031158278750914633e+03 9.991749551647307603e-01
4.031179242865245669e+03 9.984620732804445620e-01
4.031200207088601019e+03 9.843108017755767269e-01
4.031221171420981136e+03 9.814228704365348666e-01
4.031242135862386476e+03 9.893236676980645683e-01
4.031263100412817948e+03 9.928914150676864114e-01
4.031284065072276007e+03 9.891899725583945813e-01
4.031305029840761108e+03 9.915130273201677724e-01
4.031325994718274160e+03 1.016024280843912608e+00
4.031346959704815163e+03 1.000531008710350056e+00
4.031367924800385026e+03 9.988948072005487955e-01
4.031388890004984205e+03 9.893331594725836009e-01
4.031409855318613154e+03 9.932358433647742180e-01
4.031430820741272782e+03 1.007630469648782334e+00
4.031451786272963545e+03 1.001462034276346502e+00
4.031472751913685897e+03 9.960341700303918522e-01
4.031493717663440748e+03 9.975549414729927289e-01
4.031514683522228097e+03 1.002046745463511801e+00
4.031535649490048854e+03 1.010027125407755966e+00
4.031556615566903474e+03 9.948857945831548477e-01
4.031577581752792412e+03 9.920347927082173722e-01
4.031598548047716577e+03 9.988852405068598950e-01
4.031619514451676423e+03 1.002419563964851212e+00
4.031640480964671951e+03 9.968311784396635122e-01
4.031661447586704980e+03 9.769678183106639269e-01
4.031682414317774601e+03 9.851241831671551097e-01
4.031703381157882632e+03 9.946703903804701152e-01
4.031724348107029073e+03 9.864418658563074427e-01
4.031745315165214379e+03 9.856464075602061614e-01
4.031766282332439005e+03 9.922925739087182784e-01
4.031787249608704315e+03 9.887587900529615226e-01
4.031808216994009854e+03 9.922588121939206474e-01
4.031829184488356987e+03 1.001989194521320625e+00
4.031850152091745713e+03 9.898304332733262045e-01
4.031871119804176942e+03 1.001492226495384275e+00
4.031892087625651129e+03 9.832274555808983019e-01
4.031913055556169184e+03 9.947873418925797795e-01
4.031934023595731105e+03 9.865391072901871228e-01
4.031954991744337804e+03 9.935314191287674124e-01
4.031975960001989733e+03 1.006235750786921956e+00
4.031996928368687350e+03 1.001193615233064937e+00
4.032017896844431561e+03 9.950050778097755400e-01
4.032038865429222369e+03 9.923574930897388624e-01
4.032059834123061137e+03 1.004087672168619827e+00
4.032080802925947410e+03 1.017066189962069656e+00
4.032101771837883007e+03 9.835107564942063840e-01
4.032122740858867473e+03 9.925275226776871795e-01
4.032143709988901719e+03 9.991586175036555328e-01
4.032164679227986198e+03 9.900335296504215732e-01
4.032185648576121821e+03 9.998340601843475062e-01
4.032206618033309041e+03 1.000719571418761777e+00
4.032227587599547860e+03 9.950982797144463099e-01
4.032248557274839641e+03 9.901295948372025313e-01
4.032269527059184838e+03 9.838101790021696047e-01
4.032290496952583453e+03 9.885745459066315188e-01
4.032311466955036394e+03 9.929466812787641761e-01
4.032332437066544117e+03 9.948354544115164400e-01
4.032353407287107530e+03 9.914798577466762408e-01
4.032374377616727088e+03 9.906500852233217636e-01
4.032395348055403247e+03 9.921339450012875982e-01
4.032416318603136006e+03 9.981338117116003161e-01
4.032437289259927184e+03 9.872467501510140409e-01
4.032458260025776326e+03 9.905800817131890090e-01
4.032479230900684342e+03 9.975307426515415132e-01
4.032500201884651688e+03 9.959282117805686729e-01
4.032521172977679271e+03 9.921164553374264283e-01
4.032542144179767092e+03 9.870552485944774634e-01
4.032563115490916516e+03 9.909093298262310334e-01
4.032584086911127088e+03 9.941339569551177480e-01
4.032605058440400171e+03 9.983370401086553159e-01
4.032626030078736221e+03 1.004893312986240739e+00
4.032647001826135693e+03 9.992765997806294376e-01
4.032667973682598586e+03 1.001087404268695913e+00
4.032688945648126719e+03 1.001151237311945996e+00
4.032709917722719638e+03 9.917006045539376036e-01
4.032730889906378252e+03 9.904809726794291391e-01
4.032751862199103016e+03 9.949846865969533827e-01
4.032772834600894839e+03 9.940541316398866512e-01
4.032793807111753722e+03 9.929545792580536379e-01
4.032814779731680574e+03 9.972381611286273984e-01
4.032835752460675849e+03 1.006044344640218302e+00
4.032856725298740457e+03 1.001108418015000057e+00
4.032877698245874853e+03 9.881553683078696526e-01
4.032898671302079038e+03 9.958980919065282267e-01
4.032919644467354374e+03 1.005613901731373883e+00
4.032940617741700862e+03 9.975854436885602805e-01
4.032961591125118957e+03 9.964910307284430280e-01
4.032982564617610024e+03 9.939257948960107392e-01
4.033003538219174061e+03 1.007555506949686208e+00
4.033024511929811524e+03 1.010057323117071748e+00
4.033045485749522868e+03 9.890812606205521273e-01
4.033066459678309457e+03 9.929363165385600709e-01
4.033087433716171290e+03 1.000858834292479571e+00
4.033108407863108823e+03 9.957945173208825329e-01
4.033129382119122965e+03 1.002003213063838549e+00
4.033150356484213717e+03 9.866849634457253160e-01
4.033171330958382441e+03 9.943516045588831620e-01
4.033192305541629594e+03 9.917127380365154954e-01
4.033213280233954720e+03 1.003058260574939187e+00
4.033234255035359638e+03 9.868733576856553169e-01
4.033255229945844349e+03 9.759068059497111314e-01
4.033276204965409306e+03 9.970230522351682945e-01
4.033297180094055420e+03 1.008558628417609349e+00
4.033318155331783146e+03 9.962379296507001269e-01
4.033339130678592937e+03 9.933843871359564481e-01
4.033360106134485250e+03 9.995476484770169368e-01
4.033381081699460992e+03 9.825415899915487250e-01
4.033402057373520165e+03 9.878358396905230210e-01
4.033423033156664133e+03 9.998382907259067975e-01
4.033444009048892894e+03 9.954100931731294510e-01
4.033464985050207360e+03 9.979290310242977524e-01
4.033485961160607530e+03 1.005204069849349624e+00
4.033506937380094769e+03 9.994379822672813107e-01
4.033527913708669075e+03 9.889064479852311962e-01
4.033548890146330905e+03 9.906119886062009217e-01
4.033569866693081622e+03 9.925974175992916537e-01
4.033590843348920771e+03 9.863328825468427041e-01
4.033611820113849717e+03 9.902053808896656983e-01
4.033632796987868915e+03 1.000480702420680768e+00
4.033653773970978364e+03 1.002490504038742847e+00
4.033674751063178974e+03 9.922563413506346741e-01
4.033695728264471654e+03 9.874508518553395398e-01
4.033716705574856405e+03 9.850918378737764103e-01
4.033737682994334136e+03 9.857869728642538742e-01
4.033758660522905302e+03 9.986985455472355833e-01
4.033779638160570357e+03 1.001183726482718583e+00
4.033800615907330211e+03 9.957006236652472531e-01
4.033821593763185319e+03 9.917790432457750383e-01
4.033842571728136136e+03 9.963311218510836342e-01
4.033863549802183115e+03 1.001599286889436780e+00
4.033884527985327168e+03 9.906021714620502072e-01
4.033905506277568293e+03 9.979477936801529614e-01
4.033926484678907855e+03 1.003120729639762843e+00
4.033947463189345399e+03 9.911576644822117643e-01
4.033968441808882744e+03 9.955641072446590467e-01
4.033989420537519436e+03 9.932370836079810195e-01
4.034010399375256384e+03 9.874333423286919542e-01
4.034031378322094042e+03 1.000237835638675410e+00
4.034052357378033321e+03 1.003316858405123746e+00
4.034073336543074674e+03 9.925929905499034644e-01
4.034094315817218558e+03 9.932216259791323276e-01
4.034115295200465425e+03 1.003299214917424909e+00
4.034136274692815732e+03 1.003447875417907920e+00
4.034157254294270842e+03 9.975650206153084953e-01
4.034178234004830301e+03 1.003208343591891261e+00
4.034199213824495473e+03 1.006829356222564975e+00
4.034220193753266358e+03 9.952827968850287421e-01
4.034241173791143865e+03 9.978735724252699724e-01
4.034262153938128449e+03 1.001682601136694384e+00
4.034283134194220565e+03 9.958471812242186694e-01
4.034304114559421123e+03 9.858830855329906440e-01
4.034325095033730122e+03 9.960118362577546902e-01
4.034346075617148472e+03 9.994539832718215555e-01
4.034367056309677082e+03 9.915967104079465022e-01
4.034388037111315953e+03 9.973771775922847249e-01
4.034409018022065993e+03 9.967598372910488891e-01
4.034429999041927658e+03 9.866615016158881701e-01
4.034450980170901403e+03 1.007120538026516021e+00
4.034471961408988136e+03 1.006248333838486886e+00
4.034492942756187858e+03 1.005042420111651680e+00
4.034513924212501479e+03 9.937802238127730892e-01
4.034534905777929907e+03 9.906435864849920669e-01
4.034555887452473144e+03 9.962370313645417808e-01
4.034576869236132097e+03 9.914400896989034040e-01
4.034597851128907223e+03 9.901741089381043137e-01
4.034618833130798976e+03 9.968814012301974170e-01
4.034639815241807810e+03 9.994720373458237939e-01
4.034660797461934635e+03 1.004942713523259590e+00
4.034681779791179906e+03 1.003069881553999565e+00
4.034702762229544533e+03 9.858178039094297462e-01
4.034723744777028060e+03 9.941415200800995944e-01
4.034744727433632306e+03 1.004603458233021662e+00
4.034765710199356818e+03 1.000666725489069098e+00
4.034786693074202958e+03 1.001448075857011011e+00
4.034807676058170728e+03 9.904206026121971096e-01
4.034828659151261036e+03 9.928550214579622279e-01
4.034849642353474337e+03 1.004877853152166267e+00
4.034870625664811087e+03 1.002704607581027973e+00
4.034891609085271739e+03 9.928236660291127613e-01
4.034912592614857203e+03 9.933228929923951789e-01
4.034933576253567935e+03 9.997637392580601690e-01
4.034954560001404388e+03 1.003703484736397700e+00
4.034975543858367473e+03 1.005801833422432345e+00
4.034996527824457189e+03 1.005012635662617004e+00
4.035017511899674446e+03 1.002534114485880146e+00
4.035038496084020153e+03 9.929945931931164482e-01
4.035059480377494310e+03 9.964923232743495563e-01
4.035080464780097373e+03 9.998598354991860004e-01
4.035101449291830704e+03 9.955442660209715688e-01
4.035122433912693850e+03 9.994446335537682247e-01
4.035143418642688630e+03 9.966403416484000966e-01
4.035164403481814134e+03 9.925664580653394964e-01
4.035185388430072180e+03 1.000573978252444540e+00
4.035206373487462770e+03 9.988205030854094835e-01
4.035227358653986357e+03 9.931462174457167391e-01
4.035248343929643852e+03 1.000925821717604691e+00
4.035269329314435709e+03 9.992984477460298276e-01
4.035290314808362382e+03 9.925721103376815568e-01
4.035311300411424327e+03 9.999330372421080249e-01
4.035332286123622453e+03 9.914094456754215523e-01
4.035353271944957214e+03 9.912367456469730609e-01
4.035374257875429066e+03 9.941079457694407262e-01
4.035395243915038463e+03 9.894040793245298948e-01
4.035416230063786315e+03 9.904596634330716798e-01
4.035437216321673077e+03 1.002269498502625256e+00
4.035458202688699203e+03 1.001305884844515548e+00
4.035479189164865602e+03 9.978797639584332524e-01
4.035500175750172275e+03 9.956205536651451249e-01
4.035521162444620131e+03 9.922969710217041106e-01
4.035542149248209626e+03 9.962304000125205006e-01
4.035563136160941667e+03 9.989586298843191603e-01
4.035584123182816256e+03 9.971988087216304697e-01
4.035605110313834302e+03 9.961975820673792947e-01
4.035626097553996260e+03 9.783438474410632857e-01
4.035647084903303039e+03 9.985670937040145301e-01
4.035668072361754639e+03 1.004749938318938218e+00
4.035689059929351970e+03 9.970492056034463424e-01
4.035710047606095486e+03 9.993283776269764607e-01
4.035731035391986097e+03 9.967923148220476648e-01
4.035752023287023803e+03 9.902504657493265139e-01
4.035773011291209514e+03 9.899169048013813921e-01
4.035793999404543683e+03 1.001993465515816251e+00
4.035814987627027222e+03 1.009103496512605558e+00
4.035835975958660129e+03 9.993034574949631876e-01
4.035856964399443314e+03 9.976140348563689031e-01
4.035877952949377232e+03 1.003439897550946425e+00
4.035898941608462337e+03 9.874980603374148291e-01
4.035919930376699540e+03 9.955748386541442008e-01
4.035940919254089295e+03 9.879625068622623907e-01
4.035961908240632056e+03 9.921448235018935913e-01
4.035982897336328278e+03 1.011393481298922925e+00
4.036003886541178872e+03 9.922742272338190839e-01
4.036024875855184291e+03 9.896124709387121854e-01
4.036045865278344991e+03 1.000249706723319809e+00
4.036066854810661425e+03 1.003254325554378212e+00
4.036087844452134505e+03 9.964866630330644348e-01
4.036108834202764228e+03 9.966100686614196569e-01
4.036129824062551961e+03 1.000839577485886922e+00
4.036150814031497703e+03 1.001766772554650187e+00
4.036171804109601908e+03 1.010756500903281951e+00
4.036192794296865941e+03 9.983297940296304018e-01
4.036213784593289347e+03 9.981563506446075040e-01
4.036234774998873490e+03 9.996749468322461141e-01
4.036255765513618826e+03 9.956661569849298843e-01
4.036276756137525354e+03 1.008765128834478553e+00
4.036297746870593983e+03 1.009204106678095014e+00
4.036318737712825623e+03 1.009522792372360200e+00
4.036339728664220274e+03 9.984784493325973287e-01
4.036360719724778846e+03 9.928516054822456027e-01
4.036381710894501794e+03 9.965309735543278480e-01
4.036402702173389571e+03 9.995386635882427262e-01
4.036423693561443088e+03 1.008800700014565788e+00
4.036444685058662799e+03 1.011509141989493710e+00
4.036465676665049159e+03 1.002443526162008380e+00
4.036486668380602623e+03 1.010803636991596255e+00
4.036507660205324100e+03 9.970888868491802892e-01
4.036528652139213591e+03 1.000829521325099503e+00
4.036549644182272459e+03 9.954678727261521143e-01
4.036570636334500250e+03 9.909614774084759548e-01
4.036591628595898783e+03 1.005421471927144150e+00
4.036612620966467603e+03 1.000986233490996469e+00
4.036633613446207619e+03 1.012468205989683456e+00
4.036654606035119741e+03 1.015344515812457438e+00
4.036675598733203969e+03 1.008338537614046793e+00
4.036696591540460759e+03 1.004328050368376024e+00
4.036717584456891473e+03 1.001995445363318638e+00
4.036738577482496112e+03 1.000852760388735385e+00
4.036759570617275585e+03 1.000794354037906508e+00
4.036780563861230348e+03 1.003791801247528870e+00
4.036801557214360400e+03 1.005687386578226095e+00
4.036822550676667106e+03 1.005506834199757726e+00
4.036843544248150465e+03 1.009182712355565448e+00
4.036864537928811387e+03 1.007809993044831653e+00
4.036885531718650782e+03 9.984201397931332655e-01
4.036906525617668194e+03 9.922796264802947741e-01
4.036927519625864988e+03 1.011651712020447125e+00
4.036948513743241620e+03 9.965301524791962962e-01
4.036969507969798087e+03 9.997082819984208779e-01
4.036990502305535756e+03 1.009903333464253095e+00
4.037011496750455080e+03 1.002415645828675261e+00
4.037032491304556061e+03 1.000822227163393530e+00
4.037053485967840061e+03 1.008582284585857858e+00
4.037074480740306626e+03 1.008526897890769991e+00
4.037095475621957121e+03 1.003085199229152957e+00
4.037116470612792000e+03 1.015009744773171185e+00
4.037137465712811718e+03 1.002287089274955356e+00
4.037158460922016729e+03 1.005526830691346296e+00
4.037179456240407944e+03 9.993473307558981000e-01
4.037200451667985362e+03 1.007029199637781369e+00
4.037221447204750348e+03 1.000743819205927032e+00
4.037242442850702446e+03 1.009513684163053870e+00
4.037263438605843021e+03 1.003765391450995637e+00
4.037284434470172528e+03 1.008374499579185457e+00
4.037305430443691421e+03 1.010442251744097630e+00
4.037326426526400155e+03 9.973178811136540478e-01
4.037347422718299640e+03 9.976335620956929828e-01
4.037368419019389876e+03 1.003617226012425645e+00
4.037389415429672226e+03 1.001838774332920456e+00
4.037410411949146237e+03 1.002141370788776298e+00
4.037431408577813727e+03 9.851244679941543181e-01
4.037452405315673786e+03 9.997925691110230995e-01
4.037473402162728235e+03 9.965207218906337872e-01
4.037494399118977071e+03 1.002736681270331776e+00
4.037515396184421206e+03 1.004296871738824537e+00
4.037536393359060639e+03 1.013126945208670193e+00
4.037557390642896735e+03 1.003493614409100898e+00
4.037578388035929038e+03 9.998282393305104598e-01
4.037599385538158913e+03 9.986013867037665248e-01
4.037620383149586814e+03 1.005064642453396662e+00
4.037641380870213197e+03 1.001253527620538986e+00
4.037662378700038516e+03 9.954021467952780533e-01
4.037683376639063226e+03 1.004842646048256460e+00
4.037704374687288237e+03 1.007760340212165984e+00
4.037725372844714457e+03 1.003365524466488523e+00
4.037746371111341432e+03 1.000490241435324057e+00
4.037767369487170527e+03 9.941754225768507647e-01
4.037788367972201740e+03 1.005316721840429084e+00
4.037809366566436438e+03 1.015691431542541157e+00
4.037830365269874619e+03 1.004099958466114551e+00
4.037851364082516739e+03 9.949400873140745727e-01
4.037872363004363706e+03 1.013109517921296554e+00
4.037893362035415976e+03 1.004625588273245107e+00
4.037914361175674003e+03 1.010051480795923995e+00
4.037935360425138697e+03 1.008252670016739572e+00
4.037956359783810058e+03 9.997474164157829080e-01
4.037977359251688995e+03 1.005365073416361499e+00
4.037998358828776418e+03 1.007488814169073210e+00
4.038019358515072327e+03 1.004644299454992451e+00
4.038040358310577176e+03 1.009681184274426435e+00
4.038061358215292330e+03 1.006080273923933399e+00
4.038082358229217789e+03 9.942691196803995490e-01
4.038103358352354007e+03 9.923500052005936878e-01
4.038124358584701895e+03 9.976138740451966358e-01
4.038145358926261906e+03 1.007798367333396339e+00
4.038166359377034496e+03 1.006893449716662614e+00
4.038187359937020574e+03 9.975935523772548885e-01
4.038208360606220140e+03 1.000072720327943365e+00
4.038229361384634103e+03 1.003063371821393046e+00
4.038250362272263374e+03 1.002004470119509438e+00
4.038271363269107951e+03 1.002776106537355494e+00
4.038292364375168290e+03 1.005947958676090659e+00
4.038313365590445756e+03 1.005575738474598912e+00
4.038334366914939892e+03 1.002641593737757519e+00
4.038355368348652519e+03 1.004854890478266594e+00
4.038376369891582726e+03 1.007325750657281027e+00
4.038397371543732334e+03 9.980075204396061661e-01
4.038418373305101341e+03 9.895717418018744604e-01
4.038439375175690657e+03 1.000419440659068515e+00
4.038460377155500282e+03 1.005029901978198970e+00
4.038481379244531126e+03 1.014409906910979098e+00
4.038502381442783644e+03 1.003965564837529190e+00
4.038523383750258745e+03 9.835462443877537320e-01
4.038544386166956428e+03 9.993540156679190378e-01
4.038565388692877605e+03 1.002013454888191601e+00
4.038586391328023183e+03 1.008350756623753952e+00
4.038607394072393163e+03 1.004801692330331342e+00
4.038628396925988000e+03 1.000198992733255299e+00
4.038649399888809057e+03 1.002098561932328602e+00
4.038670402960856336e+03 1.007603442389684467e+00
4.038691406142130290e+03 1.003502899246112801e+00
4.038712409432631830e+03 9.880419527435678750e-01
4.038733412832360955e+03 9.963956882197625431e-01
4.038754416341319029e+03 1.003501890479485903e+00
4.038775419959506507e+03 9.962732195728454254e-01
4.038796423686923390e+03 1.002173815805158519e+00
4.038817427523570586e+03 9.982401765643763580e-01
4.038838431469448551e+03 1.001201403942997059e+00
4.038859435524557739e+03 9.968709682806210504e-01
4.038880439688899060e+03 9.994232432630816287e-01
4.038901443962473422e+03 1.008501865261715924e+00
4.038922448345280372e+03 9.990015692642710832e-01
4.038943452837321274e+03 9.960938763231556026e-01
4.038964457438596128e+03 1.004351174084015641e+00
4.038985462149105842e+03 1.006526126208915795e+00
4.039006466968851328e+03 1.009599847291912544e+00
4.039027471897832584e+03 1.017267199898028940e+00
4.039048476936050065e+03 1.007970005108326017e+00
4.039069482083505136e+03 9.992314008187791474e-01
4.039090487340197342e+03 1.014181363135935765e+00
4.039111492706128047e+03 9.989797732513948647e-01
4.039132498181297706e+03 1.003683418403155114e+00
4.039153503765706773e+03 1.000376786357901837e+00
4.039174509459355249e+03 1.009639848693149489e+00
4.039195515262244498e+03 9.977351663163813722e-01
4.039216521174374975e+03 1.005727437284849257e+00
4.039237527195747134e+03 1.001046966503572389e+00
4.039258533326361430e+03 1.009336187468159673e+00
4.039279539566218318e+03 1.003200647720117189e+00
4.039300545915318708e+03 9.974992682041593506e-01
4.039321552373663053e+03 1.009670393724777293e+00
4.039342558941251809e+03 1.008044506558062325e+00
4.039363565618085431e+03 1.001607578163904666e+00
4.039384572404165283e+03 1.008358794423522165e+00
4.039405579299490910e+03 1.004827510695226689e+00
4.039426586304063221e+03 9.981761984839216950e-01
4.039447593417882672e+03 1.003988871759212920e+00
4.039468600640950172e+03 1.008062425388878802e+00
4.039489607973266175e+03 1.001163841777571450e+00
4.039510615414831591e+03 1.008781678807596061e+00
4.039531622965645965e+03 1.004040538997374998e+00
4.039552630625711117e+03 1.014214941790986035e+00
4.039573638395026592e+03 1.007871130929486991e+00
4.039594646273593298e+03 1.003472999803026955e+00
4.039615654261412146e+03 1.002233161910422332e+00
4.039636662358483136e+03 1.000282916599683602e+00
4.039657670564807177e+03 1.003657495152416868e+00
4.039678678880385178e+03 9.986130243666986317e-01
4.039699687305217140e+03 9.960856881028778975e-01
4.039720695839303517e+03 1.011303205810089256e+00
4.039741704482645218e+03 1.012751520773972791e+00
4.039762713235243154e+03 1.000573501036366997e+00
4.039783722097097325e+03 1.006671692586712519e+00
4.039804731068208184e+03 1.005803276283306680e+00
4.039825740148577097e+03 1.001034104910784484e+00
4.039846749338203608e+03 1.009408140218545746e+00
4.039867758637089082e+03 1.003590364850749594e+00
4.039888768045233974e+03 9.997902843125795469e-01
4.039909777562638283e+03 9.996351076088285659e-01
4.039930787189303373e+03 9.999172595778252903e-01
4.039951796925229246e+03 1.002383679091729096e+00
4.039972806770416355e+03 1.005349726234291419e+00
4.039993816724866065e+03 9.979541646606449046e-01
