# star name zetOri, line HEIHEII4026
# instrument: HERMES spectrograph @Mercator
# date of observation (midpoint)2018-10-11T04:29:31.189689
# BJD of observation (midpoint)2458402.6892312
# name of fits file: 00897638_HRF_OBJ_ext_CosmicsRemoved_log_merged_c.fits
# 
# wavelength(Angstrom,air) normalised_flux
4.014004351421558567e+03 9.967287683771017814e-01
4.014025226326567918e+03 9.949681770486010768e-01
4.014046101340138193e+03 1.001797815977553352e+00
4.014066976462269395e+03 1.002533991529283686e+00
4.014087851692961522e+03 9.940089941076645230e-01
4.014108727032216393e+03 9.915379545444870102e-01
4.014129602480033100e+03 9.995844484110736339e-01
4.014150478036413460e+03 1.003786014866085985e+00
4.014171353701357475e+03 9.945056289433735763e-01
4.014192229474865599e+03 9.944411008821089082e-01
4.014213105356938740e+03 9.990501670743342499e-01
4.014233981347577355e+03 9.939630831020911383e-01
4.014254857446781898e+03 9.964490077978689353e-01
4.014275733654553278e+03 9.990279627388859440e-01
4.014296609970891041e+03 9.948721362312211713e-01
4.014317486395797005e+03 9.937833015676595938e-01
4.014338362929271170e+03 9.998918849608033899e-01
4.014359239571313992e+03 9.978882192678092400e-01
4.014380116321926380e+03 9.851268697465794810e-01
4.014400993181108333e+03 1.002776748403395368e+00
4.014421870148861217e+03 9.929160285902787209e-01
4.014442747225185030e+03 9.938778963597868499e-01
4.014463624410080229e+03 9.974137524212061123e-01
4.014484501703547721e+03 9.902156646614146407e-01
4.014505379105588418e+03 9.940408722326257163e-01
4.014526256616201863e+03 9.983171547862276229e-01
4.014547134235389422e+03 1.001900958564062583e+00
4.014568011963151548e+03 1.003807126579274733e+00
4.014588889799488243e+03 1.002490914052445614e+00
4.014609767744400870e+03 1.002499145143945114e+00
4.014630645797889883e+03 1.002074064877086057e+00
4.014651523959955284e+03 9.955937501996999783e-01
4.014672402230597982e+03 1.000553822115918257e+00
4.014693280609818430e+03 9.993347998990289582e-01
4.014714159097617539e+03 9.960398318636871640e-01
4.014735037693995309e+03 9.981415982478251125e-01
4.014755916398952650e+03 9.931025039642431551e-01
4.014776795212490470e+03 9.989067667505550085e-01
4.014797674134608769e+03 9.957393068072446507e-01
4.014818553165308003e+03 9.972122630568515111e-01
4.014839432304589081e+03 1.004468017315051753e+00
4.014860311552452913e+03 1.001512239974885699e+00
4.014881190908899498e+03 1.003125844164619140e+00
4.014902070373929291e+03 1.001781811135784128e+00
4.014922949947543202e+03 9.981636184764804964e-01
4.014943829629742140e+03 1.000315029380420384e+00
4.014964709420526106e+03 9.961834774360073252e-01
4.014985589319895553e+03 9.944712237891737416e-01
4.015006469327851391e+03 9.928376173936491744e-01
4.015027349444394076e+03 9.998929904694816573e-01
4.015048229669524517e+03 1.000911338313173582e+00
4.015069110003242713e+03 9.980283515276494599e-01
4.015089990445549120e+03 1.002552952796629260e+00
4.015110870996445101e+03 1.001567276497899561e+00
4.015131751655930657e+03 9.957444474362474596e-01
4.015152632424006697e+03 9.965103227583487211e-01
4.015173513300673221e+03 1.002310042206143281e+00
4.015194394285931594e+03 9.907290062418101506e-01
4.015215275379781360e+03 1.000571714661762757e+00
4.015236156582223884e+03 9.994656047195377147e-01
4.015257037893259621e+03 9.940505729246988942e-01
4.015277919312889026e+03 9.983760737366692561e-01
4.015298800841112552e+03 9.896866845426659509e-01
4.015319682477930655e+03 9.965968671968890025e-01
4.015340564223344245e+03 9.969893865208664385e-01
4.015361446077353776e+03 9.952467716922043239e-01
4.015382328039960157e+03 9.969403845458836289e-01
4.015403210111162934e+03 9.971391902095841919e-01
4.015424092290963927e+03 1.000926819994421457e+00
4.015444974579362679e+03 9.995014440973754022e-01
4.015465856976360101e+03 1.000362744899436551e+00
4.015486739481957102e+03 9.955651852328648577e-01
4.015507622096153682e+03 9.995854291650716483e-01
4.015528504818950751e+03 1.005352178023773746e+00
4.015549387650348763e+03 9.969150427438554507e-01
4.015570270590348628e+03 9.984940052419857270e-01
4.015591153638950345e+03 1.000954345984977900e+00
4.015612036796154825e+03 1.003534972806817471e+00
4.015632920061962977e+03 9.963392166340612199e-01
4.015653803436374346e+03 9.920201178418023291e-01
4.015674686919390297e+03 9.967525182971305187e-01
4.015695570511011283e+03 9.958394300662751775e-01
4.015716454211237760e+03 9.969355067057341646e-01
4.015737338020070183e+03 1.006110052231757201e+00
4.015758221937509006e+03 1.009484206811824825e+00
4.015779105963555594e+03 1.001330644353168653e+00
4.015799990098209491e+03 9.950367920972235103e-01
4.015820874341472063e+03 1.002637726676654184e+00
4.015841758693343309e+03 1.002117202839257759e+00
4.015862643153824138e+03 9.940727352621097079e-01
4.015883527722915005e+03 9.962578283535452606e-01
4.015904412400616366e+03 1.007170349195879222e+00
4.015925297186929129e+03 1.000386356552870781e+00
4.015946182081853294e+03 9.949267096061716886e-01
4.015967067085389772e+03 9.982985058897960728e-01
4.015987952197539471e+03 1.002460500443111746e+00
4.016008837418302392e+03 9.970244212481793600e-01
4.016029722747678989e+03 9.998220119318349530e-01
4.016050608185670626e+03 9.981221675148252981e-01
4.016071493732276849e+03 9.970470861960210041e-01
4.016092379387499022e+03 1.008511259530084248e+00
4.016113265151337600e+03 1.002903384765456707e+00
4.016134151023792583e+03 1.008518943997883666e+00
4.016155037004865335e+03 1.002444359108919381e+00
4.016175923094555856e+03 9.982292339243027390e-01
4.016196809292865055e+03 9.963615651240124160e-01
4.016217695599792933e+03 1.002264073510805487e+00
4.016238582015340853e+03 9.988008565837862562e-01
4.016259468539508816e+03 1.000205616589069813e+00
4.016280355172297277e+03 9.948696564652903529e-01
4.016301241913707599e+03 1.001094659502654860e+00
4.016322128763739329e+03 9.996696797588615624e-01
4.016343015722393829e+03 9.990601111155240632e-01
4.016363902789671101e+03 9.969996369138433012e-01
4.016384789965572054e+03 9.955042489922127924e-01
4.016405677250097142e+03 9.975096790213927589e-01
4.016426564643247275e+03 9.955710878447088241e-01
4.016447452145021998e+03 1.003531574964606543e+00
4.016468339755423131e+03 1.004472977420320934e+00
4.016489227474450672e+03 1.000301297701020387e+00
4.016510115302105078e+03 1.004772750314977259e+00
4.016531003238386802e+03 1.005402162536068511e+00
4.016551891283296754e+03 1.001959998243536987e+00
4.016572779436835390e+03 1.003103746479160341e+00
4.016593667699003163e+03 1.008567034395603690e+00
4.016614556069800983e+03 1.002359631020446340e+00
4.016635444549229305e+03 1.001922343008979199e+00
4.016656333137288129e+03 9.984426319479476897e-01
4.016677221833978820e+03 1.004578581169059515e+00
4.016698110639301376e+03 1.000153113993540455e+00
4.016718999553256253e+03 9.956917703750608473e-01
4.016739888575844816e+03 1.010601962171724599e+00
4.016760777707066609e+03 1.009802078851138374e+00
4.016781666946923451e+03 9.959506081112337039e-01
4.016802556295414433e+03 1.002368436825611830e+00
4.016823445752541375e+03 1.004417080712281640e+00
4.016844335318304275e+03 9.984811772487546255e-01
4.016865224992703588e+03 1.002234679419837793e+00
4.016886114775739770e+03 9.972275868450033443e-01
4.016907004667414185e+03 1.001876060127614432e+00
4.016927894667726832e+03 9.998841391179573712e-01
4.016948784776678167e+03 9.979061424910211642e-01
4.016969674994268644e+03 1.002120481379557670e+00
4.016990565320499627e+03 9.974794118685014199e-01
4.017011455755370662e+03 1.000129319253894700e+00
4.017032346298883112e+03 1.002628918322167495e+00
4.017053236951036979e+03 1.000896615339047724e+00
4.017074127711833171e+03 1.001231117512386248e+00
4.017095018581272143e+03 1.006949386657016943e+00
4.017115909559354805e+03 1.006063740693019071e+00
4.017136800646081156e+03 9.990076053330700923e-01
4.017157691841451651e+03 1.000775367473367705e+00
4.017178583145467655e+03 1.007066931635339557e+00
4.017199474558129168e+03 1.003709421029521209e+00
4.017220366079436644e+03 1.008514888174215196e+00
4.017241257709390993e+03 1.005019860328072445e+00
4.017262149447992670e+03 9.951469601897768857e-01
4.017283041295242583e+03 9.979979358101903619e-01
4.017303933251140279e+03 1.001455563237456214e+00
4.017324825315687576e+03 9.996364262842690751e-01
4.017345717488884020e+03 1.000956971599696432e+00
4.017366609770730975e+03 9.942627203636480449e-01
4.017387502161228440e+03 9.986289352020434329e-01
4.017408394660376871e+03 9.997909868889919283e-01
4.017429287268177632e+03 9.997405310955560509e-01
4.017450179984630722e+03 1.004148226153087187e+00
4.017471072809736597e+03 1.000660330348867033e+00
4.017491965743496166e+03 1.001280242684162491e+00
4.017512858785909430e+03 9.999663589423219978e-01
4.017533751936977751e+03 1.001895755214401440e+00
4.017554645196701131e+03 1.009823848186242268e+00
4.017575538565080478e+03 1.006057999377183210e+00
4.017596432042115794e+03 1.001550597086609873e+00
4.017617325627808441e+03 9.997613949464826399e-01
4.017638219322158420e+03 1.012702640085124672e+00
4.017659113125166641e+03 1.010589871481236912e+00
4.017680007036833103e+03 1.005684684604916779e+00
4.017700901057159172e+03 1.005443710581093164e+00
4.017721795186144391e+03 1.005059365563650386e+00
4.017742689423790580e+03 1.002775141641528478e+00
4.017763583770097284e+03 1.004643809433364510e+00
4.017784478225065413e+03 1.000955402332258659e+00
4.017805372788695422e+03 1.002032444833394598e+00
4.017826267460988220e+03 1.011763982712317489e+00
4.017847162241944261e+03 1.009519015431147304e+00
4.017868057131564001e+03 1.002696511776065114e+00
4.017888952129847894e+03 1.001929253186307101e+00
4.017909847236796395e+03 1.002797230848608834e+00
4.017930742452410414e+03 1.004072274854056923e+00
4.017951637776690404e+03 1.011395967994790368e+00
4.017972533209637277e+03 9.996499381566614773e-01
4.017993428751251031e+03 1.004401579370123754e+00
4.018014324401532122e+03 9.984677140023432429e-01
4.018035220160481913e+03 1.000714817745488316e+00
4.018056116028099950e+03 9.966936120028287993e-01
4.018077012004388052e+03 9.999401770160387670e-01
4.018097908089345310e+03 1.002439062782725987e+00
4.018118804282973542e+03 1.002586287512601926e+00
4.018139700585272749e+03 1.001029220433234057e+00
4.018160596996243385e+03 9.982879511121338645e-01
4.018181493515886359e+03 9.998145647823309945e-01
4.018202390144202127e+03 1.004871276095633315e+00
4.018223286881191143e+03 1.002785869260215845e+00
4.018244183726853862e+03 9.959859717632892906e-01
4.018265080681191193e+03 9.982229021215204279e-01
4.018285977744203592e+03 1.003379115548386880e+00
4.018306874915891513e+03 1.006114362263594186e+00
4.018327772196255410e+03 1.007044811039649046e+00
4.018348669585296193e+03 1.000428900504484853e+00
4.018369567083013862e+03 9.953311617331558336e-01
4.018390464689409782e+03 9.942343081501301416e-01
4.018411362404483953e+03 1.000099455792011094e+00
4.018432260228237283e+03 9.945629181939056318e-01
4.018453158160669773e+03 1.001149989815935726e+00
4.018474056201782787e+03 1.005279495272951129e+00
4.018494954351575871e+03 9.981245634732652805e-01
4.018515852610050842e+03 1.005294796577510530e+00
4.018536750977207248e+03 1.003629101513669797e+00
4.018557649453045997e+03 1.004556390063253479e+00
4.018578548037567543e+03 1.002253647637242118e+00
4.018599446730772797e+03 1.000439193750930267e+00
4.018620345532662213e+03 9.961220980892093735e-01
4.018641244443235792e+03 9.998463520299940566e-01
4.018662143462494896e+03 1.002096541364761118e+00
4.018683042590439527e+03 9.958155399908823480e-01
4.018703941827070594e+03 1.001962477543357100e+00
4.018724841172388551e+03 1.002208691882622515e+00
4.018745740626393854e+03 1.004283499321497741e+00
4.018766640189087411e+03 1.013496282739204890e+00
4.018787539860469224e+03 1.000705389206948848e+00
4.018808439640540200e+03 1.000336847627205872e+00
4.018829339529301251e+03 1.004288775317624838e+00
4.018850239526752375e+03 1.004261722373901433e+00
4.018871139632894028e+03 1.000718841316057484e+00
4.018892039847727119e+03 9.983329336228398132e-01
4.018912940171252558e+03 9.974434150076723071e-01
4.018933840603470344e+03 1.001386819129435501e+00
4.018954741144380932e+03 1.006703929783642426e+00
4.018975641793985687e+03 9.985777425334773083e-01
4.018996542552284154e+03 1.000058780040379514e+00
4.019017443419277697e+03 1.001135687976554278e+00
4.019038344394966771e+03 1.004902173891015105e+00
4.019059245479351375e+03 9.988103373833172594e-01
4.019080146672432875e+03 1.004772932371519767e+00
4.019101047974210815e+03 1.008763779720511344e+00
4.019121949384687014e+03 1.011123790192502536e+00
4.019142850903861017e+03 1.006569342373912601e+00
4.019163752531733735e+03 1.001554622544398532e+00
4.019184654268306076e+03 1.000553473895872569e+00
4.019205556113578041e+03 9.993470052060058340e-01
4.019226458067550539e+03 9.982329218379142333e-01
4.019247360130224024e+03 9.959794948653206692e-01
4.019268262301598952e+03 9.943443693386838644e-01
4.019289164581676232e+03 9.954508676950803991e-01
4.019310066970455864e+03 1.002271116144266117e+00
4.019330969467939212e+03 9.972956680182091249e-01
4.019351872074125822e+03 9.933801494875345028e-01
4.019372774789017512e+03 1.002327710535743099e+00
4.019393677612613828e+03 9.959411964310154186e-01
4.019414580544915680e+03 1.007350369517323152e+00
4.019435483585923521e+03 1.001944006401347176e+00
4.019456386735638262e+03 1.001280119864348617e+00
4.019477289994059902e+03 1.001202084032226214e+00
4.019498193361189351e+03 1.006182694953596579e+00
4.019519096837027519e+03 1.002661462979642870e+00
4.019540000421574405e+03 9.987731789002792793e-01
4.019560904114830464e+03 9.919308609203122407e-01
4.019581807916797061e+03 9.981319980892293664e-01
4.019602711827474195e+03 1.010404937538281978e+00
4.019623615846862322e+03 1.009937240553518301e+00
4.019644519974962350e+03 1.007863020786615715e+00
4.019665424211774280e+03 1.003988488385843869e+00
4.019686328557299476e+03 1.001319842782084857e+00
4.019707233011537937e+03 1.003417876802044306e+00
4.019728137574490574e+03 1.014437752282768113e+00
4.019749042246157842e+03 1.003113732233084532e+00
4.019769947026540194e+03 1.002560782070120116e+00
4.019790851915638086e+03 9.965250383462789241e-01
4.019811756913452427e+03 9.978807476379032426e-01
4.019832662019983673e+03 1.001693202739638799e+00
4.019853567235231822e+03 9.999964591861488783e-01
4.019874472559198693e+03 1.000363144501058787e+00
4.019895377991883379e+03 9.978125497193164328e-01
4.019916283533287697e+03 1.000959704801953398e+00
4.019937189183411192e+03 1.002712428551082002e+00
4.019958094942255229e+03 1.001191441962431039e+00
4.019979000809819809e+03 1.004880407742322124e+00
4.019999906786106294e+03 1.006705114428188441e+00
4.020020812871114231e+03 9.940396063981630226e-01
4.020041719064844528e+03 9.988270582177688484e-01
4.020062625367298097e+03 9.987262850559753824e-01
4.020083531778475390e+03 9.963916583283004558e-01
4.020104438298376863e+03 1.003128425202924667e+00
4.020125344927002971e+03 1.003724837521646318e+00
4.020146251664354622e+03 1.004509607357837897e+00
4.020167158510431818e+03 1.007950137908879995e+00
4.020188065465235468e+03 9.981850917124837075e-01
4.020208972528766481e+03 9.909508752538357390e-01
4.020229879701024856e+03 9.918835212396209799e-01
4.020250786982011050e+03 9.970188936938977342e-01
4.020271694371726426e+03 1.004868039542629266e+00
4.020292601870170984e+03 9.928054560884757018e-01
4.020313509477345178e+03 1.004262153615159470e+00
4.020334417193249919e+03 9.998107077360809392e-01
4.020355325017885662e+03 9.911849476827414573e-01
4.020376232951252859e+03 1.005841289838411257e+00
4.020397140993352423e+03 1.010233656465234997e+00
4.020418049144184351e+03 1.001645467716294036e+00
4.020438957403749555e+03 9.949639096345159750e-01
4.020459865772048488e+03 1.006800382920660208e+00
4.020480774249082060e+03 1.003107062374322789e+00
4.020501682834850271e+03 1.004420778250558755e+00
4.020522591529354031e+03 1.002774948849469494e+00
4.020543500332593794e+03 1.001494694566162025e+00
4.020564409244570470e+03 1.007790253818030113e+00
4.020585318265284059e+03 9.960143608468517984e-01
4.020606227394735470e+03 9.981481934317335547e-01
4.020627136632925158e+03 1.001777385739107684e+00
4.020648045979853578e+03 1.002663025738865565e+00
4.020668955435522093e+03 9.969841111536302813e-01
4.020689864999929796e+03 9.938904964729682323e-01
4.020710774673078504e+03 9.981958696626156424e-01
4.020731684454968672e+03 1.006840037596427928e+00
4.020752594345599846e+03 1.002648039103465338e+00
4.020773504344973844e+03 1.006402730288197711e+00
4.020794414453090667e+03 1.007696728921767981e+00
4.020815324669950769e+03 1.005696783289848906e+00
4.020836234995554605e+03 9.988956336573755479e-01
4.020857145429903085e+03 1.001795846704448545e+00
4.020878055972997117e+03 1.000217887746649659e+00
4.020898966624836248e+03 9.938411237057258596e-01
4.020919877385421842e+03 9.994859158394263643e-01
4.020940788254754352e+03 1.002179617833759862e+00
4.020961699232834235e+03 9.973077064026193428e-01
4.020982610319661944e+03 1.003317433258290148e+00
4.021003521515237935e+03 9.965441401143213529e-01
4.021024432819563572e+03 1.004340139042272151e+00
4.021045344232638399e+03 1.003819888402794902e+00
4.021066255754463327e+03 1.006207588626468086e+00
4.021087167385039265e+03 1.000138186407809382e+00
4.021108079124366668e+03 9.996695800216827132e-01
4.021128990972445536e+03 1.001122881788802044e+00
4.021149902929277232e+03 1.005753138891254395e+00
4.021170814994861757e+03 9.909789988438281183e-01
4.021191727169200021e+03 9.955987492767353064e-01
4.021212639452292478e+03 9.988442230072718253e-01
4.021233551844139129e+03 9.972726368095635729e-01
4.021254464344741791e+03 9.949465971171346235e-01
4.021275376954100011e+03 1.000357936587134455e+00
4.021296289672214243e+03 9.985575832693840415e-01
4.021317202499085852e+03 9.989215188895602671e-01
4.021338115434715291e+03 9.932539281499872530e-01
4.021359028479102562e+03 9.992683319763048244e-01
4.021379941632248119e+03 9.990086503874343604e-01
4.021400854894153326e+03 1.002002928293566297e+00
4.021421768264818638e+03 1.003988683213536515e+00
4.021442681744244055e+03 9.921139005802644961e-01
4.021463595332430032e+03 1.000625588633095919e+00
4.021484509029377932e+03 1.009675132952702059e+00
4.021505422835087757e+03 1.000581717088395051e+00
4.021526336749560414e+03 9.988475728478783955e-01
4.021547250772795906e+03 9.999113295255698253e-01
4.021568164904795594e+03 9.983710073495009052e-01
4.021589079145559481e+03 1.005261206472982449e+00
4.021609993495088020e+03 9.981726774595486296e-01
4.021630907953382575e+03 1.002211865451723805e+00
4.021651822520442693e+03 1.000081481245537196e+00
4.021672737196269281e+03 9.931263754693661072e-01
4.021693651980863706e+03 9.923705901738495427e-01
4.021714566874225056e+03 9.933661116556001813e-01
4.021735481876355152e+03 9.968130072703895728e-01
4.021756396987253993e+03 1.001107717036150868e+00
4.021777312206922488e+03 9.942604937966585954e-01
4.021798227535360638e+03 1.001599040594502332e+00
4.021819142972569807e+03 9.919928729929720079e-01
4.021840058518549540e+03 9.872392608381184154e-01
4.021860974173301202e+03 9.937927207346830549e-01
4.021881889936825246e+03 9.934266879990927279e-01
4.021902805809122128e+03 9.898653773007236589e-01
4.021923721790192303e+03 9.852820371013764067e-01
4.021944637880036225e+03 9.900754311434575294e-01
4.021965554078654804e+03 9.995664228949615593e-01
4.021986470386048495e+03 9.900979708284083358e-01
4.022007386802217752e+03 9.959293100080457428e-01
4.022028303327163485e+03 9.987278045756898814e-01
4.022049219960885694e+03 9.923126841156489908e-01
4.022070136703385288e+03 9.929776754674607409e-01
4.022091053554663176e+03 1.001624159168481576e+00
4.022111970514719360e+03 9.993345908313987502e-01
4.022132887583554293e+03 9.950650838956396349e-01
4.022153804761168885e+03 9.899611103562424574e-01
4.022174722047564046e+03 9.878012879174433714e-01
4.022195639442739775e+03 9.946960813312720751e-01
4.022216556946696528e+03 9.873558969813067687e-01
4.022237474559435213e+03 9.941619933445876578e-01
4.022258392280956741e+03 9.890221832817905900e-01
4.022279310111261111e+03 9.951720578286044061e-01
4.022300228050348778e+03 9.945938965741727422e-01
4.022321146098220652e+03 9.910085559910818409e-01
4.022342064254877187e+03 9.834568071266125422e-01
4.022362982520319292e+03 9.909008076705356771e-01
4.022383900894546969e+03 9.977773566548997497e-01
4.022404819377561125e+03 9.940844413033200766e-01
4.022425737969362217e+03 9.880509649615991652e-01
4.022446656669951153e+03 9.915442098843272323e-01
4.022467575479327934e+03 9.947485857785415275e-01
4.022488494397493469e+03 9.959119708996755360e-01
4.022509413424447757e+03 9.946870283466550111e-01
4.022530332560192164e+03 9.956091907637186766e-01
4.022551251804727144e+03 9.871056440573571233e-01
4.022572171158052697e+03 9.948655974141407121e-01
4.022593090620170187e+03 9.941555941531683427e-01
4.022614010191079160e+03 9.887880376453995757e-01
4.022634929870781434e+03 9.930913822894438248e-01
4.022655849659276100e+03 9.994155272254150457e-01
4.022676769556564977e+03 9.999825674111232354e-01
4.022697689562648520e+03 9.905507031717989408e-01
4.022718609677526274e+03 9.866905570823039096e-01
4.022739529901199603e+03 9.892536755424027328e-01
4.022760450233669417e+03 9.875635995288291058e-01
4.022781370674935260e+03 9.832340925032068135e-01
4.022802291224998498e+03 9.873471085500326039e-01
4.022823211883859585e+03 9.909715615606060624e-01
4.022844132651518976e+03 9.904462194616556747e-01
4.022865053527976670e+03 9.824761649643014572e-01
4.022885974513234487e+03 9.868852857943662960e-01
4.022906895607291972e+03 9.911644696013958145e-01
4.022927816810149579e+03 9.845975002496301087e-01
4.022948738121808674e+03 9.805451034895732443e-01
4.022969659542269710e+03 9.860274211240834807e-01
4.022990581071532688e+03 9.877807799305503567e-01
4.023011502709598517e+03 9.842040903035653709e-01
4.023032424456467652e+03 9.829142345876645814e-01
4.023053346312141002e+03 9.881881787731797706e-01
4.023074268276618568e+03 9.866187612813177576e-01
4.023095190349901259e+03 9.874020566279742006e-01
4.023116112531989529e+03 9.866560802349856329e-01
4.023137034822883834e+03 9.851033272348991288e-01
4.023157957222585537e+03 9.800195150398086641e-01
4.023178879731094185e+03 9.851739542147558426e-01
4.023199802348410685e+03 9.812251736817105829e-01
4.023220725074535494e+03 9.852797518275409061e-01
4.023241647909469521e+03 9.845635474433996892e-01
4.023262570853213219e+03 9.832387123150349018e-01
4.023283493905767045e+03 9.786724981512343602e-01
4.023304417067131453e+03 9.816026619050655100e-01
4.023325340337307352e+03 9.744010142559009768e-01
4.023346263716295198e+03 9.720656415954507246e-01
4.023367187204094989e+03 9.823904969301329171e-01
4.023388110800708091e+03 9.825975763211155511e-01
4.023409034506134958e+03 9.794932772448324831e-01
4.023429958320375590e+03 9.796296626453449008e-01
4.023450882243430897e+03 9.816474046362531070e-01
4.023471806275301788e+03 9.707500892294707029e-01
4.023492730415988262e+03 9.784423152753795039e-01
4.023513654665491231e+03 9.783872187104214468e-01
4.023534579023811148e+03 9.762151648412478178e-01
4.023555503490948468e+03 9.762451526168058891e-01
4.023576428066904100e+03 9.800746434128246865e-01
4.023597352751678045e+03 9.716274000675018119e-01
4.023618277545271667e+03 9.704896315132206519e-01
4.023639202447684511e+03 9.761242994821387464e-01
4.023660127458917941e+03 9.748907149839842745e-01
4.023681052578972412e+03 9.721482430733684454e-01
4.023701977807848380e+03 9.697635819131699142e-01
4.023722903145546297e+03 9.736974939979822219e-01
4.023743828592066620e+03 9.763058457426040393e-01
4.023764754147410258e+03 9.739001083738574316e-01
4.023785679811577666e+03 9.718726445020707816e-01
4.023806605584569752e+03 9.738928026207978039e-01
4.023827531466386063e+03 9.700996540932537160e-01
4.023848457457028417e+03 9.649674612378292826e-01
4.023869383556496359e+03 9.673666193075955988e-01
4.023890309764791255e+03 9.723203354468623605e-01
4.023911236081912648e+03 9.639613282097221347e-01
4.023932162507862358e+03 9.607897736959358781e-01
4.023953089042639931e+03 9.639050282274227444e-01
4.023974015686246730e+03 9.649466193324598429e-01
4.023994942438682756e+03 9.635697403436697117e-01
4.024015869299948918e+03 9.608184013479323937e-01
4.024036796270045215e+03 9.630616129577769247e-01
4.024057723348973013e+03 9.638953486341412802e-01
4.024078650536732312e+03 9.570323577228130318e-01
4.024099577833323565e+03 9.545633620667556274e-01
4.024120505238748137e+03 9.532319845422846383e-01
4.024141432753005574e+03 9.511729702346991555e-01
4.024162360376097240e+03 9.444939716934220852e-01
4.024183288108023135e+03 9.499316409589796395e-01
4.024204215948784622e+03 9.481595432388230105e-01
4.024225143898381248e+03 9.530812101275853987e-01
4.024246071956814376e+03 9.488986310397288237e-01
4.024267000124084007e+03 9.457340607758474293e-01
4.024287928400191049e+03 9.419061410435114468e-01
4.024308856785135958e+03 9.403996051958215530e-01
4.024329785278919644e+03 9.429458167658384404e-01
4.024350713881542106e+03 9.375585724155509615e-01
4.024371642593003799e+03 9.423167776988665700e-01
4.024392571413306086e+03 9.368346198012026393e-01
4.024413500342448970e+03 9.445110601329625988e-01
4.024434429380433357e+03 9.330526759445162410e-01
4.024455358527259250e+03 9.343611648942675707e-01
4.024476287782928011e+03 9.313751498424883701e-01
4.024497217147439187e+03 9.270991272002030437e-01
4.024518146620794596e+03 9.251981158214283019e-01
4.024539076202993328e+03 9.258909610213944541e-01
4.024560005894037204e+03 9.284934120464143348e-01
4.024580935693926676e+03 9.249421892829438052e-01
4.024601865602661292e+03 9.201808085141793825e-01
4.024622795620242869e+03 9.217952469296785134e-01
4.024643725746670953e+03 9.177126221384263038e-01
4.024664655981946453e+03 9.138862072001895376e-01
4.024685586326070279e+03 9.173676057158997033e-01
4.024706516779042886e+03 9.193552741701298547e-01
4.024727447340864728e+03 9.072541801608379197e-01
4.024748378011536261e+03 9.076474843474368059e-01
4.024769308791057938e+03 9.038763892040737602e-01
4.024790239679430670e+03 9.070496754577158649e-01
4.024811170676654910e+03 9.068463186779572860e-01
4.024832101782731115e+03 8.995107532197269551e-01
4.024853032997660193e+03 9.001431526410487161e-01
4.024873964321442145e+03 9.008760121914385355e-01
4.024894895754077879e+03 9.016947964312912456e-01
4.024915827295567851e+03 8.979226933862739513e-01
4.024936758945912970e+03 8.972540097592190955e-01
4.024957690705113237e+03 8.959652064941552307e-01
4.024978622573169559e+03 8.900761178313175703e-01
4.024999554550082848e+03 8.826854126761822794e-01
4.025020486635852649e+03 8.817501711074334780e-01
4.025041418830480779e+03 8.825733170304858044e-01
4.025062351133966786e+03 8.782625565787774979e-01
4.025083283546311577e+03 8.759743917678221026e-01
4.025104216067516063e+03 8.746251031767438011e-01
4.025125148697580244e+03 8.771243859137048959e-01
4.025146081436505028e+03 8.755010260443111259e-01
4.025167014284291326e+03 8.680540949989384858e-01
4.025187947240938684e+03 8.683509422214901186e-01
4.025208880306448464e+03 8.649624566196902897e-01
4.025229813480821122e+03 8.584665061898549832e-01
4.025250746764057112e+03 8.585335347911855486e-01
4.025271680156157345e+03 8.511946535442138639e-01
4.025292613657121819e+03 8.518742636564941018e-01
4.025313547266951446e+03 8.500330488362720649e-01
4.025334480985646223e+03 8.487365067685634923e-01
4.025355414813207517e+03 8.434538761384262617e-01
4.025376348749635781e+03 8.408815631067262375e-01
4.025397282794931471e+03 8.436644754459129425e-01
4.025418216949094585e+03 8.410940498060389681e-01
4.025439151212126490e+03 8.429812594965260253e-01
4.025460085584027183e+03 8.333336594797604580e-01
4.025481020064797576e+03 8.343980485353292842e-01
4.025501954654438123e+03 8.325417392910350323e-01
4.025522889352949733e+03 8.338129677395271777e-01
4.025543824160331951e+03 8.275080012393970508e-01
4.025564759076586597e+03 8.225047677213660480e-01
4.025585694101713671e+03 8.292714640400122850e-01
4.025606629235713172e+03 8.259764625768196700e-01
4.025627564478586919e+03 8.128401638454384459e-01
4.025648499830334458e+03 8.134960849654309101e-01
4.025669435290956699e+03 8.095003756677250362e-01
4.025690370860454095e+03 8.097023010601613890e-01
4.025711306538827557e+03 8.134901740604905118e-01
4.025732242326077085e+03 8.082804398405279978e-01
4.025753178222203587e+03 8.100059690338026197e-01
4.025774114227207974e+03 8.069690567346432530e-01
4.025795050341090246e+03 8.000284424625689894e-01
4.025815986563851311e+03 8.076925844129689835e-01
4.025836922895491170e+03 8.057924652007332211e-01
4.025857859336011188e+03 7.992390384834275885e-01
4.025878795885411364e+03 7.937539855698376723e-01
4.025899732543692608e+03 7.983725412462882032e-01
4.025920669310855374e+03 7.913799928651863436e-01
4.025941606186900117e+03 7.901494015100253288e-01
4.025962543171827292e+03 7.930055574169878607e-01
4.025983480265638264e+03 7.889399954201340437e-01
4.026004417468332122e+03 7.844131785547389102e-01
4.026025354779911140e+03 7.863313745120101839e-01
4.026046292200374410e+03 7.846506820874608046e-01
4.026067229729723294e+03 7.862159462421642875e-01
4.026088167367958249e+03 7.854954523620755191e-01
4.026109105115079728e+03 7.844601659092760304e-01
4.026130042971088642e+03 7.864843420606767443e-01
4.026150980935984990e+03 7.834741357814187790e-01
4.026171919009769681e+03 7.789587300472915476e-01
4.026192857192443171e+03 7.768781531543558216e-01
4.026213795484005914e+03 7.745082378516509047e-01
4.026234733884458819e+03 7.762677948674996387e-01
4.026255672393802342e+03 7.710639406781460981e-01
4.026276611012036938e+03 7.768044081840030923e-01
4.026297549739163060e+03 7.751793962536530636e-01
4.026318488575181618e+03 7.724741423459928757e-01
4.026339427520093068e+03 7.790521724600985021e-01
4.026360366573897409e+03 7.751946331454478978e-01
4.026381305736596005e+03 7.720324267365782367e-01
4.026402245008189311e+03 7.734177235592727406e-01
4.026423184388677328e+03 7.675664469676999335e-01
4.026444123878061419e+03 7.780571099889245223e-01
4.026465063476341584e+03 7.747367918383752938e-01
4.026486003183518278e+03 7.710069636955755312e-01
4.026506942999592411e+03 7.769646589110195123e-01
4.026527882924564437e+03 7.776523286427338144e-01
4.026548822958434812e+03 7.730214215178025094e-01
4.026569763101204444e+03 7.759959895054769907e-01
4.026590703352873788e+03 7.787967879137770444e-01
4.026611643713443300e+03 7.766133074770893430e-01
4.026632584182913433e+03 7.769619241228835627e-01
4.026653524761284643e+03 7.793588283811210271e-01
4.026674465448557839e+03 7.749653327893494259e-01
4.026695406244733476e+03 7.765829075346160071e-01
4.026716347149812464e+03 7.750482468792525559e-01
4.026737288163794801e+03 7.770040351529172717e-01
4.026758229286680944e+03 7.815019532205237374e-01
4.026779170518472256e+03 7.832274672855745745e-01
4.026800111859168737e+03 7.880191323706412510e-01
4.026821053308770843e+03 7.872742648883591654e-01
4.026841994867279482e+03 7.821181545545242697e-01
4.026862936534695109e+03 7.870850766288571831e-01
4.026883878311018179e+03 7.876537083468808653e-01
4.026904820196249148e+03 7.956479849161173235e-01
4.026925762190389378e+03 7.855849784968207405e-01
4.026946704293438415e+03 7.952586633605110977e-01
4.026967646505397170e+03 7.972560459829013402e-01
4.026988588826266550e+03 7.977448486571270259e-01
4.027009531256047012e+03 8.020577927142840124e-01
4.027030473794738555e+03 8.043652441436444089e-01
4.027051416442342543e+03 8.043063666446605975e-01
4.027072359198858976e+03 8.041334585308179683e-01
4.027093302064288309e+03 8.061625838976930192e-01
4.027114245038631907e+03 8.112444670245926304e-01
4.027135188121889769e+03 8.186678672333957962e-01
4.027156131314062350e+03 8.196628644031964672e-01
4.027177074615150104e+03 8.203593720161153069e-01
4.027198018025154397e+03 8.229543100967237068e-01
4.027218961544075228e+03 8.247060053444202898e-01
4.027239905171913051e+03 8.215007764218688058e-01
4.027260848908668777e+03 8.224582416163037646e-01
4.027281792754342405e+03 8.284797678970381440e-01
4.027302736708935299e+03 8.333540519185269613e-01
4.027323680772447460e+03 8.282215831653944038e-01
4.027344624944879797e+03 8.401717217653277281e-01
4.027365569226232310e+03 8.420897272439321624e-01
4.027386513616506363e+03 8.442930722639139240e-01
4.027407458115701957e+03 8.459450577054782316e-01
4.027428402723819545e+03 8.463590352290665253e-01
4.027449347440860492e+03 8.500225405340900986e-01
4.027470292266824345e+03 8.509492820363545595e-01
4.027491237201712465e+03 8.530549708750732041e-01
4.027512182245524855e+03 8.668806926226448883e-01
4.027533127398262423e+03 8.569155387608192731e-01
4.027554072659926078e+03 8.621368757371600244e-01
4.027575018030515366e+03 8.680817645328680054e-01
4.027595963510031652e+03 8.726088975796089109e-01
4.027616909098475389e+03 8.759934259473886042e-01
4.027637854795847034e+03 8.771239387419739186e-01
4.027658800602147039e+03 8.732494456456786347e-01
4.027679746517376316e+03 8.698698089168858116e-01
4.027700692541535318e+03 8.777319941533724412e-01
4.027721638674624046e+03 8.819650724603107506e-01
4.027742584916643864e+03 8.910510905555333316e-01
4.027763531267594772e+03 8.882288617575995193e-01
4.027784477727477679e+03 8.912743983518754964e-01
4.027805424296293040e+03 8.978972374196400041e-01
4.027826370974041765e+03 9.006198557996752951e-01
4.027847317760723854e+03 8.981710746286626357e-01
4.027868264656339761e+03 8.979805282615450635e-01
4.027889211660890851e+03 9.045319427729079376e-01
4.027910158774377123e+03 9.057662184779080583e-01
4.027931105996799033e+03 9.046200141248563753e-01
4.027952053328157490e+03 9.078593756894006717e-01
4.027973000768452948e+03 9.065410955578883101e-01
4.027993948317685863e+03 9.063021931895016703e-01
4.028014895975857144e+03 9.217355813606917803e-01
4.028035843742966790e+03 9.176254935015463188e-01
4.028056791619016167e+03 9.148520409899240091e-01
4.028077739604004819e+03 9.205747591695426779e-01
4.028098687697934110e+03 9.220561945713586782e-01
4.028119635900804496e+03 9.192468725561880882e-01
4.028140584212616432e+03 9.209585774823819682e-01
4.028161532633370371e+03 9.295719095218297756e-01
4.028182481163066768e+03 9.294036388776494295e-01
4.028203429801706534e+03 9.284899895313936113e-01
4.028224378549290122e+03 9.266124630904722936e-01
4.028245327405817989e+03 9.345247606343761726e-01
4.028266276371290587e+03 9.385290251215074875e-01
4.028287225445709282e+03 9.417285935108344885e-01
4.028308174629073619e+03 9.378518439919453220e-01
4.028329123921384507e+03 9.347007169333543253e-01
4.028350073322642402e+03 9.449404024599334928e-01
4.028371022832848666e+03 9.477218162956702052e-01
4.028391972452002847e+03 9.494545347624383513e-01
4.028412922180105852e+03 9.401778292695596173e-01
4.028433872017158592e+03 9.459107465891328781e-01
4.028454821963161066e+03 9.536294903935574885e-01
4.028475772018114185e+03 9.551783424104992593e-01
4.028496722182018857e+03 9.541478085141403831e-01
4.028517672454874628e+03 9.520281800016570095e-01
4.028538622836682862e+03 9.486777096754018812e-01
4.028559573327444468e+03 9.486873085744371714e-01
4.028580523927158993e+03 9.518698736859158016e-01
4.028601474635827344e+03 9.522745248761224079e-01
4.028622425453450887e+03 9.569389555769245437e-01
4.028643376380029167e+03 9.599355680167749316e-01
4.028664327415563093e+03 9.656836343544992207e-01
4.028685278560053121e+03 9.477680331474319653e-01
4.028706229813500158e+03 9.548867313835960324e-01
4.028727181175904661e+03 9.630521727180014757e-01
4.028748132647267084e+03 9.638783330219443668e-01
4.028769084227587882e+03 9.633270433473626326e-01
4.028790035916867964e+03 9.610958760195550399e-01
4.028810987715107785e+03 9.604782341368531817e-01
4.028831939622307345e+03 9.644094702034196054e-01
4.028852891638468009e+03 9.704778267741707154e-01
4.028873843763590230e+03 9.647914060461005858e-01
4.028894795997674009e+03 9.627800683952402183e-01
4.028915748340720711e+03 9.686690090417746646e-01
4.028936700792729880e+03 9.675278337373007798e-01
4.028957653353703336e+03 9.635381404422658225e-01
4.028978606023640623e+03 9.673383880840956683e-01
4.028999558802542651e+03 9.720622875695869025e-01
4.029020511690409876e+03 9.750161439115225814e-01
4.029041464687243206e+03 9.777707142255557260e-01
4.029062417793042641e+03 9.713528554654510261e-01
4.029083371007809546e+03 9.786787866404401681e-01
4.029104324331543921e+03 9.756440868559007606e-01
4.029125277764246221e+03 9.796678443662465430e-01
4.029146231305917354e+03 9.759108248166586952e-01
4.029167184956557776e+03 9.815658444216370793e-01
4.029188138716168396e+03 9.808449824535715456e-01
4.029209092584749214e+03 9.805302507623335773e-01
4.029230046562300686e+03 9.821079281435698416e-01
4.029251000648824174e+03 9.759473750539232606e-01
4.029271954844319225e+03 9.740142538293785623e-01
4.029292909148787658e+03 9.764341957718298826e-01
4.029313863562229017e+03 9.747874610104300119e-01
4.029334818084644212e+03 9.790438470148200567e-01
4.029355772716033698e+03 9.806100780317406063e-01
4.029376727456397930e+03 9.807153379944968385e-01
4.029397682305738272e+03 9.787807391388383405e-01
4.029418637264054269e+03 9.813863105495245209e-01
4.029439592331346830e+03 9.861974004268919680e-01
4.029460547507616866e+03 9.855352324199845304e-01
4.029481502792864831e+03 9.794613424381527489e-01
4.029502458187090724e+03 9.763389340079102752e-01
4.029523413690295911e+03 9.816042917053109385e-01
4.029544369302480391e+03 9.830527869868050939e-01
4.029565325023645073e+03 9.831782350307471940e-01
4.029586280853790413e+03 9.817610343061194955e-01
4.029607236792916865e+03 9.907450541327738058e-01
4.029628192841024884e+03 9.910372201024769678e-01
4.029649148998115379e+03 9.861770329387585798e-01
4.029670105264188805e+03 9.830199758701938517e-01
4.029691061639245618e+03 9.822220841139454039e-01
4.029712018123286271e+03 9.829772579974733748e-01
4.029732974716311674e+03 9.824439123684048925e-01
4.029753931418322281e+03 9.830265957306140168e-01
4.029774888229318549e+03 9.893773185494726397e-01
4.029795845149301385e+03 9.972610285309408962e-01
4.029816802178270791e+03 9.843748941025450838e-01
4.029837759316227675e+03 9.837687914522065258e-01
4.029858716563172493e+03 9.896459507899854069e-01
4.029879673919106153e+03 9.893268228693489208e-01
4.029900631384028657e+03 9.851950066464845168e-01
4.029921588957940912e+03 9.835715933467632510e-01
4.029942546640843375e+03 9.845417962406466383e-01
4.029963504432736499e+03 9.882048804332377312e-01
4.029984462333621195e+03 9.929234599904446235e-01
4.030005420343497917e+03 9.887093363410316416e-01
4.030026378462367120e+03 9.951746799689292766e-01
4.030047336690229258e+03 9.968795636429009788e-01
4.030068295027085242e+03 9.887682968972764108e-01
4.030089253472935525e+03 9.848299703336718114e-01
4.030110212027780562e+03 9.890320349021655133e-01
4.030131170691620810e+03 9.891339057621623132e-01
4.030152129464457175e+03 9.886067336878499034e-01
4.030173088346289660e+03 9.904542104514774126e-01
4.030194047337119628e+03 9.851797379627338369e-01
4.030215006436947078e+03 9.828567390634818102e-01
4.030235965645772467e+03 9.936750348268681421e-01
4.030256924963597157e+03 9.869969501581309368e-01
4.030277884390420695e+03 9.856772934306564649e-01
4.030298843926244444e+03 9.804558461883068343e-01
4.030319803571068405e+03 9.895697202081158439e-01
4.030340763324893487e+03 9.917108276917454557e-01
4.030361723187720145e+03 9.876325304589455012e-01
4.030382683159548833e+03 9.866442014434885222e-01
4.030403643240380461e+03 9.891599376986038861e-01
4.030424603430215029e+03 9.922750252853350661e-01
4.030445563729053902e+03 9.879729110269743764e-01
4.030466524136897078e+03 9.803996417593509038e-01
4.030487484653745014e+03 9.926293171894172707e-01
4.030508445279599073e+03 9.853595082658276327e-01
4.030529406014458800e+03 9.864430467761508003e-01
4.030550366858325106e+03 9.913343262204378226e-01
4.030571327811198898e+03 9.954288767581057629e-01
4.030592288873080633e+03 9.891637940374848892e-01
4.030613250043970766e+03 9.861696499066842092e-01
4.030634211323869749e+03 9.905115121270425815e-01
4.030655172712778040e+03 9.929282286049164741e-01
4.030676134210696546e+03 9.923132092924606962e-01
4.030697095817625723e+03 9.851500099447307868e-01
4.030718057533566480e+03 9.879018859882104930e-01
4.030739019358518817e+03 9.869491291828985657e-01
4.030759981292483189e+03 9.913441685112773794e-01
4.030780943335460961e+03 9.960463715360184933e-01
4.030801905487452132e+03 9.999112139695042201e-01
4.030822867748457156e+03 1.000019584715448495e+00
4.030843830118476944e+03 9.968927846719966013e-01
4.030864792597511951e+03 9.884372936446826907e-01
4.030885755185562630e+03 9.897894468031706028e-01
4.030906717882629891e+03 1.002274501265382867e+00
4.030927680688713735e+03 9.970420880690235022e-01
4.030948643603815071e+03 9.916190458824214460e-01
4.030969606627934354e+03 9.943724675209359987e-01
4.030990569761072493e+03 9.935296806021630678e-01
4.031011533003229943e+03 9.924811937609336887e-01
4.031032496354406703e+03 9.936049420370116625e-01
4.031053459814604139e+03 9.936330959064690882e-01
4.031074423383822250e+03 9.915439681480774370e-01
4.031095387062061945e+03 9.933212155072929095e-01
4.031116350849323226e+03 9.958218083273678856e-01
4.031137314745607455e+03 9.936773762525353826e-01
4.031158278750914633e+03 9.942335699588671361e-01
4.031179242865245669e+03 9.994201439852973268e-01
4.031200207088601019e+03 9.973154618018902351e-01
4.031221171420981136e+03 9.937366787682526681e-01
4.031242135862386476e+03 9.953512849983324751e-01
4.031263100412817948e+03 9.898683956308905740e-01
4.031284065072276007e+03 9.944455299772436696e-01
4.031305029840761108e+03 9.926171756364161602e-01
4.031325994718274160e+03 9.930822372380826435e-01
4.031346959704815163e+03 9.943244610260566496e-01
4.031367924800385026e+03 9.926569234003558284e-01
4.031388890004984205e+03 9.924140134421434167e-01
4.031409855318613154e+03 9.929409802401791829e-01
4.031430820741272782e+03 1.001704727816722817e+00
4.031451786272963545e+03 9.922462995105384431e-01
4.031472751913685897e+03 9.997199694884123522e-01
4.031493717663440748e+03 9.963159594663979490e-01
4.031514683522228097e+03 9.924662876587172500e-01
4.031535649490048854e+03 1.002451161562706972e+00
4.031556615566903474e+03 9.972868447472758024e-01
4.031577581752792412e+03 9.885807138775288827e-01
4.031598548047716577e+03 9.919952687369401056e-01
4.031619514451676423e+03 9.946209360386020215e-01
4.031640480964671951e+03 9.913943206831405952e-01
4.031661447586704980e+03 9.933336313263485540e-01
4.031682414317774601e+03 9.991772231936540960e-01
4.031703381157882632e+03 9.849306089950188303e-01
4.031724348107029073e+03 9.937110913102180643e-01
4.031745315165214379e+03 1.000715325096372954e+00
4.031766282332439005e+03 9.965590462508169267e-01
4.031787249608704315e+03 9.930126290090929286e-01
4.031808216994009854e+03 1.001850134790918556e+00
4.031829184488356987e+03 9.973592534788940922e-01
4.031850152091745713e+03 9.883480101519653838e-01
4.031871119804176942e+03 9.889644777493636907e-01
4.031892087625651129e+03 9.879476876616015701e-01
4.031913055556169184e+03 9.913424569791594587e-01
4.031934023595731105e+03 9.906883206564205402e-01
4.031954991744337804e+03 9.958502951292131922e-01
4.031975960001989733e+03 1.004048474421406434e+00
4.031996928368687350e+03 1.003216139969561604e+00
4.032017896844431561e+03 1.001334175617305311e+00
4.032038865429222369e+03 1.001872803084936203e+00
4.032059834123061137e+03 9.912424105489912041e-01
4.032080802925947410e+03 9.900211068957612826e-01
4.032101771837883007e+03 9.929333169579117602e-01
4.032122740858867473e+03 9.935106743904000837e-01
4.032143709988901719e+03 9.974648364991668403e-01
4.032164679227986198e+03 9.912695645106779363e-01
4.032185648576121821e+03 9.966725185536680076e-01
4.032206618033309041e+03 9.912784669707319640e-01
4.032227587599547860e+03 9.988848770728229187e-01
4.032248557274839641e+03 9.934905158879508980e-01
4.032269527059184838e+03 9.973753317765440274e-01
4.032290496952583453e+03 9.919458727788879049e-01
4.032311466955036394e+03 9.903848325507965678e-01
4.032332437066544117e+03 9.962214467538296203e-01
4.032353407287107530e+03 9.968008740662995804e-01
4.032374377616727088e+03 9.960240695463189464e-01
4.032395348055403247e+03 1.000394500439254042e+00
4.032416318603136006e+03 1.001356266270787998e+00
4.032437289259927184e+03 9.976029380421815862e-01
4.032458260025776326e+03 9.880358793522137084e-01
4.032479230900684342e+03 9.922937170424622755e-01
4.032500201884651688e+03 9.997875084887702934e-01
4.032521172977679271e+03 9.943698870628555619e-01
4.032542144179767092e+03 9.970573469184536020e-01
4.032563115490916516e+03 9.993481858374215765e-01
4.032584086911127088e+03 9.980373632963602804e-01
4.032605058440400171e+03 9.976053417700062598e-01
4.032626030078736221e+03 9.982563478823770486e-01
4.032647001826135693e+03 9.965509883046769213e-01
4.032667973682598586e+03 9.966601809143406099e-01
4.032688945648126719e+03 1.004596766744781045e+00
4.032709917722719638e+03 9.989108530379504636e-01
4.032730889906378252e+03 9.940428536027101636e-01
4.032751862199103016e+03 9.950677333725664875e-01
4.032772834600894839e+03 9.961982839325990158e-01
4.032793807111753722e+03 9.947542276367484781e-01
4.032814779731680574e+03 9.976172068562485507e-01
4.032835752460675849e+03 9.953588084578826045e-01
4.032856725298740457e+03 9.959595238709099130e-01
4.032877698245874853e+03 9.938088853623326946e-01
4.032898671302079038e+03 9.885470989799266528e-01
4.032919644467354374e+03 9.959063788189707056e-01
4.032940617741700862e+03 9.972052620709456194e-01
4.032961591125118957e+03 9.863910783703567775e-01
4.032982564617610024e+03 9.927845606533310940e-01
4.033003538219174061e+03 9.963790667916241350e-01
4.033024511929811524e+03 9.993815191713085744e-01
4.033045485749522868e+03 9.933065504888611841e-01
4.033066459678309457e+03 9.949297424035127291e-01
4.033087433716171290e+03 9.962235012155901126e-01
4.033108407863108823e+03 9.921214543018287424e-01
4.033129382119122965e+03 9.978104889844994219e-01
4.033150356484213717e+03 1.002438938071720242e+00
4.033171330958382441e+03 9.987589810956952752e-01
4.033192305541629594e+03 1.001914528653271130e+00
4.033213280233954720e+03 9.966030789444442206e-01
4.033234255035359638e+03 1.002420675078008916e+00
4.033255229945844349e+03 1.003070926806978180e+00
4.033276204965409306e+03 9.965380780073606060e-01
4.033297180094055420e+03 9.965845954363067305e-01
4.033318155331783146e+03 9.931474627144383227e-01
4.033339130678592937e+03 9.944124593222993802e-01
4.033360106134485250e+03 9.970767277097397630e-01
4.033381081699460992e+03 9.981360433159914836e-01
4.033402057373520165e+03 9.988251286814959773e-01
4.033423033156664133e+03 1.000193903988879196e+00
4.033444009048892894e+03 1.000901245016175611e+00
4.033464985050207360e+03 9.993197115379640616e-01
4.033485961160607530e+03 9.998565571947477526e-01
4.033506937380094769e+03 9.965522134966009471e-01
4.033527913708669075e+03 9.927357511151814196e-01
4.033548890146330905e+03 9.931701128795542566e-01
4.033569866693081622e+03 9.943189868424180400e-01
4.033590843348920771e+03 9.956387533264916545e-01
4.033611820113849717e+03 9.948239175845636773e-01
4.033632796987868915e+03 9.888447923656524807e-01
4.033653773970978364e+03 9.955528569913250081e-01
4.033674751063178974e+03 9.985989166489420699e-01
4.033695728264471654e+03 9.925114282682112599e-01
4.033716705574856405e+03 9.964814955485534753e-01
4.033737682994334136e+03 9.938485504328923303e-01
4.033758660522905302e+03 1.002751297851757872e+00
4.033779638160570357e+03 9.974580763557068241e-01
4.033800615907330211e+03 1.004424296341533074e+00
4.033821593763185319e+03 9.964086063104178326e-01
4.033842571728136136e+03 9.968162420054587081e-01
4.033863549802183115e+03 9.969150429417623638e-01
4.033884527985327168e+03 9.965402507395780818e-01
4.033905506277568293e+03 9.917628198512432602e-01
4.033926484678907855e+03 9.907100605823535577e-01
4.033947463189345399e+03 1.001735889784036271e+00
4.033968441808882744e+03 1.005698321084537827e+00
4.033989420537519436e+03 9.956079013800253064e-01
4.034010399375256384e+03 9.959148376719919593e-01
4.034031378322094042e+03 9.966977456427585924e-01
4.034052357378033321e+03 9.931704768278927231e-01
4.034073336543074674e+03 9.998517467372649570e-01
4.034094315817218558e+03 9.986922057214611126e-01
4.034115295200465425e+03 9.966694178050655717e-01
4.034136274692815732e+03 9.997339833780908291e-01
4.034157254294270842e+03 1.000760235060620618e+00
4.034178234004830301e+03 9.993934577026127863e-01
4.034199213824495473e+03 9.968108522045279196e-01
4.034220193753266358e+03 9.939301733167207331e-01
4.034241173791143865e+03 9.946941192794559461e-01
4.034262153938128449e+03 9.962757097319061561e-01
4.034283134194220565e+03 9.943911931894477974e-01
4.034304114559421123e+03 9.979116788491068091e-01
4.034325095033730122e+03 1.000912407832235340e+00
4.034346075617148472e+03 9.999883532982023482e-01
4.034367056309677082e+03 9.970400129359197061e-01
4.034388037111315953e+03 9.891066237873105127e-01
4.034409018022065993e+03 9.928285218650501065e-01
4.034429999041927658e+03 9.993967668690824091e-01
4.034450980170901403e+03 9.978933115291929168e-01
4.034471961408988136e+03 9.970042390967703838e-01
4.034492942756187858e+03 9.982625327881747834e-01
4.034513924212501479e+03 9.962227686507698632e-01
4.034534905777929907e+03 9.987890880187347831e-01
4.034555887452473144e+03 1.000297723020355134e+00
4.034576869236132097e+03 9.867670868128376460e-01
4.034597851128907223e+03 9.978422029406751603e-01
4.034618833130798976e+03 9.892945967175316158e-01
4.034639815241807810e+03 9.906289385745460363e-01
4.034660797461934635e+03 1.005310043781315832e+00
4.034681779791179906e+03 1.001589095049892242e+00
4.034702762229544533e+03 9.934824752381549162e-01
4.034723744777028060e+03 9.902560469330567994e-01
4.034744727433632306e+03 9.952558063994636495e-01
4.034765710199356818e+03 9.957495352707261826e-01
4.034786693074202958e+03 9.910365225626158736e-01
4.034807676058170728e+03 9.936863777799064268e-01
4.034828659151261036e+03 9.968337397643992626e-01
4.034849642353474337e+03 9.951224160681667597e-01
4.034870625664811087e+03 9.927381815332360082e-01
4.034891609085271739e+03 9.909891215574214707e-01
4.034912592614857203e+03 9.972528284859190073e-01
4.034933576253567935e+03 9.969482661875118668e-01
4.034954560001404388e+03 9.934577620435702805e-01
4.034975543858367473e+03 9.965521981060520007e-01
4.034996527824457189e+03 9.991747190423458935e-01
4.035017511899674446e+03 1.000639534674186981e+00
4.035038496084020153e+03 9.985747981059166500e-01
4.035059480377494310e+03 9.943149263717089292e-01
4.035080464780097373e+03 9.950917073893725817e-01
4.035101449291830704e+03 9.998525434389625710e-01
4.035122433912693850e+03 9.997743211956993115e-01
4.035143418642688630e+03 9.940265475220398939e-01
4.035164403481814134e+03 9.975249083925716853e-01
4.035185388430072180e+03 9.943134795990526964e-01
4.035206373487462770e+03 1.000773407532755899e+00
4.035227358653986357e+03 1.001513089034918425e+00
4.035248343929643852e+03 1.004113096059355614e+00
4.035269329314435709e+03 9.968195364931101699e-01
4.035290314808362382e+03 9.969717614279559603e-01
4.035311300411424327e+03 1.005596462545282899e+00
4.035332286123622453e+03 1.000367589088529741e+00
4.035353271944957214e+03 9.935918065235878061e-01
4.035374257875429066e+03 9.932425724570091985e-01
4.035395243915038463e+03 9.905061544036966037e-01
4.035416230063786315e+03 1.000515564847865191e+00
4.035437216321673077e+03 9.997148929670871542e-01
4.035458202688699203e+03 9.974910887238246371e-01
4.035479189164865602e+03 9.948796811990082700e-01
4.035500175750172275e+03 1.002651046337742935e+00
4.035521162444620131e+03 1.000565919769710321e+00
4.035542149248209626e+03 1.004508937635335331e+00
4.035563136160941667e+03 1.000032625098895567e+00
4.035584123182816256e+03 1.002306824063738278e+00
4.035605110313834302e+03 9.978208098328223974e-01
4.035626097553996260e+03 9.901745629796205872e-01
4.035647084903303039e+03 9.967641444424031327e-01
4.035668072361754639e+03 1.002061477826564406e+00
4.035689059929351970e+03 9.984899857244216026e-01
4.035710047606095486e+03 9.987314435704097715e-01
4.035731035391986097e+03 9.942402290354153127e-01
4.035752023287023803e+03 9.961613890935304694e-01
4.035773011291209514e+03 9.906835022070241692e-01
4.035793999404543683e+03 9.952686844413288769e-01
4.035814987627027222e+03 9.996092320675403764e-01
4.035835975958660129e+03 9.977058123133588641e-01
4.035856964399443314e+03 9.998933868844872563e-01
4.035877952949377232e+03 9.979556517287464512e-01
4.035898941608462337e+03 9.957192556808780459e-01
4.035919930376699540e+03 1.000891248017203639e+00
4.035940919254089295e+03 1.006446369418675602e+00
4.035961908240632056e+03 1.005869399289653687e+00
4.035982897336328278e+03 1.001072207394572811e+00
4.036003886541178872e+03 9.987480029646330637e-01
4.036024875855184291e+03 1.003804339788819000e+00
4.036045865278344991e+03 9.956431519013164699e-01
4.036066854810661425e+03 9.976882934001269909e-01
4.036087844452134505e+03 1.002458921469308262e+00
4.036108834202764228e+03 9.992159815785353061e-01
4.036129824062551961e+03 9.971242337464183425e-01
4.036150814031497703e+03 9.996741463004775730e-01
4.036171804109601908e+03 9.988883238076130544e-01
4.036192794296865941e+03 9.986000214763275373e-01
4.036213784593289347e+03 9.999869103391336722e-01
4.036234774998873490e+03 9.976413946387718834e-01
4.036255765513618826e+03 9.999784128218763835e-01
4.036276756137525354e+03 1.005342238490700035e+00
4.036297746870593983e+03 9.994600502920175655e-01
4.036318737712825623e+03 9.990014808598145502e-01
4.036339728664220274e+03 1.001883372770330682e+00
4.036360719724778846e+03 9.999989745800573759e-01
4.036381710894501794e+03 1.003493452285481258e+00
4.036402702173389571e+03 1.001432555188775719e+00
4.036423693561443088e+03 9.939519450634922704e-01
4.036444685058662799e+03 9.973341870728178460e-01
4.036465676665049159e+03 9.999183728955362005e-01
4.036486668380602623e+03 1.003450684054109088e+00
4.036507660205324100e+03 1.003232725002360715e+00
4.036528652139213591e+03 1.000241372051336342e+00
4.036549644182272459e+03 1.002251815378053523e+00
4.036570636334500250e+03 1.004652746844418632e+00
4.036591628595898783e+03 1.002841127784945607e+00
4.036612620966467603e+03 1.000192210514700086e+00
4.036633613446207619e+03 9.984883054751287901e-01
4.036654606035119741e+03 1.000750272541570007e+00
4.036675598733203969e+03 9.974443757578904668e-01
4.036696591540460759e+03 1.000187834802865883e+00
4.036717584456891473e+03 9.948076275826316373e-01
4.036738577482496112e+03 9.942896752180552244e-01
4.036759570617275585e+03 1.000989709636161296e+00
4.036780563861230348e+03 9.968540502379682477e-01
4.036801557214360400e+03 9.971208338143444649e-01
4.036822550676667106e+03 1.004614595987429304e+00
4.036843544248150465e+03 1.004130519646998287e+00
4.036864537928811387e+03 9.976511763703884705e-01
4.036885531718650782e+03 1.000157078186235671e+00
4.036906525617668194e+03 1.006112698795966542e+00
4.036927519625864988e+03 1.000802663727627051e+00
4.036948513743241620e+03 1.008575092443937393e+00
4.036969507969798087e+03 1.010045463658945986e+00
4.036990502305535756e+03 1.003700487359822535e+00
4.037011496750455080e+03 1.004265518497536869e+00
4.037032491304556061e+03 9.998767283937318728e-01
4.037053485967840061e+03 1.004505260220005081e+00
4.037074480740306626e+03 9.987072439646959010e-01
4.037095475621957121e+03 9.975191964124122679e-01
4.037116470612792000e+03 1.001424659586254817e+00
4.037137465712811718e+03 1.003810994237972931e+00
4.037158460922016729e+03 1.001588934184754587e+00
4.037179456240407944e+03 9.996854995687179946e-01
4.037200451667985362e+03 9.995801109556701203e-01
4.037221447204750348e+03 9.995529274990869739e-01
4.037242442850702446e+03 1.009308288362258388e+00
4.037263438605843021e+03 1.004599036790827071e+00
4.037284434470172528e+03 9.969388525734229622e-01
4.037305430443691421e+03 9.968919230322074165e-01
4.037326426526400155e+03 9.966891003507619695e-01
4.037347422718299640e+03 9.975161600120349137e-01
4.037368419019389876e+03 1.002122681479914235e+00
4.037389415429672226e+03 1.000259657703391092e+00
4.037410411949146237e+03 1.001336195532134266e+00
4.037431408577813727e+03 9.986476168472672166e-01
4.037452405315673786e+03 9.980552106582336602e-01
4.037473402162728235e+03 1.002828924904385799e+00
4.037494399118977071e+03 1.001473431014084703e+00
4.037515396184421206e+03 9.992732858686864672e-01
4.037536393359060639e+03 1.003146865983140623e+00
4.037557390642896735e+03 1.002624884073172851e+00
4.037578388035929038e+03 1.003048554494416766e+00
4.037599385538158913e+03 1.005496741760120161e+00
4.037620383149586814e+03 1.004413321062269882e+00
4.037641380870213197e+03 1.014627502498782752e+00
4.037662378700038516e+03 1.005020293009339261e+00
4.037683376639063226e+03 9.998296905543019308e-01
4.037704374687288237e+03 9.979484714030935066e-01
4.037725372844714457e+03 1.001613710135720092e+00
4.037746371111341432e+03 9.992513189711312860e-01
4.037767369487170527e+03 9.972788414222965026e-01
4.037788367972201740e+03 1.001405793474799077e+00
4.037809366566436438e+03 1.001410651562917309e+00
4.037830365269874619e+03 1.002397324787938082e+00
4.037851364082516739e+03 1.007363813192474922e+00
4.037872363004363706e+03 1.006672041193496181e+00
4.037893362035415976e+03 1.010313800879719670e+00
4.037914361175674003e+03 1.002236199449447085e+00
4.037935360425138697e+03 1.002022168716496076e+00
4.037956359783810058e+03 1.003933249604565203e+00
4.037977359251688995e+03 1.002900341765452952e+00
4.037998358828776418e+03 1.005953004460619526e+00
4.038019358515072327e+03 1.004086249521890517e+00
4.038040358310577176e+03 1.008177225006019251e+00
4.038061358215292330e+03 1.004974781804649275e+00
4.038082358229217789e+03 9.993394519613592042e-01
4.038103358352354007e+03 1.003125546677048785e+00
4.038124358584701895e+03 1.007688509532817633e+00
4.038145358926261906e+03 1.008154246245116514e+00
4.038166359377034496e+03 1.005803642382522289e+00
4.038187359937020574e+03 1.003490076201517978e+00
4.038208360606220140e+03 1.006236919927083306e+00
4.038229361384634103e+03 9.981697560053413021e-01
4.038250362272263374e+03 9.958143136419820296e-01
4.038271363269107951e+03 1.002433813278740260e+00
4.038292364375168290e+03 9.996871772846813720e-01
4.038313365590445756e+03 1.005803013623188358e+00
4.038334366914939892e+03 1.001272654254449224e+00
4.038355368348652519e+03 1.001186905959589479e+00
4.038376369891582726e+03 9.991447744622690141e-01
4.038397371543732334e+03 9.966723701022089932e-01
4.038418373305101341e+03 1.000037410680302497e+00
4.038439375175690657e+03 1.005870688272300306e+00
4.038460377155500282e+03 1.003870428247938706e+00
4.038481379244531126e+03 9.998703607681279637e-01
4.038502381442783644e+03 1.002891485917367653e+00
4.038523383750258745e+03 9.985205795674066964e-01
4.038544386166956428e+03 9.915524163053047735e-01
4.038565388692877605e+03 1.004510433490878984e+00
4.038586391328023183e+03 9.963074385413152045e-01
4.038607394072393163e+03 1.001086039342114598e+00
4.038628396925988000e+03 9.997823225441915262e-01
4.038649399888809057e+03 1.004655408657359805e+00
4.038670402960856336e+03 1.010527943091171776e+00
4.038691406142130290e+03 1.006238212545207844e+00
4.038712409432631830e+03 1.003576688047539855e+00
4.038733412832360955e+03 9.964929836726271750e-01
4.038754416341319029e+03 9.930381232943228387e-01
4.038775419959506507e+03 9.997677968160185724e-01
4.038796423686923390e+03 1.004533042697715928e+00
4.038817427523570586e+03 1.000625368846105978e+00
4.038838431469448551e+03 9.984427479828678065e-01
4.038859435524557739e+03 1.001773841415222632e+00
4.038880439688899060e+03 1.003659689662847576e+00
4.038901443962473422e+03 1.005026399476029120e+00
4.038922448345280372e+03 1.003526803653538524e+00
4.038943452837321274e+03 1.005462339664854987e+00
4.038964457438596128e+03 1.010198600567653093e+00
4.038985462149105842e+03 9.984898344218511301e-01
4.039006466968851328e+03 1.009528575546966733e+00
4.039027471897832584e+03 1.006427786404756386e+00
4.039048476936050065e+03 1.005290364458067076e+00
4.039069482083505136e+03 1.005181749558312854e+00
4.039090487340197342e+03 1.009940489126852192e+00
4.039111492706128047e+03 1.006688724255260681e+00
4.039132498181297706e+03 9.995649119461654797e-01
4.039153503765706773e+03 1.000246040236354217e+00
4.039174509459355249e+03 1.005487243595299063e+00
4.039195515262244498e+03 1.007399694557189918e+00
4.039216521174374975e+03 1.004227509269632668e+00
4.039237527195747134e+03 1.003868859933866320e+00
4.039258533326361430e+03 1.005062850618011039e+00
4.039279539566218318e+03 1.004758418226565420e+00
4.039300545915318708e+03 1.001939048798302423e+00
4.039321552373663053e+03 1.004354413808838942e+00
4.039342558941251809e+03 1.000246110788368004e+00
4.039363565618085431e+03 1.006745422311975835e+00
4.039384572404165283e+03 1.002627010067437485e+00
4.039405579299490910e+03 1.007077872897570892e+00
4.039426586304063221e+03 1.005761608959386821e+00
4.039447593417882672e+03 1.008428776857208220e+00
4.039468600640950172e+03 1.011654850348192136e+00
4.039489607973266175e+03 1.004644623183423624e+00
4.039510615414831591e+03 1.000007140270045891e+00
4.039531622965645965e+03 1.006898117397137415e+00
4.039552630625711117e+03 1.006621040399142908e+00
4.039573638395026592e+03 9.998459782571612608e-01
4.039594646273593298e+03 1.005147513204720289e+00
4.039615654261412146e+03 1.002063622305388257e+00
4.039636662358483136e+03 1.009302251524546445e+00
4.039657670564807177e+03 1.000906352917798836e+00
4.039678678880385178e+03 1.001821408642421529e+00
4.039699687305217140e+03 1.005936687681877606e+00
4.039720695839303517e+03 1.006105026149958670e+00
4.039741704482645218e+03 1.002578436714069987e+00
4.039762713235243154e+03 1.007700136143078407e+00
4.039783722097097325e+03 1.005799364791297945e+00
4.039804731068208184e+03 1.000957837249006888e+00
4.039825740148577097e+03 1.002170490557335203e+00
4.039846749338203608e+03 1.001135052578857820e+00
4.039867758637089082e+03 1.002229956219597096e+00
4.039888768045233974e+03 1.000558394727687705e+00
4.039909777562638283e+03 9.982950333512051744e-01
4.039930787189303373e+03 1.008675428095197946e+00
4.039951796925229246e+03 1.007952396459127042e+00
4.039972806770416355e+03 1.000232497078120453e+00
4.039993816724866065e+03 1.007227361387256437e+00
