# star name zetOri, line HEIHEII4026
# instrument: HERMES spectrograph @Mercator
# date of observation (midpoint)2018-10-13T02:20:30.417249
# BJD of observation (midpoint)2458404.599795
# name of fits file: 00897882_HRF_OBJ_ext_CosmicsRemoved_log_merged_c.fits
# 
# wavelength(Angstrom,air) normalised_flux
4.014004351421558567e+03 1.006334709058085863e+00
4.014025226326567918e+03 1.005336705905546468e+00
4.014046101340138193e+03 9.956427374902609984e-01
4.014066976462269395e+03 1.000357037371417457e+00
4.014087851692961522e+03 9.987127102050735727e-01
4.014108727032216393e+03 9.968738387435172044e-01
4.014129602480033100e+03 9.942308756020553639e-01
4.014150478036413460e+03 9.982009697469655940e-01
4.014171353701357475e+03 1.003883648102594561e+00
4.014192229474865599e+03 1.000740118084455732e+00
4.014213105356938740e+03 9.951016653115739574e-01
4.014233981347577355e+03 9.935754920635453402e-01
4.014254857446781898e+03 9.966907226599266423e-01
4.014275733654553278e+03 9.975757887601298668e-01
4.014296609970891041e+03 1.000326033629181266e+00
4.014317486395797005e+03 1.010068536880543766e+00
4.014338362929271170e+03 1.000055456692660050e+00
4.014359239571313992e+03 1.003438978430281292e+00
4.014380116321926380e+03 9.952117136076752413e-01
4.014400993181108333e+03 9.925534801033862875e-01
4.014421870148861217e+03 9.916987796569676217e-01
4.014442747225185030e+03 9.954016384564988718e-01
4.014463624410080229e+03 9.981290672248412932e-01
4.014484501703547721e+03 9.948299693103179742e-01
4.014505379105588418e+03 1.005191749977609517e+00
4.014526256616201863e+03 9.980632335002674882e-01
4.014547134235389422e+03 9.995904548895299113e-01
4.014568011963151548e+03 9.997398543092810286e-01
4.014588889799488243e+03 9.918908148519727241e-01
4.014609767744400870e+03 9.869800096066631001e-01
4.014630645797889883e+03 1.001652167384530223e+00
4.014651523959955284e+03 9.959253356064511342e-01
4.014672402230597982e+03 9.917454250514627923e-01
4.014693280609818430e+03 9.869961084671889928e-01
4.014714159097617539e+03 9.874694314632680436e-01
4.014735037693995309e+03 9.912400606826408112e-01
4.014755916398952650e+03 1.001825265452044755e+00
4.014776795212490470e+03 1.002130658312240907e+00
4.014797674134608769e+03 9.909437352833899704e-01
4.014818553165308003e+03 9.945101901995994087e-01
4.014839432304589081e+03 1.002277246491609430e+00
4.014860311552452913e+03 1.000925236780316530e+00
4.014881190908899498e+03 9.922098582346025042e-01
4.014902070373929291e+03 9.957903196144568536e-01
4.014922949947543202e+03 1.000451099090007734e+00
4.014943829629742140e+03 1.002373371570900229e+00
4.014964709420526106e+03 1.002201268599202777e+00
4.014985589319895553e+03 9.955505140685620979e-01
4.015006469327851391e+03 9.985776342233128045e-01
4.015027349444394076e+03 1.004770996386053605e+00
4.015048229669524517e+03 1.005318621961126979e+00
4.015069110003242713e+03 1.006870689462840307e+00
4.015089990445549120e+03 9.966096911560274885e-01
4.015110870996445101e+03 9.880685064528786921e-01
4.015131751655930657e+03 9.932065453510439124e-01
4.015152632424006697e+03 9.944452223454811612e-01
4.015173513300673221e+03 9.895397241982230030e-01
4.015194394285931594e+03 9.947897584470911658e-01
4.015215275379781360e+03 9.923418230151785924e-01
4.015236156582223884e+03 9.938125264460676567e-01
4.015257037893259621e+03 9.941744395586034067e-01
4.015277919312889026e+03 9.959901905999165583e-01
4.015298800841112552e+03 1.010612325681228052e+00
4.015319682477930655e+03 9.959790758912174802e-01
4.015340564223344245e+03 9.963579628220591289e-01
4.015361446077353776e+03 1.003676761242797699e+00
4.015382328039960157e+03 9.978840989346248191e-01
4.015403210111162934e+03 9.963353718636472900e-01
4.015424092290963927e+03 9.957990574348842827e-01
4.015444974579362679e+03 9.978864174504981088e-01
4.015465856976360101e+03 1.000580769389495916e+00
4.015486739481957102e+03 9.943308590037496231e-01
4.015507622096153682e+03 9.975988315948751683e-01
4.015528504818950751e+03 9.956075572294283971e-01
4.015549387650348763e+03 9.974441730321846888e-01
4.015570270590348628e+03 9.932632267001273441e-01
4.015591153638950345e+03 9.973881909534029200e-01
4.015612036796154825e+03 1.000209504539202543e+00
4.015632920061962977e+03 1.001722825544437478e+00
4.015653803436374346e+03 1.004246937321255251e+00
4.015674686919390297e+03 9.985016268205112455e-01
4.015695570511011283e+03 9.984970741410157391e-01
4.015716454211237760e+03 1.001528662525936086e+00
4.015737338020070183e+03 9.997230702363609778e-01
4.015758221937509006e+03 9.938565708796223142e-01
4.015779105963555594e+03 9.919308529456425383e-01
4.015799990098209491e+03 1.001731377516333898e+00
4.015820874341472063e+03 9.966371938521199070e-01
4.015841758693343309e+03 1.001276052360153157e+00
4.015862643153824138e+03 1.004433198556383022e+00
4.015883527722915005e+03 1.002661961962711956e+00
4.015904412400616366e+03 1.001764969595965837e+00
4.015925297186929129e+03 1.002125092847988785e+00
4.015946182081853294e+03 9.998000338733370462e-01
4.015967067085389772e+03 1.003149327930085377e+00
4.015987952197539471e+03 9.981436565911842029e-01
4.016008837418302392e+03 1.003196915772249787e+00
4.016029722747678989e+03 1.001268347821848259e+00
4.016050608185670626e+03 1.002930842550737722e+00
4.016071493732276849e+03 1.002489403336960461e+00
4.016092379387499022e+03 9.994376785611532865e-01
4.016113265151337600e+03 1.005253817836151198e+00
4.016134151023792583e+03 9.996687939860277039e-01
4.016155037004865335e+03 1.002796571110058599e+00
4.016175923094555856e+03 1.002283603159681569e+00
4.016196809292865055e+03 9.966453605958897066e-01
4.016217695599792933e+03 9.988584383330135763e-01
4.016238582015340853e+03 1.004907936686990633e+00
4.016259468539508816e+03 9.968788593171161727e-01
4.016280355172297277e+03 1.000897847661630369e+00
4.016301241913707599e+03 1.002245572242411287e+00
4.016322128763739329e+03 1.001096497910241467e+00
4.016343015722393829e+03 9.992608219411439618e-01
4.016363902789671101e+03 9.970176592881599964e-01
4.016384789965572054e+03 1.006329158186321626e+00
4.016405677250097142e+03 1.005430609362270911e+00
4.016426564643247275e+03 9.896815265690240837e-01
4.016447452145021998e+03 1.000187288062542645e+00
4.016468339755423131e+03 9.991979727301921743e-01
4.016489227474450672e+03 9.993076143625615471e-01
4.016510115302105078e+03 1.001182510994397035e+00
4.016531003238386802e+03 9.994564714289013718e-01
4.016551891283296754e+03 9.982048781158217032e-01
4.016572779436835390e+03 1.001741877053369922e+00
4.016593667699003163e+03 9.960353745122416669e-01
4.016614556069800983e+03 1.005357037874090587e+00
4.016635444549229305e+03 1.004013758231782294e+00
4.016656333137288129e+03 1.003248695464169504e+00
4.016677221833978820e+03 1.003354050143167253e+00
4.016698110639301376e+03 1.006686816218072211e+00
4.016718999553256253e+03 1.008704414237435731e+00
4.016739888575844816e+03 1.006463523335071830e+00
4.016760777707066609e+03 1.009331406213979987e+00
4.016781666946923451e+03 1.000706663940392316e+00
4.016802556295414433e+03 1.005686788471211957e+00
4.016823445752541375e+03 9.952852255948942961e-01
4.016844335318304275e+03 1.005889556489056869e+00
4.016865224992703588e+03 1.003264043079622247e+00
4.016886114775739770e+03 1.001564597292049941e+00
4.016907004667414185e+03 1.005543655636016220e+00
4.016927894667726832e+03 9.987383842623109853e-01
4.016948784776678167e+03 9.941335383068408138e-01
4.016969674994268644e+03 1.001186486422205313e+00
4.016990565320499627e+03 1.005143589944715643e+00
4.017011455755370662e+03 9.994835530705918902e-01
4.017032346298883112e+03 1.000752965508508563e+00
4.017053236951036979e+03 1.001866663405164060e+00
4.017074127711833171e+03 1.005813568274331216e+00
4.017095018581272143e+03 1.006663727600647373e+00
4.017115909559354805e+03 1.000298254587028479e+00
4.017136800646081156e+03 9.945006821889544879e-01
4.017157691841451651e+03 9.939387537018454788e-01
4.017178583145467655e+03 9.959569519590686371e-01
4.017199474558129168e+03 9.969934811186709211e-01
4.017220366079436644e+03 9.925123580774101173e-01
4.017241257709390993e+03 1.003380195029778932e+00
4.017262149447992670e+03 1.003495202141901244e+00
4.017283041295242583e+03 1.006916158340529943e+00
4.017303933251140279e+03 1.005748678790826967e+00
4.017324825315687576e+03 1.004180470591066188e+00
4.017345717488884020e+03 1.014110157321874039e+00
4.017366609770730975e+03 1.005774907557816844e+00
4.017387502161228440e+03 1.002193920104508695e+00
4.017408394660376871e+03 1.009448498140511186e+00
4.017429287268177632e+03 1.003882749851823908e+00
4.017450179984630722e+03 1.004747092325594782e+00
4.017471072809736597e+03 9.993893287682240612e-01
4.017491965743496166e+03 1.002727325494828126e+00
4.017512858785909430e+03 9.976718353447602272e-01
4.017533751936977751e+03 1.010130983291653628e+00
4.017554645196701131e+03 1.002756076268392471e+00
4.017575538565080478e+03 9.992439347829109586e-01
4.017596432042115794e+03 1.004300321775695615e+00
4.017617325627808441e+03 1.001738490410863269e+00
4.017638219322158420e+03 9.971431787785695056e-01
4.017659113125166641e+03 9.913321678600718334e-01
4.017680007036833103e+03 9.998299010989172286e-01
4.017700901057159172e+03 1.010373015362196147e+00
4.017721795186144391e+03 1.002757865629991141e+00
4.017742689423790580e+03 9.990836417948727455e-01
4.017763583770097284e+03 9.976455123315373097e-01
4.017784478225065413e+03 9.974768718993499705e-01
4.017805372788695422e+03 1.006489875485738539e+00
4.017826267460988220e+03 1.007464847511729156e+00
4.017847162241944261e+03 1.004713209334526791e+00
4.017868057131564001e+03 1.009403838614048698e+00
4.017888952129847894e+03 1.000024320053314986e+00
4.017909847236796395e+03 9.948408533431440937e-01
4.017930742452410414e+03 1.005217093750467638e+00
4.017951637776690404e+03 1.003454023607786905e+00
4.017972533209637277e+03 1.004736622654601730e+00
4.017993428751251031e+03 1.001507646213047220e+00
4.018014324401532122e+03 9.913578028349088189e-01
4.018035220160481913e+03 9.954827685906916246e-01
4.018056116028099950e+03 9.992035682281207309e-01
4.018077012004388052e+03 1.004013961090695961e+00
4.018097908089345310e+03 9.954497377239871492e-01
4.018118804282973542e+03 9.956334719078751005e-01
4.018139700585272749e+03 1.000878685674124080e+00
4.018160596996243385e+03 9.965424872410030277e-01
4.018181493515886359e+03 9.988678580910388405e-01
4.018202390144202127e+03 1.005816343454255524e+00
4.018223286881191143e+03 1.000165166105659420e+00
4.018244183726853862e+03 9.990216984375307474e-01
4.018265080681191193e+03 1.002701279452172356e+00
4.018285977744203592e+03 1.002795398812347472e+00
4.018306874915891513e+03 9.990139236818255108e-01
4.018327772196255410e+03 1.008868949311935603e+00
4.018348669585296193e+03 1.000022209019882924e+00
4.018369567083013862e+03 9.966942193381927995e-01
4.018390464689409782e+03 1.002521717157224268e+00
4.018411362404483953e+03 1.010365365298866447e+00
4.018432260228237283e+03 9.979344541588536233e-01
4.018453158160669773e+03 1.000930103871959798e+00
4.018474056201782787e+03 1.000665335630459563e+00
4.018494954351575871e+03 9.989947225280532139e-01
4.018515852610050842e+03 1.012404347736610477e+00
4.018536750977207248e+03 9.996477157918424172e-01
4.018557649453045997e+03 9.948662000188163157e-01
4.018578548037567543e+03 1.002266738241150312e+00
4.018599446730772797e+03 1.004537087080016100e+00
4.018620345532662213e+03 1.007120800467204758e+00
4.018641244443235792e+03 1.010401832554008950e+00
4.018662143462494896e+03 1.009929542475088704e+00
4.018683042590439527e+03 1.002742419376960070e+00
4.018703941827070594e+03 1.006159068315471528e+00
4.018724841172388551e+03 1.005410718169017281e+00
4.018745740626393854e+03 1.000589704119892787e+00
4.018766640189087411e+03 1.000813157451951652e+00
4.018787539860469224e+03 1.008586779875570327e+00
4.018808439640540200e+03 1.002243997939082254e+00
4.018829339529301251e+03 9.996767382271849467e-01
4.018850239526752375e+03 1.002417001525185869e+00
4.018871139632894028e+03 9.943350264049988230e-01
4.018892039847727119e+03 9.995382096967480035e-01
4.018912940171252558e+03 1.005533367034360692e+00
4.018933840603470344e+03 1.001291549579818030e+00
4.018954741144380932e+03 9.998863040807337565e-01
4.018975641793985687e+03 1.003359102874182174e+00
4.018996542552284154e+03 1.007370590789816500e+00
4.019017443419277697e+03 1.000540900955270596e+00
4.019038344394966771e+03 1.005128789851057469e+00
4.019059245479351375e+03 1.001961637225541546e+00
4.019080146672432875e+03 1.004311383940014624e+00
4.019101047974210815e+03 9.992777091376198184e-01
4.019121949384687014e+03 1.000412547794506279e+00
4.019142850903861017e+03 1.005385308763333096e+00
4.019163752531733735e+03 1.013010545582955890e+00
4.019184654268306076e+03 1.006802665843380407e+00
4.019205556113578041e+03 1.006940955857592135e+00
4.019226458067550539e+03 1.003204678584277199e+00
4.019247360130224024e+03 1.001293858508886414e+00
4.019268262301598952e+03 9.989623819416388883e-01
4.019289164581676232e+03 1.004219310825945177e+00
4.019310066970455864e+03 1.002180980751604888e+00
4.019330969467939212e+03 1.008433462936248581e+00
4.019351872074125822e+03 1.005960639586636951e+00
4.019372774789017512e+03 9.951542693683512741e-01
4.019393677612613828e+03 9.986948147864993519e-01
4.019414580544915680e+03 1.004619235584025994e+00
4.019435483585923521e+03 9.940271522581769492e-01
4.019456386735638262e+03 9.939373948293874772e-01
4.019477289994059902e+03 9.928447699757158018e-01
4.019498193361189351e+03 1.000912344332879789e+00
4.019519096837027519e+03 1.003725427065883968e+00
4.019540000421574405e+03 1.002223740080458114e+00
4.019560904114830464e+03 1.013456039881117210e+00
4.019581807916797061e+03 1.007062239079123289e+00
4.019602711827474195e+03 9.997202462997083483e-01
4.019623615846862322e+03 1.006320021265128872e+00
4.019644519974962350e+03 9.966956682797579736e-01
4.019665424211774280e+03 9.970893371925559912e-01
4.019686328557299476e+03 1.007409289003917241e+00
4.019707233011537937e+03 1.008409295505587888e+00
4.019728137574490574e+03 1.007430821972737700e+00
4.019749042246157842e+03 1.005819479765071245e+00
4.019769947026540194e+03 1.000695024791573795e+00
4.019790851915638086e+03 9.954966001054132985e-01
4.019811756913452427e+03 1.014197067142972308e+00
4.019832662019983673e+03 1.003250887923008428e+00
4.019853567235231822e+03 9.947851375561098664e-01
4.019874472559198693e+03 1.005704025828054293e+00
4.019895377991883379e+03 1.002033891413715239e+00
4.019916283533287697e+03 9.970559042173987585e-01
4.019937189183411192e+03 9.960677722770991949e-01
4.019958094942255229e+03 1.004462803756930755e+00
4.019979000809819809e+03 9.997869986549836607e-01
4.019999906786106294e+03 9.911167550334929466e-01
4.020020812871114231e+03 1.008077060724420271e+00
4.020041719064844528e+03 1.012356791332494677e+00
4.020062625367298097e+03 1.012083503426739250e+00
4.020083531778475390e+03 1.005226214044896871e+00
4.020104438298376863e+03 1.010115396411314759e+00
4.020125344927002971e+03 1.005579798784697276e+00
4.020146251664354622e+03 1.001426678788746250e+00
4.020167158510431818e+03 1.004188092549672229e+00
4.020188065465235468e+03 1.007373672904866790e+00
4.020208972528766481e+03 1.006010934381679434e+00
4.020229879701024856e+03 1.002166617335576770e+00
4.020250786982011050e+03 9.954219366980040506e-01
4.020271694371726426e+03 9.992880550712329724e-01
4.020292601870170984e+03 1.003263644315014469e+00
4.020313509477345178e+03 9.981359142227409498e-01
4.020334417193249919e+03 1.007106333569998791e+00
4.020355325017885662e+03 9.992410625631259480e-01
4.020376232951252859e+03 1.002482446272884298e+00
4.020397140993352423e+03 1.002265766102506950e+00
4.020418049144184351e+03 9.886095103709042764e-01
4.020438957403749555e+03 9.992791025978630115e-01
4.020459865772048488e+03 1.002415271829986132e+00
4.020480774249082060e+03 9.956842787276237727e-01
4.020501682834850271e+03 9.992676330321017542e-01
4.020522591529354031e+03 1.000828829725583846e+00
4.020543500332593794e+03 9.939404495778484394e-01
4.020564409244570470e+03 9.988065894190861771e-01
4.020585318265284059e+03 1.008532072813447922e+00
4.020606227394735470e+03 9.995615137062778821e-01
4.020627136632925158e+03 9.981662769768305798e-01
4.020648045979853578e+03 9.985075739051199051e-01
4.020668955435522093e+03 9.968421350650791268e-01
4.020689864999929796e+03 9.952198203429677426e-01
4.020710774673078504e+03 9.988256057443501978e-01
4.020731684454968672e+03 9.922619686410011353e-01
4.020752594345599846e+03 1.000931025681827569e+00
4.020773504344973844e+03 9.937967329672233729e-01
4.020794414453090667e+03 9.985039558603484577e-01
4.020815324669950769e+03 1.000873503910620688e+00
4.020836234995554605e+03 9.956150461598898271e-01
4.020857145429903085e+03 9.969424132579561837e-01
4.020878055972997117e+03 1.001770112762712994e+00
4.020898966624836248e+03 1.001300335379651241e+00
4.020919877385421842e+03 9.968135462419976944e-01
4.020940788254754352e+03 9.995216403634359370e-01
4.020961699232834235e+03 9.983232169739103545e-01
4.020982610319661944e+03 9.955660721572459071e-01
4.021003521515237935e+03 9.957188833481345203e-01
4.021024432819563572e+03 1.006632345657871408e+00
4.021045344232638399e+03 1.011298839987325948e+00
4.021066255754463327e+03 9.989425503719062682e-01
4.021087167385039265e+03 9.975293563692151366e-01
4.021108079124366668e+03 1.001946155317907872e+00
4.021128990972445536e+03 1.011515096593863738e+00
4.021149902929277232e+03 1.000536103486495909e+00
4.021170814994861757e+03 9.982597305369396157e-01
4.021191727169200021e+03 9.997180045560460915e-01
4.021212639452292478e+03 9.951275348468436865e-01
4.021233551844139129e+03 9.968318521556814860e-01
4.021254464344741791e+03 9.963085244374539906e-01
4.021275376954100011e+03 1.000091702754606349e+00
4.021296289672214243e+03 9.964847115625610208e-01
4.021317202499085852e+03 9.951925089400931457e-01
4.021338115434715291e+03 9.932248728198048715e-01
4.021359028479102562e+03 9.920516796868421583e-01
4.021379941632248119e+03 9.897424034410735594e-01
4.021400854894153326e+03 9.898833453969044793e-01
4.021421768264818638e+03 9.919464733393925648e-01
4.021442681744244055e+03 9.929392783863435490e-01
4.021463595332430032e+03 9.947324032972639785e-01
4.021484509029377932e+03 9.999577712323144407e-01
4.021505422835087757e+03 1.003991490206317172e+00
4.021526336749560414e+03 9.968980009866301728e-01
4.021547250772795906e+03 9.987230798631229201e-01
4.021568164904795594e+03 9.925441508618795261e-01
4.021589079145559481e+03 1.002464594198048120e+00
4.021609993495088020e+03 1.000434558727545165e+00
4.021630907953382575e+03 9.919169405092879144e-01
4.021651822520442693e+03 1.000952470327884036e+00
4.021672737196269281e+03 9.956138459913069783e-01
4.021693651980863706e+03 1.003326720067458933e+00
4.021714566874225056e+03 1.006837087688012611e+00
4.021735481876355152e+03 1.000116664095470398e+00
4.021756396987253993e+03 9.976568971215921122e-01
4.021777312206922488e+03 9.922623573864596258e-01
4.021798227535360638e+03 9.981585115616863346e-01
4.021819142972569807e+03 9.933703765484909187e-01
4.021840058518549540e+03 9.961382762395043500e-01
4.021860974173301202e+03 9.899181263259823060e-01
4.021881889936825246e+03 9.913948175335085544e-01
4.021902805809122128e+03 1.008204147886750057e+00
4.021923721790192303e+03 1.002335928704504164e+00
4.021944637880036225e+03 9.937216932558272653e-01
4.021965554078654804e+03 1.000545555394478425e+00
4.021986470386048495e+03 9.907236433046284763e-01
4.022007386802217752e+03 9.966485879438506945e-01
4.022028303327163485e+03 9.941823378943644984e-01
4.022049219960885694e+03 9.886684107435838031e-01
4.022070136703385288e+03 9.958098846074101562e-01
4.022091053554663176e+03 9.969119132576685915e-01
4.022111970514719360e+03 9.925005840162942627e-01
4.022132887583554293e+03 9.888213748094010214e-01
4.022153804761168885e+03 9.982876211454385640e-01
4.022174722047564046e+03 9.960402677541676519e-01
4.022195639442739775e+03 9.877931801941949308e-01
4.022216556946696528e+03 9.951050138579936588e-01
4.022237474559435213e+03 9.875523254162260622e-01
4.022258392280956741e+03 9.963520232365618012e-01
4.022279310111261111e+03 9.949564072219285737e-01
4.022300228050348778e+03 9.944948595566555083e-01
4.022321146098220652e+03 9.874318439510559875e-01
4.022342064254877187e+03 9.861685917289657599e-01
4.022362982520319292e+03 9.969495686484474151e-01
4.022383900894546969e+03 9.962970450571462244e-01
4.022404819377561125e+03 9.929077900534118983e-01
4.022425737969362217e+03 9.921383340696857678e-01
4.022446656669951153e+03 9.863868696033848416e-01
4.022467575479327934e+03 9.903563237986421353e-01
4.022488494397493469e+03 9.934089431114001556e-01
4.022509413424447757e+03 9.963371832822505159e-01
4.022530332560192164e+03 9.809566687647793826e-01
4.022551251804727144e+03 9.904075007916036677e-01
4.022572171158052697e+03 9.912092716254858882e-01
4.022593090620170187e+03 9.865038668041867798e-01
4.022614010191079160e+03 9.866738791836350275e-01
4.022634929870781434e+03 9.863656126795135037e-01
4.022655849659276100e+03 9.870781411683806628e-01
4.022676769556564977e+03 9.936761520959389582e-01
4.022697689562648520e+03 9.862715041168944596e-01
4.022718609677526274e+03 9.861378360251716879e-01
4.022739529901199603e+03 9.889016439174186379e-01
4.022760450233669417e+03 9.886304582176179689e-01
4.022781370674935260e+03 9.861157786725054386e-01
4.022802291224998498e+03 9.775067191098051333e-01
4.022823211883859585e+03 9.791816844037822820e-01
4.022844132651518976e+03 9.854219511242376939e-01
4.022865053527976670e+03 9.942392115843440292e-01
4.022885974513234487e+03 9.849231621749504617e-01
4.022906895607291972e+03 9.817346419010511971e-01
4.022927816810149579e+03 9.836721838789063144e-01
4.022948738121808674e+03 9.852521314565629851e-01
4.022969659542269710e+03 9.856462930276818080e-01
4.022990581071532688e+03 9.913477470842780859e-01
4.023011502709598517e+03 9.820299102059973917e-01
4.023032424456467652e+03 9.908549741448199333e-01
4.023053346312141002e+03 9.927489711675394624e-01
4.023074268276618568e+03 9.901923470199133215e-01
4.023095190349901259e+03 9.860860619985769571e-01
4.023116112531989529e+03 9.783512461620339495e-01
4.023137034822883834e+03 9.842249235088961212e-01
4.023157957222585537e+03 9.829033325147518152e-01
4.023178879731094185e+03 9.870312832329611874e-01
4.023199802348410685e+03 9.811275663198663066e-01
4.023220725074535494e+03 9.833794302685535671e-01
4.023241647909469521e+03 9.754829253221760643e-01
4.023262570853213219e+03 9.810507442572991010e-01
4.023283493905767045e+03 9.754756588074989798e-01
4.023304417067131453e+03 9.733070094143561057e-01
4.023325340337307352e+03 9.819613090833154700e-01
4.023346263716295198e+03 9.805512533506436368e-01
4.023367187204094989e+03 9.790805914169677937e-01
4.023388110800708091e+03 9.829271627991439386e-01
4.023409034506134958e+03 9.825861998579988876e-01
4.023429958320375590e+03 9.831537253226062534e-01
4.023450882243430897e+03 9.802907758545603700e-01
4.023471806275301788e+03 9.778503737520271022e-01
4.023492730415988262e+03 9.734632160983387461e-01
4.023513654665491231e+03 9.746833396193906873e-01
4.023534579023811148e+03 9.733176127852665172e-01
4.023555503490948468e+03 9.741254439985405078e-01
4.023576428066904100e+03 9.736620467342350649e-01
4.023597352751678045e+03 9.765667420742478733e-01
4.023618277545271667e+03 9.768568519319877907e-01
4.023639202447684511e+03 9.753502533249300832e-01
4.023660127458917941e+03 9.736821910872378583e-01
4.023681052578972412e+03 9.739314658248590106e-01
4.023701977807848380e+03 9.668297806335915956e-01
4.023722903145546297e+03 9.687273630656955126e-01
4.023743828592066620e+03 9.668178574663198743e-01
4.023764754147410258e+03 9.664892420722380750e-01
4.023785679811577666e+03 9.717123338366783214e-01
4.023806605584569752e+03 9.666064214499181517e-01
4.023827531466386063e+03 9.666377688577725280e-01
4.023848457457028417e+03 9.588434801784061490e-01
4.023869383556496359e+03 9.626856216994135185e-01
4.023890309764791255e+03 9.598269857450871800e-01
4.023911236081912648e+03 9.568839446160553042e-01
4.023932162507862358e+03 9.606110679211229408e-01
4.023953089042639931e+03 9.620916449430741979e-01
4.023974015686246730e+03 9.634643966965205086e-01
4.023994942438682756e+03 9.636748060849864572e-01
4.024015869299948918e+03 9.571868089596006213e-01
4.024036796270045215e+03 9.562598042761653039e-01
4.024057723348973013e+03 9.555155081287877161e-01
4.024078650536732312e+03 9.581438451219781438e-01
4.024099577833323565e+03 9.558276772016801592e-01
4.024120505238748137e+03 9.504708755617353733e-01
4.024141432753005574e+03 9.468057208983271522e-01
4.024162360376097240e+03 9.457542819101237841e-01
4.024183288108023135e+03 9.515284249619954116e-01
4.024204215948784622e+03 9.443545020642255539e-01
4.024225143898381248e+03 9.440783569950763621e-01
4.024246071956814376e+03 9.394524391221907855e-01
4.024267000124084007e+03 9.372029520913138789e-01
4.024287928400191049e+03 9.377848972980459274e-01
4.024308856785135958e+03 9.388654087403012216e-01
4.024329785278919644e+03 9.348060084905064349e-01
4.024350713881542106e+03 9.284063042803782917e-01
4.024371642593003799e+03 9.334702745732551543e-01
4.024392571413306086e+03 9.341341784995061959e-01
4.024413500342448970e+03 9.264542968927581557e-01
4.024434429380433357e+03 9.264663600676164013e-01
4.024455358527259250e+03 9.269245313024584432e-01
4.024476287782928011e+03 9.271838239759710998e-01
4.024497217147439187e+03 9.207758562230398125e-01
4.024518146620794596e+03 9.218701762479238893e-01
4.024539076202993328e+03 9.237789156555976655e-01
4.024560005894037204e+03 9.147292037900764949e-01
4.024580935693926676e+03 9.115352401464597021e-01
4.024601865602661292e+03 9.155697386416550287e-01
4.024622795620242869e+03 9.113720661317276095e-01
4.024643725746670953e+03 9.172123629176534010e-01
4.024664655981946453e+03 9.067602493172258749e-01
4.024685586326070279e+03 9.063172857507952873e-01
4.024706516779042886e+03 9.095637817809562042e-01
4.024727447340864728e+03 9.028729234347810939e-01
4.024748378011536261e+03 9.010684805239943529e-01
4.024769308791057938e+03 9.011837672803129085e-01
4.024790239679430670e+03 8.961607124975897731e-01
4.024811170676654910e+03 8.973241189123724038e-01
4.024832101782731115e+03 8.937020576529434157e-01
4.024853032997660193e+03 8.998935096428046787e-01
4.024873964321442145e+03 8.966414683413237441e-01
4.024894895754077879e+03 8.924127337163896279e-01
4.024915827295567851e+03 8.932674199244580171e-01
4.024936758945912970e+03 8.837296479174774344e-01
4.024957690705113237e+03 8.780661467523667163e-01
4.024978622573169559e+03 8.883624347792742348e-01
4.024999554550082848e+03 8.819600962101554753e-01
4.025020486635852649e+03 8.825355615477975535e-01
4.025041418830480779e+03 8.844191758057781128e-01
4.025062351133966786e+03 8.797861200228689338e-01
4.025083283546311577e+03 8.801622776241880830e-01
4.025104216067516063e+03 8.808334685184964208e-01
4.025125148697580244e+03 8.761549561932253649e-01
4.025146081436505028e+03 8.731052436303181619e-01
4.025167014284291326e+03 8.732778480827043666e-01
4.025187947240938684e+03 8.744644370004266420e-01
4.025208880306448464e+03 8.619349116501032748e-01
4.025229813480821122e+03 8.685921983222038012e-01
4.025250746764057112e+03 8.665473485474008974e-01
4.025271680156157345e+03 8.592494939659177655e-01
4.025292613657121819e+03 8.608679584977846355e-01
4.025313547266951446e+03 8.533837999496195481e-01
4.025334480985646223e+03 8.513709579153242446e-01
4.025355414813207517e+03 8.468189029519229694e-01
4.025376348749635781e+03 8.463173660289449174e-01
4.025397282794931471e+03 8.395703859802873259e-01
4.025418216949094585e+03 8.466050567256248049e-01
4.025439151212126490e+03 8.501669126477378047e-01
4.025460085584027183e+03 8.405454313629022733e-01
4.025481020064797576e+03 8.421015590429289377e-01
4.025501954654438123e+03 8.410400348299774675e-01
4.025522889352949733e+03 8.333176410421525571e-01
4.025543824160331951e+03 8.327144050749906157e-01
4.025564759076586597e+03 8.315589651014824168e-01
4.025585694101713671e+03 8.348118714810354168e-01
4.025606629235713172e+03 8.320492956502026916e-01
4.025627564478586919e+03 8.286672466073560228e-01
4.025648499830334458e+03 8.242983387965076014e-01
4.025669435290956699e+03 8.252640061999511056e-01
4.025690370860454095e+03 8.248588294276542054e-01
4.025711306538827557e+03 8.228703296629943376e-01
4.025732242326077085e+03 8.222136453141318801e-01
4.025753178222203587e+03 8.189551862668568161e-01
4.025774114227207974e+03 8.173373769497156438e-01
4.025795050341090246e+03 8.222941070618728920e-01
4.025815986563851311e+03 8.179106516935289450e-01
4.025836922895491170e+03 8.091626941740901469e-01
4.025857859336011188e+03 8.119706468027082513e-01
4.025878795885411364e+03 8.110813359505444353e-01
4.025899732543692608e+03 8.087996250225865102e-01
4.025920669310855374e+03 8.053715694691592208e-01
4.025941606186900117e+03 8.021009947686287278e-01
4.025962543171827292e+03 8.010500333796206629e-01
4.025983480265638264e+03 7.983600390166547545e-01
4.026004417468332122e+03 8.016848722760595569e-01
4.026025354779911140e+03 7.923618407202359659e-01
4.026046292200374410e+03 7.909220078404274323e-01
4.026067229729723294e+03 7.937791890667612593e-01
4.026088167367958249e+03 7.978630950638361252e-01
4.026109105115079728e+03 7.974097665774598775e-01
4.026130042971088642e+03 7.944327732802557440e-01
4.026150980935984990e+03 7.909274330695473809e-01
4.026171919009769681e+03 7.858083903020182115e-01
4.026192857192443171e+03 7.854903137123072643e-01
4.026213795484005914e+03 7.879789298373510720e-01
4.026234733884458819e+03 7.914411003975432291e-01
4.026255672393802342e+03 7.881637420357352486e-01
4.026276611012036938e+03 7.859328223371695454e-01
4.026297549739163060e+03 7.873136478889012357e-01
4.026318488575181618e+03 7.920577216364886874e-01
4.026339427520093068e+03 7.835262283657283833e-01
4.026360366573897409e+03 7.804842347120934942e-01
4.026381305736596005e+03 7.882181214513654943e-01
4.026402245008189311e+03 7.927514694390996874e-01
4.026423184388677328e+03 7.889806827437163550e-01
4.026444123878061419e+03 7.866462927021586893e-01
4.026465063476341584e+03 7.851464037633931747e-01
4.026486003183518278e+03 7.833151974537337914e-01
4.026506942999592411e+03 7.886505248388677725e-01
4.026527882924564437e+03 7.898185937955288782e-01
4.026548822958434812e+03 7.907108707206637055e-01
4.026569763101204444e+03 7.906282394640853362e-01
4.026590703352873788e+03 7.886380906443741790e-01
4.026611643713443300e+03 7.867083013936658764e-01
4.026632584182913433e+03 7.858514187617302582e-01
4.026653524761284643e+03 7.842847512448821723e-01
4.026674465448557839e+03 7.843442972829408610e-01
4.026695406244733476e+03 7.828840829528777023e-01
4.026716347149812464e+03 7.903261220651290886e-01
4.026737288163794801e+03 7.955864341864993250e-01
4.026758229286680944e+03 7.923050663762688517e-01
4.026779170518472256e+03 7.892326020717306267e-01
4.026800111859168737e+03 7.917360316173438495e-01
4.026821053308770843e+03 7.945603530203343423e-01
4.026841994867279482e+03 7.966498193946751627e-01
4.026862936534695109e+03 7.971266394093624585e-01
4.026883878311018179e+03 7.965810675033655475e-01
4.026904820196249148e+03 7.991508892586257629e-01
4.026925762190389378e+03 8.008637856276463740e-01
4.026946704293438415e+03 8.098431864907890132e-01
4.026967646505397170e+03 8.082284984035983388e-01
4.026988588826266550e+03 8.105856578291910086e-01
4.027009531256047012e+03 8.101005178981565136e-01
4.027030473794738555e+03 8.082397580382647551e-01
4.027051416442342543e+03 8.159912556394590677e-01
4.027072359198858976e+03 8.190857988601994988e-01
4.027093302064288309e+03 8.217688808321909066e-01
4.027114245038631907e+03 8.257338118567583152e-01
4.027135188121889769e+03 8.225016055207297061e-01
4.027156131314062350e+03 8.271586358003474304e-01
4.027177074615150104e+03 8.330799238291376474e-01
4.027198018025154397e+03 8.332152936280751154e-01
4.027218961544075228e+03 8.333210084967571651e-01
4.027239905171913051e+03 8.313352726008214066e-01
4.027260848908668777e+03 8.304557232962705982e-01
4.027281792754342405e+03 8.333489807784407732e-01
4.027302736708935299e+03 8.338946613186174472e-01
4.027323680772447460e+03 8.431817368004563829e-01
4.027344624944879797e+03 8.415818027216133146e-01
4.027365569226232310e+03 8.393563068216969292e-01
4.027386513616506363e+03 8.517910270694847297e-01
4.027407458115701957e+03 8.551678389743605502e-01
4.027428402723819545e+03 8.584334065498145927e-01
4.027449347440860492e+03 8.631467236959684541e-01
4.027470292266824345e+03 8.555954962665124341e-01
4.027491237201712465e+03 8.549418890200398691e-01
4.027512182245524855e+03 8.604867841970519349e-01
4.027533127398262423e+03 8.558056501414400552e-01
4.027554072659926078e+03 8.729817420607165479e-01
4.027575018030515366e+03 8.674705792954152672e-01
4.027595963510031652e+03 8.709672362126134049e-01
4.027616909098475389e+03 8.700505045966866469e-01
4.027637854795847034e+03 8.710060431372841361e-01
4.027658800602147039e+03 8.802709410069212703e-01
4.027679746517376316e+03 8.799685753541687250e-01
4.027700692541535318e+03 8.775516235975546753e-01
4.027721638674624046e+03 8.779232842500976908e-01
4.027742584916643864e+03 8.921653672596541185e-01
4.027763531267594772e+03 8.907937607421672066e-01
4.027784477727477679e+03 8.892924429250431695e-01
4.027805424296293040e+03 8.815852785534670222e-01
4.027826370974041765e+03 8.912365704678471001e-01
4.027847317760723854e+03 9.008272695314158973e-01
4.027868264656339761e+03 9.009311616803516998e-01
4.027889211660890851e+03 9.045962720818947478e-01
4.027910158774377123e+03 9.031548956753938651e-01
4.027931105996799033e+03 8.961019345988341378e-01
4.027952053328157490e+03 8.997416699026462572e-01
4.027973000768452948e+03 9.034885241479631013e-01
4.027993948317685863e+03 9.052954622678670571e-01
4.028014895975857144e+03 9.107903721011294529e-01
4.028035843742966790e+03 9.198502460568050987e-01
4.028056791619016167e+03 9.205126120041091653e-01
4.028077739604004819e+03 9.116529315168874215e-01
4.028098687697934110e+03 9.147760056257002725e-01
4.028119635900804496e+03 9.226418714135429244e-01
4.028140584212616432e+03 9.173529985238134676e-01
4.028161532633370371e+03 9.180814447294401992e-01
4.028182481163066768e+03 9.185959380054149470e-01
4.028203429801706534e+03 9.349429067069091603e-01
4.028224378549290122e+03 9.298325937935915109e-01
4.028245327405817989e+03 9.259731478764317014e-01
4.028266276371290587e+03 9.250650082114855177e-01
4.028287225445709282e+03 9.257598304992415983e-01
4.028308174629073619e+03 9.312221651606402695e-01
4.028329123921384507e+03 9.393489859291020982e-01
4.028350073322642402e+03 9.363201983506286297e-01
4.028371022832848666e+03 9.284974965068930608e-01
4.028391972452002847e+03 9.380976256025518323e-01
4.028412922180105852e+03 9.318940207203498804e-01
4.028433872017158592e+03 9.315802220660143185e-01
4.028454821963161066e+03 9.436927112964456077e-01
4.028475772018114185e+03 9.488921836556200029e-01
4.028496722182018857e+03 9.535746559370144038e-01
4.028517672454874628e+03 9.495923003884304547e-01
4.028538622836682862e+03 9.469837311888301690e-01
4.028559573327444468e+03 9.555200674105710501e-01
4.028580523927158993e+03 9.555055113502055608e-01
4.028601474635827344e+03 9.601088303154883263e-01
4.028622425453450887e+03 9.486715636102091009e-01
4.028643376380029167e+03 9.528918258133742825e-01
4.028664327415563093e+03 9.572372259471410016e-01
4.028685278560053121e+03 9.588917715847299350e-01
4.028706229813500158e+03 9.560021787662729142e-01
4.028727181175904661e+03 9.543789452550810459e-01
4.028748132647267084e+03 9.604547751152038293e-01
4.028769084227587882e+03 9.580663894004840531e-01
4.028790035916867964e+03 9.554090388525570132e-01
4.028810987715107785e+03 9.700702137769520172e-01
4.028831939622307345e+03 9.616117065238203310e-01
4.028852891638468009e+03 9.659972020571477858e-01
4.028873843763590230e+03 9.605991241644930012e-01
4.028894795997674009e+03 9.715688680422885914e-01
4.028915748340720711e+03 9.720508375344955043e-01
4.028936700792729880e+03 9.675803616701499354e-01
4.028957653353703336e+03 9.690238850668020376e-01
4.028978606023640623e+03 9.768114863304133699e-01
4.028999558802542651e+03 9.801153379953460032e-01
4.029020511690409876e+03 9.743935019255104413e-01
4.029041464687243206e+03 9.686532051676459698e-01
4.029062417793042641e+03 9.644242982985491430e-01
4.029083371007809546e+03 9.747395264220826139e-01
4.029104324331543921e+03 9.735108115627998382e-01
4.029125277764246221e+03 9.801777002437839226e-01
4.029146231305917354e+03 9.726464167847438391e-01
4.029167184956557776e+03 9.836772757337854944e-01
4.029188138716168396e+03 9.827468525426737989e-01
4.029209092584749214e+03 9.753918071746172647e-01
4.029230046562300686e+03 9.803831924614202498e-01
4.029251000648824174e+03 9.760563888363507079e-01
4.029271954844319225e+03 9.768248736430227286e-01
4.029292909148787658e+03 9.813274353849668064e-01
4.029313863562229017e+03 9.798127348892029520e-01
4.029334818084644212e+03 9.789004201047707410e-01
4.029355772716033698e+03 9.769152310049172838e-01
4.029376727456397930e+03 9.799653822392097036e-01
4.029397682305738272e+03 9.764106815892439339e-01
4.029418637264054269e+03 9.735855256237375688e-01
4.029439592331346830e+03 9.805000870966121829e-01
4.029460547507616866e+03 9.840403547878298074e-01
4.029481502792864831e+03 9.841254977454364505e-01
4.029502458187090724e+03 9.932339265760044000e-01
4.029523413690295911e+03 9.819350046281218880e-01
4.029544369302480391e+03 9.848913257014105804e-01
4.029565325023645073e+03 9.821899885468098335e-01
4.029586280853790413e+03 9.875054379719526709e-01
4.029607236792916865e+03 9.851592075101027746e-01
4.029628192841024884e+03 9.800471284385483539e-01
4.029649148998115379e+03 9.755978911271584453e-01
4.029670105264188805e+03 9.848960413644679557e-01
4.029691061639245618e+03 9.903961755099736086e-01
4.029712018123286271e+03 9.791507693868070072e-01
4.029732974716311674e+03 9.896608703308740207e-01
4.029753931418322281e+03 9.915107150704370875e-01
4.029774888229318549e+03 9.847174751576115437e-01
4.029795845149301385e+03 9.963898656251657382e-01
4.029816802178270791e+03 9.931278125970994797e-01
4.029837759316227675e+03 9.862798274808877164e-01
4.029858716563172493e+03 9.861798434707649275e-01
4.029879673919106153e+03 9.901993603275124345e-01
4.029900631384028657e+03 9.905760979498402508e-01
4.029921588957940912e+03 9.872607144215056474e-01
4.029942546640843375e+03 9.847608990726246514e-01
4.029963504432736499e+03 9.844298326495934948e-01
4.029984462333621195e+03 9.889774793378647288e-01
4.030005420343497917e+03 9.893807172463285893e-01
4.030026378462367120e+03 9.804886239713714868e-01
4.030047336690229258e+03 9.893714646364480947e-01
4.030068295027085242e+03 9.944909861229267456e-01
4.030089253472935525e+03 9.859362375215666718e-01
4.030110212027780562e+03 9.854481425801341343e-01
4.030131170691620810e+03 9.928725014308512620e-01
4.030152129464457175e+03 9.902150685572395084e-01
4.030173088346289660e+03 9.821978773052828515e-01
4.030194047337119628e+03 9.854839285908891799e-01
4.030215006436947078e+03 9.954759021012805631e-01
4.030235965645772467e+03 9.875415912162652798e-01
4.030256924963597157e+03 9.916604280463249266e-01
4.030277884390420695e+03 9.950761553774775114e-01
4.030298843926244444e+03 9.907563149179973161e-01
4.030319803571068405e+03 9.918523873676381442e-01
4.030340763324893487e+03 9.875884791206300806e-01
4.030361723187720145e+03 9.903272820445995217e-01
4.030382683159548833e+03 9.911144000979726920e-01
4.030403643240380461e+03 9.805665480452304683e-01
4.030424603430215029e+03 9.840813110291456445e-01
4.030445563729053902e+03 9.899048863071802096e-01
4.030466524136897078e+03 9.908407211930205793e-01
4.030487484653745014e+03 9.834460057360689955e-01
4.030508445279599073e+03 9.900233602672239286e-01
4.030529406014458800e+03 9.913135526800619379e-01
4.030550366858325106e+03 9.944354329968557726e-01
4.030571327811198898e+03 9.913536413917599655e-01
4.030592288873080633e+03 9.954598455458941730e-01
4.030613250043970766e+03 9.991112509758127702e-01
4.030634211323869749e+03 9.911218953197217241e-01
4.030655172712778040e+03 9.910739342582129963e-01
4.030676134210696546e+03 9.975558189994454539e-01
4.030697095817625723e+03 9.885490550414429700e-01
4.030718057533566480e+03 9.861924067519051151e-01
4.030739019358518817e+03 9.871299163689457590e-01
4.030759981292483189e+03 9.928950188871009663e-01
4.030780943335460961e+03 9.864263535789976611e-01
4.030801905487452132e+03 9.880502404805630023e-01
4.030822867748457156e+03 9.942329198048397432e-01
4.030843830118476944e+03 9.892513417751428451e-01
4.030864792597511951e+03 9.890857009589562043e-01
4.030885755185562630e+03 9.927860310898842799e-01
4.030906717882629891e+03 9.823878990628375218e-01
4.030927680688713735e+03 9.892599490131587237e-01
4.030948643603815071e+03 9.940202651419861590e-01
4.030969606627934354e+03 9.945569235693798582e-01
4.030990569761072493e+03 9.886818655768442321e-01
4.031011533003229943e+03 9.970917264460779084e-01
4.031032496354406703e+03 9.942562989203319601e-01
4.031053459814604139e+03 9.925533246866095061e-01
4.031074423383822250e+03 9.916543937145018139e-01
4.031095387062061945e+03 9.894085801647811707e-01
4.031116350849323226e+03 9.870720306526712395e-01
4.031137314745607455e+03 9.852009422213807710e-01
4.031158278750914633e+03 9.910587200050732237e-01
4.031179242865245669e+03 9.909686588172368360e-01
4.031200207088601019e+03 9.907352249557146440e-01
4.031221171420981136e+03 9.992295379293286706e-01
4.031242135862386476e+03 9.988509360611091958e-01
4.031263100412817948e+03 1.005198235433058862e+00
4.031284065072276007e+03 9.927120295615364798e-01
4.031305029840761108e+03 9.853465246473276373e-01
4.031325994718274160e+03 9.905004704998411347e-01
4.031346959704815163e+03 9.945746466274988373e-01
4.031367924800385026e+03 9.961822297052372877e-01
4.031388890004984205e+03 9.969115306159620493e-01
4.031409855318613154e+03 9.987171383055354346e-01
4.031430820741272782e+03 9.996136068315668588e-01
4.031451786272963545e+03 9.961602348583304956e-01
4.031472751913685897e+03 9.933574726137642807e-01
4.031493717663440748e+03 9.961416851840950715e-01
4.031514683522228097e+03 9.890628850463192290e-01
4.031535649490048854e+03 9.939595657847428711e-01
4.031556615566903474e+03 1.000828914034751493e+00
4.031577581752792412e+03 9.936206131435559863e-01
4.031598548047716577e+03 9.900446545869735493e-01
4.031619514451676423e+03 9.961719416757329748e-01
4.031640480964671951e+03 9.928956778508416514e-01
4.031661447586704980e+03 9.904368458768909589e-01
4.031682414317774601e+03 9.996805826843830900e-01
4.031703381157882632e+03 9.902674411020845335e-01
4.031724348107029073e+03 9.878600341807957097e-01
4.031745315165214379e+03 9.867652900740453425e-01
4.031766282332439005e+03 9.944232721749991510e-01
4.031787249608704315e+03 1.000154798079097906e+00
4.031808216994009854e+03 9.977392895448407018e-01
4.031829184488356987e+03 9.912687240787750875e-01
4.031850152091745713e+03 9.937042000013301957e-01
4.031871119804176942e+03 1.000932933534047775e+00
4.031892087625651129e+03 1.000968196687022749e+00
4.031913055556169184e+03 1.006026462470462457e+00
4.031934023595731105e+03 9.956515408368675768e-01
4.031954991744337804e+03 9.958357968557177697e-01
4.031975960001989733e+03 9.949452783617720453e-01
4.031996928368687350e+03 9.982130041607104598e-01
4.032017896844431561e+03 9.899381783759840792e-01
4.032038865429222369e+03 9.887632274386567444e-01
4.032059834123061137e+03 9.949032283073877547e-01
4.032080802925947410e+03 9.952973537216115441e-01
4.032101771837883007e+03 9.951206735308402163e-01
4.032122740858867473e+03 9.933682019919121142e-01
4.032143709988901719e+03 9.846019714013695134e-01
4.032164679227986198e+03 9.894085918108405098e-01
4.032185648576121821e+03 9.963034749080703634e-01
4.032206618033309041e+03 9.973433685709035545e-01
4.032227587599547860e+03 9.955235300899072381e-01
4.032248557274839641e+03 9.817988451189115784e-01
4.032269527059184838e+03 9.916454102387415315e-01
4.032290496952583453e+03 9.976294322145375926e-01
4.032311466955036394e+03 9.964241131729072443e-01
4.032332437066544117e+03 9.965922590634845868e-01
4.032353407287107530e+03 9.930549704503557340e-01
4.032374377616727088e+03 9.894328553136874094e-01
4.032395348055403247e+03 9.900288745158004611e-01
4.032416318603136006e+03 9.905310875152192329e-01
4.032437289259927184e+03 1.003984778991531046e+00
4.032458260025776326e+03 9.909060078244512626e-01
4.032479230900684342e+03 9.894254353101896715e-01
4.032500201884651688e+03 9.990593528969788917e-01
4.032521172977679271e+03 9.984820708825139501e-01
4.032542144179767092e+03 9.912707005277991978e-01
4.032563115490916516e+03 9.970055483073473335e-01
4.032584086911127088e+03 1.002793474185218692e+00
4.032605058440400171e+03 1.002470523448585338e+00
4.032626030078736221e+03 9.975460439606234075e-01
4.032647001826135693e+03 9.888852634579214929e-01
4.032667973682598586e+03 9.925768934430208024e-01
4.032688945648126719e+03 9.900559238322105271e-01
4.032709917722719638e+03 9.949916672631370362e-01
4.032730889906378252e+03 9.884575759148300778e-01
4.032751862199103016e+03 9.974816197806852802e-01
4.032772834600894839e+03 9.938338072746467633e-01
4.032793807111753722e+03 9.926230358386637365e-01
4.032814779731680574e+03 9.940557607658087047e-01
4.032835752460675849e+03 9.922487407092644984e-01
4.032856725298740457e+03 9.976332975301450690e-01
4.032877698245874853e+03 1.002032960290610175e+00
4.032898671302079038e+03 9.959020789470302004e-01
4.032919644467354374e+03 9.971158288087472732e-01
4.032940617741700862e+03 1.000353558389145636e+00
4.032961591125118957e+03 1.002889784609578783e+00
4.032982564617610024e+03 9.994011941267698651e-01
4.033003538219174061e+03 9.943324027768817297e-01
4.033024511929811524e+03 1.000418164002166765e+00
4.033045485749522868e+03 9.943804416191475148e-01
4.033066459678309457e+03 9.924325390072239461e-01
4.033087433716171290e+03 9.979550623780206742e-01
4.033108407863108823e+03 1.001786233990524799e+00
4.033129382119122965e+03 1.001826751537092663e+00
4.033150356484213717e+03 9.993506868432976420e-01
4.033171330958382441e+03 9.971625701456910962e-01
4.033192305541629594e+03 9.965361743219763868e-01
4.033213280233954720e+03 9.925162631553859915e-01
4.033234255035359638e+03 9.964728056307233794e-01
4.033255229945844349e+03 9.883608535221550806e-01
4.033276204965409306e+03 9.895234793491304304e-01
4.033297180094055420e+03 9.985170411081696340e-01
4.033318155331783146e+03 9.901077507410915857e-01
4.033339130678592937e+03 9.875323146663835816e-01
4.033360106134485250e+03 9.927175463116711951e-01
4.033381081699460992e+03 9.951964910906132555e-01
4.033402057373520165e+03 9.947937038932402887e-01
4.033423033156664133e+03 9.937630960672768632e-01
4.033444009048892894e+03 9.954011550430743593e-01
4.033464985050207360e+03 9.973230906021944842e-01
4.033485961160607530e+03 9.987348254473031872e-01
4.033506937380094769e+03 9.870833722531001664e-01
4.033527913708669075e+03 9.930184962473158627e-01
4.033548890146330905e+03 9.989011368392691770e-01
4.033569866693081622e+03 9.931722791441954801e-01
4.033590843348920771e+03 1.001683052605185198e+00
4.033611820113849717e+03 1.006065045335260422e+00
4.033632796987868915e+03 1.000101885643698285e+00
4.033653773970978364e+03 9.998677432233386009e-01
4.033674751063178974e+03 1.004393111053254906e+00
4.033695728264471654e+03 1.001772360001750961e+00
4.033716705574856405e+03 9.964090034467143475e-01
4.033737682994334136e+03 9.996499880527085491e-01
4.033758660522905302e+03 9.964737448554458199e-01
4.033779638160570357e+03 9.877033526406895358e-01
4.033800615907330211e+03 1.000388161936732523e+00
4.033821593763185319e+03 9.978181615590578923e-01
4.033842571728136136e+03 9.980943487108150380e-01
4.033863549802183115e+03 9.933685567593141252e-01
4.033884527985327168e+03 9.909182454630095505e-01
4.033905506277568293e+03 9.918686784144967739e-01
4.033926484678907855e+03 9.923171031367481465e-01
4.033947463189345399e+03 9.966045878897329402e-01
4.033968441808882744e+03 1.002331157576925591e+00
4.033989420537519436e+03 1.002269812211566524e+00
4.034010399375256384e+03 1.002957648516640266e+00
4.034031378322094042e+03 1.008766856010373525e+00
4.034052357378033321e+03 9.975594452845527593e-01
4.034073336543074674e+03 1.005130261071379039e+00
4.034094315817218558e+03 1.002269227054556788e+00
4.034115295200465425e+03 1.000126111945948360e+00
4.034136274692815732e+03 1.004257763458265895e+00
4.034157254294270842e+03 9.992126732638836328e-01
4.034178234004830301e+03 9.938398790667331006e-01
4.034199213824495473e+03 9.978787083414900616e-01
4.034220193753266358e+03 9.990298161745645444e-01
4.034241173791143865e+03 9.963638765700146838e-01
4.034262153938128449e+03 9.980424977814729148e-01
4.034283134194220565e+03 9.939988456221188207e-01
4.034304114559421123e+03 9.916693942211980417e-01
4.034325095033730122e+03 9.961001784384205804e-01
4.034346075617148472e+03 9.973581279224932317e-01
4.034367056309677082e+03 9.948740251564307524e-01
4.034388037111315953e+03 9.986783523680959895e-01
4.034409018022065993e+03 1.002844153539576677e+00
4.034429999041927658e+03 9.999454627855868249e-01
4.034450980170901403e+03 9.973814808939649446e-01
4.034471961408988136e+03 1.000668358989131201e+00
4.034492942756187858e+03 1.000901800236878136e+00
4.034513924212501479e+03 9.985459598453736429e-01
4.034534905777929907e+03 1.003173931085368897e+00
4.034555887452473144e+03 1.005062357235756210e+00
4.034576869236132097e+03 1.000534218798257768e+00
4.034597851128907223e+03 9.961994989853036886e-01
4.034618833130798976e+03 1.003066913635947799e+00
4.034639815241807810e+03 9.950342104990174130e-01
4.034660797461934635e+03 9.997549246924817279e-01
4.034681779791179906e+03 9.988354087296391626e-01
4.034702762229544533e+03 9.966058807178509449e-01
4.034723744777028060e+03 9.934440253843166424e-01
4.034744727433632306e+03 9.949145318928466208e-01
4.034765710199356818e+03 9.956603605453919759e-01
4.034786693074202958e+03 9.946917867442678363e-01
4.034807676058170728e+03 9.961073618400650975e-01
4.034828659151261036e+03 9.863753019841583480e-01
4.034849642353474337e+03 9.912792149702684963e-01
4.034870625664811087e+03 1.002629827108581839e+00
4.034891609085271739e+03 9.929427747845730456e-01
4.034912592614857203e+03 9.980031750544343661e-01
4.034933576253567935e+03 1.003872338724815183e+00
4.034954560001404388e+03 9.982307096241649358e-01
4.034975543858367473e+03 9.972869297131664590e-01
4.034996527824457189e+03 9.938006246339159411e-01
4.035017511899674446e+03 9.978228302034302111e-01
4.035038496084020153e+03 1.001346916326124825e+00
4.035059480377494310e+03 9.962157253716409366e-01
4.035080464780097373e+03 9.996220243393598714e-01
4.035101449291830704e+03 1.001604733758988841e+00
4.035122433912693850e+03 9.945322831748847348e-01
4.035143418642688630e+03 1.008961030716225782e+00
4.035164403481814134e+03 1.002519016720541112e+00
4.035185388430072180e+03 1.004720609197524928e+00
4.035206373487462770e+03 1.003052082151927538e+00
4.035227358653986357e+03 9.917165986663936117e-01
4.035248343929643852e+03 9.881662407498190692e-01
4.035269329314435709e+03 9.879621558242223101e-01
4.035290314808362382e+03 9.933312280802193417e-01
4.035311300411424327e+03 1.000810918519099202e+00
4.035332286123622453e+03 9.963852147577567653e-01
4.035353271944957214e+03 9.937325242737977682e-01
4.035374257875429066e+03 9.978289503127172333e-01
4.035395243915038463e+03 9.908259454655560239e-01
4.035416230063786315e+03 9.969044336200508782e-01
4.035437216321673077e+03 9.941349999828718031e-01
4.035458202688699203e+03 1.006223223066476713e+00
4.035479189164865602e+03 9.958438816245049896e-01
4.035500175750172275e+03 1.000091114197364961e+00
4.035521162444620131e+03 9.941638791850313517e-01
4.035542149248209626e+03 9.977075395497149168e-01
4.035563136160941667e+03 9.979375538140541346e-01
4.035584123182816256e+03 1.005953310821871005e+00
4.035605110313834302e+03 1.008808851039037613e+00
4.035626097553996260e+03 9.982452808963603319e-01
4.035647084903303039e+03 9.941688779967150502e-01
4.035668072361754639e+03 9.961993166837519453e-01
4.035689059929351970e+03 9.985399986522524030e-01
4.035710047606095486e+03 1.002838815325223454e+00
4.035731035391986097e+03 9.957866471547538456e-01
4.035752023287023803e+03 9.991151392915649243e-01
4.035773011291209514e+03 9.993193400640231205e-01
4.035793999404543683e+03 9.950303754385775301e-01
4.035814987627027222e+03 9.979475981780443483e-01
4.035835975958660129e+03 9.963521334324026979e-01
4.035856964399443314e+03 9.946653115201806727e-01
4.035877952949377232e+03 9.906177309371024808e-01
4.035898941608462337e+03 9.898960232964461037e-01
4.035919930376699540e+03 9.981438219895363284e-01
4.035940919254089295e+03 1.004274998046910783e+00
4.035961908240632056e+03 1.000454902881494634e+00
4.035982897336328278e+03 9.958287406566098676e-01
4.036003886541178872e+03 9.986829969982891075e-01
4.036024875855184291e+03 1.002618622297653417e+00
4.036045865278344991e+03 1.012537927196011767e+00
4.036066854810661425e+03 1.004207119985830232e+00
4.036087844452134505e+03 1.007208351743933861e+00
4.036108834202764228e+03 1.007541744847539888e+00
4.036129824062551961e+03 1.003919909136201882e+00
4.036150814031497703e+03 9.932629292282133537e-01
4.036171804109601908e+03 9.951007471533359627e-01
4.036192794296865941e+03 9.999398339101778221e-01
4.036213784593289347e+03 1.004018634642853902e+00
4.036234774998873490e+03 1.007639731300328467e+00
4.036255765513618826e+03 1.001059601059574033e+00
4.036276756137525354e+03 9.936545705892597669e-01
4.036297746870593983e+03 9.935588829339015993e-01
4.036318737712825623e+03 1.005375401818101144e+00
4.036339728664220274e+03 9.965027832753095005e-01
4.036360719724778846e+03 9.994909183783526885e-01
4.036381710894501794e+03 9.956856363035154756e-01
4.036402702173389571e+03 9.951068310076460754e-01
4.036423693561443088e+03 9.966494015018497743e-01
4.036444685058662799e+03 1.002417974220613850e+00
4.036465676665049159e+03 1.003161144506609537e+00
4.036486668380602623e+03 1.005235259874038167e+00
4.036507660205324100e+03 1.002975508922593795e+00
4.036528652139213591e+03 9.974890893232472022e-01
4.036549644182272459e+03 9.966442229871571579e-01
4.036570636334500250e+03 9.970243234204688720e-01
4.036591628595898783e+03 1.001439123764667372e+00
4.036612620966467603e+03 1.001186210242698049e+00
4.036633613446207619e+03 1.002755373428750207e+00
4.036654606035119741e+03 9.976326756309501498e-01
4.036675598733203969e+03 9.984424455464070425e-01
4.036696591540460759e+03 1.008137477542554228e+00
4.036717584456891473e+03 1.002069810082727219e+00
4.036738577482496112e+03 1.003233423590431217e+00
4.036759570617275585e+03 9.941533050420217066e-01
4.036780563861230348e+03 1.000223433289691766e+00
4.036801557214360400e+03 1.000114770811397324e+00
4.036822550676667106e+03 9.943695798661384977e-01
4.036843544248150465e+03 9.999693680613019886e-01
4.036864537928811387e+03 1.001371975913356582e+00
4.036885531718650782e+03 1.002151450886629380e+00
4.036906525617668194e+03 1.004144336109138225e+00
4.036927519625864988e+03 1.002318139019292564e+00
4.036948513743241620e+03 1.001312065840357812e+00
4.036969507969798087e+03 1.008326964102581380e+00
4.036990502305535756e+03 1.001101372035199999e+00
4.037011496750455080e+03 9.963203540497268529e-01
4.037032491304556061e+03 9.970741914265730532e-01
4.037053485967840061e+03 1.004641972465456723e+00
4.037074480740306626e+03 1.011814064994515538e+00
4.037095475621957121e+03 1.010475435622766094e+00
4.037116470612792000e+03 1.006354123193643701e+00
4.037137465712811718e+03 1.008236972307796409e+00
4.037158460922016729e+03 1.012417541042337721e+00
4.037179456240407944e+03 1.006546562988109628e+00
4.037200451667985362e+03 9.987325661276422739e-01
4.037221447204750348e+03 1.002962079541463769e+00
4.037242442850702446e+03 9.963700788468011771e-01
4.037263438605843021e+03 1.004108929125750782e+00
4.037284434470172528e+03 1.003663448412576820e+00
4.037305430443691421e+03 9.916861908585543617e-01
4.037326426526400155e+03 1.000660459137651115e+00
4.037347422718299640e+03 9.978045778161409585e-01
4.037368419019389876e+03 9.992346276825693208e-01
4.037389415429672226e+03 9.963519783903042049e-01
4.037410411949146237e+03 1.002679323902492037e+00
4.037431408577813727e+03 1.002731847818796540e+00
4.037452405315673786e+03 9.986496360225262103e-01
4.037473402162728235e+03 1.000860087667990506e+00
4.037494399118977071e+03 1.002329651790790921e+00
4.037515396184421206e+03 1.005379406944833409e+00
4.037536393359060639e+03 1.004370812535965829e+00
4.037557390642896735e+03 1.003274830504598425e+00
4.037578388035929038e+03 1.003417477701259219e+00
4.037599385538158913e+03 1.006045083992650246e+00
4.037620383149586814e+03 9.989841557588953203e-01
4.037641380870213197e+03 1.005153939111023798e+00
4.037662378700038516e+03 1.007931076448438379e+00
4.037683376639063226e+03 1.000847504603110449e+00
4.037704374687288237e+03 1.000435542797289523e+00
4.037725372844714457e+03 9.958208591639643448e-01
4.037746371111341432e+03 9.960675508298756364e-01
4.037767369487170527e+03 1.000790303695167971e+00
4.037788367972201740e+03 9.973900631095299341e-01
4.037809366566436438e+03 9.970911224013251362e-01
4.037830365269874619e+03 1.004779312890773157e+00
4.037851364082516739e+03 1.002960474356155984e+00
4.037872363004363706e+03 9.943316307091738526e-01
4.037893362035415976e+03 9.927182656873053679e-01
4.037914361175674003e+03 9.949617071176556360e-01
4.037935360425138697e+03 9.999833373985658191e-01
4.037956359783810058e+03 1.006125350085431691e+00
4.037977359251688995e+03 1.007086169059675740e+00
4.037998358828776418e+03 1.005132816590521339e+00
4.038019358515072327e+03 1.003395856823998900e+00
4.038040358310577176e+03 1.013053935706857756e+00
4.038061358215292330e+03 1.005193146604440591e+00
4.038082358229217789e+03 9.986107458695068217e-01
4.038103358352354007e+03 9.996802582338860654e-01
4.038124358584701895e+03 9.997016153586878451e-01
4.038145358926261906e+03 1.003115813702181169e+00
4.038166359377034496e+03 1.002412847515371297e+00
4.038187359937020574e+03 1.000261684451298372e+00
4.038208360606220140e+03 9.965217547164088030e-01
4.038229361384634103e+03 9.992633027110527921e-01
4.038250362272263374e+03 9.996053886083972051e-01
4.038271363269107951e+03 1.002942784122866859e+00
4.038292364375168290e+03 1.003868352391144914e+00
4.038313365590445756e+03 9.899383386930193929e-01
4.038334366914939892e+03 9.952047985208374303e-01
4.038355368348652519e+03 9.966996364514751905e-01
4.038376369891582726e+03 1.004652636571317537e+00
4.038397371543732334e+03 1.010477728284181920e+00
4.038418373305101341e+03 1.004399615672999069e+00
4.038439375175690657e+03 1.003235812802693028e+00
4.038460377155500282e+03 1.003669222599785416e+00
4.038481379244531126e+03 1.001895381641294547e+00
4.038502381442783644e+03 1.005108794736069733e+00
4.038523383750258745e+03 1.002422278260850730e+00
4.038544386166956428e+03 1.006647788650918196e+00
4.038565388692877605e+03 1.007668468596197853e+00
4.038586391328023183e+03 1.007494536030598242e+00
4.038607394072393163e+03 1.007318747407285997e+00
4.038628396925988000e+03 9.943929519319021360e-01
4.038649399888809057e+03 1.009001162209356428e+00
4.038670402960856336e+03 1.008156589344579634e+00
4.038691406142130290e+03 1.002826158713188587e+00
4.038712409432631830e+03 9.990739463918788532e-01
4.038733412832360955e+03 9.961956463275826179e-01
4.038754416341319029e+03 9.956614282196761812e-01
4.038775419959506507e+03 1.000676004648241912e+00
4.038796423686923390e+03 1.003488057194163341e+00
4.038817427523570586e+03 9.997849133626283136e-01
4.038838431469448551e+03 9.977646458040011490e-01
4.038859435524557739e+03 9.981980668135550516e-01
4.038880439688899060e+03 9.997731075410606350e-01
4.038901443962473422e+03 1.000454392415697447e+00
4.038922448345280372e+03 9.944883655687212221e-01
4.038943452837321274e+03 9.985737474476207298e-01
4.038964457438596128e+03 1.004303078025699403e+00
4.038985462149105842e+03 1.006530242886536808e+00
4.039006466968851328e+03 1.007840558508839246e+00
4.039027471897832584e+03 1.007150834968895792e+00
4.039048476936050065e+03 9.942415074056016877e-01
4.039069482083505136e+03 1.002721590527163809e+00
4.039090487340197342e+03 1.003540176048473009e+00
4.039111492706128047e+03 1.000328456741458760e+00
4.039132498181297706e+03 1.002306678042161669e+00
4.039153503765706773e+03 1.001211985074620836e+00
4.039174509459355249e+03 1.001419058512854399e+00
4.039195515262244498e+03 1.001892843220281382e+00
4.039216521174374975e+03 1.006039909963808654e+00
4.039237527195747134e+03 1.000956662570198885e+00
4.039258533326361430e+03 9.950501091563137557e-01
4.039279539566218318e+03 1.010360775445582560e+00
4.039300545915318708e+03 1.001917967291080958e+00
4.039321552373663053e+03 1.012183291768016247e+00
4.039342558941251809e+03 1.004949568268074911e+00
4.039363565618085431e+03 1.001225700806126273e+00
4.039384572404165283e+03 9.962589513750170767e-01
4.039405579299490910e+03 1.000500846213514983e+00
4.039426586304063221e+03 1.004975934344332522e+00
4.039447593417882672e+03 1.003329424430436712e+00
4.039468600640950172e+03 1.004230669310946400e+00
4.039489607973266175e+03 1.003334985276734592e+00
4.039510615414831591e+03 1.000857645343661284e+00
4.039531622965645965e+03 1.005314454592599382e+00
4.039552630625711117e+03 1.004892833293474785e+00
4.039573638395026592e+03 9.982385094351516885e-01
4.039594646273593298e+03 1.004674863183166122e+00
4.039615654261412146e+03 1.008623014295927822e+00
4.039636662358483136e+03 9.984126624376921111e-01
4.039657670564807177e+03 1.007197192927478113e+00
4.039678678880385178e+03 1.005862644776067683e+00
4.039699687305217140e+03 1.024836664681544107e+00
4.039720695839303517e+03 1.030650636010035148e+00
4.039741704482645218e+03 1.026497120114270523e+00
4.039762713235243154e+03 1.007174161838249704e+00
4.039783722097097325e+03 1.002634059594315064e+00
4.039804731068208184e+03 1.000660991400871502e+00
4.039825740148577097e+03 1.006226508767911199e+00
4.039846749338203608e+03 1.010162996735390006e+00
4.039867758637089082e+03 1.003952930353402495e+00
4.039888768045233974e+03 1.004780952055341681e+00
4.039909777562638283e+03 1.003659727857428852e+00
4.039930787189303373e+03 1.000784043195743767e+00
4.039951796925229246e+03 1.008490337656788416e+00
4.039972806770416355e+03 1.003530484658070376e+00
4.039993816724866065e+03 1.001762500138252632e+00
