# star name zetOri, line HEIHEII4026
# instrument: HERMES spectrograph @Mercator
# date of observation (midpoint)2018-10-11T04:25:49.979847
# BJD of observation (midpoint)2458402.6866706
# name of fits file: 00897637_HRF_OBJ_ext_CosmicsRemoved_log_merged_c.fits
# 
# wavelength(Angstrom,air) normalised_flux
4.014004351421558567e+03 9.994931007155249958e-01
4.014025226326567918e+03 9.965391678248466389e-01
4.014046101340138193e+03 9.979183859132699785e-01
4.014066976462269395e+03 1.000660415072167186e+00
4.014087851692961522e+03 1.000141780972157779e+00
4.014108727032216393e+03 9.983180990047980652e-01
4.014129602480033100e+03 9.996352498020144584e-01
4.014150478036413460e+03 9.966153911720579961e-01
4.014171353701357475e+03 9.914130769011388900e-01
4.014192229474865599e+03 9.992538547964731066e-01
4.014213105356938740e+03 1.003798298317297055e+00
4.014233981347577355e+03 1.003102133698329013e+00
4.014254857446781898e+03 1.001426839650625844e+00
4.014275733654553278e+03 9.975699627369938316e-01
4.014296609970891041e+03 9.979470159565010379e-01
4.014317486395797005e+03 9.999423453408537998e-01
4.014338362929271170e+03 1.000565821481553597e+00
4.014359239571313992e+03 9.908706009074437215e-01
4.014380116321926380e+03 9.951242381480337462e-01
4.014400993181108333e+03 1.003704121515840653e+00
4.014421870148861217e+03 9.999867991926070232e-01
4.014442747225185030e+03 1.001801710559850456e+00
4.014463624410080229e+03 1.001103208799652311e+00
4.014484501703547721e+03 9.885673030314405807e-01
4.014505379105588418e+03 1.000375694145735794e+00
4.014526256616201863e+03 1.001884689310945653e+00
4.014547134235389422e+03 9.984976527024065351e-01
4.014568011963151548e+03 9.930894042746033490e-01
4.014588889799488243e+03 9.982224974600401035e-01
4.014609767744400870e+03 9.975843533623337533e-01
4.014630645797889883e+03 9.949568469935877735e-01
4.014651523959955284e+03 1.001739213139964280e+00
4.014672402230597982e+03 1.006055666181064678e+00
4.014693280609818430e+03 1.004740232150892920e+00
4.014714159097617539e+03 9.960434014988882589e-01
4.014735037693995309e+03 9.961813405068448146e-01
4.014755916398952650e+03 9.982210893631049409e-01
4.014776795212490470e+03 9.987201071573731381e-01
4.014797674134608769e+03 1.002747046020753929e+00
4.014818553165308003e+03 9.928702554526994684e-01
4.014839432304589081e+03 9.961275976867235427e-01
4.014860311552452913e+03 1.004305860407058937e+00
4.014881190908899498e+03 1.004647261014235182e+00
4.014902070373929291e+03 1.002104518653301524e+00
4.014922949947543202e+03 1.001187342286739668e+00
4.014943829629742140e+03 9.991940246992812025e-01
4.014964709420526106e+03 9.942798694454459962e-01
4.014985589319895553e+03 9.915333942448786297e-01
4.015006469327851391e+03 1.000060652412622320e+00
4.015027349444394076e+03 1.001691839639321735e+00
4.015048229669524517e+03 9.962064677872006779e-01
4.015069110003242713e+03 9.939916266101556097e-01
4.015089990445549120e+03 1.002390672314534825e+00
4.015110870996445101e+03 9.955737217731215338e-01
4.015131751655930657e+03 9.897172173876123136e-01
4.015152632424006697e+03 9.924894105560141400e-01
4.015173513300673221e+03 1.000778778401346658e+00
4.015194394285931594e+03 1.001327609788465578e+00
4.015215275379781360e+03 1.000586793191388324e+00
4.015236156582223884e+03 9.963410547467577150e-01
4.015257037893259621e+03 9.855557535156547200e-01
4.015277919312889026e+03 9.990202015642271061e-01
4.015298800841112552e+03 9.995085432425263594e-01
4.015319682477930655e+03 1.001160872923724465e+00
4.015340564223344245e+03 9.953209680796223369e-01
4.015361446077353776e+03 1.000484734972093781e+00
4.015382328039960157e+03 9.966239945315281679e-01
4.015403210111162934e+03 9.977651130094455922e-01
4.015424092290963927e+03 1.003020891814464743e+00
4.015444974579362679e+03 1.003512600187784320e+00
4.015465856976360101e+03 1.005510818615715340e+00
4.015486739481957102e+03 9.965239916734424108e-01
4.015507622096153682e+03 9.963775509125808449e-01
4.015528504818950751e+03 1.003558935363110916e+00
4.015549387650348763e+03 9.997546528708107783e-01
4.015570270590348628e+03 1.003365327741379875e+00
4.015591153638950345e+03 1.002181774515469748e+00
4.015612036796154825e+03 1.001706845209460628e+00
4.015632920061962977e+03 9.997808876600845496e-01
4.015653803436374346e+03 1.001917236800976552e+00
4.015674686919390297e+03 1.001544020409913305e+00
4.015695570511011283e+03 9.979215258628556517e-01
4.015716454211237760e+03 1.003509902364089434e+00
4.015737338020070183e+03 1.005168563230607770e+00
4.015758221937509006e+03 1.004290962459943648e+00
4.015779105963555594e+03 9.977647303665470035e-01
4.015799990098209491e+03 9.970103098193392466e-01
4.015820874341472063e+03 1.000115670293025172e+00
4.015841758693343309e+03 1.001220095565323653e+00
4.015862643153824138e+03 9.958153150280466548e-01
4.015883527722915005e+03 1.001691322906264503e+00
4.015904412400616366e+03 1.001961739279265684e+00
4.015925297186929129e+03 9.960110210474640846e-01
4.015946182081853294e+03 1.001388267760849438e+00
4.015967067085389772e+03 1.001491952917873407e+00
4.015987952197539471e+03 1.001813421130785420e+00
4.016008837418302392e+03 9.964828811343313664e-01
4.016029722747678989e+03 9.997882135373008516e-01
4.016050608185670626e+03 1.000088395536957053e+00
4.016071493732276849e+03 9.987359566383874343e-01
4.016092379387499022e+03 1.006730959570210082e+00
4.016113265151337600e+03 1.006872916844079979e+00
4.016134151023792583e+03 9.944752799049935144e-01
4.016155037004865335e+03 9.999493478271564983e-01
4.016175923094555856e+03 1.000408728837102190e+00
4.016196809292865055e+03 1.000223792204947948e+00
4.016217695599792933e+03 1.004654803946078756e+00
4.016238582015340853e+03 9.986553163095646113e-01
4.016259468539508816e+03 1.001636298751595433e+00
4.016280355172297277e+03 1.006056432579371496e+00
4.016301241913707599e+03 1.001227067870746668e+00
4.016322128763739329e+03 9.979908694590564622e-01
4.016343015722393829e+03 9.967484644330220078e-01
4.016363902789671101e+03 1.000076532940553653e+00
4.016384789965572054e+03 9.965284226344279794e-01
4.016405677250097142e+03 1.001429776614677136e+00
4.016426564643247275e+03 9.999536897599861085e-01
4.016447452145021998e+03 9.989083852115351325e-01
4.016468339755423131e+03 1.005922577934119877e+00
4.016489227474450672e+03 9.988416755503514155e-01
4.016510115302105078e+03 1.002059164529982116e+00
4.016531003238386802e+03 1.002173264827245225e+00
4.016551891283296754e+03 1.006076717629892148e+00
4.016572779436835390e+03 1.004441033814090112e+00
4.016593667699003163e+03 1.003986724875851388e+00
4.016614556069800983e+03 1.001813177166394508e+00
4.016635444549229305e+03 9.983714206433805805e-01
4.016656333137288129e+03 1.009474144686498098e+00
4.016677221833978820e+03 1.001392228997762368e+00
4.016698110639301376e+03 1.001529734572706554e+00
4.016718999553256253e+03 1.010181386164133555e+00
4.016739888575844816e+03 1.007919014847872718e+00
4.016760777707066609e+03 1.003276441949586983e+00
4.016781666946923451e+03 9.975775012156078425e-01
4.016802556295414433e+03 1.002147206291894577e+00
4.016823445752541375e+03 9.987540373119271342e-01
4.016844335318304275e+03 9.960263783868640308e-01
4.016865224992703588e+03 1.002150169486546671e+00
4.016886114775739770e+03 1.006835086891798348e+00
4.016907004667414185e+03 1.002441565455124639e+00
4.016927894667726832e+03 9.966949520920107553e-01
4.016948784776678167e+03 1.002793470341642790e+00
4.016969674994268644e+03 1.000799558155868185e+00
4.016990565320499627e+03 9.964269542775536781e-01
4.017011455755370662e+03 9.975898062729537941e-01
4.017032346298883112e+03 9.977437305593473971e-01
4.017053236951036979e+03 9.991380041903603626e-01
4.017074127711833171e+03 9.990354591284436037e-01
4.017095018581272143e+03 1.003229236000769076e+00
4.017115909559354805e+03 1.009062774413086228e+00
4.017136800646081156e+03 1.001752145778571856e+00
4.017157691841451651e+03 1.004528108940152986e+00
4.017178583145467655e+03 1.011172055120491686e+00
4.017199474558129168e+03 1.006822278603038523e+00
4.017220366079436644e+03 1.001323654292318510e+00
4.017241257709390993e+03 1.007201227744339844e+00
4.017262149447992670e+03 1.001267164528695908e+00
4.017283041295242583e+03 9.978427416266331118e-01
4.017303933251140279e+03 1.000104959875722788e+00
4.017324825315687576e+03 1.003189205125644357e+00
4.017345717488884020e+03 1.002785861631819708e+00
4.017366609770730975e+03 1.006680785158173164e+00
4.017387502161228440e+03 9.980419175257649878e-01
4.017408394660376871e+03 9.930630735198111569e-01
4.017429287268177632e+03 1.001478571451803523e+00
4.017450179984630722e+03 1.009847782676768890e+00
4.017471072809736597e+03 9.983473658878534440e-01
4.017491965743496166e+03 1.001960321956459232e+00
4.017512858785909430e+03 1.003345530180837164e+00
4.017533751936977751e+03 1.005643542426220227e+00
4.017554645196701131e+03 1.001072274002428708e+00
4.017575538565080478e+03 9.960298190704538479e-01
4.017596432042115794e+03 9.949339629910178839e-01
4.017617325627808441e+03 9.998406630877239021e-01
4.017638219322158420e+03 1.005603727464360331e+00
4.017659113125166641e+03 1.000654844411954958e+00
4.017680007036833103e+03 1.002023745554963208e+00
4.017700901057159172e+03 1.007386619946193385e+00
4.017721795186144391e+03 9.986939000341724659e-01
4.017742689423790580e+03 1.001236536526028287e+00
4.017763583770097284e+03 1.002143714479937664e+00
4.017784478225065413e+03 9.998406493473305234e-01
4.017805372788695422e+03 1.003625146163733772e+00
4.017826267460988220e+03 1.003897903316798068e+00
4.017847162241944261e+03 9.949950530791585868e-01
4.017868057131564001e+03 1.001601137817842879e+00
4.017888952129847894e+03 1.000003239114256592e+00
4.017909847236796395e+03 9.993051035040408925e-01
4.017930742452410414e+03 1.002790961219725219e+00
4.017951637776690404e+03 1.001356080378290381e+00
4.017972533209637277e+03 1.002715751685079093e+00
4.017993428751251031e+03 9.991472430946706229e-01
4.018014324401532122e+03 9.990926890689429962e-01
4.018035220160481913e+03 9.943901694465667740e-01
4.018056116028099950e+03 1.000312830446878243e+00
4.018077012004388052e+03 1.008830524553431918e+00
4.018097908089345310e+03 1.005098354887572487e+00
4.018118804282973542e+03 9.995423212806001656e-01
4.018139700585272749e+03 9.997779471956499409e-01
4.018160596996243385e+03 1.002958606925588469e+00
4.018181493515886359e+03 1.002206472202134435e+00
4.018202390144202127e+03 1.003575018918974493e+00
4.018223286881191143e+03 9.995425216548952108e-01
4.018244183726853862e+03 1.003733332178209370e+00
4.018265080681191193e+03 1.007860434116252701e+00
4.018285977744203592e+03 1.002580921888051479e+00
4.018306874915891513e+03 1.007611749132999668e+00
4.018327772196255410e+03 1.005921260213789470e+00
4.018348669585296193e+03 1.000626840551337438e+00
4.018369567083013862e+03 9.983300935025247735e-01
4.018390464689409782e+03 9.928180458715265555e-01
4.018411362404483953e+03 9.977316144181012092e-01
4.018432260228237283e+03 9.985187594420605883e-01
4.018453158160669773e+03 1.007055444655241994e+00
4.018474056201782787e+03 1.001732792048848575e+00
4.018494954351575871e+03 9.992098021845274847e-01
4.018515852610050842e+03 1.005192407045913061e+00
4.018536750977207248e+03 9.975672498636869445e-01
4.018557649453045997e+03 1.003696089689479765e+00
4.018578548037567543e+03 9.941954342548616763e-01
4.018599446730772797e+03 1.002852444767479367e+00
4.018620345532662213e+03 9.995259708594944614e-01
4.018641244443235792e+03 1.003891093718594529e+00
4.018662143462494896e+03 1.006699808703351628e+00
4.018683042590439527e+03 1.003340088405506814e+00
4.018703941827070594e+03 1.008225280916855038e+00
4.018724841172388551e+03 1.011122547083827428e+00
4.018745740626393854e+03 1.003583630623625877e+00
4.018766640189087411e+03 1.001198953879587350e+00
4.018787539860469224e+03 9.977036140507243855e-01
4.018808439640540200e+03 9.975227344870819524e-01
4.018829339529301251e+03 1.003115783140583250e+00
4.018850239526752375e+03 1.000572366901937960e+00
4.018871139632894028e+03 1.008773691505490344e+00
4.018892039847727119e+03 9.985846242211309232e-01
4.018912940171252558e+03 9.966267399621413503e-01
4.018933840603470344e+03 9.925930973253290768e-01
4.018954741144380932e+03 1.003853719734177474e+00
4.018975641793985687e+03 9.987155851942421947e-01
4.018996542552284154e+03 1.002026947103739296e+00
4.019017443419277697e+03 9.986632329060866065e-01
4.019038344394966771e+03 1.002385416359363512e+00
4.019059245479351375e+03 9.963428288920014309e-01
4.019080146672432875e+03 1.000077460184763067e+00
4.019101047974210815e+03 1.005416944717425043e+00
4.019121949384687014e+03 1.002664316420327495e+00
4.019142850903861017e+03 1.002587617920153829e+00
4.019163752531733735e+03 1.004128598554520302e+00
4.019184654268306076e+03 1.001430819774768111e+00
4.019205556113578041e+03 1.005101189649907134e+00
4.019226458067550539e+03 1.004844829188676014e+00
4.019247360130224024e+03 9.988920585120608653e-01
4.019268262301598952e+03 9.991255209783695967e-01
4.019289164581676232e+03 9.976287186737580193e-01
4.019310066970455864e+03 9.921955994318775174e-01
4.019330969467939212e+03 9.905693970372659862e-01
4.019351872074125822e+03 9.974320623907302341e-01
4.019372774789017512e+03 9.994511064592461747e-01
4.019393677612613828e+03 1.000084001576456938e+00
4.019414580544915680e+03 1.000832115536401057e+00
4.019435483585923521e+03 1.009528441995247716e+00
4.019456386735638262e+03 1.000706402948320140e+00
4.019477289994059902e+03 9.974757809103678152e-01
4.019498193361189351e+03 1.005203938257731355e+00
4.019519096837027519e+03 1.002214680549821324e+00
4.019540000421574405e+03 9.997636470856153812e-01
4.019560904114830464e+03 9.975466161578916413e-01
4.019581807916797061e+03 9.950388829510780075e-01
4.019602711827474195e+03 1.002937376372621925e+00
4.019623615846862322e+03 1.005632805090005411e+00
4.019644519974962350e+03 1.000657102605294391e+00
4.019665424211774280e+03 1.001765077670698556e+00
4.019686328557299476e+03 1.006555598678703811e+00
4.019707233011537937e+03 1.000770388829712587e+00
4.019728137574490574e+03 1.004519528339516521e+00
4.019749042246157842e+03 9.987703937521466013e-01
4.019769947026540194e+03 9.999037038959727175e-01
4.019790851915638086e+03 9.965780345507433413e-01
4.019811756913452427e+03 9.984874977577524735e-01
4.019832662019983673e+03 1.001018268931419763e+00
4.019853567235231822e+03 9.980368200224186692e-01
4.019874472559198693e+03 9.899243852055188420e-01
4.019895377991883379e+03 1.004946977946816977e+00
4.019916283533287697e+03 1.006195522978065471e+00
4.019937189183411192e+03 9.949288777416266383e-01
4.019958094942255229e+03 9.971218148650581314e-01
4.019979000809819809e+03 1.002710159260482570e+00
4.019999906786106294e+03 1.000773082338819897e+00
4.020020812871114231e+03 9.973016037073216822e-01
4.020041719064844528e+03 1.000147795020703834e+00
4.020062625367298097e+03 1.005483414597178049e+00
4.020083531778475390e+03 1.000934444901194986e+00
4.020104438298376863e+03 1.003665720882425783e+00
4.020125344927002971e+03 9.963804903542511360e-01
4.020146251664354622e+03 9.981939287805868810e-01
4.020167158510431818e+03 1.002959976552779686e+00
4.020188065465235468e+03 9.942059461210887017e-01
4.020208972528766481e+03 1.005521528739896864e+00
4.020229879701024856e+03 9.926851481112568543e-01
4.020250786982011050e+03 1.001120750394499881e+00
4.020271694371726426e+03 1.002130830694500707e+00
4.020292601870170984e+03 1.003887533569786550e+00
4.020313509477345178e+03 1.000828943217775269e+00
4.020334417193249919e+03 1.000165201691316064e+00
4.020355325017885662e+03 9.994946778454432135e-01
4.020376232951252859e+03 1.003960352333689743e+00
4.020397140993352423e+03 1.006012791895387837e+00
4.020418049144184351e+03 1.003356386439166581e+00
4.020438957403749555e+03 9.963232992420409939e-01
4.020459865772048488e+03 9.988380250578796637e-01
4.020480774249082060e+03 9.974540081785200352e-01
4.020501682834850271e+03 1.005789365275745695e+00
4.020522591529354031e+03 1.001049068073272208e+00
4.020543500332593794e+03 1.002672328484369491e+00
4.020564409244570470e+03 1.004644087841773503e+00
4.020585318265284059e+03 1.001742893611275331e+00
4.020606227394735470e+03 1.005723638440360279e+00
4.020627136632925158e+03 9.981061553819665644e-01
4.020648045979853578e+03 9.950444250939459723e-01
4.020668955435522093e+03 9.986422720005523335e-01
4.020689864999929796e+03 1.002465240317518713e+00
4.020710774673078504e+03 9.966277943133541317e-01
4.020731684454968672e+03 1.005985198349211407e+00
4.020752594345599846e+03 1.001174009566934142e+00
4.020773504344973844e+03 1.006019622787885703e+00
4.020794414453090667e+03 1.003258166203008672e+00
4.020815324669950769e+03 9.900620500793808620e-01
4.020836234995554605e+03 9.924600169180332054e-01
4.020857145429903085e+03 9.986126601405411751e-01
4.020878055972997117e+03 9.985772959106443691e-01
4.020898966624836248e+03 9.898676879215887459e-01
4.020919877385421842e+03 9.990457182422186611e-01
4.020940788254754352e+03 1.005981943783107679e+00
4.020961699232834235e+03 1.001065583204201026e+00
4.020982610319661944e+03 1.001914971773735896e+00
4.021003521515237935e+03 9.989917715706883028e-01
4.021024432819563572e+03 1.008514726909419013e+00
4.021045344232638399e+03 1.006900712534718023e+00
4.021066255754463327e+03 1.001412633300832411e+00
4.021087167385039265e+03 9.992586763233953784e-01
4.021108079124366668e+03 1.004170374282352451e+00
4.021128990972445536e+03 1.000604634872434673e+00
4.021149902929277232e+03 1.009235922042938105e+00
4.021170814994861757e+03 9.958918494217888773e-01
4.021191727169200021e+03 9.969887112640642979e-01
4.021212639452292478e+03 1.001674530072592884e+00
4.021233551844139129e+03 1.002672262307630957e+00
4.021254464344741791e+03 9.928361488272173796e-01
4.021275376954100011e+03 9.986720186152757694e-01
4.021296289672214243e+03 9.959747583775061530e-01
4.021317202499085852e+03 9.968082273330961529e-01
4.021338115434715291e+03 9.922521952706734316e-01
4.021359028479102562e+03 9.982330848298883730e-01
4.021379941632248119e+03 9.998904698136529268e-01
4.021400854894153326e+03 9.959275907003747319e-01
4.021421768264818638e+03 9.939092767343178370e-01
4.021442681744244055e+03 9.948231411278705139e-01
4.021463595332430032e+03 9.988712794484111424e-01
4.021484509029377932e+03 9.940972838506884068e-01
4.021505422835087757e+03 1.002892368750824437e+00
4.021526336749560414e+03 1.000736058975401521e+00
4.021547250772795906e+03 1.001326676437723329e+00
4.021568164904795594e+03 1.003324880392298502e+00
4.021589079145559481e+03 9.973119618850599943e-01
4.021609993495088020e+03 1.000676729789261143e+00
4.021630907953382575e+03 9.961655506240132407e-01
4.021651822520442693e+03 9.969243896916343273e-01
4.021672737196269281e+03 9.998377346679765409e-01
4.021693651980863706e+03 1.001219864387693281e+00
4.021714566874225056e+03 9.956077588801079958e-01
4.021735481876355152e+03 9.923940589252729927e-01
4.021756396987253993e+03 9.991616699471247420e-01
4.021777312206922488e+03 1.002181112555492470e+00
4.021798227535360638e+03 9.993884538332763467e-01
4.021819142972569807e+03 9.943637260438752401e-01
4.021840058518549540e+03 9.938621495894653934e-01
4.021860974173301202e+03 9.932703407754853719e-01
4.021881889936825246e+03 9.946926631528310025e-01
4.021902805809122128e+03 9.924668210161896598e-01
4.021923721790192303e+03 9.927804331436920204e-01
4.021944637880036225e+03 9.954406624849639895e-01
4.021965554078654804e+03 9.991526251795672664e-01
4.021986470386048495e+03 9.926882413129421989e-01
4.022007386802217752e+03 9.953334867976667555e-01
4.022028303327163485e+03 9.916554547278749743e-01
4.022049219960885694e+03 9.952029199165666196e-01
4.022070136703385288e+03 9.998025033262192274e-01
4.022091053554663176e+03 9.966838894220979572e-01
4.022111970514719360e+03 9.948529938958232677e-01
4.022132887583554293e+03 9.975145380015272289e-01
4.022153804761168885e+03 9.922751086225604089e-01
4.022174722047564046e+03 9.930930695958872789e-01
4.022195639442739775e+03 9.879562890417962207e-01
4.022216556946696528e+03 9.908131200016384588e-01
4.022237474559435213e+03 9.965630552518798257e-01
4.022258392280956741e+03 9.905219541816649986e-01
4.022279310111261111e+03 9.888267590665269502e-01
4.022300228050348778e+03 9.835212383001022962e-01
4.022321146098220652e+03 9.841763524492622706e-01
4.022342064254877187e+03 9.825661724139227449e-01
4.022362982520319292e+03 9.844921916997925182e-01
4.022383900894546969e+03 9.903059080126629388e-01
4.022404819377561125e+03 9.898808640904142031e-01
4.022425737969362217e+03 9.866964625881213813e-01
4.022446656669951153e+03 9.901874049288477142e-01
4.022467575479327934e+03 9.958295012977732563e-01
4.022488494397493469e+03 9.970070398442341109e-01
4.022509413424447757e+03 9.927364860255413204e-01
4.022530332560192164e+03 9.983580981953062983e-01
4.022551251804727144e+03 9.906561082930546158e-01
4.022572171158052697e+03 9.945130504191717069e-01
4.022593090620170187e+03 9.899490643138001422e-01
4.022614010191079160e+03 9.946213354932484929e-01
4.022634929870781434e+03 9.912722060292037396e-01
4.022655849659276100e+03 9.951773799457215297e-01
4.022676769556564977e+03 9.983822002088895697e-01
4.022697689562648520e+03 9.933543173651819824e-01
4.022718609677526274e+03 9.938054852108336723e-01
4.022739529901199603e+03 9.858225614597878605e-01
4.022760450233669417e+03 9.890079590765907813e-01
4.022781370674935260e+03 9.874679669668917636e-01
4.022802291224998498e+03 9.881909935949575452e-01
4.022823211883859585e+03 9.883217442886804704e-01
4.022844132651518976e+03 9.838140019720702512e-01
4.022865053527976670e+03 9.868408267992996308e-01
4.022885974513234487e+03 9.795642100630334026e-01
4.022906895607291972e+03 9.878445163983742283e-01
4.022927816810149579e+03 9.857865704075847724e-01
4.022948738121808674e+03 9.797090891288153802e-01
4.022969659542269710e+03 9.812091346919442625e-01
4.022990581071532688e+03 9.926234569876443148e-01
4.023011502709598517e+03 9.844128064133315092e-01
4.023032424456467652e+03 9.830416627547097219e-01
4.023053346312141002e+03 9.893029460085619453e-01
4.023074268276618568e+03 9.846630652832805142e-01
4.023095190349901259e+03 9.863583471326676788e-01
4.023116112531989529e+03 9.829141831029151177e-01
4.023137034822883834e+03 9.856323839745748661e-01
4.023157957222585537e+03 9.836495869384063173e-01
4.023178879731094185e+03 9.871887347081839126e-01
4.023199802348410685e+03 9.893271900418683096e-01
4.023220725074535494e+03 9.807290687474172763e-01
4.023241647909469521e+03 9.822627286518582634e-01
4.023262570853213219e+03 9.780514744130254234e-01
4.023283493905767045e+03 9.801837110378085471e-01
4.023304417067131453e+03 9.831221539419331412e-01
4.023325340337307352e+03 9.808246302913485870e-01
4.023346263716295198e+03 9.783929604420481541e-01
4.023367187204094989e+03 9.801687170970468932e-01
4.023388110800708091e+03 9.736384039798680057e-01
4.023409034506134958e+03 9.769572958986341149e-01
4.023429958320375590e+03 9.862618489282105605e-01
4.023450882243430897e+03 9.842574251085716153e-01
4.023471806275301788e+03 9.714870532047321650e-01
4.023492730415988262e+03 9.853301669765486270e-01
4.023513654665491231e+03 9.722777327230427424e-01
4.023534579023811148e+03 9.756127989171534676e-01
4.023555503490948468e+03 9.714475684929593235e-01
4.023576428066904100e+03 9.722132713374556090e-01
4.023597352751678045e+03 9.734734024044754408e-01
4.023618277545271667e+03 9.710079910151765414e-01
4.023639202447684511e+03 9.738965875663506688e-01
4.023660127458917941e+03 9.755200523700910953e-01
4.023681052578972412e+03 9.728502212260120574e-01
4.023701977807848380e+03 9.740208251991537836e-01
4.023722903145546297e+03 9.683780496108429503e-01
4.023743828592066620e+03 9.669155315672188777e-01
4.023764754147410258e+03 9.753909683066105396e-01
4.023785679811577666e+03 9.739836239929307027e-01
4.023806605584569752e+03 9.668556863533187551e-01
4.023827531466386063e+03 9.761480194356649820e-01
4.023848457457028417e+03 9.650212879186141901e-01
4.023869383556496359e+03 9.645993755210949816e-01
4.023890309764791255e+03 9.732430697853763357e-01
4.023911236081912648e+03 9.654221560739016939e-01
4.023932162507862358e+03 9.631640798570058060e-01
4.023953089042639931e+03 9.651687899034544493e-01
4.023974015686246730e+03 9.680766866963704809e-01
4.023994942438682756e+03 9.655893412656791908e-01
4.024015869299948918e+03 9.595306029844773432e-01
4.024036796270045215e+03 9.593171849037286369e-01
4.024057723348973013e+03 9.590854534073237625e-01
4.024078650536732312e+03 9.609532947365940769e-01
4.024099577833323565e+03 9.512937356426635072e-01
4.024120505238748137e+03 9.570563627686060615e-01
4.024141432753005574e+03 9.556756140252011811e-01
4.024162360376097240e+03 9.570957580635726103e-01
4.024183288108023135e+03 9.547197470766959349e-01
4.024204215948784622e+03 9.567790523670921532e-01
4.024225143898381248e+03 9.543594899626192118e-01
4.024246071956814376e+03 9.470413974370777144e-01
4.024267000124084007e+03 9.485248649830901879e-01
4.024287928400191049e+03 9.431048202431943084e-01
4.024308856785135958e+03 9.397507370282374151e-01
4.024329785278919644e+03 9.435307041257650074e-01
4.024350713881542106e+03 9.419581186464586198e-01
4.024371642593003799e+03 9.354547955932608350e-01
4.024392571413306086e+03 9.449451186678089476e-01
4.024413500342448970e+03 9.352472657751997875e-01
4.024434429380433357e+03 9.283605107814448809e-01
4.024455358527259250e+03 9.316853881439648433e-01
4.024476287782928011e+03 9.327209191934894283e-01
4.024497217147439187e+03 9.336269264760965747e-01
4.024518146620794596e+03 9.345078664668974300e-01
4.024539076202993328e+03 9.323407513420483017e-01
4.024560005894037204e+03 9.241870234393279038e-01
4.024580935693926676e+03 9.195491043315296986e-01
4.024601865602661292e+03 9.198265286874859337e-01
4.024622795620242869e+03 9.244920782694293626e-01
4.024643725746670953e+03 9.185658623250990695e-01
4.024664655981946453e+03 9.139647609703638320e-01
4.024685586326070279e+03 9.203784977066082895e-01
4.024706516779042886e+03 9.238539263850077399e-01
4.024727447340864728e+03 9.123521297154472132e-01
4.024748378011536261e+03 9.046779745831854402e-01
4.024769308791057938e+03 9.020619818428115000e-01
4.024790239679430670e+03 9.023771183636037918e-01
4.024811170676654910e+03 9.059477674394704749e-01
4.024832101782731115e+03 9.016730811302108295e-01
4.024853032997660193e+03 8.938168761016621611e-01
4.024873964321442145e+03 8.932833574485630201e-01
4.024894895754077879e+03 8.946337567934237178e-01
4.024915827295567851e+03 8.942653088715442067e-01
4.024936758945912970e+03 8.970878635134230672e-01
4.024957690705113237e+03 8.963957912845692544e-01
4.024978622573169559e+03 8.856901285578605565e-01
4.024999554550082848e+03 8.815438130551435103e-01
4.025020486635852649e+03 8.882303989875244277e-01
4.025041418830480779e+03 8.808897130345371140e-01
4.025062351133966786e+03 8.796260646326803379e-01
4.025083283546311577e+03 8.739858899433493589e-01
4.025104216067516063e+03 8.748642103215981125e-01
4.025125148697580244e+03 8.730311787598382667e-01
4.025146081436505028e+03 8.695058122007341961e-01
4.025167014284291326e+03 8.704707690429686062e-01
4.025187947240938684e+03 8.675911593340145389e-01
4.025208880306448464e+03 8.552899603158746755e-01
4.025229813480821122e+03 8.631109005655673849e-01
4.025250746764057112e+03 8.551427418063862751e-01
4.025271680156157345e+03 8.556356937309587130e-01
4.025292613657121819e+03 8.512814261638506075e-01
4.025313547266951446e+03 8.425365391268154758e-01
4.025334480985646223e+03 8.443619226440080006e-01
4.025355414813207517e+03 8.436237907950023818e-01
4.025376348749635781e+03 8.392670247414217854e-01
4.025397282794931471e+03 8.388639452476114311e-01
4.025418216949094585e+03 8.372746486049480463e-01
4.025439151212126490e+03 8.372465242408351216e-01
4.025460085584027183e+03 8.315574958190022903e-01
4.025481020064797576e+03 8.330020472899857253e-01
4.025501954654438123e+03 8.311736770334885449e-01
4.025522889352949733e+03 8.281740670782256064e-01
4.025543824160331951e+03 8.315136874873519934e-01
4.025564759076586597e+03 8.286742239178644942e-01
4.025585694101713671e+03 8.265610546430125494e-01
4.025606629235713172e+03 8.152031224396284470e-01
4.025627564478586919e+03 8.164616527176483674e-01
4.025648499830334458e+03 8.128249969267111741e-01
4.025669435290956699e+03 8.079203999263189218e-01
4.025690370860454095e+03 8.158765123130250485e-01
4.025711306538827557e+03 8.091540210278805878e-01
4.025732242326077085e+03 8.054687812101722910e-01
4.025753178222203587e+03 8.109633853171318574e-01
4.025774114227207974e+03 8.094782663397162015e-01
4.025795050341090246e+03 7.985357193388973318e-01
4.025815986563851311e+03 8.042745171814060789e-01
4.025836922895491170e+03 8.035743351727920869e-01
4.025857859336011188e+03 7.976255172539031824e-01
4.025878795885411364e+03 7.941218863314293275e-01
4.025899732543692608e+03 7.990223123637865132e-01
4.025920669310855374e+03 7.940292259582857337e-01
4.025941606186900117e+03 7.892897918879279162e-01
4.025962543171827292e+03 7.919525289519012690e-01
4.025983480265638264e+03 7.890997553252170338e-01
4.026004417468332122e+03 7.870674045599810320e-01
4.026025354779911140e+03 7.838788798647079448e-01
4.026046292200374410e+03 7.846592407899055654e-01
4.026067229729723294e+03 7.879934205885912313e-01
4.026088167367958249e+03 7.847769550554726248e-01
4.026109105115079728e+03 7.804501817888003234e-01
4.026130042971088642e+03 7.879499927948491189e-01
4.026150980935984990e+03 7.780949417136620028e-01
4.026171919009769681e+03 7.760474940000506860e-01
4.026192857192443171e+03 7.786923613429884705e-01
4.026213795484005914e+03 7.751465839718508777e-01
4.026234733884458819e+03 7.769606214615591977e-01
4.026255672393802342e+03 7.701893411413033297e-01
4.026276611012036938e+03 7.749522674369224706e-01
4.026297549739163060e+03 7.760732450989638043e-01
4.026318488575181618e+03 7.767363609157176274e-01
4.026339427520093068e+03 7.751473396876827904e-01
4.026360366573897409e+03 7.756173406491251310e-01
4.026381305736596005e+03 7.776244003251479020e-01
4.026402245008189311e+03 7.756912042983739042e-01
4.026423184388677328e+03 7.722153600401150397e-01
4.026444123878061419e+03 7.700957640566713502e-01
4.026465063476341584e+03 7.677979872687253904e-01
4.026486003183518278e+03 7.687749766450199251e-01
4.026506942999592411e+03 7.749022070473220447e-01
4.026527882924564437e+03 7.696955931572102561e-01
4.026548822958434812e+03 7.699075920378499749e-01
4.026569763101204444e+03 7.774242630963815737e-01
4.026590703352873788e+03 7.778423166338089834e-01
4.026611643713443300e+03 7.737861921522980468e-01
4.026632584182913433e+03 7.740646918728497639e-01
4.026653524761284643e+03 7.764728539490961534e-01
4.026674465448557839e+03 7.785694611861126990e-01
4.026695406244733476e+03 7.758097788743131273e-01
4.026716347149812464e+03 7.796273060184303327e-01
4.026737288163794801e+03 7.756987384887896742e-01
4.026758229286680944e+03 7.774904507634097239e-01
4.026779170518472256e+03 7.769194061111385219e-01
4.026800111859168737e+03 7.813054751964050304e-01
4.026821053308770843e+03 7.855394455026837308e-01
4.026841994867279482e+03 7.882491782367058164e-01
4.026862936534695109e+03 7.867854121936230793e-01
4.026883878311018179e+03 7.858298016977547373e-01
4.026904820196249148e+03 7.981391005814092443e-01
4.026925762190389378e+03 7.875420643852850677e-01
4.026946704293438415e+03 7.891835866756117257e-01
4.026967646505397170e+03 7.969546229410322535e-01
4.026988588826266550e+03 7.960085857651670871e-01
4.027009531256047012e+03 7.956747508590822360e-01
4.027030473794738555e+03 7.989695781906405170e-01
4.027051416442342543e+03 8.021094972444957616e-01
4.027072359198858976e+03 8.063797361741416037e-01
4.027093302064288309e+03 8.060404745505191926e-01
4.027114245038631907e+03 8.065514072716991612e-01
4.027135188121889769e+03 8.154667313947078222e-01
4.027156131314062350e+03 8.164943847010206479e-01
4.027177074615150104e+03 8.160670464320326500e-01
4.027198018025154397e+03 8.173271854423037608e-01
4.027218961544075228e+03 8.192868328716850224e-01
4.027239905171913051e+03 8.260569688892984708e-01
4.027260848908668777e+03 8.265358290036786126e-01
4.027281792754342405e+03 8.225439576554879340e-01
4.027302736708935299e+03 8.288066724382583406e-01
4.027323680772447460e+03 8.304576068222826457e-01
4.027344624944879797e+03 8.350946183311463988e-01
4.027365569226232310e+03 8.421296422523286695e-01
4.027386513616506363e+03 8.444638270546142023e-01
4.027407458115701957e+03 8.504681557903234213e-01
4.027428402723819545e+03 8.542186325349918619e-01
4.027449347440860492e+03 8.505228842271108647e-01
4.027470292266824345e+03 8.497453945435206046e-01
4.027491237201712465e+03 8.563917146978405892e-01
4.027512182245524855e+03 8.655469321554984941e-01
4.027533127398262423e+03 8.617085626498148798e-01
4.027554072659926078e+03 8.636747728055063078e-01
4.027575018030515366e+03 8.649302310752087219e-01
4.027595963510031652e+03 8.698414178483839798e-01
4.027616909098475389e+03 8.747112693119816207e-01
4.027637854795847034e+03 8.758398566283769338e-01
4.027658800602147039e+03 8.753470756680271636e-01
4.027679746517376316e+03 8.752302189411974576e-01
4.027700692541535318e+03 8.727312135164259077e-01
4.027721638674624046e+03 8.813814654929712500e-01
4.027742584916643864e+03 8.859762012691341226e-01
4.027763531267594772e+03 8.872304813304844329e-01
4.027784477727477679e+03 8.880998187168183122e-01
4.027805424296293040e+03 8.961270177083063837e-01
4.027826370974041765e+03 8.980616509186267749e-01
4.027847317760723854e+03 8.947094695988924151e-01
4.027868264656339761e+03 8.995801523338428085e-01
4.027889211660890851e+03 9.055985239525942143e-01
4.027910158774377123e+03 9.034933328796934671e-01
4.027931105996799033e+03 9.029683770702586765e-01
4.027952053328157490e+03 9.046208864015397033e-01
4.027973000768452948e+03 9.149357419949881720e-01
4.027993948317685863e+03 9.084269873584100985e-01
4.028014895975857144e+03 9.125287889636872762e-01
4.028035843742966790e+03 9.219843939969920577e-01
4.028056791619016167e+03 9.189739693598026893e-01
4.028077739604004819e+03 9.168223266455318710e-01
4.028098687697934110e+03 9.188338861879935537e-01
4.028119635900804496e+03 9.193090413807466499e-01
4.028140584212616432e+03 9.282054957006551366e-01
4.028161532633370371e+03 9.313401870682572747e-01
4.028182481163066768e+03 9.326281031035700275e-01
4.028203429801706534e+03 9.274317099581861346e-01
4.028224378549290122e+03 9.318845967603546221e-01
4.028245327405817989e+03 9.318004150238594629e-01
4.028266276371290587e+03 9.359783192973186727e-01
4.028287225445709282e+03 9.387060260621071794e-01
4.028308174629073619e+03 9.349122294706284642e-01
4.028329123921384507e+03 9.294527813400170757e-01
4.028350073322642402e+03 9.328343691877236665e-01
4.028371022832848666e+03 9.417902358467676871e-01
4.028391972452002847e+03 9.443345686684607720e-01
4.028412922180105852e+03 9.397822997192494254e-01
4.028433872017158592e+03 9.466431306984330885e-01
4.028454821963161066e+03 9.439906454259370250e-01
4.028475772018114185e+03 9.442907101368103184e-01
4.028496722182018857e+03 9.564299094736569140e-01
4.028517672454874628e+03 9.536625721967307845e-01
4.028538622836682862e+03 9.497152561203425769e-01
4.028559573327444468e+03 9.538220112030558751e-01
4.028580523927158993e+03 9.498747504521632967e-01
4.028601474635827344e+03 9.553482964735360294e-01
4.028622425453450887e+03 9.486624472383815565e-01
4.028643376380029167e+03 9.564168735510663044e-01
4.028664327415563093e+03 9.521934958678122118e-01
4.028685278560053121e+03 9.561132501206234258e-01
4.028706229813500158e+03 9.550749742584044855e-01
4.028727181175904661e+03 9.584829991240180203e-01
4.028748132647267084e+03 9.598818492726064466e-01
4.028769084227587882e+03 9.579323105950086070e-01
4.028790035916867964e+03 9.618120006902888264e-01
4.028810987715107785e+03 9.663820114220534885e-01
4.028831939622307345e+03 9.629642451866101682e-01
4.028852891638468009e+03 9.659155943757264939e-01
4.028873843763590230e+03 9.543861717465318417e-01
4.028894795997674009e+03 9.616487887104591126e-01
4.028915748340720711e+03 9.697300273434654727e-01
4.028936700792729880e+03 9.676975065735162751e-01
4.028957653353703336e+03 9.659690913257727996e-01
4.028978606023640623e+03 9.673934902946333958e-01
4.028999558802542651e+03 9.720359448473905317e-01
4.029020511690409876e+03 9.775457888941602169e-01
4.029041464687243206e+03 9.768631153976752302e-01
4.029062417793042641e+03 9.750791534712042186e-01
4.029083371007809546e+03 9.770201198165606726e-01
4.029104324331543921e+03 9.740310818870965281e-01
4.029125277764246221e+03 9.748002403546565109e-01
4.029146231305917354e+03 9.728766665482271314e-01
4.029167184956557776e+03 9.688112945165204826e-01
4.029188138716168396e+03 9.711418183165183571e-01
4.029209092584749214e+03 9.815303536086956715e-01
4.029230046562300686e+03 9.842196942444121355e-01
4.029251000648824174e+03 9.794517272063386626e-01
4.029271954844319225e+03 9.803575874995236195e-01
4.029292909148787658e+03 9.754109446865200095e-01
4.029313863562229017e+03 9.796587800084697317e-01
4.029334818084644212e+03 9.811879406733899911e-01
4.029355772716033698e+03 9.863256397255621977e-01
4.029376727456397930e+03 9.820386041891554507e-01
4.029397682305738272e+03 9.747686987806182257e-01
4.029418637264054269e+03 9.768569066416110669e-01
4.029439592331346830e+03 9.827114165861920991e-01
4.029460547507616866e+03 9.837908898721475781e-01
4.029481502792864831e+03 9.800856336470814556e-01
4.029502458187090724e+03 9.781819082217599881e-01
4.029523413690295911e+03 9.857743804114982300e-01
4.029544369302480391e+03 9.829634554373726241e-01
4.029565325023645073e+03 9.887630210571234368e-01
4.029586280853790413e+03 9.752159607890974469e-01
4.029607236792916865e+03 9.839032935838941674e-01
4.029628192841024884e+03 9.898102480203053721e-01
4.029649148998115379e+03 9.807791229110619513e-01
4.029670105264188805e+03 9.757229880915978537e-01
4.029691061639245618e+03 9.771401502896596147e-01
4.029712018123286271e+03 9.823336704475543746e-01
4.029732974716311674e+03 9.916508789203634100e-01
4.029753931418322281e+03 9.844368208642066964e-01
4.029774888229318549e+03 9.848426424580812855e-01
4.029795845149301385e+03 9.835298732968399404e-01
4.029816802178270791e+03 9.932531228911267718e-01
4.029837759316227675e+03 9.878233609912472346e-01
4.029858716563172493e+03 9.864487329225866130e-01
4.029879673919106153e+03 9.837866678792401842e-01
4.029900631384028657e+03 9.853543018527565200e-01
4.029921588957940912e+03 9.879555861974056441e-01
4.029942546640843375e+03 9.832933181296269476e-01
4.029963504432736499e+03 9.817963959386707407e-01
4.029984462333621195e+03 9.853273230105860092e-01
4.030005420343497917e+03 9.958601550763401811e-01
4.030026378462367120e+03 9.830356984050674374e-01
4.030047336690229258e+03 9.932434613011483782e-01
4.030068295027085242e+03 9.820317502466010540e-01
4.030089253472935525e+03 9.854988863134200860e-01
4.030110212027780562e+03 9.885389667685287041e-01
4.030131170691620810e+03 9.888785760874571062e-01
4.030152129464457175e+03 9.986271407087563556e-01
4.030173088346289660e+03 1.000840602567659277e+00
4.030194047337119628e+03 9.856380483761705280e-01
4.030215006436947078e+03 9.801642730509980694e-01
4.030235965645772467e+03 9.897785915029291282e-01
4.030256924963597157e+03 9.898159496040181970e-01
4.030277884390420695e+03 9.881288475184918374e-01
4.030298843926244444e+03 9.801569958249073400e-01
4.030319803571068405e+03 9.955789054353261225e-01
4.030340763324893487e+03 9.961695463264521599e-01
4.030361723187720145e+03 9.902296022885301863e-01
4.030382683159548833e+03 9.846900371722271395e-01
4.030403643240380461e+03 9.835538878681215902e-01
4.030424603430215029e+03 9.913487156380496046e-01
4.030445563729053902e+03 9.846968920182491702e-01
4.030466524136897078e+03 9.819767669049583869e-01
4.030487484653745014e+03 9.977219164661736972e-01
4.030508445279599073e+03 9.812273472847580225e-01
4.030529406014458800e+03 9.879402406956928617e-01
4.030550366858325106e+03 9.905268930812463068e-01
4.030571327811198898e+03 9.918587625733308322e-01
4.030592288873080633e+03 9.906499746268019324e-01
4.030613250043970766e+03 9.929939077994952568e-01
4.030634211323869749e+03 9.935929355993557976e-01
4.030655172712778040e+03 9.894418946289288419e-01
4.030676134210696546e+03 9.941198428671469411e-01
4.030697095817625723e+03 9.975471756925508027e-01
4.030718057533566480e+03 9.922938921922909161e-01
4.030739019358518817e+03 9.899442060417497080e-01
4.030759981292483189e+03 9.916545007639574472e-01
4.030780943335460961e+03 9.872343262964295985e-01
4.030801905487452132e+03 1.000641678730970430e+00
4.030822867748457156e+03 9.980890526368126903e-01
4.030843830118476944e+03 9.875031641809154381e-01
4.030864792597511951e+03 9.874384999787377826e-01
4.030885755185562630e+03 9.917461110801210067e-01
4.030906717882629891e+03 9.945088001235447006e-01
4.030927680688713735e+03 9.915953865984974414e-01
4.030948643603815071e+03 9.876215499182783297e-01
4.030969606627934354e+03 9.916339963848522787e-01
4.030990569761072493e+03 9.972348479542325617e-01
4.031011533003229943e+03 9.966714044398957695e-01
4.031032496354406703e+03 9.903428553474478147e-01
4.031053459814604139e+03 9.886028884098644332e-01
4.031074423383822250e+03 9.907757724616058637e-01
4.031095387062061945e+03 9.886216692084839330e-01
4.031116350849323226e+03 9.941690234359048528e-01
4.031137314745607455e+03 1.002917533923076476e+00
4.031158278750914633e+03 9.950289962228623386e-01
4.031179242865245669e+03 9.914020527971517671e-01
4.031200207088601019e+03 9.931656793407119821e-01
4.031221171420981136e+03 9.948071803963900450e-01
4.031242135862386476e+03 9.877608302149544217e-01
4.031263100412817948e+03 9.820336419673018069e-01
4.031284065072276007e+03 9.911828011353516210e-01
4.031305029840761108e+03 9.927885811152729056e-01
4.031325994718274160e+03 9.935866176862284682e-01
4.031346959704815163e+03 9.950708963793435391e-01
4.031367924800385026e+03 9.982250282672888719e-01
4.031388890004984205e+03 9.991208192298317581e-01
4.031409855318613154e+03 9.905576776001020489e-01
4.031430820741272782e+03 1.002618171092943378e+00
4.031451786272963545e+03 1.003623087882131948e+00
4.031472751913685897e+03 9.913670142031615340e-01
4.031493717663440748e+03 9.993424212399452111e-01
4.031514683522228097e+03 1.003137164761300992e+00
4.031535649490048854e+03 9.991239525398403210e-01
4.031556615566903474e+03 9.957634379826866278e-01
4.031577581752792412e+03 9.937480233658959605e-01
4.031598548047716577e+03 9.906948639689151515e-01
4.031619514451676423e+03 9.919743297958907302e-01
4.031640480964671951e+03 9.966956038300032183e-01
4.031661447586704980e+03 9.954735463801444029e-01
4.031682414317774601e+03 9.918041249028346495e-01
4.031703381157882632e+03 9.827279810051399167e-01
4.031724348107029073e+03 9.911364608545711885e-01
4.031745315165214379e+03 9.959191574982588779e-01
4.031766282332439005e+03 9.887661124836921722e-01
4.031787249608704315e+03 9.943480749994918488e-01
4.031808216994009854e+03 9.957619062868198201e-01
4.031829184488356987e+03 9.987805997651520995e-01
4.031850152091745713e+03 9.953393821488920601e-01
4.031871119804176942e+03 9.832589191893260638e-01
4.031892087625651129e+03 9.858556488960595887e-01
4.031913055556169184e+03 9.942851924301453481e-01
4.031934023595731105e+03 9.962836198132170029e-01
4.031954991744337804e+03 9.901983413373076637e-01
4.031975960001989733e+03 9.909863348716030362e-01
4.031996928368687350e+03 9.935444353878666313e-01
4.032017896844431561e+03 9.989551004998235006e-01
4.032038865429222369e+03 9.978440350457082886e-01
4.032059834123061137e+03 9.909427338299010568e-01
4.032080802925947410e+03 9.887485549367459603e-01
4.032101771837883007e+03 9.905030216786769870e-01
4.032122740858867473e+03 9.890061148623595644e-01
4.032143709988901719e+03 9.882309268824513993e-01
4.032164679227986198e+03 9.951346215227984127e-01
4.032185648576121821e+03 1.002035348727031927e+00
4.032206618033309041e+03 9.941438381433709282e-01
4.032227587599547860e+03 9.955175482840055157e-01
4.032248557274839641e+03 9.934182527948441921e-01
4.032269527059184838e+03 9.915115054778674830e-01
4.032290496952583453e+03 9.879102151445523505e-01
4.032311466955036394e+03 9.903864202887393553e-01
4.032332437066544117e+03 9.984758620667014695e-01
4.032353407287107530e+03 9.941662844164511625e-01
4.032374377616727088e+03 9.900144881878593095e-01
4.032395348055403247e+03 1.000298293374901393e+00
4.032416318603136006e+03 1.001481973255147651e+00
4.032437289259927184e+03 9.983179824771243327e-01
4.032458260025776326e+03 9.912745604691306500e-01
4.032479230900684342e+03 9.914813178911079383e-01
4.032500201884651688e+03 1.000002325944985726e+00
4.032521172977679271e+03 9.950468468999005278e-01
4.032542144179767092e+03 9.931218392062511890e-01
4.032563115490916516e+03 1.001176933609416952e+00
4.032584086911127088e+03 1.007424991011909965e+00
4.032605058440400171e+03 9.988530103346280331e-01
4.032626030078736221e+03 9.910413994314652975e-01
4.032647001826135693e+03 9.958923785148103835e-01
4.032667973682598586e+03 9.977572596002285410e-01
4.032688945648126719e+03 9.967847319298748232e-01
4.032709917722719638e+03 9.946184160188042966e-01
4.032730889906378252e+03 9.909262192729022534e-01
4.032751862199103016e+03 9.885291001529781241e-01
4.032772834600894839e+03 9.990356284533183917e-01
4.032793807111753722e+03 9.967196516544866158e-01
4.032814779731680574e+03 9.923304242704537037e-01
4.032835752460675849e+03 9.876738388561138171e-01
4.032856725298740457e+03 9.886709345315014552e-01
4.032877698245874853e+03 9.903518168057562354e-01
4.032898671302079038e+03 9.872513001923357567e-01
4.032919644467354374e+03 9.905827005944036756e-01
4.032940617741700862e+03 9.949982584483949566e-01
4.032961591125118957e+03 9.898410491443671022e-01
4.032982564617610024e+03 9.955987297795199087e-01
4.033003538219174061e+03 9.900436483827572687e-01
4.033024511929811524e+03 9.979738803853018814e-01
4.033045485749522868e+03 9.995749972880565437e-01
4.033066459678309457e+03 9.994583038998693381e-01
4.033087433716171290e+03 9.917661492767695375e-01
4.033108407863108823e+03 9.959907342809874997e-01
4.033129382119122965e+03 9.998097862876810238e-01
4.033150356484213717e+03 9.920692156173512855e-01
4.033171330958382441e+03 9.926051717765765892e-01
4.033192305541629594e+03 9.969685007962052481e-01
4.033213280233954720e+03 9.941141398746573543e-01
4.033234255035359638e+03 9.942108010068785307e-01
4.033255229945844349e+03 1.002048347509996606e+00
4.033276204965409306e+03 9.936129931161615803e-01
4.033297180094055420e+03 9.918451683293231236e-01
4.033318155331783146e+03 9.937133569170482073e-01
4.033339130678592937e+03 9.973490639616499065e-01
4.033360106134485250e+03 9.974112755764387162e-01
4.033381081699460992e+03 9.977227802453956240e-01
4.033402057373520165e+03 9.982968405011956037e-01
4.033423033156664133e+03 9.990010066983349146e-01
4.033444009048892894e+03 1.002136815580883855e+00
4.033464985050207360e+03 1.001151063925958651e+00
4.033485961160607530e+03 9.984082717691267206e-01
4.033506937380094769e+03 9.986048201342722086e-01
4.033527913708669075e+03 9.991544897808082304e-01
4.033548890146330905e+03 9.990827294783576340e-01
4.033569866693081622e+03 9.959648168013549574e-01
4.033590843348920771e+03 9.963064110752519742e-01
4.033611820113849717e+03 9.960041175038155670e-01
4.033632796987868915e+03 9.920252781355788363e-01
4.033653773970978364e+03 9.955678594585877228e-01
4.033674751063178974e+03 9.978190466989019791e-01
4.033695728264471654e+03 9.927086272246111731e-01
4.033716705574856405e+03 9.935328152607115770e-01
4.033737682994334136e+03 9.945953416301377414e-01
4.033758660522905302e+03 9.973349490111870219e-01
4.033779638160570357e+03 1.000977848192346142e+00
4.033800615907330211e+03 9.877268864571945306e-01
4.033821593763185319e+03 9.931717726672951718e-01
4.033842571728136136e+03 9.928600682938168998e-01
4.033863549802183115e+03 9.951262178820834414e-01
4.033884527985327168e+03 9.956110678657862367e-01
4.033905506277568293e+03 9.925418629544772164e-01
4.033926484678907855e+03 9.920570129723185193e-01
4.033947463189345399e+03 1.001413575148324853e+00
4.033968441808882744e+03 1.008677759542512264e+00
4.033989420537519436e+03 1.003545986572781823e+00
4.034010399375256384e+03 1.002674611341493049e+00
4.034031378322094042e+03 9.999245577149361575e-01
4.034052357378033321e+03 9.959688681928047238e-01
4.034073336543074674e+03 9.972479709643248258e-01
4.034094315817218558e+03 9.972472278714429317e-01
4.034115295200465425e+03 9.931554854215544070e-01
4.034136274692815732e+03 9.906269066488737618e-01
4.034157254294270842e+03 9.969436947875298660e-01
4.034178234004830301e+03 1.003043014386632681e+00
4.034199213824495473e+03 9.984702377346098556e-01
4.034220193753266358e+03 9.897506956585299109e-01
4.034241173791143865e+03 9.924181568073145998e-01
4.034262153938128449e+03 1.000923883029795958e+00
4.034283134194220565e+03 9.985587239137947435e-01
4.034304114559421123e+03 9.989661330579151510e-01
4.034325095033730122e+03 9.977044739291571762e-01
4.034346075617148472e+03 1.004221824346013703e+00
4.034367056309677082e+03 9.987519111746390177e-01
4.034388037111315953e+03 9.980654040349461464e-01
4.034409018022065993e+03 9.998917099104246420e-01
4.034429999041927658e+03 9.977913691097320958e-01
4.034450980170901403e+03 9.977185186438863873e-01
4.034471961408988136e+03 1.000314821988418812e+00
4.034492942756187858e+03 1.002262418311994363e+00
4.034513924212501479e+03 1.000852132382060500e+00
4.034534905777929907e+03 9.968363051535386044e-01
4.034555887452473144e+03 9.981431227429798936e-01
4.034576869236132097e+03 1.001944721613141409e+00
4.034597851128907223e+03 9.958808512773409394e-01
4.034618833130798976e+03 9.922932321755355556e-01
4.034639815241807810e+03 9.981578294372674964e-01
4.034660797461934635e+03 9.950669492395497473e-01
4.034681779791179906e+03 1.005176446373584831e+00
4.034702762229544533e+03 9.956484141853102487e-01
4.034723744777028060e+03 9.905975059543488115e-01
4.034744727433632306e+03 1.000688162898213385e+00
4.034765710199356818e+03 1.004036213467732308e+00
4.034786693074202958e+03 1.001112508109251120e+00
4.034807676058170728e+03 9.983026199775199006e-01
4.034828659151261036e+03 9.926783470283002675e-01
4.034849642353474337e+03 9.959387109627022561e-01
4.034870625664811087e+03 9.963852856547824599e-01
4.034891609085271739e+03 9.877625187483647373e-01
4.034912592614857203e+03 9.956240711335608840e-01
4.034933576253567935e+03 9.965590674508688629e-01
4.034954560001404388e+03 9.965384561136757524e-01
4.034975543858367473e+03 9.987156381678453654e-01
4.034996527824457189e+03 9.924916773582793672e-01
4.035017511899674446e+03 9.955577643298971768e-01
4.035038496084020153e+03 1.001342209872438049e+00
4.035059480377494310e+03 9.973452377927018997e-01
4.035080464780097373e+03 9.941686641651042988e-01
4.035101449291830704e+03 9.982231198398701100e-01
4.035122433912693850e+03 1.000872783381240305e+00
4.035143418642688630e+03 9.948944980561724716e-01
4.035164403481814134e+03 1.001703745444091576e+00
4.035185388430072180e+03 1.004151793838526263e+00
4.035206373487462770e+03 9.952794076469163587e-01
4.035227358653986357e+03 9.992957483989912681e-01
4.035248343929643852e+03 9.956022150691898887e-01
4.035269329314435709e+03 9.910951630012543312e-01
4.035290314808362382e+03 9.932982799491312242e-01
4.035311300411424327e+03 9.992284851260300194e-01
4.035332286123622453e+03 9.943616204659705415e-01
4.035353271944957214e+03 9.926901401440990647e-01
4.035374257875429066e+03 9.970335117840729566e-01
4.035395243915038463e+03 9.946973820645054198e-01
4.035416230063786315e+03 1.002445753656590721e+00
4.035437216321673077e+03 9.945755684036902133e-01
4.035458202688699203e+03 9.951978639812557592e-01
4.035479189164865602e+03 9.949058580697446308e-01
4.035500175750172275e+03 1.007239924132458109e+00
4.035521162444620131e+03 9.957081098653166595e-01
4.035542149248209626e+03 9.999507007275132420e-01
4.035563136160941667e+03 9.972259060578154699e-01
4.035584123182816256e+03 9.975408714500708651e-01
4.035605110313834302e+03 9.977915578563072430e-01
4.035626097553996260e+03 9.942418744396362973e-01
4.035647084903303039e+03 9.956613408512108299e-01
4.035668072361754639e+03 9.965488243255590239e-01
4.035689059929351970e+03 9.965463980740459915e-01
4.035710047606095486e+03 1.003028354891988716e+00
4.035731035391986097e+03 9.997544856439515293e-01
4.035752023287023803e+03 9.986143669614084839e-01
4.035773011291209514e+03 9.878219199867344091e-01
4.035793999404543683e+03 9.951448524026127451e-01
4.035814987627027222e+03 9.943998240433252755e-01
4.035835975958660129e+03 9.985892665349620501e-01
4.035856964399443314e+03 9.975676461000786421e-01
4.035877952949377232e+03 9.964113878678182434e-01
4.035898941608462337e+03 9.963497638604011941e-01
4.035919930376699540e+03 9.999968461677797293e-01
4.035940919254089295e+03 1.005292842657065533e+00
4.035961908240632056e+03 1.005356531908934814e+00
4.035982897336328278e+03 1.003957377248873462e+00
4.036003886541178872e+03 1.002684338778180972e+00
4.036024875855184291e+03 9.991325444528881272e-01
4.036045865278344991e+03 1.001094203530579874e+00
4.036066854810661425e+03 1.003392641129241536e+00
4.036087844452134505e+03 9.998991848268931060e-01
4.036108834202764228e+03 9.983740846321187412e-01
4.036129824062551961e+03 9.954094352038733717e-01
4.036150814031497703e+03 9.950257004849960563e-01
4.036171804109601908e+03 1.001068581809713809e+00
4.036192794296865941e+03 1.003659204832839880e+00
4.036213784593289347e+03 1.005159618866857230e+00
4.036234774998873490e+03 1.001072935029858835e+00
4.036255765513618826e+03 9.948482709853764261e-01
4.036276756137525354e+03 9.988387315730095084e-01
4.036297746870593983e+03 1.000862760051825839e+00
4.036318737712825623e+03 9.992005119256928136e-01
4.036339728664220274e+03 9.930307428632479949e-01
4.036360719724778846e+03 9.953962864930340215e-01
4.036381710894501794e+03 1.001622459740817428e+00
4.036402702173389571e+03 1.002745200401605530e+00
4.036423693561443088e+03 1.001287625740678644e+00
4.036444685058662799e+03 1.003352206354391818e+00
4.036465676665049159e+03 9.960491332045326995e-01
4.036486668380602623e+03 9.993729295296546189e-01
4.036507660205324100e+03 1.005868197666956343e+00
4.036528652139213591e+03 1.003839828894060870e+00
4.036549644182272459e+03 1.002007383124473794e+00
4.036570636334500250e+03 1.003590447542181963e+00
4.036591628595898783e+03 1.004759438539223337e+00
4.036612620966467603e+03 1.002128093219283089e+00
4.036633613446207619e+03 9.998794314205875500e-01
4.036654606035119741e+03 1.000085742677114586e+00
4.036675598733203969e+03 1.001696120263430245e+00
4.036696591540460759e+03 1.004654180872799119e+00
4.036717584456891473e+03 1.004741175127397579e+00
4.036738577482496112e+03 1.001641570957939154e+00
4.036759570617275585e+03 1.005079307282107148e+00
4.036780563861230348e+03 1.003460734163436285e+00
4.036801557214360400e+03 1.004282110924411331e+00
4.036822550676667106e+03 1.003526418183949387e+00
4.036843544248150465e+03 1.001182111978539790e+00
4.036864537928811387e+03 1.001102690184620059e+00
4.036885531718650782e+03 1.000935024479025159e+00
4.036906525617668194e+03 1.004381415059965033e+00
4.036927519625864988e+03 1.003817945907674369e+00
4.036948513743241620e+03 1.003400409717285724e+00
4.036969507969798087e+03 1.005515795962692360e+00
4.036990502305535756e+03 1.005968816711003466e+00
4.037011496750455080e+03 1.004244585866280959e+00
4.037032491304556061e+03 1.006739466881663825e+00
4.037053485967840061e+03 1.001358831164976593e+00
4.037074480740306626e+03 1.004677847119827883e+00
4.037095475621957121e+03 1.003922615500735915e+00
4.037116470612792000e+03 1.001132346603724299e+00
4.037137465712811718e+03 1.004249382875180840e+00
4.037158460922016729e+03 1.002220192124932963e+00
4.037179456240407944e+03 9.995872062324029361e-01
4.037200451667985362e+03 1.001913826515252293e+00
4.037221447204750348e+03 9.995603307418835515e-01
4.037242442850702446e+03 1.002659099124074693e+00
4.037263438605843021e+03 9.984633404697866865e-01
4.037284434470172528e+03 1.001564691624760473e+00
4.037305430443691421e+03 1.003924308129553911e+00
4.037326426526400155e+03 1.001831544864133949e+00
4.037347422718299640e+03 1.002607737813550504e+00
4.037368419019389876e+03 1.002111359587658956e+00
4.037389415429672226e+03 9.993561331217079013e-01
4.037410411949146237e+03 9.985305018040113723e-01
4.037431408577813727e+03 1.000040342922331238e+00
4.037452405315673786e+03 9.992015161932716882e-01
4.037473402162728235e+03 1.000769299862148021e+00
4.037494399118977071e+03 1.002845674253795893e+00
4.037515396184421206e+03 1.000176936688359275e+00
4.037536393359060639e+03 1.001630552907896154e+00
4.037557390642896735e+03 1.003492667632177593e+00
4.037578388035929038e+03 9.982291448615364660e-01
4.037599385538158913e+03 1.002002089096346582e+00
4.037620383149586814e+03 1.005842999597903020e+00
4.037641380870213197e+03 1.003200138302493993e+00
4.037662378700038516e+03 9.956569647880133545e-01
4.037683376639063226e+03 1.000167128779887227e+00
4.037704374687288237e+03 1.001245429764111572e+00
4.037725372844714457e+03 9.943161230841596199e-01
4.037746371111341432e+03 9.952135178738502619e-01
4.037767369487170527e+03 1.002897441965773906e+00
4.037788367972201740e+03 1.006564534412599521e+00
4.037809366566436438e+03 1.007707236097284520e+00
4.037830365269874619e+03 1.005944418271524921e+00
4.037851364082516739e+03 1.002362507113504941e+00
4.037872363004363706e+03 1.003390382622965982e+00
4.037893362035415976e+03 1.003269466072261640e+00
4.037914361175674003e+03 1.011898146362389728e+00
4.037935360425138697e+03 9.980763761254682898e-01
4.037956359783810058e+03 1.002744159259223222e+00
4.037977359251688995e+03 1.008182150634956864e+00
4.037998358828776418e+03 9.968949655440740854e-01
4.038019358515072327e+03 1.000066363124575641e+00
4.038040358310577176e+03 1.001734050212508942e+00
4.038061358215292330e+03 1.000052098237243170e+00
4.038082358229217789e+03 9.976292297717721524e-01
4.038103358352354007e+03 1.002909163559239758e+00
4.038124358584701895e+03 1.006812031675952346e+00
4.038145358926261906e+03 1.007968138653071666e+00
4.038166359377034496e+03 1.008553969391096539e+00
4.038187359937020574e+03 1.003230221591695948e+00
4.038208360606220140e+03 1.007729627554136753e+00
4.038229361384634103e+03 1.007195425627077867e+00
4.038250362272263374e+03 1.001650572311741483e+00
4.038271363269107951e+03 1.005955814389090541e+00
4.038292364375168290e+03 9.988614149430505851e-01
4.038313365590445756e+03 1.000351150147648083e+00
4.038334366914939892e+03 1.001047777369735048e+00
4.038355368348652519e+03 1.004063049481238146e+00
4.038376369891582726e+03 1.002954417995846947e+00
4.038397371543732334e+03 1.001214170431403261e+00
4.038418373305101341e+03 9.980402083263693047e-01
4.038439375175690657e+03 9.995946389505415697e-01
4.038460377155500282e+03 1.006589021716759902e+00
4.038481379244531126e+03 1.006885812077255915e+00
4.038502381442783644e+03 1.004504307476056901e+00
4.038523383750258745e+03 1.006806827076850874e+00
4.038544386166956428e+03 1.003039936273998789e+00
4.038565388692877605e+03 9.980783317935916221e-01
4.038586391328023183e+03 9.951156171424564434e-01
4.038607394072393163e+03 1.005372229951643659e+00
4.038628396925988000e+03 1.003879358746589956e+00
4.038649399888809057e+03 1.005168969901319764e+00
4.038670402960856336e+03 9.987259102581595993e-01
4.038691406142130290e+03 1.006019030754968346e+00
4.038712409432631830e+03 1.000125845111861311e+00
4.038733412832360955e+03 1.001766002753346596e+00
4.038754416341319029e+03 9.969591795682601898e-01
4.038775419959506507e+03 9.960699985010301738e-01
4.038796423686923390e+03 1.001550665306583765e+00
4.038817427523570586e+03 1.001938821645539823e+00
4.038838431469448551e+03 1.001444453492087217e+00
4.038859435524557739e+03 1.000944886249232280e+00
4.038880439688899060e+03 1.004281439481770066e+00
4.038901443962473422e+03 1.006546041002242653e+00
4.038922448345280372e+03 1.005010529149764187e+00
4.038943452837321274e+03 1.007384226105295433e+00
4.038964457438596128e+03 1.005545107335743094e+00
4.038985462149105842e+03 1.006935529829270815e+00
4.039006466968851328e+03 1.005487868806528073e+00
4.039027471897832584e+03 1.004785700659223346e+00
4.039048476936050065e+03 1.007856052976430883e+00
4.039069482083505136e+03 1.004175267363556445e+00
4.039090487340197342e+03 1.005122752099482319e+00
4.039111492706128047e+03 1.005118448562614786e+00
4.039132498181297706e+03 9.997073725788007126e-01
4.039153503765706773e+03 9.982418135956802052e-01
4.039174509459355249e+03 1.001205576991703872e+00
4.039195515262244498e+03 1.001838074821328695e+00
4.039216521174374975e+03 1.002214461987865679e+00
4.039237527195747134e+03 1.004708356895712251e+00
4.039258533326361430e+03 1.002893870943609267e+00
4.039279539566218318e+03 1.005606553611622100e+00
4.039300545915318708e+03 1.006226267656867401e+00
4.039321552373663053e+03 1.003427075961365267e+00
4.039342558941251809e+03 9.986601727713835253e-01
4.039363565618085431e+03 1.001081379505611713e+00
4.039384572404165283e+03 1.006785419665798598e+00
4.039405579299490910e+03 1.010567296532806525e+00
4.039426586304063221e+03 1.008396700499709864e+00
4.039447593417882672e+03 1.006411425780521895e+00
4.039468600640950172e+03 1.006013721047100740e+00
4.039489607973266175e+03 1.003006775028828512e+00
4.039510615414831591e+03 1.002545539977089728e+00
4.039531622965645965e+03 1.005500235132460451e+00
4.039552630625711117e+03 1.004388152030049497e+00
4.039573638395026592e+03 1.005368214816325434e+00
4.039594646273593298e+03 1.009028797112116793e+00
4.039615654261412146e+03 1.002276000577957848e+00
4.039636662358483136e+03 1.006091875141262637e+00
4.039657670564807177e+03 1.004924628458480074e+00
4.039678678880385178e+03 9.977276536363598458e-01
4.039699687305217140e+03 1.008087247528532515e+00
4.039720695839303517e+03 9.999558347252417434e-01
4.039741704482645218e+03 1.002886445079748112e+00
4.039762713235243154e+03 1.004012666232296347e+00
4.039783722097097325e+03 1.006487931139709024e+00
4.039804731068208184e+03 1.010184087305745493e+00
4.039825740148577097e+03 1.004400646384718820e+00
4.039846749338203608e+03 1.000801940870076567e+00
4.039867758637089082e+03 1.007042045685064391e+00
4.039888768045233974e+03 1.006902998077003897e+00
4.039909777562638283e+03 1.003833512981148868e+00
4.039930787189303373e+03 1.009145594536515311e+00
4.039951796925229246e+03 1.006705643632314739e+00
4.039972806770416355e+03 1.001731202351356043e+00
4.039993816724866065e+03 1.008213313369318964e+00
