# star name zetOri, line HEIHEII4026
# instrument: HERMES spectrograph @Mercator
# date of observation (midpoint)2018-10-11T05:56:34.720057
# BJD of observation (midpoint)2458402.7496937
# name of fits file: 00897645_HRF_OBJ_ext_CosmicsRemoved_log_merged_c.fits
# 
# wavelength(Angstrom,air) normalised_flux
4.014004351421558567e+03 9.960735563869028697e-01
4.014025226326567918e+03 9.898179381917375785e-01
4.014046101340138193e+03 9.992285952984821806e-01
4.014066976462269395e+03 1.005443097145960030e+00
4.014087851692961522e+03 9.997257476068405202e-01
4.014108727032216393e+03 1.005601841178637157e+00
4.014129602480033100e+03 9.990887701074976368e-01
4.014150478036413460e+03 9.946772210182491802e-01
4.014171353701357475e+03 9.939808049844950366e-01
4.014192229474865599e+03 9.955815324313772585e-01
4.014213105356938740e+03 1.001407223812556424e+00
4.014233981347577355e+03 9.985938357694914558e-01
4.014254857446781898e+03 1.004234169950202649e+00
4.014275733654553278e+03 9.952426980991393446e-01
4.014296609970891041e+03 9.899380296609654462e-01
4.014317486395797005e+03 9.974550891801250430e-01
4.014338362929271170e+03 9.962338664884470285e-01
4.014359239571313992e+03 9.969592225262473573e-01
4.014380116321926380e+03 9.977443743146481303e-01
4.014400993181108333e+03 1.000387646805446451e+00
4.014421870148861217e+03 9.946488877717032384e-01
4.014442747225185030e+03 9.957560058829487692e-01
4.014463624410080229e+03 1.002576657000518123e+00
4.014484501703547721e+03 9.899902410239459494e-01
4.014505379105588418e+03 9.983484825175776844e-01
4.014526256616201863e+03 1.001286710992451923e+00
4.014547134235389422e+03 1.002035832082993183e+00
4.014568011963151548e+03 1.001635492597832799e+00
4.014588889799488243e+03 9.941229292636827308e-01
4.014609767744400870e+03 9.981567698924199705e-01
4.014630645797889883e+03 1.001930149349486543e+00
4.014651523959955284e+03 1.003899516236830047e+00
4.014672402230597982e+03 9.970815095149575535e-01
4.014693280609818430e+03 1.001768867855049372e+00
4.014714159097617539e+03 9.974059880052495997e-01
4.014735037693995309e+03 9.934872678110524546e-01
4.014755916398952650e+03 9.907096416156184748e-01
4.014776795212490470e+03 9.995016112313002132e-01
4.014797674134608769e+03 1.003327793050721395e+00
4.014818553165308003e+03 9.967134574892366761e-01
4.014839432304589081e+03 1.000279846537888373e+00
4.014860311552452913e+03 1.004679804332813342e+00
4.014881190908899498e+03 1.003986902925173119e+00
4.014902070373929291e+03 1.003046631891447493e+00
4.014922949947543202e+03 1.002637028337423963e+00
4.014943829629742140e+03 9.944032920341360215e-01
4.014964709420526106e+03 9.883817499103408899e-01
4.014985589319895553e+03 9.915677953295698455e-01
4.015006469327851391e+03 9.931169903171639390e-01
4.015027349444394076e+03 9.963329445485195057e-01
4.015048229669524517e+03 9.959111698485860753e-01
4.015069110003242713e+03 9.911138895820490458e-01
4.015089990445549120e+03 1.004769481532892472e+00
4.015110870996445101e+03 1.004906666137882709e+00
4.015131751655930657e+03 9.903741000452587206e-01
4.015152632424006697e+03 9.993839912477773257e-01
4.015173513300673221e+03 1.005933804524982156e+00
4.015194394285931594e+03 1.001212760688954706e+00
4.015215275379781360e+03 9.948774661498446248e-01
4.015236156582223884e+03 9.921007948056975723e-01
4.015257037893259621e+03 9.923497475327283102e-01
4.015277919312889026e+03 9.997613053588005894e-01
4.015298800841112552e+03 9.895568852451629427e-01
4.015319682477930655e+03 1.001653193163399624e+00
4.015340564223344245e+03 9.952169575226255116e-01
4.015361446077353776e+03 9.987516526364922376e-01
4.015382328039960157e+03 9.930820433903987388e-01
4.015403210111162934e+03 9.942029830201076779e-01
4.015424092290963927e+03 1.001574051541527455e+00
4.015444974579362679e+03 1.001042062148260747e+00
4.015465856976360101e+03 1.005151950942628991e+00
4.015486739481957102e+03 9.998437832558983995e-01
4.015507622096153682e+03 9.968380749875913605e-01
4.015528504818950751e+03 9.953000252864468989e-01
4.015549387650348763e+03 9.958510248805079179e-01
4.015570270590348628e+03 9.954540700644078921e-01
4.015591153638950345e+03 9.950300189048914001e-01
4.015612036796154825e+03 1.002854547347580283e+00
4.015632920061962977e+03 1.002911286281335634e+00
4.015653803436374346e+03 9.960748069494675949e-01
4.015674686919390297e+03 9.969719501697402730e-01
4.015695570511011283e+03 9.985885483083780656e-01
4.015716454211237760e+03 9.966633977945654754e-01
4.015737338020070183e+03 1.004461534906253561e+00
4.015758221937509006e+03 1.004302494046835470e+00
4.015779105963555594e+03 1.001068220392938635e+00
4.015799990098209491e+03 9.986230766765425981e-01
4.015820874341472063e+03 9.997299888086305097e-01
4.015841758693343309e+03 9.973528086576094465e-01
4.015862643153824138e+03 9.954302637629119932e-01
4.015883527722915005e+03 1.004726219327073844e+00
4.015904412400616366e+03 1.002119107944545284e+00
4.015925297186929129e+03 1.004115762804541845e+00
4.015946182081853294e+03 9.989449894571981181e-01
4.015967067085389772e+03 9.972694360951019910e-01
4.015987952197539471e+03 1.002895061550525879e+00
4.016008837418302392e+03 9.986496077090298851e-01
4.016029722747678989e+03 1.000104871844815557e+00
4.016050608185670626e+03 1.005245573787604485e+00
4.016071493732276849e+03 1.002176727089707287e+00
4.016092379387499022e+03 1.004935373261184095e+00
4.016113265151337600e+03 9.985780471988380258e-01
4.016134151023792583e+03 1.001241126023382444e+00
4.016155037004865335e+03 1.003109088835832940e+00
4.016175923094555856e+03 1.000575882324662880e+00
4.016196809292865055e+03 9.936272047366596638e-01
4.016217695599792933e+03 9.981389980562633824e-01
4.016238582015340853e+03 1.000391988710364277e+00
4.016259468539508816e+03 9.995904558119803607e-01
4.016280355172297277e+03 9.931739367807459473e-01
4.016301241913707599e+03 9.986744249051618949e-01
4.016322128763739329e+03 1.004106103418175078e+00
4.016343015722393829e+03 1.000668075161754267e+00
4.016363902789671101e+03 9.994206646163096286e-01
4.016384789965572054e+03 9.990544576995753490e-01
4.016405677250097142e+03 1.004744843481653938e+00
4.016426564643247275e+03 9.965058026703916827e-01
4.016447452145021998e+03 1.002382677604784389e+00
4.016468339755423131e+03 1.002609546205078805e+00
4.016489227474450672e+03 1.000516520548349275e+00
4.016510115302105078e+03 1.000855950366635216e+00
4.016531003238386802e+03 1.004299942776058385e+00
4.016551891283296754e+03 1.002686672875602092e+00
4.016572779436835390e+03 1.006129229922477775e+00
4.016593667699003163e+03 1.003549965681123091e+00
4.016614556069800983e+03 1.002353670552158960e+00
4.016635444549229305e+03 9.981654999784925764e-01
4.016656333137288129e+03 1.002390537301059315e+00
4.016677221833978820e+03 1.015002056777969397e+00
4.016698110639301376e+03 1.000751087207698342e+00
4.016718999553256253e+03 9.984274842382808712e-01
4.016739888575844816e+03 1.006849295400274347e+00
4.016760777707066609e+03 1.005574697745788892e+00
4.016781666946923451e+03 1.004610976866566086e+00
4.016802556295414433e+03 1.002786084950324952e+00
4.016823445752541375e+03 1.002287293946402258e+00
4.016844335318304275e+03 9.952605270556804662e-01
4.016865224992703588e+03 1.003921578381088864e+00
4.016886114775739770e+03 1.008822048255466841e+00
4.016907004667414185e+03 1.000963979651592117e+00
4.016927894667726832e+03 9.982841012633765221e-01
4.016948784776678167e+03 9.983784248434154351e-01
4.016969674994268644e+03 9.980021657452505801e-01
4.016990565320499627e+03 9.993659469587351518e-01
4.017011455755370662e+03 1.001445585763911295e+00
4.017032346298883112e+03 1.001394549695710623e+00
4.017053236951036979e+03 1.001223225130904781e+00
4.017074127711833171e+03 1.000930770542050929e+00
4.017095018581272143e+03 1.003713464849947945e+00
4.017115909559354805e+03 1.002544912343369621e+00
4.017136800646081156e+03 1.004958117088268210e+00
4.017157691841451651e+03 1.006967717708039611e+00
4.017178583145467655e+03 1.010630185472503939e+00
4.017199474558129168e+03 1.004837609924095210e+00
4.017220366079436644e+03 1.005874668187120236e+00
4.017241257709390993e+03 1.005558167040233597e+00
4.017262149447992670e+03 1.007600204421844836e+00
4.017283041295242583e+03 1.001961931535876538e+00
4.017303933251140279e+03 1.001244432924982108e+00
4.017324825315687576e+03 1.006686289002285850e+00
4.017345717488884020e+03 1.002121518377537601e+00
4.017366609770730975e+03 9.966256218674897083e-01
4.017387502161228440e+03 9.997005535655055786e-01
4.017408394660376871e+03 1.000143958528759924e+00
4.017429287268177632e+03 1.001377097926493320e+00
4.017450179984630722e+03 1.008470552170554368e+00
4.017471072809736597e+03 1.000247065202690466e+00
4.017491965743496166e+03 9.979913578319298262e-01
4.017512858785909430e+03 1.005065786059519128e+00
4.017533751936977751e+03 1.004662722429752852e+00
4.017554645196701131e+03 1.005445468453677327e+00
4.017575538565080478e+03 1.002299674091386539e+00
4.017596432042115794e+03 1.002488029089230626e+00
4.017617325627808441e+03 9.994761775716455299e-01
4.017638219322158420e+03 1.002523596289165653e+00
4.017659113125166641e+03 1.001532300439866630e+00
4.017680007036833103e+03 1.008269623145916061e+00
4.017700901057159172e+03 1.003644246099589576e+00
4.017721795186144391e+03 1.004217867856177282e+00
4.017742689423790580e+03 1.001902300864563555e+00
4.017763583770097284e+03 1.000900669208672156e+00
4.017784478225065413e+03 9.972212984315858009e-01
4.017805372788695422e+03 9.948379582049149406e-01
4.017826267460988220e+03 1.001292276582729235e+00
4.017847162241944261e+03 9.984265177342638298e-01
4.017868057131564001e+03 1.000266269953929976e+00
4.017888952129847894e+03 1.001874027638872455e+00
4.017909847236796395e+03 9.990411741828039149e-01
4.017930742452410414e+03 9.981252203225050579e-01
4.017951637776690404e+03 1.004891854368897164e+00
4.017972533209637277e+03 1.002517900504144244e+00
4.017993428751251031e+03 1.004429804567472662e+00
4.018014324401532122e+03 9.994104703613621021e-01
4.018035220160481913e+03 9.969580026177765619e-01
4.018056116028099950e+03 1.001944536013048337e+00
4.018077012004388052e+03 1.005870411255632257e+00
4.018097908089345310e+03 1.012058246846943010e+00
4.018118804282973542e+03 1.004862839424659038e+00
4.018139700585272749e+03 9.967848805404638801e-01
4.018160596996243385e+03 1.003434325662439175e+00
4.018181493515886359e+03 1.001440464913414763e+00
4.018202390144202127e+03 1.003057078676863778e+00
4.018223286881191143e+03 9.961506131866928460e-01
4.018244183726853862e+03 9.941495166639801040e-01
4.018265080681191193e+03 1.002987873488150994e+00
4.018285977744203592e+03 1.001487086052131437e+00
4.018306874915891513e+03 9.980260617556949709e-01
4.018327772196255410e+03 1.003418236578936140e+00
4.018348669585296193e+03 9.955180361563731317e-01
4.018369567083013862e+03 9.956414577165189073e-01
4.018390464689409782e+03 9.938954841430329701e-01
4.018411362404483953e+03 1.003217698714702566e+00
4.018432260228237283e+03 1.002318576804857919e+00
4.018453158160669773e+03 1.001214865409405297e+00
4.018474056201782787e+03 1.008222585676514793e+00
4.018494954351575871e+03 1.004563441823157932e+00
4.018515852610050842e+03 1.004293334137521754e+00
4.018536750977207248e+03 1.000855356351835646e+00
4.018557649453045997e+03 1.012046020754567399e+00
4.018578548037567543e+03 1.002529931794080342e+00
4.018599446730772797e+03 9.977209228161970644e-01
4.018620345532662213e+03 1.003188462793660030e+00
4.018641244443235792e+03 1.000495709317370086e+00
4.018662143462494896e+03 1.002677194116575965e+00
4.018683042590439527e+03 1.003502783872924686e+00
4.018703941827070594e+03 9.997972978249336506e-01
4.018724841172388551e+03 1.001056026521519149e+00
4.018745740626393854e+03 1.004695522343051373e+00
4.018766640189087411e+03 1.008401376608388800e+00
4.018787539860469224e+03 1.001861201032612447e+00
4.018808439640540200e+03 9.967218400154670421e-01
4.018829339529301251e+03 1.005042079241286856e+00
4.018850239526752375e+03 1.009174807476817870e+00
4.018871139632894028e+03 9.954177275530250446e-01
4.018892039847727119e+03 9.999666979079889773e-01
4.018912940171252558e+03 1.003982745220188599e+00
4.018933840603470344e+03 9.968257743062800547e-01
4.018954741144380932e+03 1.007866954952461480e+00
4.018975641793985687e+03 9.994040062729593332e-01
4.018996542552284154e+03 9.956060882642302490e-01
4.019017443419277697e+03 9.967612833498982194e-01
4.019038344394966771e+03 1.001712803599187795e+00
4.019059245479351375e+03 1.000125366081963341e+00
4.019080146672432875e+03 1.001837421870809042e+00
4.019101047974210815e+03 1.000986190925101660e+00
4.019121949384687014e+03 1.001809496315781089e+00
4.019142850903861017e+03 1.004871802376628764e+00
4.019163752531733735e+03 1.000092978774119956e+00
4.019184654268306076e+03 9.999882363984886613e-01
4.019205556113578041e+03 1.000341585510015729e+00
4.019226458067550539e+03 9.983102029195333182e-01
4.019247360130224024e+03 9.951959698626440254e-01
4.019268262301598952e+03 9.933147680994696138e-01
4.019289164581676232e+03 9.964053124462372013e-01
4.019310066970455864e+03 1.001743529510597197e+00
4.019330969467939212e+03 9.943063393626163649e-01
4.019351872074125822e+03 9.931803786070155793e-01
4.019372774789017512e+03 1.000958463447833457e+00
4.019393677612613828e+03 1.004669428564410216e+00
4.019414580544915680e+03 1.009585800052735349e+00
4.019435483585923521e+03 1.000804975961375742e+00
4.019456386735638262e+03 9.935857142986953550e-01
4.019477289994059902e+03 9.950327153399030067e-01
4.019498193361189351e+03 1.005558231771018107e+00
4.019519096837027519e+03 1.005718782874472028e+00
4.019540000421574405e+03 1.005379679431842366e+00
4.019560904114830464e+03 9.967002434736618177e-01
4.019581807916797061e+03 1.002210284624065473e+00
4.019602711827474195e+03 1.005372240989475419e+00
4.019623615846862322e+03 1.009337678686741402e+00
4.019644519974962350e+03 1.004997492781759982e+00
4.019665424211774280e+03 1.005795747411822205e+00
4.019686328557299476e+03 1.003362867784522106e+00
4.019707233011537937e+03 1.003588966218400103e+00
4.019728137574490574e+03 1.004333841934822891e+00
4.019749042246157842e+03 1.007289006353681016e+00
4.019769947026540194e+03 1.001645237831224833e+00
4.019790851915638086e+03 9.985563092000067087e-01
4.019811756913452427e+03 1.000641328676849851e+00
4.019832662019983673e+03 9.973640815624545963e-01
4.019853567235231822e+03 1.005612025394531539e+00
4.019874472559198693e+03 9.994108781065720315e-01
4.019895377991883379e+03 1.001961253958011167e+00
4.019916283533287697e+03 1.002114980036975744e+00
4.019937189183411192e+03 9.994595396928418474e-01
4.019958094942255229e+03 1.002859434260038984e+00
4.019979000809819809e+03 1.002352207141730123e+00
4.019999906786106294e+03 1.000126556574483461e+00
4.020020812871114231e+03 1.001921370139272183e+00
4.020041719064844528e+03 1.001938584123701181e+00
4.020062625367298097e+03 9.998614977309321361e-01
4.020083531778475390e+03 9.999484696206430989e-01
4.020104438298376863e+03 1.005584039312237721e+00
4.020125344927002971e+03 1.001124382223154807e+00
4.020146251664354622e+03 1.001206630771766193e+00
4.020167158510431818e+03 9.998053580410681818e-01
4.020188065465235468e+03 9.964286178247289127e-01
4.020208972528766481e+03 1.002398614512520325e+00
4.020229879701024856e+03 9.982522244708078585e-01
4.020250786982011050e+03 9.999521359547396404e-01
4.020271694371726426e+03 1.005132392051098389e+00
4.020292601870170984e+03 1.000959121049552980e+00
4.020313509477345178e+03 1.006846192684123009e+00
4.020334417193249919e+03 1.000297729232062283e+00
4.020355325017885662e+03 9.931344295797263078e-01
4.020376232951252859e+03 1.003492962540560862e+00
4.020397140993352423e+03 1.005932252051124909e+00
4.020418049144184351e+03 9.979327585063907380e-01
4.020438957403749555e+03 9.984194653855864576e-01
4.020459865772048488e+03 1.007173991394645363e+00
4.020480774249082060e+03 1.005813041155451559e+00
4.020501682834850271e+03 1.011931270252573789e+00
4.020522591529354031e+03 9.958225692462939760e-01
4.020543500332593794e+03 9.948955409267713490e-01
4.020564409244570470e+03 1.006555224487063471e+00
4.020585318265284059e+03 1.002824471588036781e+00
4.020606227394735470e+03 1.004666234625545496e+00
4.020627136632925158e+03 1.005604262173385610e+00
4.020648045979853578e+03 1.003264610665550505e+00
4.020668955435522093e+03 9.983366378344548098e-01
4.020689864999929796e+03 9.970445932267137934e-01
4.020710774673078504e+03 9.980674305182134498e-01
4.020731684454968672e+03 1.006652410825944921e+00
4.020752594345599846e+03 1.003993403901886072e+00
4.020773504344973844e+03 1.002771247488588147e+00
4.020794414453090667e+03 1.000945949270122037e+00
4.020815324669950769e+03 9.968588683674914908e-01
4.020836234995554605e+03 9.942453931355612617e-01
4.020857145429903085e+03 9.985011309924526346e-01
4.020878055972997117e+03 9.972502219495997799e-01
4.020898966624836248e+03 9.950225741599472151e-01
4.020919877385421842e+03 1.001299897555431695e+00
4.020940788254754352e+03 1.005470142996469418e+00
4.020961699232834235e+03 9.965447065215986555e-01
4.020982610319661944e+03 9.970190236473146506e-01
4.021003521515237935e+03 1.001273586150540185e+00
4.021024432819563572e+03 1.003564783269712324e+00
4.021045344232638399e+03 1.006293651055160110e+00
4.021066255754463327e+03 1.004078139072227094e+00
4.021087167385039265e+03 9.988533117401916517e-01
4.021108079124366668e+03 9.984733317838709876e-01
4.021128990972445536e+03 1.007992354953223924e+00
4.021149902929277232e+03 1.009793631415127457e+00
4.021170814994861757e+03 9.985704335593089676e-01
4.021191727169200021e+03 1.003400709117479916e+00
4.021212639452292478e+03 1.001603496354931844e+00
4.021233551844139129e+03 9.930123883850739963e-01
4.021254464344741791e+03 9.905191536447734979e-01
4.021275376954100011e+03 9.914178786447138680e-01
4.021296289672214243e+03 9.941222535286271533e-01
4.021317202499085852e+03 9.955036451842552703e-01
4.021338115434715291e+03 9.929768317893525875e-01
4.021359028479102562e+03 9.979775343758018336e-01
4.021379941632248119e+03 9.918734924458761926e-01
4.021400854894153326e+03 1.000869138689883364e+00
4.021421768264818638e+03 1.000988863510110072e+00
4.021442681744244055e+03 9.914087631528666344e-01
4.021463595332430032e+03 1.000726814160359801e+00
4.021484509029377932e+03 1.001870486971076391e+00
4.021505422835087757e+03 9.960175347155568737e-01
4.021526336749560414e+03 9.994906703896350164e-01
4.021547250772795906e+03 9.934912644083430111e-01
4.021568164904795594e+03 9.950493963489667193e-01
4.021589079145559481e+03 9.956245537834990111e-01
4.021609993495088020e+03 9.963836250345394774e-01
4.021630907953382575e+03 9.946961067289572522e-01
4.021651822520442693e+03 9.952955116714943262e-01
4.021672737196269281e+03 9.981067313750940917e-01
4.021693651980863706e+03 9.962813149795609613e-01
4.021714566874225056e+03 9.946457552460012952e-01
4.021735481876355152e+03 9.983880871474341001e-01
4.021756396987253993e+03 9.935121812170728539e-01
4.021777312206922488e+03 9.912403076090585685e-01
4.021798227535360638e+03 1.002002527124743247e+00
4.021819142972569807e+03 9.998886144970844381e-01
4.021840058518549540e+03 1.001694750137564593e+00
4.021860974173301202e+03 9.925984115346940806e-01
4.021881889936825246e+03 9.965583146652520208e-01
4.021902805809122128e+03 9.938078266556852336e-01
4.021923721790192303e+03 9.921589350870333446e-01
4.021944637880036225e+03 9.951935171649886058e-01
4.021965554078654804e+03 9.990026607140217729e-01
4.021986470386048495e+03 9.944861030498900467e-01
4.022007386802217752e+03 9.930368858171906288e-01
4.022028303327163485e+03 9.875713217492984031e-01
4.022049219960885694e+03 9.968178839668030422e-01
4.022070136703385288e+03 9.941364968071791930e-01
4.022091053554663176e+03 9.945111034123129690e-01
4.022111970514719360e+03 1.000670853881953759e+00
4.022132887583554293e+03 1.004951415151475791e+00
4.022153804761168885e+03 9.906394883103580851e-01
4.022174722047564046e+03 9.935650624352405647e-01
4.022195639442739775e+03 9.917600659159174770e-01
4.022216556946696528e+03 9.901602727108338442e-01
4.022237474559435213e+03 9.943582465031680639e-01
4.022258392280956741e+03 9.897793808218106060e-01
4.022279310111261111e+03 9.928816138295187832e-01
4.022300228050348778e+03 9.877912657833459731e-01
4.022321146098220652e+03 9.908180148173032498e-01
4.022342064254877187e+03 9.934434965052286737e-01
4.022362982520319292e+03 9.872875151499918012e-01
4.022383900894546969e+03 9.904870487358272690e-01
4.022404819377561125e+03 9.920654361246786790e-01
4.022425737969362217e+03 9.891384132859993850e-01
4.022446656669951153e+03 9.938581596501095961e-01
4.022467575479327934e+03 9.955395627323105900e-01
4.022488494397493469e+03 9.926957100188799066e-01
4.022509413424447757e+03 9.934657212983132313e-01
4.022530332560192164e+03 9.976987302349071829e-01
4.022551251804727144e+03 9.907241667830130050e-01
4.022572171158052697e+03 9.902738704717635176e-01
4.022593090620170187e+03 9.869906358822178039e-01
4.022614010191079160e+03 9.907577262162551301e-01
4.022634929870781434e+03 9.898288081169889230e-01
4.022655849659276100e+03 9.884207921001556540e-01
4.022676769556564977e+03 9.916967745573277426e-01
4.022697689562648520e+03 9.925081354450583371e-01
4.022718609677526274e+03 9.905913707455210604e-01
4.022739529901199603e+03 9.888540521416185891e-01
4.022760450233669417e+03 9.846705236019787089e-01
4.022781370674935260e+03 9.885648987772472918e-01
4.022802291224998498e+03 9.815306810981044849e-01
4.022823211883859585e+03 9.863729479050171722e-01
4.022844132651518976e+03 9.891895053211514632e-01
4.022865053527976670e+03 9.896221490199375026e-01
4.022885974513234487e+03 9.866579447340072528e-01
4.022906895607291972e+03 9.862444011638159536e-01
4.022927816810149579e+03 9.838986289780439209e-01
4.022948738121808674e+03 9.834909851973611117e-01
4.022969659542269710e+03 9.914437107830522677e-01
4.022990581071532688e+03 9.947143750199393120e-01
4.023011502709598517e+03 9.903774684397017580e-01
4.023032424456467652e+03 9.872612003993169738e-01
4.023053346312141002e+03 9.920669909477062287e-01
4.023074268276618568e+03 9.916199487320920269e-01
4.023095190349901259e+03 9.857156557153436971e-01
4.023116112531989529e+03 9.859841840311225347e-01
4.023137034822883834e+03 9.946544576705239615e-01
4.023157957222585537e+03 9.882387363924955981e-01
4.023178879731094185e+03 9.864796406035369891e-01
4.023199802348410685e+03 9.878230094097464331e-01
4.023220725074535494e+03 9.795235804620835429e-01
4.023241647909469521e+03 9.829327229147392098e-01
4.023262570853213219e+03 9.825692371473288000e-01
4.023283493905767045e+03 9.856836098799135470e-01
4.023304417067131453e+03 9.724456369075206164e-01
4.023325340337307352e+03 9.748851592205198813e-01
4.023346263716295198e+03 9.827661287968422199e-01
4.023367187204094989e+03 9.858353842267731926e-01
4.023388110800708091e+03 9.807141430688963712e-01
4.023409034506134958e+03 9.803180831953515195e-01
4.023429958320375590e+03 9.819091902583876319e-01
4.023450882243430897e+03 9.711523321711652557e-01
4.023471806275301788e+03 9.702130125261988480e-01
4.023492730415988262e+03 9.844118256460830940e-01
4.023513654665491231e+03 9.766029437434488036e-01
4.023534579023811148e+03 9.804999798512196163e-01
4.023555503490948468e+03 9.845696920050308609e-01
4.023576428066904100e+03 9.772357810671751244e-01
4.023597352751678045e+03 9.730150242409547623e-01
4.023618277545271667e+03 9.727700534272309962e-01
4.023639202447684511e+03 9.738129420551048243e-01
4.023660127458917941e+03 9.767669669249614550e-01
4.023681052578972412e+03 9.720127960267562761e-01
4.023701977807848380e+03 9.700181208020233203e-01
4.023722903145546297e+03 9.638436263883644051e-01
4.023743828592066620e+03 9.717678547685179025e-01
4.023764754147410258e+03 9.829534409267363104e-01
4.023785679811577666e+03 9.792056710451194634e-01
4.023806605584569752e+03 9.726084295865695672e-01
4.023827531466386063e+03 9.682633154439861389e-01
4.023848457457028417e+03 9.700393583781886653e-01
4.023869383556496359e+03 9.684447320806122139e-01
4.023890309764791255e+03 9.645728189924842599e-01
4.023911236081912648e+03 9.595334285699449461e-01
4.023932162507862358e+03 9.652215108084362116e-01
4.023953089042639931e+03 9.671309324949060038e-01
4.023974015686246730e+03 9.605231049503387686e-01
4.023994942438682756e+03 9.642050504616458406e-01
4.024015869299948918e+03 9.619367434606264089e-01
4.024036796270045215e+03 9.609121681072718690e-01
4.024057723348973013e+03 9.588937715272008999e-01
4.024078650536732312e+03 9.613580692014661588e-01
4.024099577833323565e+03 9.598428175289972497e-01
4.024120505238748137e+03 9.537791290642333442e-01
4.024141432753005574e+03 9.509359371484071843e-01
4.024162360376097240e+03 9.540187150723680176e-01
4.024183288108023135e+03 9.518165217458729455e-01
4.024204215948784622e+03 9.534614807941187431e-01
4.024225143898381248e+03 9.538426421299259772e-01
4.024246071956814376e+03 9.499584231627539177e-01
4.024267000124084007e+03 9.497381982646144749e-01
4.024287928400191049e+03 9.488066014573028895e-01
4.024308856785135958e+03 9.430259266453139277e-01
4.024329785278919644e+03 9.474581418758480922e-01
4.024350713881542106e+03 9.434305894006492776e-01
4.024371642593003799e+03 9.413935766687379081e-01
4.024392571413306086e+03 9.425194984678285648e-01
4.024413500342448970e+03 9.336395758669457923e-01
4.024434429380433357e+03 9.340433620080031973e-01
4.024455358527259250e+03 9.393096005319190311e-01
4.024476287782928011e+03 9.370314644482070632e-01
4.024497217147439187e+03 9.343362484742658847e-01
4.024518146620794596e+03 9.363777690704392365e-01
4.024539076202993328e+03 9.304317958567136504e-01
4.024560005894037204e+03 9.300174353905378277e-01
4.024580935693926676e+03 9.308155383025980001e-01
4.024601865602661292e+03 9.264322820404972125e-01
4.024622795620242869e+03 9.225464596261779837e-01
4.024643725746670953e+03 9.248798048456391419e-01
4.024664655981946453e+03 9.166522446769505006e-01
4.024685586326070279e+03 9.234740892068259432e-01
4.024706516779042886e+03 9.197608358566038422e-01
4.024727447340864728e+03 9.083797489232262601e-01
4.024748378011536261e+03 9.108944026746416123e-01
4.024769308791057938e+03 9.048315088963749808e-01
4.024790239679430670e+03 9.049483916751858148e-01
4.024811170676654910e+03 9.035081295584983518e-01
4.024832101782731115e+03 9.033329037840438502e-01
4.024853032997660193e+03 9.005810091734163247e-01
4.024873964321442145e+03 8.966966650115522075e-01
4.024894895754077879e+03 9.003516577651028419e-01
4.024915827295567851e+03 9.004618702843170119e-01
4.024936758945912970e+03 9.018150686071615407e-01
4.024957690705113237e+03 8.986749554761245262e-01
4.024978622573169559e+03 8.919458836271665358e-01
4.024999554550082848e+03 8.902478085135087094e-01
4.025020486635852649e+03 8.912665618288441172e-01
4.025041418830480779e+03 8.825637040798621769e-01
4.025062351133966786e+03 8.884801222263558618e-01
4.025083283546311577e+03 8.811167644676666244e-01
4.025104216067516063e+03 8.788939718386530320e-01
4.025125148697580244e+03 8.758139887260549816e-01
4.025146081436505028e+03 8.754545252701184666e-01
4.025167014284291326e+03 8.736637325680185473e-01
4.025187947240938684e+03 8.690182877894193636e-01
4.025208880306448464e+03 8.558970724030046107e-01
4.025229813480821122e+03 8.568696745115041979e-01
4.025250746764057112e+03 8.602828882161951407e-01
4.025271680156157345e+03 8.605363636820448914e-01
4.025292613657121819e+03 8.555273281027583332e-01
4.025313547266951446e+03 8.503331603961332696e-01
4.025334480985646223e+03 8.449091845169212078e-01
4.025355414813207517e+03 8.428205465414004838e-01
4.025376348749635781e+03 8.488241665187551410e-01
4.025397282794931471e+03 8.473315814141163527e-01
4.025418216949094585e+03 8.375841739987451851e-01
4.025439151212126490e+03 8.443091759685578124e-01
4.025460085584027183e+03 8.357255419123797990e-01
4.025481020064797576e+03 8.362974606995694504e-01
4.025501954654438123e+03 8.342797002552706509e-01
4.025522889352949733e+03 8.303767205162211340e-01
4.025543824160331951e+03 8.278102428393440126e-01
4.025564759076586597e+03 8.240993791062004581e-01
4.025585694101713671e+03 8.307953687225511086e-01
4.025606629235713172e+03 8.237720485312995944e-01
4.025627564478586919e+03 8.222823998661795697e-01
4.025648499830334458e+03 8.189195775640650821e-01
4.025669435290956699e+03 8.096121582361373026e-01
4.025690370860454095e+03 8.115662476802933956e-01
4.025711306538827557e+03 8.175542395040902299e-01
4.025732242326077085e+03 8.115320945747355186e-01
4.025753178222203587e+03 8.134186194375010448e-01
4.025774114227207974e+03 8.089706604466426754e-01
4.025795050341090246e+03 8.032593862554407993e-01
4.025815986563851311e+03 8.082112087858709382e-01
4.025836922895491170e+03 8.092824046304697427e-01
4.025857859336011188e+03 7.985589677409383746e-01
4.025878795885411364e+03 8.032032209042623272e-01
4.025899732543692608e+03 8.040650574260862493e-01
4.025920669310855374e+03 7.954815346144227250e-01
4.025941606186900117e+03 7.926005908574537129e-01
4.025962543171827292e+03 7.932749152207014820e-01
4.025983480265638264e+03 7.905738278319469625e-01
4.026004417468332122e+03 7.904847633191824929e-01
4.026025354779911140e+03 7.851358950064712960e-01
4.026046292200374410e+03 7.896048373891467742e-01
4.026067229729723294e+03 7.906718857892471863e-01
4.026088167367958249e+03 7.865908805410819493e-01
4.026109105115079728e+03 7.816034598996333127e-01
4.026130042971088642e+03 7.789733801026772486e-01
4.026150980935984990e+03 7.814438955468077097e-01
4.026171919009769681e+03 7.846595988432625290e-01
4.026192857192443171e+03 7.817038369058291192e-01
4.026213795484005914e+03 7.796703625660126313e-01
4.026234733884458819e+03 7.787678714096233357e-01
4.026255672393802342e+03 7.751119068748724139e-01
4.026276611012036938e+03 7.753577123409588490e-01
4.026297549739163060e+03 7.798235132927296975e-01
4.026318488575181618e+03 7.722431654869889028e-01
4.026339427520093068e+03 7.746942180094635866e-01
4.026360366573897409e+03 7.714680211104885110e-01
4.026381305736596005e+03 7.780714167978056706e-01
4.026402245008189311e+03 7.758504674655501976e-01
4.026423184388677328e+03 7.679865148797475616e-01
4.026444123878061419e+03 7.743808787634738344e-01
4.026465063476341584e+03 7.746026028135508668e-01
4.026486003183518278e+03 7.655678475931800842e-01
4.026506942999592411e+03 7.737239419792765194e-01
4.026527882924564437e+03 7.703056759930704267e-01
4.026548822958434812e+03 7.737161624598329901e-01
4.026569763101204444e+03 7.750443707970080531e-01
4.026590703352873788e+03 7.748668918863921284e-01
4.026611643713443300e+03 7.724847531941526624e-01
4.026632584182913433e+03 7.772069837726848229e-01
4.026653524761284643e+03 7.740752727036516179e-01
4.026674465448557839e+03 7.709562934626225106e-01
4.026695406244733476e+03 7.697545106308486540e-01
4.026716347149812464e+03 7.754475906547204644e-01
4.026737288163794801e+03 7.727398108160582479e-01
4.026758229286680944e+03 7.813898573218100996e-01
4.026779170518472256e+03 7.829252347040542848e-01
4.026800111859168737e+03 7.815319113836506348e-01
4.026821053308770843e+03 7.796360888901509023e-01
4.026841994867279482e+03 7.827479649311164245e-01
4.026862936534695109e+03 7.872982376946824346e-01
4.026883878311018179e+03 7.891101361682507642e-01
4.026904820196249148e+03 7.970075953720148210e-01
4.026925762190389378e+03 7.923060540990805034e-01
4.026946704293438415e+03 7.884952995463234693e-01
4.026967646505397170e+03 7.913683106725553085e-01
4.026988588826266550e+03 7.940283550677372792e-01
4.027009531256047012e+03 7.979871091927320803e-01
4.027030473794738555e+03 8.002725020902424768e-01
4.027051416442342543e+03 8.015728883929996718e-01
4.027072359198858976e+03 8.070957621982834951e-01
4.027093302064288309e+03 8.069611387720143636e-01
4.027114245038631907e+03 8.114379788728078857e-01
4.027135188121889769e+03 8.088270429752041357e-01
4.027156131314062350e+03 8.114072173034831970e-01
4.027177074615150104e+03 8.172213857235339773e-01
4.027198018025154397e+03 8.200629397721267422e-01
4.027218961544075228e+03 8.239775128897774970e-01
4.027239905171913051e+03 8.232732816942084364e-01
4.027260848908668777e+03 8.188104051290880925e-01
4.027281792754342405e+03 8.242744659874302604e-01
4.027302736708935299e+03 8.325365729110337787e-01
4.027323680772447460e+03 8.300727646812585681e-01
4.027344624944879797e+03 8.394438069453437068e-01
4.027365569226232310e+03 8.343773846986057841e-01
4.027386513616506363e+03 8.366383872272024069e-01
4.027407458115701957e+03 8.420779341124327022e-01
4.027428402723819545e+03 8.455147667747904272e-01
4.027449347440860492e+03 8.517211637741415320e-01
4.027470292266824345e+03 8.524859918065641473e-01
4.027491237201712465e+03 8.480291064284419811e-01
4.027512182245524855e+03 8.554307396528393337e-01
4.027533127398262423e+03 8.556178601417314677e-01
4.027554072659926078e+03 8.607633534229838235e-01
4.027575018030515366e+03 8.607644973810260058e-01
4.027595963510031652e+03 8.638807698836199478e-01
4.027616909098475389e+03 8.680932840560484642e-01
4.027637854795847034e+03 8.678058512195909735e-01
4.027658800602147039e+03 8.726418337990887730e-01
4.027679746517376316e+03 8.759288151491353425e-01
4.027700692541535318e+03 8.719059644458896363e-01
4.027721638674624046e+03 8.793984196781420293e-01
4.027742584916643864e+03 8.904869723423450845e-01
4.027763531267594772e+03 8.827858141109926615e-01
4.027784477727477679e+03 8.847406409317224441e-01
4.027805424296293040e+03 8.973846159534600853e-01
4.027826370974041765e+03 9.009701102167220199e-01
4.027847317760723854e+03 8.929031401692307801e-01
4.027868264656339761e+03 8.958257208708504393e-01
4.027889211660890851e+03 9.016417742078591813e-01
4.027910158774377123e+03 9.003313569672029004e-01
4.027931105996799033e+03 9.038565983544765148e-01
4.027952053328157490e+03 9.102924269140930669e-01
4.027973000768452948e+03 9.029519721920885589e-01
4.027993948317685863e+03 9.011126623328535867e-01
4.028014895975857144e+03 9.160770242963583998e-01
4.028035843742966790e+03 9.197098662656261192e-01
4.028056791619016167e+03 9.188143364320427997e-01
4.028077739604004819e+03 9.232121981900830443e-01
4.028098687697934110e+03 9.221588822804714924e-01
4.028119635900804496e+03 9.222923327463827814e-01
4.028140584212616432e+03 9.286174632160134612e-01
4.028161532633370371e+03 9.306472183074402382e-01
4.028182481163066768e+03 9.292748670287037660e-01
4.028203429801706534e+03 9.257018124170908191e-01
4.028224378549290122e+03 9.369528145296353028e-01
4.028245327405817989e+03 9.307653252001127919e-01
4.028266276371290587e+03 9.392623471920785727e-01
4.028287225445709282e+03 9.419413437462076377e-01
4.028308174629073619e+03 9.399387893346462519e-01
4.028329123921384507e+03 9.418008337794193663e-01
4.028350073322642402e+03 9.460949047726275873e-01
4.028371022832848666e+03 9.515012546016365924e-01
4.028391972452002847e+03 9.561504162772831439e-01
4.028412922180105852e+03 9.476561718867250184e-01
4.028433872017158592e+03 9.459848889467312727e-01
4.028454821963161066e+03 9.500913683801474052e-01
4.028475772018114185e+03 9.434697069030618666e-01
4.028496722182018857e+03 9.609707755336064361e-01
4.028517672454874628e+03 9.550817205991768422e-01
4.028538622836682862e+03 9.496491229473480455e-01
4.028559573327444468e+03 9.550603032963197458e-01
4.028580523927158993e+03 9.580209100189588378e-01
4.028601474635827344e+03 9.638975909418540100e-01
4.028622425453450887e+03 9.670273373807710682e-01
4.028643376380029167e+03 9.632603297725437219e-01
4.028664327415563093e+03 9.599595480350054943e-01
4.028685278560053121e+03 9.587376024965236221e-01
4.028706229813500158e+03 9.653163499803332215e-01
4.028727181175904661e+03 9.698961360997152559e-01
4.028748132647267084e+03 9.673089147528752818e-01
4.028769084227587882e+03 9.684036760520149389e-01
4.028790035916867964e+03 9.673511763061252156e-01
4.028810987715107785e+03 9.613703034527966151e-01
4.028831939622307345e+03 9.660293099228559610e-01
4.028852891638468009e+03 9.703314381754953866e-01
4.028873843763590230e+03 9.668800221727266164e-01
4.028894795997674009e+03 9.758953932910471307e-01
4.028915748340720711e+03 9.706451762918381077e-01
4.028936700792729880e+03 9.736416572696640070e-01
4.028957653353703336e+03 9.673384473086569235e-01
4.028978606023640623e+03 9.753979532776402284e-01
4.028999558802542651e+03 9.840685791267982374e-01
4.029020511690409876e+03 9.799231014643888793e-01
4.029041464687243206e+03 9.739648490914707413e-01
4.029062417793042641e+03 9.720466194563534001e-01
4.029083371007809546e+03 9.770282253177688947e-01
4.029104324331543921e+03 9.712664913793980226e-01
4.029125277764246221e+03 9.796384002361969712e-01
4.029146231305917354e+03 9.832687085462064047e-01
4.029167184956557776e+03 9.780484792260728533e-01
4.029188138716168396e+03 9.737686188243306340e-01
4.029209092584749214e+03 9.861355544769995207e-01
4.029230046562300686e+03 9.927142920730565034e-01
4.029251000648824174e+03 9.849205402477547722e-01
4.029271954844319225e+03 9.797694808434820324e-01
4.029292909148787658e+03 9.788584230667995989e-01
4.029313863562229017e+03 9.797494829047415088e-01
4.029334818084644212e+03 9.792534786521176482e-01
4.029355772716033698e+03 9.882931114367452530e-01
4.029376727456397930e+03 9.894660814275842986e-01
4.029397682305738272e+03 9.806812018265328446e-01
4.029418637264054269e+03 9.767940941744128747e-01
4.029439592331346830e+03 9.826608287035489830e-01
4.029460547507616866e+03 9.844127173287652299e-01
4.029481502792864831e+03 9.795443427990033758e-01
4.029502458187090724e+03 9.829692150228445113e-01
4.029523413690295911e+03 9.890467220823977446e-01
4.029544369302480391e+03 9.797772022807935688e-01
4.029565325023645073e+03 9.860405009489581207e-01
4.029586280853790413e+03 9.810446196937783192e-01
4.029607236792916865e+03 9.859128781770262195e-01
4.029628192841024884e+03 9.870014522270196267e-01
4.029649148998115379e+03 9.890801549255597847e-01
4.029670105264188805e+03 9.792628066715943769e-01
4.029691061639245618e+03 9.761739474268144034e-01
4.029712018123286271e+03 9.855277794180941076e-01
4.029732974716311674e+03 9.865768285171160334e-01
4.029753931418322281e+03 9.845057998126578447e-01
4.029774888229318549e+03 9.894778362377794068e-01
4.029795845149301385e+03 9.820595694068594561e-01
4.029816802178270791e+03 9.936614618083676742e-01
4.029837759316227675e+03 9.883230641785567538e-01
4.029858716563172493e+03 9.870785430677737615e-01
4.029879673919106153e+03 9.822920599940350161e-01
4.029900631384028657e+03 9.847737841575691098e-01
4.029921588957940912e+03 9.866674538982811438e-01
4.029942546640843375e+03 9.830842233510439510e-01
4.029963504432736499e+03 9.796093511419200484e-01
4.029984462333621195e+03 9.801783453110255451e-01
4.030005420343497917e+03 9.911494706922693299e-01
4.030026378462367120e+03 9.927944596295565916e-01
4.030047336690229258e+03 9.906341379106219369e-01
4.030068295027085242e+03 9.868712082087890414e-01
4.030089253472935525e+03 9.854402501959659277e-01
4.030110212027780562e+03 9.865644275541550767e-01
4.030131170691620810e+03 9.855371521068569951e-01
4.030152129464457175e+03 9.906423593053377274e-01
4.030173088346289660e+03 9.936300923323898582e-01
4.030194047337119628e+03 9.886572494290892799e-01
4.030215006436947078e+03 9.913663874025618883e-01
4.030235965645772467e+03 9.986766516951700590e-01
4.030256924963597157e+03 9.928985552307892926e-01
4.030277884390420695e+03 9.925254189528476267e-01
4.030298843926244444e+03 9.826832212198794991e-01
4.030319803571068405e+03 9.812588671455647615e-01
4.030340763324893487e+03 9.811775070350273742e-01
4.030361723187720145e+03 9.848533944723956157e-01
4.030382683159548833e+03 9.875052780501406557e-01
4.030403643240380461e+03 9.934729625356784055e-01
4.030424603430215029e+03 9.970538925500798122e-01
4.030445563729053902e+03 9.916359398883002330e-01
4.030466524136897078e+03 9.916789684432519847e-01
4.030487484653745014e+03 9.928960561909827565e-01
4.030508445279599073e+03 9.858255241446062245e-01
4.030529406014458800e+03 9.857919976792063332e-01
4.030550366858325106e+03 9.904593009939643977e-01
4.030571327811198898e+03 1.000402002597179152e+00
4.030592288873080633e+03 9.956162249896853833e-01
4.030613250043970766e+03 9.885268352028179217e-01
4.030634211323869749e+03 9.886148553294952235e-01
4.030655172712778040e+03 9.973541383462968257e-01
4.030676134210696546e+03 1.003282966080972338e+00
4.030697095817625723e+03 9.975178028508820960e-01
4.030718057533566480e+03 9.963908118977202744e-01
4.030739019358518817e+03 9.867658469791901199e-01
4.030759981292483189e+03 9.949539774218693067e-01
4.030780943335460961e+03 9.941246372762008177e-01
4.030801905487452132e+03 9.959341268635996114e-01
4.030822867748457156e+03 9.914066699907904123e-01
4.030843830118476944e+03 9.916579955856371642e-01
4.030864792597511951e+03 9.890144013522349509e-01
4.030885755185562630e+03 9.935266359871363084e-01
4.030906717882629891e+03 1.004958243805137874e+00
4.030927680688713735e+03 9.998172744071669449e-01
4.030948643603815071e+03 9.853974898194793886e-01
4.030969606627934354e+03 9.822469151170166723e-01
4.030990569761072493e+03 9.937376900227881116e-01
4.031011533003229943e+03 9.903350450331235288e-01
4.031032496354406703e+03 1.000025914107993463e+00
4.031053459814604139e+03 9.974817691308043299e-01
4.031074423383822250e+03 9.909803381711707049e-01
4.031095387062061945e+03 9.985240112612582264e-01
4.031116350849323226e+03 1.001341930892505117e+00
4.031137314745607455e+03 9.939846510299109594e-01
4.031158278750914633e+03 9.916092571739896222e-01
4.031179242865245669e+03 9.957273876336337759e-01
4.031200207088601019e+03 1.001231713894164210e+00
4.031221171420981136e+03 9.933438531406600935e-01
4.031242135862386476e+03 9.872064772095551222e-01
4.031263100412817948e+03 9.888761999603925545e-01
4.031284065072276007e+03 1.001432156138430507e+00
4.031305029840761108e+03 9.973973209018686115e-01
4.031325994718274160e+03 9.961319988836466743e-01
4.031346959704815163e+03 9.981296597302440343e-01
4.031367924800385026e+03 9.961264321436019697e-01
4.031388890004984205e+03 9.950588632756766083e-01
4.031409855318613154e+03 9.958287741361920853e-01
4.031430820741272782e+03 9.967339881020573777e-01
4.031451786272963545e+03 9.995449218783577505e-01
4.031472751913685897e+03 9.919325685093282052e-01
4.031493717663440748e+03 9.989814448710461203e-01
4.031514683522228097e+03 9.888817783068732936e-01
4.031535649490048854e+03 1.001699176488762166e+00
4.031556615566903474e+03 9.966739344652177923e-01
4.031577581752792412e+03 9.914280294219212086e-01
4.031598548047716577e+03 9.897323285672894322e-01
4.031619514451676423e+03 9.911051380438143932e-01
4.031640480964671951e+03 9.945947776964600973e-01
4.031661447586704980e+03 9.968621694381849530e-01
4.031682414317774601e+03 9.996620126678342766e-01
4.031703381157882632e+03 9.917004488815128749e-01
4.031724348107029073e+03 9.909695784763351556e-01
4.031745315165214379e+03 9.950806887851331162e-01
4.031766282332439005e+03 9.966372826336418189e-01
4.031787249608704315e+03 9.955794549044378883e-01
4.031808216994009854e+03 9.958796983601031494e-01
4.031829184488356987e+03 9.970683879294230945e-01
4.031850152091745713e+03 9.966734356174943299e-01
4.031871119804176942e+03 9.915863837008203063e-01
4.031892087625651129e+03 9.872515267452043330e-01
4.031913055556169184e+03 9.913651891311621167e-01
4.031934023595731105e+03 9.955970082991288939e-01
4.031954991744337804e+03 9.911562343441594480e-01
4.031975960001989733e+03 9.945987710673723781e-01
4.031996928368687350e+03 9.959807852590130128e-01
4.032017896844431561e+03 1.003393028470815240e+00
4.032038865429222369e+03 9.985582517350728438e-01
4.032059834123061137e+03 9.947495710766208754e-01
4.032080802925947410e+03 9.881744608585618650e-01
4.032101771837883007e+03 9.928144170235747579e-01
4.032122740858867473e+03 9.972435612420671447e-01
4.032143709988901719e+03 9.960392708705384512e-01
4.032164679227986198e+03 1.000845633178044425e+00
4.032185648576121821e+03 9.960274435501755841e-01
4.032206618033309041e+03 9.848824539983873638e-01
4.032227587599547860e+03 9.914908107154497552e-01
4.032248557274839641e+03 9.945153921784622986e-01
4.032269527059184838e+03 9.897353614759293317e-01
4.032290496952583453e+03 9.923336381825714758e-01
4.032311466955036394e+03 9.954592350851240168e-01
4.032332437066544117e+03 9.953806861663662131e-01
4.032353407287107530e+03 9.928211887122492252e-01
4.032374377616727088e+03 9.903507333745317220e-01
4.032395348055403247e+03 9.992785710384474163e-01
4.032416318603136006e+03 1.007279638872642380e+00
4.032437289259927184e+03 9.957932462195241419e-01
4.032458260025776326e+03 9.952264714996188477e-01
4.032479230900684342e+03 1.002855658186620813e+00
4.032500201884651688e+03 1.000902167952504529e+00
4.032521172977679271e+03 9.897486463668305756e-01
4.032542144179767092e+03 1.002224704896760965e+00
4.032563115490916516e+03 1.003516445313198169e+00
4.032584086911127088e+03 9.951797562023936283e-01
4.032605058440400171e+03 9.948976938294284977e-01
4.032626030078736221e+03 9.948193206634682317e-01
4.032647001826135693e+03 9.907883433181088328e-01
4.032667973682598586e+03 9.889882530077281908e-01
4.032688945648126719e+03 9.914680797396855372e-01
4.032709917722719638e+03 9.985586254142529983e-01
4.032730889906378252e+03 9.923327809247582953e-01
4.032751862199103016e+03 9.933208473189317766e-01
4.032772834600894839e+03 9.948786706692582804e-01
4.032793807111753722e+03 9.928907368094102015e-01
4.032814779731680574e+03 9.954811372733175512e-01
4.032835752460675849e+03 9.974498541987959488e-01
4.032856725298740457e+03 9.982443420841697890e-01
4.032877698245874853e+03 9.938383984194407716e-01
4.032898671302079038e+03 9.910191888668198334e-01
4.032919644467354374e+03 9.935737449382541220e-01
4.032940617741700862e+03 9.925756695961748255e-01
4.032961591125118957e+03 9.905608428675330979e-01
4.032982564617610024e+03 9.951424370979211620e-01
4.033003538219174061e+03 1.001877944993518232e+00
4.033024511929811524e+03 9.956470434886576237e-01
4.033045485749522868e+03 9.940498701613622590e-01
4.033066459678309457e+03 1.002714591933929977e+00
4.033087433716171290e+03 1.000040826320531595e+00
4.033108407863108823e+03 9.968674904157412975e-01
4.033129382119122965e+03 1.001752086908732631e+00
4.033150356484213717e+03 1.000198466737110436e+00
4.033171330958382441e+03 9.951455132768685097e-01
4.033192305541629594e+03 9.942871303206973765e-01
4.033213280233954720e+03 9.915943576273954507e-01
4.033234255035359638e+03 9.958528130759448649e-01
4.033255229945844349e+03 1.000798248292505077e+00
4.033276204965409306e+03 9.961070525826682953e-01
4.033297180094055420e+03 9.921053882328154661e-01
4.033318155331783146e+03 9.919325506731769826e-01
4.033339130678592937e+03 9.944529583934796912e-01
4.033360106134485250e+03 9.977525777641459426e-01
4.033381081699460992e+03 9.944715508543339189e-01
4.033402057373520165e+03 9.946526536804556340e-01
4.033423033156664133e+03 9.979331196342253740e-01
4.033444009048892894e+03 1.002686537831372515e+00
4.033464985050207360e+03 1.006352396716661879e+00
4.033485961160607530e+03 9.986464075261042295e-01
4.033506937380094769e+03 9.961168405208024046e-01
4.033527913708669075e+03 1.000293760327646941e+00
4.033548890146330905e+03 9.958873286519221990e-01
4.033569866693081622e+03 1.001532027427499472e+00
4.033590843348920771e+03 9.933154183933955439e-01
4.033611820113849717e+03 9.929582865382886592e-01
4.033632796987868915e+03 9.965081090347432946e-01
4.033653773970978364e+03 9.966271876425550902e-01
4.033674751063178974e+03 9.962312783988770404e-01
4.033695728264471654e+03 9.978024031405220429e-01
4.033716705574856405e+03 9.956241497588614875e-01
4.033737682994334136e+03 9.933936336919981791e-01
4.033758660522905302e+03 9.965690508793236813e-01
4.033779638160570357e+03 9.912343938789951459e-01
4.033800615907330211e+03 9.962474005694095247e-01
4.033821593763185319e+03 9.973943412885099002e-01
4.033842571728136136e+03 9.969078221136883355e-01
4.033863549802183115e+03 9.930262648681887905e-01
4.033884527985327168e+03 9.863302116070846726e-01
4.033905506277568293e+03 9.947994068197267836e-01
4.033926484678907855e+03 9.947077243065047814e-01
4.033947463189345399e+03 9.982497149678483117e-01
4.033968441808882744e+03 1.002602449654445893e+00
4.033989420537519436e+03 9.950411991141162593e-01
4.034010399375256384e+03 9.953842423798725525e-01
4.034031378322094042e+03 9.991476612725127548e-01
4.034052357378033321e+03 9.950824106289800630e-01
4.034073336543074674e+03 9.984922558560256345e-01
4.034094315817218558e+03 9.955142913689958295e-01
4.034115295200465425e+03 9.857610117252670889e-01
4.034136274692815732e+03 9.921637254836969122e-01
4.034157254294270842e+03 1.000547666165686467e+00
4.034178234004830301e+03 9.999172633869070070e-01
4.034199213824495473e+03 9.968686058404440109e-01
4.034220193753266358e+03 9.929158672898903415e-01
4.034241173791143865e+03 9.929135583741033333e-01
4.034262153938128449e+03 9.943651995713460590e-01
4.034283134194220565e+03 9.956824986987433679e-01
4.034304114559421123e+03 1.004024777289344916e+00
4.034325095033730122e+03 1.002198247878817172e+00
4.034346075617148472e+03 9.988687969367431307e-01
4.034367056309677082e+03 9.988770337594734539e-01
4.034388037111315953e+03 9.934734678946883779e-01
4.034409018022065993e+03 1.001878870531494714e+00
4.034429999041927658e+03 1.004269394283759276e+00
4.034450980170901403e+03 9.981543333959232989e-01
4.034471961408988136e+03 1.000237240216421020e+00
4.034492942756187858e+03 1.001309805389683838e+00
4.034513924212501479e+03 1.001827618240809237e+00
4.034534905777929907e+03 1.004527400085235112e+00
4.034555887452473144e+03 1.000634577343620046e+00
4.034576869236132097e+03 9.972862369870550969e-01
4.034597851128907223e+03 9.959445308632931537e-01
4.034618833130798976e+03 9.873842139995153699e-01
4.034639815241807810e+03 9.950166952368864060e-01
4.034660797461934635e+03 1.001841435259366531e+00
4.034681779791179906e+03 1.000679830422385175e+00
4.034702762229544533e+03 9.965875219339341839e-01
4.034723744777028060e+03 9.982011551392599991e-01
4.034744727433632306e+03 9.981314224901040033e-01
4.034765710199356818e+03 9.967588297990660484e-01
4.034786693074202958e+03 9.972391034569165758e-01
4.034807676058170728e+03 9.979676025693358099e-01
4.034828659151261036e+03 9.968915575185421929e-01
4.034849642353474337e+03 9.954177892956163065e-01
4.034870625664811087e+03 9.960163061497397941e-01
4.034891609085271739e+03 9.964864758106859455e-01
4.034912592614857203e+03 1.000876330342248988e+00
4.034933576253567935e+03 9.998410056189492856e-01
4.034954560001404388e+03 9.984588891863253046e-01
4.034975543858367473e+03 1.003357487355364119e+00
4.034996527824457189e+03 9.950735695272108217e-01
4.035017511899674446e+03 9.943494515042501369e-01
4.035038496084020153e+03 1.001029079196374516e+00
4.035059480377494310e+03 9.996639807851266379e-01
4.035080464780097373e+03 9.965913218036648313e-01
4.035101449291830704e+03 9.999278958775084103e-01
4.035122433912693850e+03 9.996639976364963820e-01
4.035143418642688630e+03 9.948532282465237797e-01
4.035164403481814134e+03 9.963157321555131674e-01
4.035185388430072180e+03 9.964740058029789571e-01
4.035206373487462770e+03 9.970452352660822415e-01
4.035227358653986357e+03 9.944778384460342124e-01
4.035248343929643852e+03 9.978164315659834305e-01
4.035269329314435709e+03 9.990772890144473672e-01
4.035290314808362382e+03 9.969050918152383423e-01
4.035311300411424327e+03 9.953778868998109930e-01
4.035332286123622453e+03 9.939349379556570163e-01
4.035353271944957214e+03 9.924963200871413926e-01
4.035374257875429066e+03 9.907324309681766472e-01
4.035395243915038463e+03 9.939173426837186742e-01
4.035416230063786315e+03 9.998485068850089252e-01
4.035437216321673077e+03 9.969374435921342092e-01
4.035458202688699203e+03 9.949586035214789126e-01
4.035479189164865602e+03 9.958102016999246242e-01
4.035500175750172275e+03 1.000754100148349313e+00
4.035521162444620131e+03 1.007124387426720613e+00
4.035542149248209626e+03 1.004040140568414508e+00
4.035563136160941667e+03 9.952146534764122476e-01
4.035584123182816256e+03 9.996132668803360266e-01
4.035605110313834302e+03 9.931237425027561461e-01
4.035626097553996260e+03 9.924425006990121867e-01
4.035647084903303039e+03 9.950776398547828139e-01
4.035668072361754639e+03 9.980989180836248309e-01
4.035689059929351970e+03 1.008611683209867493e+00
4.035710047606095486e+03 1.006821510515983453e+00
4.035731035391986097e+03 9.956595550261152505e-01
4.035752023287023803e+03 9.994487686237011337e-01
4.035773011291209514e+03 9.937448046881018904e-01
4.035793999404543683e+03 9.987520156573200802e-01
4.035814987627027222e+03 1.003244376915388703e+00
4.035835975958660129e+03 9.990675167629513576e-01
4.035856964399443314e+03 9.921016101002636534e-01
4.035877952949377232e+03 9.925201707308047849e-01
4.035898941608462337e+03 9.948233943517575950e-01
4.035919930376699540e+03 9.952579816029559767e-01
4.035940919254089295e+03 1.004981175135259308e+00
4.035961908240632056e+03 1.011989200776449715e+00
4.035982897336328278e+03 1.004284453492042317e+00
4.036003886541178872e+03 9.976732542276912641e-01
4.036024875855184291e+03 9.978463434984461422e-01
4.036045865278344991e+03 9.988482230305603116e-01
4.036066854810661425e+03 9.998676993775782451e-01
4.036087844452134505e+03 9.967781450824558798e-01
4.036108834202764228e+03 9.950522751387097520e-01
4.036129824062551961e+03 9.979528491301697946e-01
4.036150814031497703e+03 9.988320849053331507e-01
4.036171804109601908e+03 1.002073712284134777e+00
4.036192794296865941e+03 9.962980750622040249e-01
4.036213784593289347e+03 9.995064247175796668e-01
4.036234774998873490e+03 9.938250938449201266e-01
4.036255765513618826e+03 9.935384029205417411e-01
4.036276756137525354e+03 1.004279965227531823e+00
4.036297746870593983e+03 1.002483661792165082e+00
4.036318737712825623e+03 9.973359529906772325e-01
4.036339728664220274e+03 9.902402245695781646e-01
4.036360719724778846e+03 9.978175042052097599e-01
4.036381710894501794e+03 1.000790112041642699e+00
4.036402702173389571e+03 9.998966225583534317e-01
4.036423693561443088e+03 9.999776228141338263e-01
4.036444685058662799e+03 1.006563290402104904e+00
4.036465676665049159e+03 1.007437309678800075e+00
4.036486668380602623e+03 9.990009406477564635e-01
4.036507660205324100e+03 1.004078668702395483e+00
4.036528652139213591e+03 1.002079999265842014e+00
4.036549644182272459e+03 9.996234812533214553e-01
4.036570636334500250e+03 1.001997331044965245e+00
4.036591628595898783e+03 1.001993908599636107e+00
4.036612620966467603e+03 1.008275807952787595e+00
4.036633613446207619e+03 1.006916525369734972e+00
4.036654606035119741e+03 9.963361256406736421e-01
4.036675598733203969e+03 9.967901413498811980e-01
4.036696591540460759e+03 9.949720477780419348e-01
4.036717584456891473e+03 9.973362510905792178e-01
4.036738577482496112e+03 1.001351253186247847e+00
4.036759570617275585e+03 9.975369580768487232e-01
4.036780563861230348e+03 9.955292960000271529e-01
4.036801557214360400e+03 1.000524487228416914e+00
4.036822550676667106e+03 1.004719941010137285e+00
4.036843544248150465e+03 1.000014956982220982e+00
4.036864537928811387e+03 1.000297995445081467e+00
4.036885531718650782e+03 1.003303611802794704e+00
4.036906525617668194e+03 1.001112182287102526e+00
4.036927519625864988e+03 1.004423254876133376e+00
4.036948513743241620e+03 1.008879140898700788e+00
4.036969507969798087e+03 1.010381185525827341e+00
4.036990502305535756e+03 1.004431256951442419e+00
4.037011496750455080e+03 1.003602498523753717e+00
4.037032491304556061e+03 1.004159960151921327e+00
4.037053485967840061e+03 1.002225809279411850e+00
4.037074480740306626e+03 1.003068726481765038e+00
4.037095475621957121e+03 1.005057706753346825e+00
4.037116470612792000e+03 1.004741892686126681e+00
4.037137465712811718e+03 1.001074838798989619e+00
4.037158460922016729e+03 9.963092569284489608e-01
4.037179456240407944e+03 9.959309404574855362e-01
4.037200451667985362e+03 1.000366702137635899e+00
4.037221447204750348e+03 1.006090831362199900e+00
4.037242442850702446e+03 1.006582084468311766e+00
4.037263438605843021e+03 1.001590427258967297e+00
4.037284434470172528e+03 1.005485495666731399e+00
4.037305430443691421e+03 1.002396264414088023e+00
4.037326426526400155e+03 1.000986079123405759e+00
4.037347422718299640e+03 1.002427799240276807e+00
4.037368419019389876e+03 1.004538134269112426e+00
4.037389415429672226e+03 1.001821994023137652e+00
4.037410411949146237e+03 1.004313032205085277e+00
4.037431408577813727e+03 1.004035225422581501e+00
4.037452405315673786e+03 1.003188859120681675e+00
4.037473402162728235e+03 1.003481531901276869e+00
4.037494399118977071e+03 9.987485822439433614e-01
4.037515396184421206e+03 9.952979060074703677e-01
4.037536393359060639e+03 1.000899401006955403e+00
4.037557390642896735e+03 1.003016196039993480e+00
4.037578388035929038e+03 9.993786236811881274e-01
4.037599385538158913e+03 1.006343808279281937e+00
4.037620383149586814e+03 1.008375106346314887e+00
4.037641380870213197e+03 1.007787138115106451e+00
4.037662378700038516e+03 9.932681820637726533e-01
4.037683376639063226e+03 1.006196464192774531e+00
4.037704374687288237e+03 9.973904426576263305e-01
4.037725372844714457e+03 9.942441523591534214e-01
4.037746371111341432e+03 9.975455568039552912e-01
4.037767369487170527e+03 1.003120770690507868e+00
4.037788367972201740e+03 1.001651075348366282e+00
4.037809366566436438e+03 1.003678461678997769e+00
4.037830365269874619e+03 1.006801139205587781e+00
4.037851364082516739e+03 1.001129711013040158e+00
4.037872363004363706e+03 9.979198296902491716e-01
4.037893362035415976e+03 1.001439265619521457e+00
4.037914361175674003e+03 1.003942457908392871e+00
4.037935360425138697e+03 1.004714251690176585e+00
4.037956359783810058e+03 1.003238636096379421e+00
4.037977359251688995e+03 9.988845340937025918e-01
4.037998358828776418e+03 1.007120806308437810e+00
4.038019358515072327e+03 1.005050660149172659e+00
4.038040358310577176e+03 1.007107555524504150e+00
4.038061358215292330e+03 1.004989237284524606e+00
4.038082358229217789e+03 1.000517526046724281e+00
4.038103358352354007e+03 1.003869264625257829e+00
4.038124358584701895e+03 1.009320041120831180e+00
4.038145358926261906e+03 1.007427116915682097e+00
4.038166359377034496e+03 1.003065715122136048e+00
4.038187359937020574e+03 1.004121724982013575e+00
4.038208360606220140e+03 1.005960500268762825e+00
4.038229361384634103e+03 1.003897391876931833e+00
4.038250362272263374e+03 1.002348299984036517e+00
4.038271363269107951e+03 9.982786482274029760e-01
4.038292364375168290e+03 9.994106878416008088e-01
4.038313365590445756e+03 1.008079937563836959e+00
4.038334366914939892e+03 1.001100543004481036e+00
4.038355368348652519e+03 1.002156459011915635e+00
4.038376369891582726e+03 1.003139129422038867e+00
4.038397371543732334e+03 1.001127910932889664e+00
4.038418373305101341e+03 1.000531017934216838e+00
4.038439375175690657e+03 1.002356223956073267e+00
4.038460377155500282e+03 1.001884048571098473e+00
4.038481379244531126e+03 1.000744911183670816e+00
4.038502381442783644e+03 1.004814914904085477e+00
4.038523383750258745e+03 1.003083369556202031e+00
4.038544386166956428e+03 9.972889618633813402e-01
4.038565388692877605e+03 1.003265929402369805e+00
4.038586391328023183e+03 1.003975259225189376e+00
4.038607394072393163e+03 1.001569698535812014e+00
4.038628396925988000e+03 1.000465946888456914e+00
4.038649399888809057e+03 1.006959881204007257e+00
4.038670402960856336e+03 1.003433187022539697e+00
4.038691406142130290e+03 1.005253739365620014e+00
4.038712409432631830e+03 9.990187929562784896e-01
4.038733412832360955e+03 1.000862329223588976e+00
4.038754416341319029e+03 1.002310382528759591e+00
4.038775419959506507e+03 1.003820961157536829e+00
4.038796423686923390e+03 1.004458613119999955e+00
4.038817427523570586e+03 1.001977233145697754e+00
4.038838431469448551e+03 9.980002281189676028e-01
4.038859435524557739e+03 9.982222092065331509e-01
4.038880439688899060e+03 1.002396602216906407e+00
4.038901443962473422e+03 1.004809535988879787e+00
4.038922448345280372e+03 1.005481528854954343e+00
4.038943452837321274e+03 1.001281132727417589e+00
4.038964457438596128e+03 9.999254047172498883e-01
4.038985462149105842e+03 1.004001495897875351e+00
4.039006466968851328e+03 1.006294866842431190e+00
4.039027471897832584e+03 9.981775560309984474e-01
4.039048476936050065e+03 1.007192058863376705e+00
4.039069482083505136e+03 1.006212123964167704e+00
4.039090487340197342e+03 1.005514902933420496e+00
4.039111492706128047e+03 1.004659958035678757e+00
4.039132498181297706e+03 1.008232152089287847e+00
4.039153503765706773e+03 1.006908611489073735e+00
4.039174509459355249e+03 1.005025397037711210e+00
4.039195515262244498e+03 1.003752879202642889e+00
4.039216521174374975e+03 1.002570233891342699e+00
4.039237527195747134e+03 1.003563988246384708e+00
4.039258533326361430e+03 1.000758777990523374e+00
4.039279539566218318e+03 1.005138019597533683e+00
4.039300545915318708e+03 1.003662308129597003e+00
4.039321552373663053e+03 9.981360835889154792e-01
4.039342558941251809e+03 1.006877336988097005e+00
4.039363565618085431e+03 1.006907219561117284e+00
4.039384572404165283e+03 1.001776279251513913e+00
4.039405579299490910e+03 1.008020377115465882e+00
4.039426586304063221e+03 1.008364800733127620e+00
4.039447593417882672e+03 1.005724994521778548e+00
4.039468600640950172e+03 1.009560209794205576e+00
4.039489607973266175e+03 1.001288878727335963e+00
4.039510615414831591e+03 9.996411632150364879e-01
4.039531622965645965e+03 1.002483567165912248e+00
4.039552630625711117e+03 9.990680171542120069e-01
4.039573638395026592e+03 1.004064865286194763e+00
4.039594646273593298e+03 1.007825721334252078e+00
4.039615654261412146e+03 1.004025481496862771e+00
4.039636662358483136e+03 1.007321089088096144e+00
4.039657670564807177e+03 1.000000489748362087e+00
4.039678678880385178e+03 1.000779193686375912e+00
4.039699687305217140e+03 1.008555782935159462e+00
4.039720695839303517e+03 1.007616417475152071e+00
4.039741704482645218e+03 1.000420054060974229e+00
4.039762713235243154e+03 1.000980604764326598e+00
4.039783722097097325e+03 9.995786404739661624e-01
4.039804731068208184e+03 9.966529088958276938e-01
4.039825740148577097e+03 1.003071329364620068e+00
4.039846749338203608e+03 1.004351571579482405e+00
4.039867758637089082e+03 1.004558548414559827e+00
4.039888768045233974e+03 1.002446556389424703e+00
4.039909777562638283e+03 1.004821731080676406e+00
4.039930787189303373e+03 1.008619533650292555e+00
4.039951796925229246e+03 1.002569251692788210e+00
4.039972806770416355e+03 9.999187707488377264e-01
4.039993816724866065e+03 9.999539934073916614e-01
