# Corrected for radial velocity of 20.55 km/s
# 
# star name zetOri, line HEIHEII4026
# instrument: HERMES spectrograph @Mercator
# date of observation (midpoint)2018-10-13T06:35:36.061776
# BJD of observation (midpoint)2458404.7769581
# name of fits file: 00897909_HRF_OBJ_ext_CosmicsRemoved_log_merged_c.fits
# 
# wavelength(Angstrom,air) normalised_flux
4.013729201773125169e+03 1.002989260299138818e+00
4.013750075247213317e+03 1.001102671629896301e+00
4.013770948829855570e+03 9.953943099141276951e-01
4.013791822521051017e+03 1.001451631307318735e+00
4.013812696320799660e+03 1.001214600996768622e+00
4.013833570229103771e+03 9.960396919354941314e-01
4.013854444245962441e+03 9.958636941336954651e-01
4.013875318371377489e+03 9.935078674907674712e-01
4.013896192605348460e+03 1.002214595188446911e+00
4.013917066947875810e+03 9.930749143796363532e-01
4.013937941398961357e+03 9.982717663327527191e-01
4.013958815958604646e+03 9.986920505471436060e-01
4.013979690626806132e+03 9.950600916384327865e-01
4.014000565403567634e+03 9.965418203463956015e-01
4.014021440288887334e+03 9.956449480224419668e-01
4.014042315282768413e+03 1.002602784213951770e+00
4.014063190385209964e+03 1.003435498176318719e+00
4.014084065596212895e+03 1.001797896924584652e+00
4.014104940915777661e+03 9.905220062994750663e-01
4.014125816343904717e+03 9.995275155736856876e-01
4.014146691880595426e+03 1.003836012388805266e+00
4.014167567525849790e+03 9.952837865463777245e-01
4.014188443279667354e+03 1.001353347240107938e+00
4.014209319142050390e+03 9.986089297095618322e-01
4.014230195112998899e+03 1.000856589781507378e+00
4.014251071192512882e+03 9.939927493186883067e-01
4.014271947380593701e+03 1.001365812757607721e+00
4.014292823677241358e+03 1.003494723602292638e+00
4.014313700082456307e+03 9.999416132225813492e-01
4.014334576596239458e+03 9.922025924229308513e-01
4.014355453218591720e+03 9.957488198297005377e-01
4.014376329949513092e+03 9.935076556049600160e-01
4.014397206789004031e+03 9.937715541046632239e-01
4.014418083737065444e+03 9.902973857090391352e-01
4.014438960793698243e+03 9.909618309224672572e-01
4.014459837958901971e+03 1.003954366222922889e+00
4.014480715232677994e+03 1.004642280476617966e+00
4.014501592615026766e+03 1.001324172736479223e+00
4.014522470105948742e+03 9.919484734175300078e-01
4.014543347705444376e+03 9.956058793766944248e-01
4.014564225413514123e+03 1.002018558476898802e+00
4.014585103230159348e+03 1.002065666599256000e+00
4.014605981155380050e+03 9.946004464356099639e-01
4.014626859189176230e+03 9.955825584482023149e-01
4.014647737331549251e+03 9.974776734171720838e-01
4.014668615582500024e+03 9.984385384292204790e-01
4.014689493942028093e+03 1.000530590642893847e+00
4.014710372410134369e+03 9.949496756129390107e-01
4.014731250986819305e+03 9.987368920572734510e-01
4.014752129672083811e+03 1.001038246338537219e+00
4.014773008465928797e+03 1.006137909393752583e+00
4.014793887368353808e+03 1.003695780175673402e+00
4.014814766379359753e+03 9.967750983272294363e-01
4.014835645498947997e+03 9.921233325687557336e-01
4.014856524727118085e+03 9.888875551918887563e-01
4.014877404063871381e+03 1.000941063232378081e+00
4.014898283509207431e+03 9.988824775936171463e-01
4.014919163063128053e+03 9.983996050619239337e-01
4.014940042725632793e+03 9.966293286137777319e-01
4.014960922496722560e+03 9.994173820018950050e-01
4.014981802376398264e+03 9.920215134336589635e-01
4.015002682364660359e+03 9.979876794998921996e-01
4.015023562461508845e+03 1.003945372818250803e+00
4.015044442666944633e+03 1.002375155175491583e+00
4.015065322980968631e+03 1.003975201282822693e+00
4.015086203403580839e+03 9.941231043951709312e-01
4.015107083934782622e+03 9.909687632032010418e-01
4.015127964574573070e+03 9.975218899838507181e-01
4.015148845322954458e+03 9.960429165807048735e-01
4.015169726179926329e+03 1.002240372407720015e+00
4.015190607145489139e+03 1.000258444033195415e+00
4.015211488219644252e+03 9.933151745932973231e-01
4.015232369402391669e+03 9.942520738996689644e-01
4.015253250693731843e+03 9.908839418035421120e-01
4.015274132093665685e+03 9.952124426943125268e-01
4.015295013602193649e+03 9.989229444591124496e-01
4.015315895219316189e+03 1.000239673894511405e+00
4.015336776945034217e+03 1.005783918079307337e+00
4.015357658779348185e+03 1.006953865113234148e+00
4.015378540722258094e+03 1.003437820045670392e+00
4.015399422773765309e+03 9.933673669313483057e-01
4.015420304933869829e+03 9.968820052426936584e-01
4.015441187202572564e+03 1.000907806593441807e+00
4.015462069579873969e+03 9.993337817929638378e-01
4.015482952065774043e+03 9.997227727529842678e-01
4.015503834660274151e+03 9.942755571904599021e-01
4.015524717363374748e+03 9.996846812624453626e-01
4.015545600175076288e+03 9.940252190223450857e-01
4.015566483095378771e+03 9.980990834382847954e-01
4.015587366124284017e+03 1.002400691544623745e+00
4.015608249261791570e+03 1.009630666838128077e+00
4.015629132507901886e+03 1.005779851746809950e+00
4.015650015862616328e+03 1.002964251431030185e+00
4.015670899325934897e+03 9.990719681144284436e-01
4.015691782897858047e+03 1.000988313018415621e+00
4.015712666578387598e+03 1.004637502848389374e+00
4.015733550367522184e+03 1.002084343129983957e+00
4.015754434265263171e+03 1.001446199565271922e+00
4.015775318271611923e+03 1.005272731037422318e+00
4.015796202386567984e+03 1.003760280979880903e+00
4.015817086610132264e+03 1.003188461935283327e+00
4.015837970942305674e+03 1.005049242748646821e+00
4.015858855383087757e+03 1.004615705032816386e+00
4.015879739932480334e+03 1.001382841876026886e+00
4.015900624590483403e+03 1.001044081627205706e+00
4.015921509357097420e+03 9.968340241381805633e-01
4.015942394232322840e+03 9.998576694426830613e-01
4.015963279216161027e+03 9.995276212544160765e-01
4.015984164308611525e+03 9.913591031154861399e-01
4.016005049509675246e+03 9.926749447152841688e-01
4.016025934819353097e+03 9.987574433502877103e-01
4.016046820237645079e+03 1.005137545662308618e+00
4.016067705764552557e+03 9.987148494395396980e-01
4.016088591400075074e+03 9.967277348805202442e-01
4.016109477144213997e+03 1.005547140127453831e+00
4.016130362996969779e+03 1.007184481261341080e+00
4.016151248958342876e+03 9.910598149221663267e-01
4.016172135028333287e+03 9.953118515517150877e-01
4.016193021206942376e+03 9.974899568690797080e-01
4.016213907494171053e+03 1.003626982796229417e+00
4.016234793890018409e+03 9.975330882651254338e-01
4.016255680394486262e+03 9.941632045109680682e-01
4.016276567007574613e+03 9.963788491599913089e-01
4.016297453729283916e+03 9.952056275860975409e-01
4.016318340559615081e+03 9.943323100720420360e-01
4.016339227498569016e+03 1.002204240998859186e+00
4.016360114546146178e+03 1.000501270318615576e+00
4.016381001702346111e+03 1.006756799341141928e+00
4.016401888967170180e+03 1.005583121805406543e+00
4.016422776340619293e+03 1.002798983452751092e+00
4.016443663822692997e+03 1.004284857911616369e+00
4.016464551413392655e+03 1.001178436270268479e+00
4.016485439112718723e+03 1.001278717911176397e+00
4.016506326920671654e+03 9.966011815677154884e-01
4.016527214837251904e+03 9.957850193249955240e-01
4.016548102862460382e+03 9.985197158871488288e-01
4.016568990996297543e+03 9.983949421488644838e-01
4.016589879238763388e+03 9.999295435366083451e-01
4.016610767589858824e+03 1.008562719661923124e+00
4.016631656049585217e+03 1.004885695975600068e+00
4.016652544617942112e+03 1.003560115362139404e+00
4.016673433294930419e+03 1.004153467906006680e+00
4.016694322080550137e+03 1.003944021734016534e+00
4.016715210974803085e+03 1.001012692706769291e+00
4.016736099977688809e+03 1.001464113279136425e+00
4.016756989089208219e+03 9.964968141251776546e-01
4.016777878309361768e+03 1.005055633220820921e+00
4.016798767638150366e+03 1.005935002831998215e+00
4.016819657075574014e+03 1.003524330750107163e+00
4.016840546621634076e+03 1.002263122751878122e+00
4.016861436276330096e+03 1.005642668259118855e+00
4.016882326039662985e+03 1.006672569088349345e+00
4.016903215911634106e+03 1.005698302414730572e+00
4.016924105892243006e+03 1.006128499532479736e+00
4.016944995981490592e+03 1.000436997263775663e+00
4.016965886179377776e+03 1.004840167918122029e+00
4.016986776485904556e+03 1.007716223171472025e+00
4.017007666901072298e+03 9.939304761798734011e-01
4.017028557424880091e+03 1.002055731442831554e+00
4.017049448057330210e+03 1.006175175155791912e+00
4.017070338798422199e+03 1.008148744465619639e+00
4.017091229648156968e+03 1.007887047064511821e+00
4.017112120606534972e+03 1.000719300405839229e+00
4.017133011673556666e+03 9.991230918557080232e-01
4.017153902849222959e+03 1.002113591981046881e+00
4.017174794133534306e+03 1.008275015947421638e+00
4.017195685526490706e+03 1.005262009794219313e+00
4.017216577028093525e+03 9.976154905702445674e-01
4.017237468638342762e+03 9.984280790368380565e-01
4.017258360357239326e+03 1.006245246658527215e+00
4.017279252184783672e+03 1.005176501954979207e+00
4.017300144120976256e+03 1.005949009890481749e+00
4.017321036165817532e+03 1.006717618313568652e+00
4.017341928319308863e+03 1.004610320080685737e+00
4.017362820581450251e+03 1.002432767668610447e+00
4.017383712952242149e+03 1.005610314069085298e+00
4.017404605431684558e+03 1.001238559082111790e+00
4.017425498019779297e+03 1.006764067768361581e+00
4.017446390716525912e+03 1.005571027716340327e+00
4.017467283521926220e+03 1.001814950871774190e+00
4.017488176435979312e+03 9.965824861325601747e-01
4.017509069458686554e+03 1.002525616232722960e+00
4.017529962590047944e+03 1.004675417936254034e+00
4.017550855830064847e+03 9.956942699924672402e-01
4.017571749178737264e+03 1.002461439252778863e+00
4.017592642636066557e+03 9.990685238257590584e-01
4.017613536202051819e+03 9.944354664610682848e-01
4.017634429876694867e+03 1.004750452501413482e+00
4.017655323659995702e+03 9.972793883215468336e-01
4.017676217551955233e+03 1.002553178098609443e+00
4.017697111552573915e+03 1.009134108178524558e+00
4.017718005661852203e+03 1.004218798286236725e+00
4.017738899879790097e+03 9.946561943933482919e-01
4.017759794206389870e+03 1.000750816303376034e+00
4.017780688641649704e+03 1.004645435900372474e+00
4.017801583185572781e+03 9.960069780758520341e-01
4.017822477838157283e+03 9.972786238940580805e-01
4.017843372599405029e+03 9.990681430232329907e-01
4.017864267469316928e+03 1.000594832078872010e+00
4.017885162447892526e+03 9.981117293044776684e-01
4.017906057535132732e+03 1.001088335977769805e+00
4.017926952731038455e+03 9.935866001412522186e-01
4.017947848035610150e+03 1.004349484625554956e+00
4.017968743448847817e+03 9.926177514790728296e-01
4.017989638970752821e+03 1.000985003389834871e+00
4.018010534601325617e+03 9.977187522415649212e-01
4.018031430340566203e+03 9.948011719811679088e-01
4.018052326188475490e+03 1.008910907041083105e+00
4.018073222145053933e+03 9.934851050302537789e-01
4.018094118210301986e+03 9.947607968533914713e-01
4.018115014384221013e+03 9.972594560355295679e-01
4.018135910666810560e+03 9.980556400884313950e-01
4.018156807058071990e+03 9.924421569982310176e-01
4.018177703558005305e+03 9.978640569327194010e-01
4.018198600166611413e+03 9.965187243721076449e-01
4.018219496883890315e+03 1.000961857318266146e+00
4.018240393709843374e+03 1.002686952320991587e+00
4.018261290644470591e+03 9.964688986680267924e-01
4.018282187687772876e+03 9.999027168244193353e-01
4.018303084839750227e+03 1.003430556828526221e+00
4.018323982100404010e+03 1.004191129561770257e+00
4.018344879469734678e+03 1.001633742364046897e+00
4.018365776947741779e+03 9.968444867577560542e-01
4.018386674534426675e+03 1.007513202390394991e+00
4.018407572229790276e+03 1.016557314949302793e+00
4.018428470033832582e+03 9.997420662321975238e-01
4.018449367946554048e+03 1.002060490205856080e+00
4.018470265967955584e+03 1.009700743749810226e+00
4.018491164098038098e+03 1.003799332173572090e+00
4.018512062336801591e+03 1.005248167138520277e+00
4.018532960684246518e+03 9.880364683421325456e-01
4.018553859140373788e+03 1.005847984013434449e+00
4.018574757705184311e+03 1.002111351147970675e+00
4.018595656378677177e+03 9.994638878336898902e-01
4.018616555160854659e+03 1.001647762443932610e+00
4.018637454051716759e+03 1.015122022097525889e+00
4.018658353051263930e+03 1.003382165533920345e+00
4.018679252159496173e+03 9.993847848214527652e-01
4.018700151376415306e+03 1.000951912669929333e+00
4.018721050702020875e+03 9.996833552812626200e-01
4.018741950136313790e+03 9.991210006825589351e-01
4.018762849679294959e+03 1.000989628990492930e+00
4.018783749330963929e+03 9.970916640243172591e-01
4.018804649091322517e+03 9.997563586337666619e-01
4.018825548960370270e+03 1.006464647032937032e+00
4.018846448938108551e+03 9.995555149593121635e-01
4.018867349024537361e+03 1.010394581314284279e+00
4.018888249219657155e+03 1.010404432593896562e+00
4.018909149523469296e+03 1.006056247915296575e+00
4.018930049935973784e+03 1.000531720767046107e+00
4.018950950457171530e+03 9.966407049172002486e-01
4.018971851087062532e+03 1.009136843133810135e+00
4.018992751825647247e+03 1.005675916176356877e+00
4.019013652672927037e+03 1.011502548373477861e+00
4.019034553628901904e+03 1.003289495562016409e+00
4.019055454693573211e+03 1.001246979140975268e+00
4.019076355866940048e+03 9.978450685597817227e-01
4.019097257149004236e+03 9.993399088080890946e-01
4.019118158539765773e+03 9.998210902109438969e-01
4.019139060039225569e+03 1.002122438295408147e+00
4.019159961647384080e+03 1.006789602525863581e+00
4.019180863364241759e+03 1.005598786126542299e+00
4.019201765189799062e+03 1.002934400809620374e+00
4.019222667124056443e+03 1.001974354008149160e+00
4.019243569167015266e+03 1.006605606787941420e+00
4.019264471318675078e+03 1.007460791507294395e+00
4.019285373579037241e+03 1.004391413711984926e+00
4.019306275948101757e+03 1.007541329468317093e+00
4.019327178425869988e+03 1.001311482170367473e+00
4.019348081012341481e+03 1.006258692838227775e+00
4.019368983707517145e+03 9.979474955610203590e-01
4.019389886511397890e+03 9.987590416590400588e-01
4.019410789423984170e+03 1.000320854773536272e+00
4.019431692445275985e+03 1.000787360237322066e+00
4.019452595575274700e+03 1.004901964443298601e+00
4.019473498813980768e+03 9.957348935488804509e-01
4.019494402161394191e+03 1.005699076193220076e+00
4.019515305617515878e+03 9.906965921313874990e-01
4.019536209182346283e+03 1.000764267671994556e+00
4.019557112855886771e+03 9.984497253118851390e-01
4.019578016638135978e+03 1.003439107567674293e+00
4.019598920529097086e+03 1.002085633694303590e+00
4.019619824528768277e+03 1.002141044828947392e+00
4.019640728637151369e+03 9.952778140372722238e-01
4.019661632854246363e+03 9.965184817455614574e-01
4.019682537180054624e+03 1.006340092088610305e+00
4.019703441614576150e+03 1.003866673427302514e+00
4.019724346157811851e+03 9.927175940188860404e-01
4.019745250809761274e+03 1.004697877517445326e+00
4.019766155570426235e+03 1.007690934881949163e+00
4.019787060439806282e+03 1.005177280511270643e+00
4.019807965417903233e+03 1.002063845193298386e+00
4.019828870504716633e+03 1.008258405405314972e+00
4.019849775700247392e+03 1.008300798029935441e+00
4.019870681004495964e+03 9.910165547893293736e-01
4.019891586417462804e+03 1.008517443404993275e+00
4.019912491939148822e+03 1.001058565505298370e+00
4.019933397569554472e+03 9.976309585993521356e-01
4.019954303308679755e+03 9.990091735849395693e-01
4.019975209156526034e+03 9.994013227657776444e-01
4.019996115113093765e+03 1.000773953091854684e+00
4.020017021178382947e+03 1.001262912843379205e+00
4.020037927352394945e+03 9.985660049870077604e-01
4.020058833635129304e+03 9.964584310661672717e-01
4.020079740026587842e+03 9.994438883160234877e-01
4.020100646526770106e+03 1.000834993645823179e+00
4.020121553135677004e+03 9.951529572026189818e-01
4.020142459853309447e+03 9.916561381581674439e-01
4.020163366679667433e+03 9.990580250787520766e-01
4.020184273614751419e+03 1.000163628216028000e+00
4.020205180658562767e+03 9.961421135649052294e-01
4.020226087811101479e+03 1.002212483678264654e+00
4.020246995072368009e+03 1.002425988746455277e+00
4.020267902442363265e+03 9.993544384862581564e-01
4.020288809921087704e+03 1.005581437299568615e+00
4.020309717508542235e+03 1.007806494471636505e+00
4.020330625204726402e+03 1.005776878718889877e+00
4.020351533009642026e+03 9.995945002836159610e-01
4.020372440923288650e+03 1.003512323141476204e+00
4.020393348945667640e+03 9.948715464640605077e-01
4.020414257076778540e+03 9.993144846319857999e-01
4.020435165316623170e+03 1.005500460735140100e+00
4.020456073665201529e+03 9.955868607583904240e-01
4.020476982122513618e+03 9.933107238588945176e-01
4.020497890688561256e+03 9.984846297504090806e-01
4.020518799363343987e+03 1.002870905827035974e+00
4.020539708146862722e+03 9.991303449360611211e-01
4.020560617039117915e+03 1.004033283611627470e+00
4.020581526040110020e+03 1.006547032728568158e+00
4.020602435149839948e+03 1.004350837162153454e+00
4.020623344368307698e+03 9.993619112479189548e-01
4.020644253695514635e+03 1.003591465411447947e+00
4.020665163131461213e+03 9.950401507937779444e-01
4.020686072676147433e+03 9.902013976067187695e-01
4.020706982329574203e+03 9.968431706366610578e-01
4.020727892091741523e+03 1.003163066169167728e+00
4.020748801962651214e+03 9.996198753975356066e-01
4.020769711942302365e+03 1.001606995634812813e+00
4.020790622030696341e+03 9.922405713380624270e-01
4.020811532227834050e+03 9.940535554130763840e-01
4.020832442533715493e+03 1.001500226563216245e+00
4.020853352948341126e+03 9.997780177098393173e-01
4.020874263471712311e+03 9.997695274984795821e-01
4.020895174103828595e+03 9.949188203153481735e-01
4.020916084844691341e+03 9.948923627654516766e-01
4.020936995694300549e+03 9.973729478104729207e-01
4.020957906652656675e+03 9.994508622265517728e-01
4.020978817719761537e+03 1.000185724812496346e+00
4.020999728895614226e+03 9.924246597117399871e-01
4.021020640180215651e+03 9.942108709878968442e-01
4.021041551573566721e+03 1.002218149060487340e+00
4.021062463075668347e+03 9.991723869018184212e-01
4.021083374686520528e+03 9.862686744191657695e-01
4.021104286406123265e+03 9.883236446447659640e-01
4.021125198234478376e+03 9.934429209771276081e-01
4.021146110171585860e+03 9.948171032994498342e-01
4.021167022217446174e+03 9.945622144610635207e-01
4.021187934372059772e+03 9.988480115311813012e-01
4.021208846635427562e+03 1.000832903810797259e+00
4.021229759007550001e+03 1.001624843980607249e+00
4.021250671488427542e+03 9.945615698439465024e-01
4.021271584078060641e+03 9.982039437292535844e-01
4.021292496776450662e+03 1.001743770411696266e+00
4.021313409583597149e+03 1.002700117643960054e+00
4.021334322499501013e+03 9.981308715721703972e-01
4.021355235524163618e+03 9.901715154620144288e-01
4.021376148657584054e+03 1.003743529470048745e+00
4.021397061899763230e+03 1.000057392393550071e+00
4.021417975250703421e+03 1.006302799914258417e+00
4.021438888710402807e+03 1.002186407551242331e+00
4.021459802278863208e+03 9.989090150948146674e-01
4.021480715956085078e+03 9.928990658739080821e-01
4.021501629742069326e+03 9.916867131571754923e-01
4.021522543636815499e+03 9.925043518213377824e-01
4.021543457640325414e+03 9.977827370086802539e-01
4.021564371752598618e+03 9.947275558042476540e-01
4.021585285973636019e+03 9.909400970682752385e-01
4.021606200303438072e+03 9.962292585654386468e-01
4.021627114742006142e+03 1.007617295385764944e+00
4.021648029289339775e+03 1.001149946395063939e+00
4.021668943945439423e+03 1.002780559874852262e+00
4.021689858710306453e+03 1.001484032606020591e+00
4.021710773583941318e+03 9.927531883855452710e-01
4.021731688566344019e+03 1.000598062039169234e+00
4.021752603657515920e+03 9.972280892826929088e-01
4.021773518857457020e+03 9.953437099785046316e-01
4.021794434166167775e+03 9.959301360732736308e-01
4.021815349583649549e+03 9.954415740420937686e-01
4.021836265109901888e+03 9.920658656024722299e-01
4.021857180744925699e+03 9.997375026266798193e-01
4.021878096488721894e+03 9.980997095703729727e-01
4.021899012341290927e+03 9.992446605416180905e-01
4.021919928302633252e+03 9.968997970662573094e-01
4.021940844372748870e+03 9.972223676964598882e-01
4.021961760551639145e+03 9.931242504314299335e-01
4.021982676839304986e+03 9.928967633417195016e-01
4.022003593235745939e+03 9.975113405824050927e-01
4.022024509740962912e+03 9.967545145895014835e-01
4.022045426354956362e+03 9.868675014924510602e-01
4.022066343077727197e+03 9.928135937881735762e-01
4.022087259909276327e+03 9.944572565547692422e-01
4.022108176849603296e+03 9.943025241835090622e-01
4.022129093898709471e+03 9.865827411316816509e-01
4.022150011056594849e+03 9.926240281821447908e-01
4.022170928323260796e+03 9.806217522575693124e-01
4.022191845698707311e+03 9.920635820205073729e-01
4.022212763182934850e+03 9.990553623631082125e-01
4.022233680775943867e+03 9.920619370183768604e-01
4.022254598477735271e+03 9.863627348951613527e-01
4.022275516288309973e+03 9.946476425491119766e-01
4.022296434207667971e+03 9.962252364518111580e-01
4.022317352235810176e+03 9.976224683732195508e-01
4.022338270372736588e+03 9.956034688229052909e-01
4.022359188618448570e+03 9.895075330245538536e-01
4.022380106972945669e+03 9.928478813130028335e-01
4.022401025436229702e+03 9.908274993630220573e-01
4.022421944008300670e+03 9.809063200611983779e-01
4.022442862689158574e+03 9.852128808129365645e-01
4.022463781478804322e+03 9.935793750554412496e-01
4.022484700377239278e+03 9.942028482698802572e-01
4.022505619384462989e+03 9.881799631971065478e-01
4.022526538500476363e+03 9.857858662143026418e-01
4.022547457725280310e+03 9.875651966092239276e-01
4.022568377058874830e+03 9.889608514761631941e-01
4.022589296501260378e+03 9.859856431455158443e-01
4.022610216052438773e+03 9.860025631174940131e-01
4.022631135712409105e+03 9.811345316479659351e-01
4.022652055481172283e+03 9.862970000936555071e-01
4.022672975358729218e+03 9.839323413717452338e-01
4.022693895345080819e+03 9.901709702012064795e-01
4.022714815440227085e+03 9.881180826066146006e-01
4.022735735644168471e+03 9.805707361261966071e-01
4.022756655956905888e+03 9.865197206376806749e-01
4.022777576378440244e+03 9.913657765593879567e-01
4.022798496908771085e+03 9.900604401339003768e-01
4.022819417547899320e+03 9.900003723540228284e-01
4.022840338295825859e+03 9.887501340907954850e-01
4.022861259152551156e+03 9.810153729755258789e-01
4.022882180118076576e+03 9.836501712815274301e-01
4.022903101192401209e+03 9.847428829285481688e-01
4.022924022375525965e+03 9.832343150700267875e-01
4.022944943667451753e+03 9.764169484380109676e-01
4.022965865068179482e+03 9.759594117916279288e-01
4.022986786577709609e+03 9.778435373704357225e-01
4.023007708196042131e+03 9.794737842911863668e-01
4.023028629923177505e+03 9.807422594947857730e-01
4.023049551759117094e+03 9.795071241745860746e-01
4.023070473703861353e+03 9.787382028143845059e-01
4.023091395757410282e+03 9.791681985328722915e-01
4.023112317919764791e+03 9.795592445463393583e-01
4.023133240190925335e+03 9.857500011661027850e-01
4.023154162570892368e+03 9.839442354381380262e-01
4.023175085059666799e+03 9.881488542047528467e-01
4.023196007657249083e+03 9.780167654246737508e-01
4.023216930363639676e+03 9.722492438831578099e-01
4.023237853178839487e+03 9.791310012506544425e-01
4.023258776102848515e+03 9.791774783052230591e-01
4.023279699135667670e+03 9.782125678091280196e-01
4.023300622277297407e+03 9.781709995673047997e-01
4.023321545527738181e+03 9.747227498004684687e-01
4.023342468886991355e+03 9.721177949632002768e-01
4.023363392355056021e+03 9.756275057105470161e-01
4.023384315931933997e+03 9.745321791984968840e-01
4.023405239617625284e+03 9.705722125680795731e-01
4.023426163412130791e+03 9.652821826674532479e-01
4.023447087315450972e+03 9.718388657926493313e-01
4.023468011327585828e+03 9.678020429818774417e-01
4.023488935448536267e+03 9.688815450333084778e-01
4.023509859678303656e+03 9.657928268174983399e-01
4.023530784016887992e+03 9.608800750442377803e-01
4.023551708464288822e+03 9.637866754193215035e-01
4.023572633020508420e+03 9.657669408197429028e-01
4.023593557685546330e+03 9.650844677745215039e-01
4.023614482459403462e+03 9.604609444309878397e-01
4.023635407342079816e+03 9.582960886743455697e-01
4.023656332333577211e+03 9.611924775419219413e-01
4.023677257433894738e+03 9.626943186415173326e-01
4.023698182643034215e+03 9.650715168149086587e-01
4.023719107960995188e+03 9.646435829589669053e-01
4.023740033387779022e+03 9.520128046213083284e-01
4.023760958923385260e+03 9.590905292113324210e-01
4.023781884567815723e+03 9.562912578409286102e-01
4.023802810321070410e+03 9.612826244094562211e-01
4.023823736183149322e+03 9.548838702950392943e-01
4.023844662154054276e+03 9.554012747426323671e-01
4.023865588233784820e+03 9.557293019442824056e-01
4.023886514422341861e+03 9.502158345001028295e-01
4.023907440719725400e+03 9.463931348070743210e-01
4.023928367125937712e+03 9.503263623279535333e-01
4.023949293640976975e+03 9.436931425711824195e-01
4.023970220264845921e+03 9.400400965744821757e-01
4.023991146997543638e+03 9.361963595317386311e-01
4.024012073839071036e+03 9.358383452358616239e-01
4.024033000789429479e+03 9.386560805149263276e-01
4.024053927848618514e+03 9.442068122727060864e-01
4.024074855016639503e+03 9.317304545418026995e-01
4.024095782293491993e+03 9.349205501416694153e-01
4.024116709679177347e+03 9.391005345712254426e-01
4.024137637173696476e+03 9.393417866092969026e-01
4.024158564777048923e+03 9.374432619466950278e-01
4.024179492489236054e+03 9.385830761246712894e-01
4.024200420310258323e+03 9.286684415578128071e-01
4.024221348240115276e+03 9.256058012622783160e-01
4.024242276278809186e+03 9.304747020654201561e-01
4.024263204426339144e+03 9.264343374074596182e-01
4.024284132682706513e+03 9.216226741478225071e-01
4.024305061047912204e+03 9.166607379501235942e-01
4.024325989521955762e+03 9.197311536580160540e-01
4.024346918104838551e+03 9.194776171801380960e-01
4.024367846796560571e+03 9.213252256269854890e-01
4.024388775597122276e+03 9.174659863398795245e-01
4.024409704506525031e+03 9.110231914762118022e-01
4.024430633524768837e+03 9.141575536503986354e-01
4.024451562651854601e+03 9.132714563997504920e-01
4.024472491887782780e+03 9.096186411139035588e-01
4.024493421232553374e+03 9.128199387719611035e-01
4.024514350686167745e+03 9.067596462537393931e-01
4.024535280248626350e+03 9.016738630279674815e-01
4.024556209919929188e+03 9.057403251703277647e-01
4.024577139700077169e+03 9.011389251583847848e-01
4.024598069589070747e+03 8.950153184198920142e-01
4.024618999586910832e+03 8.976637093013112301e-01
4.024639929693597878e+03 8.938193197236137255e-01
4.024660859909132341e+03 8.919023541343084061e-01
4.024681790233514221e+03 8.898515215376636700e-01
4.024702720666744881e+03 8.906648991480821120e-01
4.024723651208825231e+03 8.917674729024103186e-01
4.024744581859754817e+03 8.922346509360986611e-01
4.024765512619535002e+03 8.874059097085682524e-01
4.024786443488165332e+03 8.852424928981915686e-01
4.024807374465647172e+03 8.863587382360530453e-01
4.024828305551981430e+03 8.800829194552388657e-01
4.024849236747167652e+03 8.743029924681486875e-01
4.024870168051207202e+03 8.772769980999545192e-01
4.024891099464100989e+03 8.748920319009083624e-01
4.024912030985848105e+03 8.649949901349300863e-01
4.024932962616449913e+03 8.707606819412502253e-01
4.024953894355907778e+03 8.684783814243530742e-01
4.024974826204220790e+03 8.735859281744944305e-01
4.024995758161391223e+03 8.649113518412033796e-01
4.025016690227418167e+03 8.601613730911662481e-01
4.025037622402302986e+03 8.590302004371402900e-01
4.025058554686045227e+03 8.539132487326959176e-01
4.025079487078646707e+03 8.548017369914457930e-01
4.025100419580107427e+03 8.554373953212376369e-01
4.025121352190428297e+03 8.522410477096915571e-01
4.025142284909609316e+03 8.527842090179175161e-01
4.025163217737651394e+03 8.504225003364456192e-01
4.025184150674554530e+03 8.487627386332555757e-01
4.025205083720320545e+03 8.497552688865157577e-01
4.025226016874948982e+03 8.463013530696091857e-01
4.025246950138440752e+03 8.446035870842694138e-01
4.025267883510795855e+03 8.342848602051081697e-01
4.025288816992016109e+03 8.378608623589334226e-01
4.025309750582101060e+03 8.387239892931139806e-01
4.025330684281051163e+03 8.368925091288449414e-01
4.025351618088868236e+03 8.356779791153583492e-01
4.025372552005551370e+03 8.299264205038657805e-01
4.025393486031101475e+03 8.302678974215011998e-01
4.025414420165519914e+03 8.197464349684528973e-01
4.025435354408806234e+03 8.195332869604192716e-01
4.025456288760961797e+03 8.251284636926620175e-01
4.025477223221986605e+03 8.225442697293013916e-01
4.025498157791881567e+03 8.208002399341495225e-01
4.025519092470647593e+03 8.181850571865929567e-01
4.025540027258284226e+03 8.163782417843111761e-01
4.025560962154792833e+03 8.197471094167926298e-01
4.025581897160173867e+03 8.144075307348946913e-01
4.025602832274427328e+03 8.120234597928410736e-01
4.025623767497554581e+03 8.140675848173233309e-01
4.025644702829556081e+03 8.098926577789699044e-01
4.025665638270431828e+03 8.057196325836969431e-01
4.025686573820182730e+03 8.059399296991559547e-01
4.025707509478810152e+03 8.049090509029354079e-01
4.025728445246312731e+03 7.991468608899474635e-01
4.025749381122692739e+03 7.962622222106633396e-01
4.025770317107949722e+03 7.975828111771490203e-01
4.025791253202085045e+03 8.013929995056312539e-01
4.025812189405099161e+03 8.017865050165183805e-01
4.025833125716992072e+03 7.921726741535510818e-01
4.025854062137764686e+03 7.963980517239463985e-01
4.025874998667417458e+03 7.915737389007255764e-01
4.025895935305951298e+03 7.900333488997544062e-01
4.025916872053366205e+03 7.860137270158095157e-01
4.025937808909663090e+03 7.833503525796907674e-01
4.025958745874842862e+03 7.827010592789859222e-01
4.025979682948905520e+03 7.902961605595402172e-01
4.026000620131851974e+03 7.842927983886658350e-01
4.026021557423682225e+03 7.805478890740920050e-01
4.026042494824397636e+03 7.818345869822875827e-01
4.026063432333998207e+03 7.821706177215577149e-01
4.026084369952484394e+03 7.849103357930293789e-01
4.026105307679857560e+03 7.804137408976981050e-01
4.026126245516117706e+03 7.827862656854179813e-01
4.026147183461265286e+03 7.846368089329361917e-01
4.026168121515301209e+03 7.808510665357897285e-01
4.026189059678225931e+03 7.791912122628488202e-01
4.026209997950039451e+03 7.857322584993171599e-01
4.026230936330743589e+03 7.870697437378637584e-01
4.026251874820337434e+03 7.849277521842124017e-01
4.026272813418822807e+03 7.816472883270352279e-01
4.026293752126199252e+03 7.772705600363118972e-01
4.026314690942468587e+03 7.793220483627710804e-01
4.026335629867630360e+03 7.806500332810997200e-01
4.026356568901685023e+03 7.817355793758962168e-01
4.026377508044633942e+03 7.850959517901749951e-01
4.026398447296476661e+03 7.851349570592158766e-01
4.026419386657215000e+03 7.869911890938020571e-01
4.026440326126848959e+03 7.813050666663476918e-01
4.026461265705378537e+03 7.840882545670961878e-01
4.026482205392804644e+03 7.903022243339090647e-01
4.026503145189128645e+03 7.886801434603755157e-01
4.026524085094350085e+03 7.939584121647264014e-01
4.026545025108469872e+03 7.927357537126269449e-01
4.026565965231488917e+03 7.980540498549980599e-01
4.026586905463407220e+03 7.994817120761475993e-01
4.026607845804225235e+03 7.902400704953828070e-01
4.026628786253944327e+03 7.951105873961231696e-01
4.026649726812564495e+03 7.964181511800548785e-01
4.026670667480086649e+03 8.029644080181965737e-01
4.026691608256510790e+03 8.090283962293807196e-01
4.026712549141837826e+03 8.102210017736858338e-01
4.026733490136069122e+03 8.131457147103886562e-01
4.026754431239203313e+03 8.100931311110810551e-01
4.026775372451243129e+03 8.122004468078000139e-01
4.026796313772187204e+03 8.172970989242686057e-01
4.026817255202037359e+03 8.194608103562478485e-01
4.026838196740794046e+03 8.220822921021067042e-01
4.026859138388457723e+03 8.236236818474482746e-01
4.026880080145028387e+03 8.269634932625766766e-01
4.026901022010506949e+03 8.281262162173881336e-01
4.026921963984894319e+03 8.336808372758947039e-01
4.026942906068190950e+03 8.264299720482780609e-01
4.026963848260396844e+03 8.248469117895512737e-01
4.026984790561513364e+03 8.353728053861122493e-01
4.027005732971540510e+03 8.379097265671840988e-01
4.027026675490479192e+03 8.357219799662907178e-01
4.027047618118329865e+03 8.448161867764912847e-01
4.027068560855093438e+03 8.397742728519462796e-01
4.027089503700769455e+03 8.447256555113714649e-01
4.027110446655359283e+03 8.525327888215457062e-01
4.027131389718863829e+03 8.473173824273425581e-01
4.027152332891282185e+03 8.536081957735583980e-01
4.027173276172617079e+03 8.589249600556367881e-01
4.027194219562867147e+03 8.561491318915129822e-01
4.027215163062033753e+03 8.610133292728021637e-01
4.027236106670117351e+03 8.639371211154694974e-01
4.027257050387118852e+03 8.637537619740957018e-01
4.027277994213038710e+03 8.726709542874322434e-01
4.027298938147876925e+03 8.671573919150146192e-01
4.027319882191634406e+03 8.774476699034934324e-01
4.027340826344312063e+03 8.685476468235100445e-01
4.027361770605910351e+03 8.713908709700906030e-01
4.027382714976429270e+03 8.793229357830777415e-01
4.027403659455870184e+03 8.850594122181816292e-01
4.027424604044233092e+03 8.832270860164966875e-01
4.027445548741518451e+03 8.838486398587865889e-01
4.027466493547727623e+03 8.851097162265100238e-01
4.027487438462860155e+03 8.876944111075756316e-01
4.027508383486916955e+03 8.981638626064238906e-01
4.027529328619899388e+03 8.892109730838864134e-01
4.027550273861807000e+03 8.954228128226678907e-01
4.027571219212641154e+03 9.025671671831713150e-01
4.027592164672401395e+03 9.010619768877246027e-01
4.027613110241089089e+03 9.008169052006491651e-01
4.027634055918704689e+03 9.072535893723918665e-01
4.027655001705248651e+03 9.043818747420852011e-01
4.027675947600721429e+03 9.031844418598121704e-01
4.027696893605123933e+03 9.134591999051410172e-01
4.027717839718456617e+03 9.151714672229726011e-01
4.027738785940719936e+03 9.151212885533219765e-01
4.027759732271913890e+03 9.194753390093473033e-01
4.027780678712040299e+03 9.209297605357784633e-01
4.027801625261098707e+03 9.197382594261772626e-01
4.027822571919090024e+03 9.194044967495461629e-01
4.027843518686015159e+03 9.217804889422861470e-01
4.027864465561874567e+03 9.231630918279328801e-01
4.027885412546668249e+03 9.223312080438699212e-01
4.027906359640397113e+03 9.305365036784526422e-01
4.027927306843061615e+03 9.377773998266585309e-01
4.027948254154662663e+03 9.267964132279310485e-01
4.027969201575200259e+03 9.245377328397178518e-01
4.027990149104675311e+03 9.263055940215425554e-01
4.028011096743088729e+03 9.367593308705270960e-01
4.028032044490440967e+03 9.350352344026199303e-01
4.028052992346731571e+03 9.408450638746329586e-01
4.028073940311961906e+03 9.406434071182442347e-01
4.028094888386133334e+03 9.359039621839687628e-01
4.028115836569245403e+03 9.434091832855118209e-01
4.028136784861298565e+03 9.440241184480863135e-01
4.028157733262293732e+03 9.427155873478071380e-01
4.028178681772231357e+03 9.468358298724521838e-01
4.028199630391112350e+03 9.505247966321273001e-01
4.028220579118937621e+03 9.517863993927623278e-01
4.028241527955705806e+03 9.518804140833975191e-01
4.028262476901419632e+03 9.558070420266731038e-01
4.028283425956079100e+03 9.544405280434282712e-01
4.028304375119683755e+03 9.594265874222762669e-01
4.028325324392235416e+03 9.626690447677708207e-01
4.028346273773734083e+03 9.534119500100030065e-01
4.028367223264180666e+03 9.547286762468761845e-01
4.028388172863575164e+03 9.532779101616621897e-01
4.028409122571918033e+03 9.608742727682693108e-01
4.028430072389210636e+03 9.566557700992855962e-01
4.028451022315453429e+03 9.594281828035078341e-01
4.028471972350646411e+03 9.637882343559595055e-01
4.028492922494790491e+03 9.610663990470315055e-01
4.028513872747886126e+03 9.639881246738262188e-01
4.028534823109934223e+03 9.687928309174709263e-01
4.028555773580934783e+03 9.671033102925661318e-01
4.028576724160888716e+03 9.646317391972399902e-01
4.028597674849796931e+03 9.613256728215461289e-01
4.028618625647658973e+03 9.669784453728610396e-01
4.028639576554476662e+03 9.723793078914005905e-01
4.028660527570249087e+03 9.622442225759316736e-01
4.028681478694978523e+03 9.751007943446530213e-01
4.028702429928664515e+03 9.792384852116585714e-01
4.028723381271307517e+03 9.799327586009364266e-01
4.028744332722907984e+03 9.789223099430094388e-01
4.028765284283467736e+03 9.762216667979517482e-01
4.028786235952985862e+03 9.775254916291219454e-01
4.028807187731463728e+03 9.793480447618607698e-01
4.028828139618901787e+03 9.770752218143606838e-01
4.028849091615300495e+03 9.812440879142156902e-01
4.028870043720660306e+03 9.795431711302357014e-01
4.028890995934981675e+03 9.769031726507205748e-01
4.028911948258266420e+03 9.835912255298951967e-01
4.028932900690513634e+03 9.733681001722070958e-01
4.028953853231723770e+03 9.742345912120692342e-01
4.028974805881898646e+03 9.773871480466114203e-01
4.028995758641037810e+03 9.764399405696921885e-01
4.029016711509142624e+03 9.834836495299356107e-01
4.029037664486213089e+03 9.846760495640601851e-01
4.029058617572249659e+03 9.743085985740048693e-01
4.029079570767253244e+03 9.787834624173786802e-01
4.029100524071223845e+03 9.803533549554465099e-01
4.029121477484163279e+03 9.803150679741304829e-01
4.029142431006071092e+03 9.773905804909833739e-01
4.029163384636947740e+03 9.815732710144164930e-01
4.029184338376794585e+03 9.869903815028446825e-01
4.029205292225611629e+03 9.860535323876380431e-01
4.029226246183399326e+03 9.840949448030730240e-01
4.029247200250159040e+03 9.890045180397449842e-01
4.029268154425890316e+03 9.914718191254643376e-01
4.029289108710594064e+03 9.813783182849771247e-01
4.029310063104271194e+03 9.820189055239427756e-01
4.029331017606922160e+03 9.856720658164195292e-01
4.029351972218546962e+03 9.871216146405168423e-01
4.029372926939146964e+03 9.748081057587633103e-01
4.029393881768722622e+03 9.831121375642799531e-01
4.029414836707273935e+03 9.830730237267737426e-01
4.029435791754801812e+03 9.850373918720248811e-01
4.029456746911306709e+03 9.947391084935708339e-01
4.029477702176789080e+03 9.917304754257091348e-01
4.029498657551250290e+03 9.856438865932969362e-01
4.029519613034690337e+03 9.903273569464140502e-01
4.029540568627109224e+03 9.880526181262160312e-01
4.029561524328508312e+03 9.782772456606163569e-01
4.029582480138888059e+03 9.841135350173435548e-01
4.029603436058248917e+03 9.858769410151220214e-01
4.029624392086591342e+03 9.893769468146476065e-01
4.029645348223915789e+03 9.918386539718616612e-01
4.029666304470223167e+03 9.837021803399281783e-01
4.029687260825513931e+03 9.860987882172536079e-01
4.029708217289788536e+03 9.927625607759092974e-01
4.029729173863047436e+03 9.840563324458569960e-01
4.029750130545291540e+03 9.862916661511657024e-01
4.029771087336521305e+03 9.850183346387128003e-01
4.029792044236737638e+03 9.912782192759342914e-01
4.029813001245940086e+03 9.831165477011161169e-01
4.029833958364130467e+03 9.906191832718801438e-01
4.029854915591308327e+03 9.898342415511607317e-01
4.029875872927475029e+03 9.839618763202135909e-01
4.029896830372630120e+03 9.779868115100147641e-01
4.029917787926775418e+03 9.877307748438219903e-01
4.029938745589910468e+03 9.955462084511310650e-01
4.029959703362036180e+03 9.856706612857421002e-01
4.029980661243153463e+03 9.875787884053306431e-01
4.030001619233262318e+03 9.877268038077315904e-01
4.030022577332364108e+03 9.881379668783238923e-01
4.030043535540458379e+03 9.839257059031145669e-01
4.030064493857546495e+03 9.863236680504463560e-01
4.030085452283628456e+03 9.831032468969705951e-01
4.030106410818705172e+03 9.805553056563099945e-01
4.030127369462777551e+03 9.809083851757954831e-01
4.030148328215845140e+03 9.868110357963957302e-01
4.030169287077909303e+03 9.909445049635768887e-01
4.030190246048970494e+03 9.872541695941992046e-01
4.030211205129029167e+03 9.879705628830456332e-01
4.030232164318086234e+03 9.959399337829577536e-01
4.030253123616141693e+03 9.939728916443282269e-01
4.030274083023196454e+03 9.865488070424426326e-01
4.030295042539250971e+03 9.917126005408041234e-01
4.030316002164305701e+03 9.952593791932391465e-01
4.030336961898361551e+03 9.973602816843388785e-01
4.030357921741418977e+03 9.983100919548919538e-01
4.030378881693477979e+03 1.003178930819672576e+00
4.030399841754539921e+03 1.000806251888592735e+00
4.030420801924605257e+03 9.899088890852513201e-01
4.030441762203674443e+03 9.880398412444248990e-01
4.030462722591747479e+03 9.917512399540157064e-01
4.030483683088825273e+03 9.920552034047175338e-01
4.030504643694909191e+03 9.931370660328459055e-01
4.030525604409998778e+03 9.902312912520220278e-01
4.030546565234094942e+03 9.955293737530118703e-01
4.030567526167198139e+03 9.907212456567395797e-01
4.030588487209309278e+03 9.953537832681271791e-01
4.030609448360428814e+03 9.947180723016246784e-01
4.030630409620557202e+03 9.880333869917640177e-01
4.030651370989694897e+03 9.898988924197527073e-01
4.030672332467842352e+03 9.962657227053333120e-01
4.030693294055000479e+03 9.996733934996667736e-01
4.030714255751169731e+03 1.000854039693960917e+00
4.030735217556351017e+03 9.996108238067396012e-01
4.030756179470543884e+03 9.882450182429294294e-01
4.030777141493750150e+03 9.867859663168344619e-01
4.030798103625969816e+03 9.867878513240065930e-01
4.030819065867203335e+03 9.896099185647914132e-01
4.030840028217451163e+03 9.911526274902817679e-01
4.030860990676714209e+03 9.917819891174680658e-01
4.030881953244992928e+03 9.920197734872018280e-01
4.030902915922288230e+03 9.922692308088385538e-01
4.030923878708600114e+03 9.947242057652971869e-01
4.030944841603929035e+03 9.955971624727231184e-01
4.030965804608275903e+03 9.926073637785753911e-01
4.030986767721641627e+03 1.002410211362209314e+00
4.031007730944026207e+03 1.000562065284503532e+00
4.031028694275430553e+03 9.864410524819997583e-01
4.031049657715855574e+03 9.916554585513732700e-01
4.031070621265300815e+03 9.986954083811786509e-01
4.031091584923767186e+03 9.970021527548365015e-01
4.031112548691255597e+03 9.974065381350257775e-01
4.031133512567766502e+03 9.907547217575658483e-01
4.031154476553300356e+03 9.874366352357709653e-01
4.031175440647858068e+03 9.983655563028090985e-01
4.031196404851439638e+03 9.913350751988339038e-01
4.031217369164046431e+03 9.970888595266790277e-01
4.031238333585678447e+03 9.934125984545288945e-01
4.031259298116336140e+03 9.922065797113512886e-01
4.031280262756020420e+03 9.928962116956295825e-01
4.031301227504731287e+03 9.876998631231663772e-01
4.031322192362470105e+03 9.910305442542601817e-01
4.031343157329236874e+03 9.950639480553751248e-01
4.031364122405032049e+03 9.954501679229144084e-01
4.031385087589856994e+03 1.000834465281552843e+00
4.031406052883711254e+03 1.001062020857822921e+00
4.031427018286596649e+03 9.878732093240834011e-01
4.031447983798512723e+03 9.852650022148055076e-01
4.031468949419460387e+03 9.925308654902401662e-01
4.031489915149439639e+03 9.928734430392447408e-01
4.031510880988452300e+03 9.914068711219560237e-01
4.031531846936497459e+03 9.870298035783864332e-01
4.031552812993576936e+03 9.893548528479656490e-01
4.031573779159690730e+03 9.928502712889523130e-01
4.031594745434839297e+03 9.906484419992699353e-01
4.031615711819023090e+03 9.936399555230043257e-01
4.031636678312243930e+03 9.961240750218446349e-01
4.031657644914500452e+03 9.941815129389769412e-01
4.031678611625794929e+03 9.973501599333198797e-01
4.031699578446126907e+03 9.938355507401349653e-01
4.031720545375496840e+03 9.979619502001655373e-01
4.031741512413906094e+03 9.923645719954234945e-01
4.031762479561354667e+03 9.914370060149123587e-01
4.031783446817843469e+03 9.953454458681523231e-01
4.031804414183372501e+03 9.960274126991237598e-01
4.031825381657943126e+03 9.941007409930853189e-01
4.031846349241555345e+03 9.880440943350095040e-01
4.031867316934209612e+03 9.895436334500189446e-01
4.031888284735906836e+03 9.978351490034007565e-01
4.031909252646647928e+03 9.970078715746653053e-01
4.031930220666432888e+03 9.902953905872681206e-01
4.031951188795261714e+03 9.906404231139223082e-01
4.031972157033136227e+03 9.954456985674372538e-01
4.031993125380056881e+03 1.003536831104546945e+00
4.032014093836023676e+03 9.968852591466442759e-01
4.032035062401036612e+03 9.871489844397808300e-01
4.032056031075097508e+03 9.980864949719842061e-01
4.032076999858206364e+03 9.955129374226674432e-01
4.032097968750364089e+03 9.940379266425674043e-01
4.032118937751570684e+03 9.910327959779666740e-01
4.032139906861826148e+03 9.914871791885512264e-01
4.032160876081133210e+03 1.000210135864215033e+00
4.032181845409490052e+03 9.962495981409662527e-01
4.032202814846898946e+03 9.937490229865213465e-01
4.032223784393359438e+03 1.004356603043695007e+00
4.032244754048872437e+03 1.000405233088173640e+00
4.032265723813438399e+03 9.961740444311385501e-01
4.032286693687058687e+03 9.899000521444030198e-01
4.032307663669732392e+03 9.967241728172290260e-01
4.032328633761461333e+03 1.000129343232609935e+00
4.032349603962245510e+03 9.979963793356870783e-01
4.032370574272085832e+03 9.965329551184262113e-01
4.032391544690981846e+03 9.942564330526909577e-01
4.032412515218935823e+03 9.962878530310597114e-01
4.032433485855947310e+03 1.000916373441591789e+00
4.032454456602016762e+03 9.970590726911693347e-01
4.032475427457145088e+03 9.993438705178777637e-01
4.032496398421332742e+03 9.968155727123341192e-01
4.032517369494580180e+03 9.919409007223991548e-01
4.032538340676887856e+03 9.965746965458079920e-01
4.032559311968256679e+03 9.945798622249939491e-01
4.032580283368687560e+03 9.928018019310105302e-01
4.032601254878180498e+03 1.000731955855868938e+00
4.032622226496735493e+03 1.003809386383211821e+00
4.032643198224354364e+03 9.991170834688225533e-01
4.032664170061037112e+03 9.950303174392461925e-01
4.032685142006783735e+03 9.949682152313149563e-01
4.032706114061596054e+03 9.982870889582435847e-01
4.032727086225473613e+03 9.997804327036456939e-01
4.032748058498417322e+03 1.003900953329652568e+00
4.032769030880427636e+03 9.950510015217898241e-01
4.032790003371505463e+03 9.963468791404681557e-01
4.032810975971650805e+03 9.974089084721963205e-01
4.032831948680865025e+03 1.002187308837484414e+00
4.032852921499147669e+03 1.001195131597888199e+00
4.032873894426500101e+03 9.970923048344705331e-01
4.032894867462922321e+03 9.998444703457588512e-01
4.032915840608416147e+03 1.001002715443354951e+00
4.032936813862980216e+03 9.977971420084200682e-01
4.032957787226616347e+03 9.942189332789898026e-01
4.032978760699324994e+03 9.910386685680756536e-01
4.032999734281106612e+03 1.004308605682190603e+00
4.033020707971961656e+03 9.958646781620462685e-01
4.033041681771891035e+03 9.934443492544602350e-01
4.033062655680894750e+03 9.920139822415174891e-01
4.033083629698973709e+03 9.942374406669884923e-01
4.033104603826128823e+03 9.956502457564799791e-01
4.033125578062359637e+03 9.913908915740090588e-01
4.033146552407667514e+03 9.892651481928587121e-01
4.033167526862052910e+03 9.895749280470158560e-01
4.033188501425516733e+03 9.921642500005796173e-01
4.033209476098058531e+03 9.924599605527942847e-01
4.033230450879680120e+03 9.893435204395931715e-01
4.033251425770381047e+03 9.948033778596500065e-01
4.033272400770162221e+03 9.936945441919147193e-01
4.033293375879024552e+03 9.988064947508201730e-01
4.033314351096968039e+03 9.964192950798238524e-01
4.033335326423994047e+03 9.977700161080739205e-01
4.033356301860102576e+03 9.949905949778298231e-01
4.033377277405294080e+03 9.946118430794027576e-01
4.033398253059569015e+03 9.951243768721484972e-01
4.033419228822928744e+03 9.965217332951111784e-01
4.033440204695372813e+03 1.000164356256145082e+00
4.033461180676902586e+03 9.995884986439325104e-01
4.033482156767518063e+03 9.953376575723961173e-01
4.033503132967220154e+03 9.979496216177452528e-01
4.033524109276009767e+03 1.002438002881782753e+00
4.033545085693886904e+03 9.978980439688640569e-01
4.033566062220852018e+03 9.937965693056343142e-01
4.033587038856906474e+03 9.942459087756732039e-01
4.033608015602049818e+03 9.925387849395195250e-01
4.033628992456283413e+03 9.942227312429449126e-01
4.033649969419607714e+03 9.893942911983506505e-01
4.033670946492022267e+03 9.952781589254984240e-01
4.033691923673529345e+03 1.002375409853088595e+00
4.033712900964128494e+03 9.946990420976249414e-01
4.033733878363820168e+03 9.944901944756677770e-01
4.033754855872604821e+03 1.000853331567283844e+00
4.033775833490483819e+03 9.934838079765863084e-01
4.033796811217457616e+03 9.993318796901483614e-01
4.033817789053526667e+03 1.001733973125972232e+00
4.033838766998690517e+03 9.982950739405889173e-01
4.033859745052950984e+03 1.007106017681005161e+00
4.033880723216308525e+03 9.859494927824896671e-01
4.033901701488762683e+03 9.903677562286388181e-01
4.033922679870315278e+03 1.000505537373410414e+00
4.033943658360966310e+03 9.965573057176058125e-01
4.033964636960716234e+03 1.000815418094749498e+00
4.033985615669565959e+03 1.001442227323978917e+00
4.034006594487515486e+03 9.963195029461712204e-01
4.034027573414566177e+03 9.954582520631038989e-01
4.034048552450717580e+03 9.905588092229958841e-01
4.034069531595971057e+03 9.974858696447795881e-01
4.034090510850327519e+03 9.984751214214265813e-01
4.034111490213786510e+03 9.874900160455796216e-01
4.034132469686349395e+03 9.983124090258213013e-01
4.034153449268016175e+03 1.001032155336237128e+00
4.034174428958787303e+03 9.993824951285633640e-01
4.034195408758664598e+03 1.000598563832918009e+00
4.034216388667646697e+03 1.003350863556663253e+00
4.034237368685735873e+03 9.955700730000195398e-01
4.034258348812932127e+03 9.929437501397165855e-01
4.034279329049235457e+03 1.001227082712245586e+00
4.034300309394647229e+03 1.002955076610827057e+00
4.034321289849167897e+03 9.987404156364905194e-01
4.034342270412797461e+03 9.989190740396549639e-01
4.034363251085536831e+03 1.001023893542089205e+00
4.034384231867386461e+03 1.002570012325505022e+00
4.034405212758347261e+03 9.974910275190035369e-01
4.034426193758419686e+03 1.004514566445638746e+00
4.034447174867603735e+03 9.936101038369444804e-01
4.034468156085900773e+03 9.971880836251653113e-01
4.034489137413310800e+03 9.992137282408297683e-01
4.034510118849835180e+03 9.966352475857127580e-01
4.034531100395473459e+03 9.938323511052746806e-01
4.034552082050227000e+03 9.951814793915683133e-01
4.034573063814095804e+03 9.989385727667673409e-01
4.034594045687080779e+03 9.961489255813502641e-01
4.034615027669181927e+03 9.920830818817751862e-01
4.034636009760400611e+03 9.964653206133530228e-01
4.034656991960736832e+03 9.973369057858132436e-01
4.034677974270191498e+03 1.002755238375961699e+00
4.034698956688765520e+03 1.004131795649825021e+00
4.034719939216458442e+03 1.000428674199972612e+00
4.034740921853271175e+03 1.004910406162636605e+00
4.034761904599205081e+03 1.001213653130408332e+00
4.034782887454260162e+03 9.987769718761367876e-01
4.034803870418436418e+03 1.002092942988217272e+00
4.034824853491735666e+03 1.003418120081073894e+00
4.034845836674157454e+03 1.000456290586668073e+00
4.034866819965702689e+03 9.979299325131076870e-01
4.034887803366371827e+03 9.965171165843373924e-01
4.034908786876165777e+03 9.954789039661410266e-01
4.034929770495084540e+03 9.972285224118755398e-01
4.034950754223129479e+03 9.915634914309570114e-01
4.034971738060300140e+03 9.967435969406798213e-01
4.034992722006597887e+03 9.950480608127254545e-01
4.035013706062023175e+03 9.915497631748693141e-01
4.035034690226576004e+03 9.987261657223073241e-01
4.035055674500257737e+03 9.999587406019121438e-01
4.035076658883068831e+03 9.987308576515711023e-01
4.035097643375009284e+03 9.985601805142344523e-01
4.035118627976079551e+03 9.972067418544416917e-01
4.035139612686280998e+03 1.000394361903045759e+00
4.035160597505614078e+03 1.000799013922423653e+00
4.035181582434078791e+03 9.943862510806993349e-01
4.035202567471676502e+03 1.000502329128986734e+00
4.035223552618406757e+03 1.003251803966649813e+00
4.035244537874270918e+03 9.959438752326066346e-01
4.035265523239268987e+03 1.006463352597615657e+00
4.035286508713402327e+03 1.000336012116170847e+00
4.035307494296670484e+03 1.001630026661667783e+00
4.035328479989074822e+03 1.004616332935841072e+00
4.035349465790615795e+03 1.001685711001778056e+00
4.035370451701293860e+03 9.976343286366529117e-01
4.035391437721109014e+03 9.939810708208699497e-01
4.035412423850063078e+03 9.983647256448706653e-01
4.035433410088155142e+03 1.000809215917333406e+00
4.035454396435387480e+03 9.937620949350544075e-01
4.035475382891758727e+03 9.938238385567652600e-01
4.035496369457271157e+03 9.979458235829939960e-01
4.035517356131924316e+03 9.985675443371290205e-01
4.035538342915719113e+03 9.982144739991571925e-01
4.035559329808656003e+03 9.924727018891387198e-01
4.035580316810735894e+03 9.969673717970879423e-01
4.035601303921958788e+03 9.885145294152462014e-01
4.035622291142325139e+03 9.974969262723795138e-01
4.035643278471836766e+03 1.004127124664587756e+00
4.035664265910492759e+03 1.002502075303156603e+00
4.035685253458294937e+03 9.989044438975189788e-01
4.035706241115242392e+03 9.974341752862547761e-01
4.035727228881337396e+03 9.982760659104350509e-01
4.035748216756579495e+03 1.003168776222110870e+00
4.035769204740969144e+03 1.005245552277745036e+00
4.035790192834507252e+03 9.988157961752839320e-01
4.035811181037194729e+03 1.003965357283832294e+00
4.035832169349031119e+03 1.003280368039173975e+00
4.035853157770018242e+03 9.995580396440492121e-01
4.035874146300155644e+03 9.997203627689403849e-01
4.035895134939444233e+03 9.994579255262077133e-01
4.035916123687884919e+03 9.955879161080768425e-01
4.035937112545477703e+03 1.001514148011059202e+00
4.035958101512223493e+03 9.964718535725165527e-01
4.035979090588123199e+03 9.899009464306302020e-01
4.036000079773176367e+03 9.993768646188003757e-01
4.036021069067384360e+03 1.003311859165075814e+00
4.036042058470748088e+03 9.994566669586770757e-01
4.036063047983267097e+03 1.000581477517709761e+00
4.036084037604942750e+03 9.966604530714064936e-01
4.036105027335775048e+03 9.999785186909290191e-01
4.036126017175764900e+03 9.981499934781808969e-01
4.036147007124912761e+03 1.005122724275929968e+00
4.036167997183219541e+03 9.993516342104696859e-01
4.036188987350685238e+03 9.990168346906413976e-01
4.036209977627310764e+03 1.000623468064381960e+00
4.036230968013097026e+03 1.000097516418493315e+00
4.036251958508043572e+03 1.000720453714824432e+00
4.036272949112151764e+03 1.001400809391591373e+00
4.036293939825421603e+03 1.007794465517816374e+00
4.036314930647854908e+03 1.006524143048314057e+00
4.036335921579450769e+03 9.979408893178307594e-01
4.036356912620210551e+03 1.003429639332236389e+00
4.036377903770134708e+03 1.009941613731597077e+00
4.036398895029223695e+03 1.001171306275988826e+00
4.036419886397477512e+03 1.000225168727231662e+00
4.036440877874897978e+03 9.983559143775642131e-01
4.036461869461485094e+03 1.012711117145282058e+00
4.036482861157239313e+03 9.948326824022124537e-01
4.036503852962161091e+03 9.997605749441250689e-01
4.036524844876250881e+03 9.966191774126559322e-01
4.036545836899510050e+03 1.002373222855219792e+00
4.036566829031938141e+03 9.993075676165674714e-01
4.036587821273536520e+03 9.937040126058643841e-01
4.036608813624305640e+03 9.935843016234006120e-01
4.036629806084245502e+03 1.001040041889258214e+00
4.036650798653357015e+03 1.008566902079991223e+00
4.036671791331641089e+03 1.003272939543165654e+00
4.036692784119097269e+03 9.978971093984216889e-01
4.036713777015727374e+03 1.003138771593813816e+00
4.036734770021531858e+03 1.000433819212585895e+00
4.036755763136510268e+03 1.005409418877959427e+00
4.036776756360663967e+03 1.002885174361073162e+00
4.036797749693993410e+03 1.015346025911867178e+00
4.036818743136498597e+03 1.000271990035717540e+00
4.036839736688180892e+03 1.000320864653005071e+00
4.036860730349040750e+03 1.002426233385652177e+00
4.036881724119078171e+03 1.004151529457972369e+00
4.036902717998294520e+03 9.964830046360793059e-01
4.036923711986689796e+03 9.991599118341772945e-01
4.036944706084264908e+03 9.996063161742185788e-01
4.036965700291019402e+03 9.978094141133576622e-01
4.036986694606955098e+03 1.008584673454665959e+00
4.037007689032072449e+03 1.005844207296586301e+00
4.037028683566371456e+03 9.994760344515681849e-01
4.037049678209852573e+03 1.002313737285083883e+00
4.037070672962517165e+03 9.970390919998263213e-01
4.037091667824365231e+03 1.002005513771661471e+00
4.037112662795397682e+03 1.001639298016473667e+00
4.037133657875614517e+03 1.000513514604496557e+00
4.037154653065017555e+03 9.988533237487139393e-01
4.037175648363604978e+03 9.959043754061703835e-01
4.037196643771379968e+03 1.005807125536353652e+00
4.037217639288341616e+03 1.006963771843893962e+00
4.037238634914490831e+03 1.001509109931828290e+00
4.037259630649828068e+03 9.979698668677676743e-01
4.037280626494354692e+03 9.988021031496413515e-01
4.037301622448069793e+03 1.005120928355087928e+00
4.037322618510975190e+03 1.008937389106183025e+00
4.037343614683070882e+03 1.011037370265180479e+00
4.037364610964357780e+03 1.009669304852067739e+00
4.037385607354835884e+03 1.000938784913561808e+00
4.037406603854506102e+03 1.005338519324585178e+00
4.037427600463368890e+03 1.009197354544818959e+00
4.037448597181425612e+03 1.002783215558102015e+00
4.037469594008675358e+03 1.002131521777505085e+00
4.037490590945119948e+03 1.000350932010283689e+00
4.037511587990759381e+03 9.937682428142058377e-01
4.037532585145594567e+03 9.987674065744415186e-01
4.037553582409625506e+03 1.005860784805725938e+00
4.037574579782853561e+03 1.002925259448626427e+00
4.037595577265278280e+03 1.001814011058293374e+00
4.037616574856901025e+03 1.001161920928466564e+00
4.037637572557722251e+03 9.967984098132678383e-01
4.037658570367742414e+03 9.989045234315848676e-01
4.037679568286961967e+03 9.980637463995427616e-01
4.037700566315381820e+03 9.982361869139958488e-01
4.037721564453001974e+03 1.002580673666453537e+00
4.037742562699823793e+03 1.000990989204288972e+00
4.037763561055846822e+03 1.011863356267905356e+00
4.037784559521072424e+03 1.002864252930612432e+00
4.037805558095501056e+03 9.988765184384424956e-01
4.037826556779133170e+03 1.000921093685537944e+00
4.037847555571969224e+03 9.956815384183643758e-01
4.037868554474010125e+03 1.002319398971471154e+00
4.037889553485255874e+03 1.005295158477873096e+00
4.037910552605707835e+03 1.003427245003522872e+00
4.037931551835365553e+03 1.002072642276333081e+00
4.037952551174230393e+03 9.991227958874064896e-01
4.037973550622302810e+03 1.000839999277307824e+00
4.037994550179583257e+03 1.000053820884133193e+00
4.038015549846071735e+03 1.000015375263085371e+00
4.038036549621770064e+03 1.003924527118075005e+00
4.038057549506677788e+03 9.978566994384576727e-01
4.038078549500796271e+03 1.002224421231080909e+00
4.038099549604124604e+03 1.001677266371641783e+00
4.038120549816665516e+03 9.953865684459990426e-01
4.038141550138417642e+03 9.957381031163453633e-01
4.038162550569382802e+03 1.004790053294894125e+00
4.038183551109560995e+03 9.982642798654138838e-01
4.038204551758952675e+03 1.004788596641463583e+00
4.038225552517558754e+03 1.008728721258598249e+00
4.038246553385379684e+03 1.001122971763465097e+00
4.038267554362415922e+03 1.005712254180062493e+00
4.038288555448668376e+03 1.008822345282714528e+00
4.038309556644137501e+03 9.987914283544611083e-01
4.038330557948823298e+03 9.984511047842766773e-01
4.038351559362726675e+03 1.002931960643369091e+00
4.038372560885848998e+03 1.005097183082352963e+00
4.038393562518189810e+03 1.004361308876241976e+00
4.038414564259749568e+03 1.001978635529776174e+00
4.038435566110529635e+03 1.004076562087409474e+00
4.038456568070530011e+03 1.000210391710702140e+00
4.038477570139751606e+03 9.940832242557766651e-01
4.038498572318195329e+03 9.964733466070995194e-01
4.038519574605860726e+03 1.001352663599421877e+00
4.038540577002749160e+03 9.988156584529453985e-01
4.038561579508861087e+03 1.001273799133656883e+00
4.038582582124196051e+03 9.987774919775675997e-01
4.038603584848756327e+03 1.000098701501422882e+00
4.038624587682541915e+03 1.004089396825790237e+00
4.038645590625552359e+03 9.992851307769679003e-01
4.038666593677789479e+03 1.004007829404510055e+00
4.038687596839253274e+03 1.005777666683808969e+00
4.038708600109944200e+03 9.987798477137541653e-01
4.038729603489863621e+03 1.000286697781648471e+00
4.038750606979011081e+03 1.005285599175652189e+00
4.038771610577387037e+03 9.930178439464524276e-01
4.038792614284993761e+03 1.005844919451605479e+00
4.038813618101829434e+03 9.994429160230704490e-01
4.038834622027896785e+03 1.007199588476672236e+00
4.038855626063195359e+03 1.000914951622381865e+00
4.038876630207725611e+03 1.002046345361564894e+00
4.038897634461487996e+03 1.002311275137228286e+00
4.038918638824483423e+03 1.002602267218439147e+00
4.038939643296712802e+03 1.005003771599775719e+00
4.038960647878176587e+03 9.987907249166869672e-01
4.038981652568874779e+03 9.992409456593314143e-01
4.039002657368807832e+03 1.006964361210960890e+00
4.039023662277977110e+03 1.003998945369253049e+00
4.039044667296383068e+03 1.005044192512885903e+00
4.039065672424025706e+03 9.982524243628155824e-01
4.039086677660905934e+03 1.004824113988319390e+00
4.039107683007024661e+03 1.008254657472535953e+00
4.039128688462381888e+03 1.012572015625347488e+00
4.039149694026978068e+03 1.005580981466550616e+00
4.039170699700814112e+03 1.001962925723311582e+00
4.039191705483890473e+03 1.003085963316280749e+00
4.039212711376208063e+03 1.010751687785631514e+00
4.039233717377767789e+03 1.003700550629733401e+00
4.039254723488568743e+03 1.004180975305786205e+00
4.039275729708612744e+03 1.003585161723857366e+00
4.039296736037899791e+03 1.003952103810511698e+00
4.039317742476430794e+03 1.006649685835727892e+00
4.039338749024206209e+03 1.003917307982564733e+00
4.039359755681226034e+03 1.004111687083723892e+00
4.039380762447492089e+03 1.004162649261235662e+00
4.039401769323003919e+03 1.005149159558286875e+00
4.039422776307762433e+03 1.006800038251739693e+00
4.039443783401768087e+03 1.004311958656120440e+00
4.039464790605021335e+03 1.002612169302857126e+00
4.039485797917523541e+03 1.002608062662428079e+00
4.039506805339274706e+03 1.005073389821485863e+00
4.039527812870274374e+03 1.003887331653885884e+00
4.039548820510525275e+03 1.011381426945195505e+00
4.039569828260026043e+03 1.003824821843942283e+00
4.039590836118778043e+03 1.003537453275258562e+00
4.039611844086782185e+03 1.004501266451037322e+00
4.039632852164038468e+03 1.005958360208401015e+00
4.039653860350547802e+03 1.007270692060177053e+00
4.039674868646310188e+03 1.006208944384902937e+00
4.039695877051326534e+03 1.007430468241674149e+00
4.039716885565598204e+03 1.005072271336905354e+00
