# Corrected for radial velocity of 20.55 km/s
# 
# star name zetOri, line HEIHEII4026
# instrument: HERMES spectrograph @Mercator
# date of observation (midpoint)2018-10-12T03:00:28.387682
# BJD of observation (midpoint)2458403.6274701
# name of fits file: 00897756_HRF_OBJ_ext_CosmicsRemoved_log_merged_c.fits
# 
# wavelength(Angstrom,air) normalised_flux
4.013729201773125169e+03 9.974081874786520086e-01
4.013750075247213317e+03 9.993510501882856278e-01
4.013770948829855570e+03 9.944086661935520599e-01
4.013791822521051017e+03 9.946901414546891473e-01
4.013812696320799660e+03 1.005168298175491470e+00
4.013833570229103771e+03 1.002481027729017704e+00
4.013854444245962441e+03 9.970482678283646427e-01
4.013875318371377489e+03 9.968076946739448108e-01
4.013896192605348460e+03 9.986015159051178092e-01
4.013917066947875810e+03 9.974104076774765737e-01
4.013937941398961357e+03 9.958898439403458536e-01
4.013958815958604646e+03 1.002153414421582234e+00
4.013979690626806132e+03 9.945240789357691069e-01
4.014000565403567634e+03 9.958710409177347067e-01
4.014021440288887334e+03 1.000513613621059283e+00
4.014042315282768413e+03 1.002283608897801326e+00
4.014063190385209964e+03 9.985030184557953659e-01
4.014084065596212895e+03 9.987832621815357914e-01
4.014104940915777661e+03 9.959811942510338190e-01
4.014125816343904717e+03 1.001692432396482646e+00
4.014146691880595426e+03 9.966964775010771493e-01
4.014167567525849790e+03 9.966089315284591965e-01
4.014188443279667354e+03 9.961062494460546368e-01
4.014209319142050390e+03 9.982903044288393701e-01
4.014230195112998899e+03 1.002989558133006165e+00
4.014251071192512882e+03 1.000325104095533435e+00
4.014271947380593701e+03 1.000098070393776295e+00
4.014292823677241358e+03 9.967325728119804662e-01
4.014313700082456307e+03 9.982639094985670258e-01
4.014334576596239458e+03 9.893364588607953536e-01
4.014355453218591720e+03 9.969486213704713551e-01
4.014376329949513092e+03 1.005842721563564357e+00
4.014397206789004031e+03 1.003797758395097217e+00
4.014418083737065444e+03 1.001363584315724919e+00
4.014438960793698243e+03 9.867311632345885375e-01
4.014459837958901971e+03 9.938855530442561870e-01
4.014480715232677994e+03 9.988106790266425561e-01
4.014501592615026766e+03 9.997379874410146083e-01
4.014522470105948742e+03 1.004988254933866898e+00
4.014543347705444376e+03 9.939010440097442167e-01
4.014564225413514123e+03 9.951141747137911553e-01
4.014585103230159348e+03 9.936950271257350975e-01
4.014605981155380050e+03 1.000455987043020079e+00
4.014626859189176230e+03 9.988312636773697406e-01
4.014647737331549251e+03 9.987589119943610649e-01
4.014668615582500024e+03 9.925291666838961246e-01
4.014689493942028093e+03 9.971238350376734338e-01
4.014710372410134369e+03 9.989390675593623481e-01
4.014731250986819305e+03 1.000198349138996079e+00
4.014752129672083811e+03 1.007340758079700915e+00
4.014773008465928797e+03 1.005039290447688138e+00
4.014793887368353808e+03 9.972532677132975865e-01
4.014814766379359753e+03 9.971983088189178002e-01
4.014835645498947997e+03 9.997855217447491061e-01
4.014856524727118085e+03 1.000931774394163032e+00
4.014877404063871381e+03 9.908141183097466387e-01
4.014898283509207431e+03 9.960448426034150815e-01
4.014919163063128053e+03 9.960958257987198028e-01
4.014940042725632793e+03 9.983472971049272005e-01
4.014960922496722560e+03 1.000279319259712363e+00
4.014981802376398264e+03 1.004358607485147381e+00
4.015002682364660359e+03 9.952852823197598786e-01
4.015023562461508845e+03 9.903065982819095892e-01
4.015044442666944633e+03 9.963263237991027976e-01
4.015065322980968631e+03 9.991857173309025564e-01
4.015086203403580839e+03 1.004653099523819426e+00
4.015107083934782622e+03 9.986764105488866727e-01
4.015127964574573070e+03 9.892132341957218244e-01
4.015148845322954458e+03 9.947834520945179060e-01
4.015169726179926329e+03 9.936635791984484989e-01
4.015190607145489139e+03 9.885975695514969130e-01
4.015211488219644252e+03 1.002818181195949343e+00
4.015232369402391669e+03 9.968430597432944573e-01
4.015253250693731843e+03 9.967722592098348100e-01
4.015274132093665685e+03 1.000837146107014908e+00
4.015295013602193649e+03 9.920662435535645418e-01
4.015315895219316189e+03 9.980442666432576271e-01
4.015336776945034217e+03 1.004859323746137179e+00
4.015357658779348185e+03 9.972721365386246761e-01
4.015378540722258094e+03 9.958904982455920596e-01
4.015399422773765309e+03 1.003235605913905149e+00
4.015420304933869829e+03 9.972234044457748414e-01
4.015441187202572564e+03 9.977985913500486692e-01
4.015462069579873969e+03 1.001883479154738188e+00
4.015482952065774043e+03 9.998758082968169925e-01
4.015503834660274151e+03 9.979084618494208359e-01
4.015524717363374748e+03 1.000908927332497145e+00
4.015545600175076288e+03 9.940209210648469629e-01
4.015566483095378771e+03 9.930352546708790529e-01
4.015587366124284017e+03 1.000819900893013870e+00
4.015608249261791570e+03 1.003320718567529246e+00
4.015629132507901886e+03 9.947941140088305545e-01
4.015650015862616328e+03 9.968109667661040341e-01
4.015670899325934897e+03 9.989449970765688080e-01
4.015691782897858047e+03 1.002843890305175067e+00
4.015712666578387598e+03 1.002448526570289378e+00
4.015733550367522184e+03 1.002301201073654502e+00
4.015754434265263171e+03 9.969626394523449786e-01
4.015775318271611923e+03 9.941747043330705358e-01
4.015796202386567984e+03 1.008693052419544989e+00
4.015817086610132264e+03 1.000610376689135883e+00
4.015837970942305674e+03 1.002263174664151935e+00
4.015858855383087757e+03 9.874882147572482394e-01
4.015879739932480334e+03 9.887910838663610535e-01
4.015900624590483403e+03 1.001949725549818648e+00
4.015921509357097420e+03 1.002917353152634750e+00
4.015942394232322840e+03 1.004762308315140018e+00
4.015963279216161027e+03 1.002277654226813475e+00
4.015984164308611525e+03 9.962020886834375144e-01
4.016005049509675246e+03 9.925283375506273043e-01
4.016025934819353097e+03 1.001073575789179104e+00
4.016046820237645079e+03 9.962770071629428736e-01
4.016067705764552557e+03 1.000955637279361765e+00
4.016088591400075074e+03 1.008910460833426503e+00
4.016109477144213997e+03 1.006610922461921520e+00
4.016130362996969779e+03 1.008535899287065885e+00
4.016151248958342876e+03 1.003343008415287230e+00
4.016172135028333287e+03 1.002091658090654258e+00
4.016193021206942376e+03 9.996403357872417628e-01
4.016213907494171053e+03 9.977436644263838472e-01
4.016234793890018409e+03 9.949463780050249451e-01
4.016255680394486262e+03 1.000128288429787737e+00
4.016276567007574613e+03 1.000885119415045210e+00
4.016297453729283916e+03 1.004604402286444209e+00
4.016318340559615081e+03 9.960105421590775832e-01
4.016339227498569016e+03 9.978039572223187381e-01
4.016360114546146178e+03 1.003543133811439336e+00
4.016381001702346111e+03 1.001788705922034506e+00
4.016401888967170180e+03 9.949778578128445350e-01
4.016422776340619293e+03 9.943550916163282904e-01
4.016443663822692997e+03 1.001821178257146228e+00
4.016464551413392655e+03 1.001794988161189393e+00
4.016485439112718723e+03 1.000452026840460418e+00
4.016506326920671654e+03 1.006528598829321330e+00
4.016527214837251904e+03 1.003406396098199815e+00
4.016548102862460382e+03 1.000758354792980809e+00
4.016568990996297543e+03 1.010771754636099251e+00
4.016589879238763388e+03 1.006391379647714412e+00
4.016610767589858824e+03 1.008861350208004160e+00
4.016631656049585217e+03 9.996997521789371399e-01
4.016652544617942112e+03 9.956254135985888043e-01
4.016673433294930419e+03 9.969015524303461717e-01
4.016694322080550137e+03 9.984422460212133421e-01
4.016715210974803085e+03 9.957080710194478046e-01
4.016736099977688809e+03 1.005708381738318113e+00
4.016756989089208219e+03 1.015369530159111466e+00
4.016777878309361768e+03 1.004476827844689613e+00
4.016798767638150366e+03 9.958468075585685808e-01
4.016819657075574014e+03 9.987781524252460352e-01
4.016840546621634076e+03 1.008672804977973403e+00
4.016861436276330096e+03 1.008813031852906716e+00
4.016882326039662985e+03 1.005996735698964972e+00
4.016903215911634106e+03 9.951486680188499356e-01
4.016924105892243006e+03 1.004417463384702724e+00
4.016944995981490592e+03 1.007141640413243389e+00
4.016965886179377776e+03 1.002345322216441348e+00
4.016986776485904556e+03 9.970234429093315365e-01
4.017007666901072298e+03 1.009064362829809491e+00
4.017028557424880091e+03 1.010423406729948015e+00
4.017049448057330210e+03 1.002502551178235501e+00
4.017070338798422199e+03 1.001702282784864728e+00
4.017091229648156968e+03 9.982217424477348722e-01
4.017112120606534972e+03 1.000068666083813396e+00
4.017133011673556666e+03 1.002674863025934782e+00
4.017153902849222959e+03 1.004709284651597700e+00
4.017174794133534306e+03 1.000170969959898404e+00
4.017195685526490706e+03 1.004393536149268629e+00
4.017216577028093525e+03 1.008339636561176533e+00
4.017237468638342762e+03 1.003376895674307212e+00
4.017258360357239326e+03 1.002301822382339225e+00
4.017279252184783672e+03 1.004675237835948032e+00
4.017300144120976256e+03 9.999711492727305640e-01
4.017321036165817532e+03 1.002552899629360228e+00
4.017341928319308863e+03 9.997762791461175524e-01
4.017362820581450251e+03 9.999500553779274714e-01
4.017383712952242149e+03 9.979571622299091560e-01
4.017404605431684558e+03 9.948061927310853925e-01
4.017425498019779297e+03 1.005460544615917495e+00
4.017446390716525912e+03 1.008121615005854732e+00
4.017467283521926220e+03 1.004810567781094788e+00
4.017488176435979312e+03 1.010479100350063941e+00
4.017509069458686554e+03 1.001632883021697618e+00
4.017529962590047944e+03 9.993560795759321991e-01
4.017550855830064847e+03 1.005711488222545968e+00
4.017571749178737264e+03 9.994276795302291516e-01
4.017592642636066557e+03 9.940160481319505470e-01
4.017613536202051819e+03 1.004580723146140109e+00
4.017634429876694867e+03 9.974539610055996874e-01
4.017655323659995702e+03 1.008151824834622179e+00
4.017676217551955233e+03 1.000399535118390526e+00
4.017697111552573915e+03 9.987701738444382249e-01
4.017718005661852203e+03 1.000324550519426259e+00
4.017738899879790097e+03 1.000088243421603185e+00
4.017759794206389870e+03 1.000397146787172398e+00
4.017780688641649704e+03 9.979304663120776020e-01
4.017801583185572781e+03 1.007778693845054363e+00
4.017822477838157283e+03 1.011731564504657399e+00
4.017843372599405029e+03 1.009170082813624747e+00
4.017864267469316928e+03 9.979975941763328251e-01
4.017885162447892526e+03 1.004483304697210588e+00
4.017906057535132732e+03 9.992405176629399755e-01
4.017926952731038455e+03 1.001929798556323803e+00
4.017947848035610150e+03 9.970630798495472291e-01
4.017968743448847817e+03 9.968999615580746987e-01
4.017989638970752821e+03 1.004140946073219576e+00
4.018010534601325617e+03 9.969683767547106168e-01
4.018031430340566203e+03 1.001047725024211132e+00
4.018052326188475490e+03 1.006762640955676247e+00
4.018073222145053933e+03 1.002800747652152547e+00
4.018094118210301986e+03 9.990726449531226461e-01
4.018115014384221013e+03 9.908357572673345270e-01
4.018135910666810560e+03 9.982303284201675675e-01
4.018156807058071990e+03 1.005885823215140862e+00
4.018177703558005305e+03 1.003975270160440525e+00
4.018198600166611413e+03 9.982990364434920494e-01
4.018219496883890315e+03 9.979930464879911423e-01
4.018240393709843374e+03 1.001988514068629987e+00
4.018261290644470591e+03 1.003690691904914889e+00
4.018282187687772876e+03 1.004440585792690133e+00
4.018303084839750227e+03 9.904165553893624629e-01
4.018323982100404010e+03 9.881368087589144089e-01
4.018344879469734678e+03 1.000149671185986300e+00
4.018365776947741779e+03 1.000874676038324695e+00
4.018386674534426675e+03 1.008346360220253146e+00
4.018407572229790276e+03 1.004964651431508704e+00
4.018428470033832582e+03 1.002118503642423386e+00
4.018449367946554048e+03 1.003865032382798228e+00
4.018470265967955584e+03 1.001891714840752012e+00
4.018491164098038098e+03 1.000665245866696473e+00
4.018512062336801591e+03 1.000311474403491552e+00
4.018532960684246518e+03 9.969894921816063738e-01
4.018553859140373788e+03 1.001836197320586264e+00
4.018574757705184311e+03 1.001132723977215422e+00
4.018595656378677177e+03 1.011233136954746703e+00
4.018616555160854659e+03 1.003282812029637316e+00
4.018637454051716759e+03 1.007732676690686668e+00
4.018658353051263930e+03 1.008184665675396774e+00
4.018679252159496173e+03 1.005287146257487496e+00
4.018700151376415306e+03 1.005835251789343632e+00
4.018721050702020875e+03 1.008302497369409467e+00
4.018741950136313790e+03 1.002922665517705259e+00
4.018762849679294959e+03 9.994079129547155382e-01
4.018783749330963929e+03 1.006755604927071168e+00
4.018804649091322517e+03 1.001413253698581807e+00
4.018825548960370270e+03 1.005849768307527814e+00
4.018846448938108551e+03 1.000217435539957567e+00
4.018867349024537361e+03 1.005969905881781257e+00
4.018888249219657155e+03 1.010489703960749219e+00
4.018909149523469296e+03 9.973727993619049270e-01
4.018930049935973784e+03 9.977055135233106054e-01
4.018950950457171530e+03 1.001793529358862900e+00
4.018971851087062532e+03 1.005859321567865505e+00
4.018992751825647247e+03 1.003575737934088608e+00
4.019013652672927037e+03 9.934276192376763071e-01
4.019034553628901904e+03 1.004468914696669435e+00
4.019055454693573211e+03 1.001779222384542090e+00
4.019076355866940048e+03 1.001963389776312940e+00
4.019097257149004236e+03 1.008237864235801196e+00
4.019118158539765773e+03 9.966877605298051224e-01
4.019139060039225569e+03 9.977726845048933146e-01
4.019159961647384080e+03 1.002331676517593584e+00
4.019180863364241759e+03 1.010116713244857189e+00
4.019201765189799062e+03 1.004696640649441308e+00
4.019222667124056443e+03 1.001223240450841212e+00
4.019243569167015266e+03 1.007470574302878230e+00
4.019264471318675078e+03 1.005388935776205805e+00
4.019285373579037241e+03 9.994103290275748730e-01
4.019306275948101757e+03 1.001340457291499897e+00
4.019327178425869988e+03 1.006534513743816861e+00
4.019348081012341481e+03 1.009109370895301172e+00
4.019368983707517145e+03 9.955459690275678675e-01
4.019389886511397890e+03 9.947404405058739574e-01
4.019410789423984170e+03 1.000571602884178013e+00
4.019431692445275985e+03 1.002894922507229003e+00
4.019452595575274700e+03 1.002303718491313944e+00
4.019473498813980768e+03 1.002756168321313979e+00
4.019494402161394191e+03 9.988402206780853110e-01
4.019515305617515878e+03 1.001169622128729619e+00
4.019536209182346283e+03 9.965665863308817984e-01
4.019557112855886771e+03 9.975732380469056748e-01
4.019578016638135978e+03 1.003982270805680921e+00
4.019598920529097086e+03 9.978323167627771717e-01
4.019619824528768277e+03 9.915534912340314699e-01
4.019640728637151369e+03 1.005540446550910572e+00
4.019661632854246363e+03 9.926630699958741699e-01
4.019682537180054624e+03 1.003005083833501843e+00
4.019703441614576150e+03 1.007446343388956667e+00
4.019724346157811851e+03 9.965834671312432391e-01
4.019745250809761274e+03 9.972716068417095681e-01
4.019766155570426235e+03 1.003013731131707997e+00
4.019787060439806282e+03 9.979110955936346672e-01
4.019807965417903233e+03 9.955754620440014913e-01
4.019828870504716633e+03 9.963536278801342627e-01
4.019849775700247392e+03 9.974925767013446132e-01
4.019870681004495964e+03 9.978208932202737858e-01
4.019891586417462804e+03 9.986443904806311389e-01
4.019912491939148822e+03 1.001348572879007026e+00
4.019933397569554472e+03 1.002267511132775235e+00
4.019954303308679755e+03 9.958569535286864172e-01
4.019975209156526034e+03 9.947876680276560579e-01
4.019996115113093765e+03 9.955852155792388469e-01
4.020017021178382947e+03 9.961688337542826677e-01
4.020037927352394945e+03 1.001756170233566223e+00
4.020058833635129304e+03 1.001136912620203656e+00
4.020079740026587842e+03 1.008886333536274771e+00
4.020100646526770106e+03 9.989421351804824711e-01
4.020121553135677004e+03 9.949236798099231338e-01
4.020142459853309447e+03 1.002406059579174835e+00
4.020163366679667433e+03 9.924762626194677528e-01
4.020184273614751419e+03 9.969933289842554114e-01
4.020205180658562767e+03 1.003822855384133517e+00
4.020226087811101479e+03 1.006247155134766702e+00
4.020246995072368009e+03 1.007338307753341988e+00
4.020267902442363265e+03 1.009049459649426828e+00
4.020288809921087704e+03 1.002429970943920612e+00
4.020309717508542235e+03 9.960948451125333225e-01
4.020330625204726402e+03 9.956146358734746515e-01
4.020351533009642026e+03 9.984180867934027148e-01
4.020372440923288650e+03 9.983685803934702063e-01
4.020393348945667640e+03 9.993686774035196452e-01
4.020414257076778540e+03 9.946675635584261155e-01
4.020435165316623170e+03 1.001997796270203134e+00
4.020456073665201529e+03 9.940711336457723757e-01
4.020476982122513618e+03 1.001455479033395601e+00
4.020497890688561256e+03 1.008413969279588818e+00
4.020518799363343987e+03 9.985711500134482055e-01
4.020539708146862722e+03 9.961787712986396315e-01
4.020560617039117915e+03 9.934470186318056228e-01
4.020581526040110020e+03 1.003350499196900447e+00
4.020602435149839948e+03 9.948319722607359417e-01
4.020623344368307698e+03 1.000323929624021613e+00
4.020644253695514635e+03 9.979581362968582559e-01
4.020665163131461213e+03 9.953287205051301045e-01
4.020686072676147433e+03 1.003616082793089115e+00
4.020706982329574203e+03 9.992077000355200633e-01
4.020727892091741523e+03 9.937933763386659347e-01
4.020748801962651214e+03 9.947470350624806334e-01
4.020769711942302365e+03 9.945283867985394988e-01
4.020790622030696341e+03 9.969506498954286977e-01
4.020811532227834050e+03 1.001790140168693499e+00
4.020832442533715493e+03 1.002711122919367037e+00
4.020853352948341126e+03 9.911617972462758441e-01
4.020874263471712311e+03 1.000210394764794231e+00
4.020895174103828595e+03 1.002418537251977160e+00
4.020916084844691341e+03 9.992779085256985327e-01
4.020936995694300549e+03 9.953845914584783516e-01
4.020957906652656675e+03 9.907111413520774956e-01
4.020978817719761537e+03 9.883495965726065702e-01
4.020999728895614226e+03 1.005032662661360376e+00
4.021020640180215651e+03 1.000529252940356884e+00
4.021041551573566721e+03 9.888276838067849850e-01
4.021062463075668347e+03 1.000282420224692270e+00
4.021083374686520528e+03 9.990468690445780675e-01
4.021104286406123265e+03 9.952414770852412440e-01
4.021125198234478376e+03 9.928504571509900734e-01
4.021146110171585860e+03 9.934372023628017523e-01
4.021167022217446174e+03 1.000901657382696763e+00
4.021187934372059772e+03 9.976019737805031928e-01
4.021208846635427562e+03 9.919054768342675521e-01
4.021229759007550001e+03 9.919943128574815194e-01
4.021250671488427542e+03 9.957091565848431580e-01
4.021271584078060641e+03 1.004456886284815109e+00
4.021292496776450662e+03 9.985660715829490774e-01
4.021313409583597149e+03 9.931342169098485995e-01
4.021334322499501013e+03 9.968291255934482731e-01
4.021355235524163618e+03 9.951307363565805586e-01
4.021376148657584054e+03 9.947113125279637424e-01
4.021397061899763230e+03 1.008000212186122679e+00
4.021417975250703421e+03 1.004746359692117563e+00
4.021438888710402807e+03 9.976774293200334487e-01
4.021459802278863208e+03 9.994889797050070523e-01
4.021480715956085078e+03 9.977335514405510919e-01
4.021501629742069326e+03 1.000975785240453053e+00
4.021522543636815499e+03 9.918919232511939077e-01
4.021543457640325414e+03 9.981404143697719666e-01
4.021564371752598618e+03 9.950499825200572745e-01
4.021585285973636019e+03 9.970001164968239626e-01
4.021606200303438072e+03 9.897763222947514317e-01
4.021627114742006142e+03 9.944654850236979149e-01
4.021648029289339775e+03 9.920648518242067837e-01
4.021668943945439423e+03 9.913951748329317137e-01
4.021689858710306453e+03 9.988318309833856823e-01
4.021710773583941318e+03 9.962523849138279486e-01
4.021731688566344019e+03 9.935228274041406626e-01
4.021752603657515920e+03 9.901533509587558957e-01
4.021773518857457020e+03 9.922257476069028526e-01
4.021794434166167775e+03 9.986485614533738842e-01
4.021815349583649549e+03 9.932349245959721795e-01
4.021836265109901888e+03 9.950172053850044884e-01
4.021857180744925699e+03 9.971441181136548870e-01
4.021878096488721894e+03 9.981872278753933792e-01
4.021899012341290927e+03 9.926520326097479918e-01
4.021919928302633252e+03 9.960556608641061294e-01
4.021940844372748870e+03 9.933886735317085659e-01
4.021961760551639145e+03 9.946184835465934349e-01
4.021982676839304986e+03 9.918942811677363691e-01
4.022003593235745939e+03 9.948026219208372378e-01
4.022024509740962912e+03 9.938120956467302314e-01
4.022045426354956362e+03 9.901301409661074082e-01
4.022066343077727197e+03 9.898470628127334914e-01
4.022087259909276327e+03 9.953573795000614233e-01
4.022108176849603296e+03 9.916053730234637431e-01
4.022129093898709471e+03 9.901063151900856285e-01
4.022150011056594849e+03 9.927603138462229859e-01
4.022170928323260796e+03 9.858277889616384737e-01
4.022191845698707311e+03 9.801690115893809674e-01
4.022212763182934850e+03 9.976962946885111760e-01
4.022233680775943867e+03 9.895109716406466083e-01
4.022254598477735271e+03 1.005663652906142902e+00
4.022275516288309973e+03 9.917731429749975236e-01
4.022296434207667971e+03 9.952071808975161415e-01
4.022317352235810176e+03 9.873580396384527003e-01
4.022338270372736588e+03 9.920428262939845476e-01
4.022359188618448570e+03 9.927121734362173155e-01
4.022380106972945669e+03 9.892458868990683385e-01
4.022401025436229702e+03 9.919138941616658656e-01
4.022421944008300670e+03 9.875089681927583518e-01
4.022442862689158574e+03 9.852883577335695975e-01
4.022463781478804322e+03 9.923778633724255060e-01
4.022484700377239278e+03 9.934700913619174401e-01
4.022505619384462989e+03 9.917753625231254810e-01
4.022526538500476363e+03 9.830527634948752480e-01
4.022547457725280310e+03 9.798170410129144470e-01
4.022568377058874830e+03 9.862428420460747081e-01
4.022589296501260378e+03 9.825234825999898947e-01
4.022610216052438773e+03 9.904524526194973255e-01
4.022631135712409105e+03 9.947380582799720816e-01
4.022652055481172283e+03 9.860727082453999426e-01
4.022672975358729218e+03 9.807755853943640467e-01
4.022693895345080819e+03 9.794110023943738419e-01
4.022714815440227085e+03 9.793394342199306379e-01
4.022735735644168471e+03 9.900751111108228031e-01
4.022756655956905888e+03 9.939158030569658075e-01
4.022777576378440244e+03 9.963753070632318520e-01
4.022798496908771085e+03 9.965359851710006156e-01
4.022819417547899320e+03 9.885501653769719344e-01
4.022840338295825859e+03 9.909655296026588234e-01
4.022861259152551156e+03 9.877433576355322264e-01
4.022882180118076576e+03 9.854294552463832568e-01
4.022903101192401209e+03 9.885052002194391063e-01
4.022924022375525965e+03 9.888112196586195113e-01
4.022944943667451753e+03 9.865429766153807067e-01
4.022965865068179482e+03 9.906191782944163693e-01
4.022986786577709609e+03 9.820849850494952626e-01
4.023007708196042131e+03 9.863741023997036894e-01
4.023028629923177505e+03 9.831958144312127335e-01
4.023049551759117094e+03 9.783005504000655828e-01
4.023070473703861353e+03 9.840243294069065394e-01
4.023091395757410282e+03 9.849893504329133576e-01
4.023112317919764791e+03 9.842891876367707571e-01
4.023133240190925335e+03 9.812509625817722458e-01
4.023154162570892368e+03 9.743668234577965714e-01
4.023175085059666799e+03 9.734824618001877150e-01
4.023196007657249083e+03 9.768564624916852290e-01
4.023216930363639676e+03 9.776423886497404014e-01
4.023237853178839487e+03 9.905966225832926186e-01
4.023258776102848515e+03 9.808014153958739545e-01
4.023279699135667670e+03 9.810335418718690859e-01
4.023300622277297407e+03 9.778920157145041259e-01
4.023321545527738181e+03 9.805868520464505744e-01
4.023342468886991355e+03 9.781857176236842255e-01
4.023363392355056021e+03 9.808723775876888595e-01
4.023384315931933997e+03 9.643775304051052100e-01
4.023405239617625284e+03 9.736522488225760608e-01
4.023426163412130791e+03 9.731071851321506649e-01
4.023447087315450972e+03 9.687838756597583201e-01
4.023468011327585828e+03 9.619872764061349057e-01
4.023488935448536267e+03 9.698721139550982029e-01
4.023509859678303656e+03 9.645897964350694798e-01
4.023530784016887992e+03 9.682085824001951391e-01
4.023551708464288822e+03 9.620625949156729195e-01
4.023572633020508420e+03 9.645745528295139870e-01
4.023593557685546330e+03 9.626581411098285024e-01
4.023614482459403462e+03 9.597140144642460902e-01
4.023635407342079816e+03 9.678750074730215758e-01
4.023656332333577211e+03 9.630283872776970178e-01
4.023677257433894738e+03 9.611965591526662189e-01
4.023698182643034215e+03 9.561196127380613419e-01
4.023719107960995188e+03 9.573809161009024793e-01
4.023740033387779022e+03 9.574226002435337612e-01
4.023760958923385260e+03 9.525152062750006365e-01
4.023781884567815723e+03 9.532499086503839480e-01
4.023802810321070410e+03 9.580545568931935208e-01
4.023823736183149322e+03 9.567164874197201518e-01
4.023844662154054276e+03 9.556518298862446414e-01
4.023865588233784820e+03 9.477855178438764350e-01
4.023886514422341861e+03 9.425905780032802772e-01
4.023907440719725400e+03 9.510455015967775871e-01
4.023928367125937712e+03 9.515025603133990817e-01
4.023949293640976975e+03 9.469096549170875621e-01
4.023970220264845921e+03 9.432989844450861971e-01
4.023991146997543638e+03 9.461944088761097271e-01
4.024012073839071036e+03 9.377846320871667807e-01
4.024033000789429479e+03 9.400782143343108244e-01
4.024053927848618514e+03 9.368224397254766300e-01
4.024074855016639503e+03 9.316430500325197928e-01
4.024095782293491993e+03 9.337572379642034015e-01
4.024116709679177347e+03 9.280756361533142318e-01
4.024137637173696476e+03 9.309289556935532728e-01
4.024158564777048923e+03 9.268214094388759206e-01
4.024179492489236054e+03 9.289245155486831607e-01
4.024200420310258323e+03 9.251045681473504256e-01
4.024221348240115276e+03 9.264991110325393464e-01
4.024242276278809186e+03 9.301157038456595583e-01
4.024263204426339144e+03 9.226967408287363170e-01
4.024284132682706513e+03 9.194281108078875553e-01
4.024305061047912204e+03 9.175489752300607371e-01
4.024325989521955762e+03 9.171577068788255849e-01
4.024346918104838551e+03 9.200477894107462751e-01
4.024367846796560571e+03 9.088305188991862016e-01
4.024388775597122276e+03 9.129828635900879563e-01
4.024409704506525031e+03 9.140249936830633359e-01
4.024430633524768837e+03 9.067762765797009461e-01
4.024451562651854601e+03 9.081777621253528388e-01
4.024472491887782780e+03 9.107065810212088275e-01
4.024493421232553374e+03 9.105103153024322049e-01
4.024514350686167745e+03 8.982118585008841416e-01
4.024535280248626350e+03 8.935868495777942178e-01
4.024556209919929188e+03 8.913083988292553883e-01
4.024577139700077169e+03 8.941125669300499235e-01
4.024598069589070747e+03 8.986781644344380426e-01
4.024618999586910832e+03 8.982569824800260561e-01
4.024639929693597878e+03 8.960687014790905680e-01
4.024660859909132341e+03 8.921705977984258906e-01
4.024681790233514221e+03 8.925000886603334793e-01
4.024702720666744881e+03 8.926982949036731396e-01
4.024723651208825231e+03 8.907988128514621184e-01
4.024744581859754817e+03 8.801856360076256713e-01
4.024765512619535002e+03 8.832011647987829672e-01
4.024786443488165332e+03 8.803074797886168978e-01
4.024807374465647172e+03 8.763602242853772983e-01
4.024828305551981430e+03 8.743745059098821937e-01
4.024849236747167652e+03 8.704406349767805917e-01
4.024870168051207202e+03 8.686891333555529782e-01
4.024891099464100989e+03 8.750427332957305682e-01
4.024912030985848105e+03 8.729891595133583149e-01
4.024932962616449913e+03 8.652275400831184182e-01
4.024953894355907778e+03 8.516747714000764136e-01
4.024974826204220790e+03 8.561495063240385228e-01
4.024995758161391223e+03 8.553458809082368219e-01
4.025016690227418167e+03 8.546004276871844718e-01
4.025037622402302986e+03 8.528523198440272068e-01
4.025058554686045227e+03 8.536602758156964788e-01
4.025079487078646707e+03 8.559067524679941918e-01
4.025100419580107427e+03 8.527509563536136428e-01
4.025121352190428297e+03 8.496253871005715608e-01
4.025142284909609316e+03 8.460976987023230977e-01
4.025163217737651394e+03 8.423298334653998021e-01
4.025184150674554530e+03 8.442262755910769911e-01
4.025205083720320545e+03 8.443827105824995849e-01
4.025226016874948982e+03 8.432380157952017452e-01
4.025246950138440752e+03 8.360720177161541367e-01
4.025267883510795855e+03 8.344736240780126213e-01
4.025288816992016109e+03 8.355112884914683846e-01
4.025309750582101060e+03 8.281630104542522242e-01
4.025330684281051163e+03 8.275174027041525271e-01
4.025351618088868236e+03 8.248695182584935282e-01
4.025372552005551370e+03 8.294745677967639841e-01
4.025393486031101475e+03 8.197098993969682557e-01
4.025414420165519914e+03 8.146794936390567843e-01
4.025435354408806234e+03 8.158575041967420782e-01
4.025456288760961797e+03 8.148027687357162208e-01
4.025477223221986605e+03 8.116186917598743333e-01
4.025498157791881567e+03 8.071087594382545527e-01
4.025519092470647593e+03 8.133289927191365010e-01
4.025540027258284226e+03 8.135886787618847871e-01
4.025560962154792833e+03 8.112968798420518990e-01
4.025581897160173867e+03 8.102094280470736321e-01
4.025602832274427328e+03 8.029772016178465810e-01
4.025623767497554581e+03 8.097168086196140369e-01
4.025644702829556081e+03 8.044401273002282915e-01
4.025665638270431828e+03 7.970712198070635246e-01
4.025686573820182730e+03 7.953246668407392139e-01
4.025707509478810152e+03 8.033708689823654270e-01
4.025728445246312731e+03 8.018794956762917980e-01
4.025749381122692739e+03 7.982090413192328704e-01
4.025770317107949722e+03 8.041522784016564840e-01
4.025791253202085045e+03 7.982471599939005014e-01
4.025812189405099161e+03 7.984450653700319034e-01
4.025833125716992072e+03 7.914456378929872749e-01
4.025854062137764686e+03 7.977531078075142945e-01
4.025874998667417458e+03 7.939248275992402126e-01
4.025895935305951298e+03 7.936115180689458093e-01
4.025916872053366205e+03 8.016785118978094760e-01
4.025937808909663090e+03 7.954621258886991342e-01
4.025958745874842862e+03 7.871986585372716672e-01
4.025979682948905520e+03 7.865397698397388337e-01
4.026000620131851974e+03 7.807462963207263407e-01
4.026021557423682225e+03 7.824811879067657960e-01
4.026042494824397636e+03 7.884557847312939627e-01
4.026063432333998207e+03 7.925606509738196692e-01
4.026084369952484394e+03 7.922762422088223122e-01
4.026105307679857560e+03 7.854730631715587386e-01
4.026126245516117706e+03 7.820378622984982542e-01
4.026147183461265286e+03 7.840660228956142230e-01
4.026168121515301209e+03 7.864430746909041314e-01
4.026189059678225931e+03 7.922114309988610437e-01
4.026209997950039451e+03 7.857407755087695289e-01
4.026230936330743589e+03 7.801554572311738545e-01
4.026251874820337434e+03 7.863573212400730705e-01
4.026272813418822807e+03 7.874491673454052654e-01
4.026293752126199252e+03 7.908535058713848098e-01
4.026314690942468587e+03 7.899661616697615241e-01
4.026335629867630360e+03 7.839727650494376920e-01
4.026356568901685023e+03 7.844436062547334165e-01
4.026377508044633942e+03 7.960718326680193968e-01
4.026398447296476661e+03 7.860947125317192530e-01
4.026419386657215000e+03 7.847912460483350561e-01
4.026440326126848959e+03 7.856052822730007490e-01
4.026461265705378537e+03 7.874652019453874940e-01
4.026482205392804644e+03 7.834517142918272503e-01
4.026503145189128645e+03 7.823717554457751966e-01
4.026524085094350085e+03 7.876981551044371921e-01
4.026545025108469872e+03 7.936425426732519606e-01
4.026565965231488917e+03 8.014788100820742223e-01
4.026586905463407220e+03 7.947704459258596588e-01
4.026607845804225235e+03 7.940879472890649549e-01
4.026628786253944327e+03 7.962747236796777761e-01
4.026649726812564495e+03 7.995900665196818968e-01
4.026670667480086649e+03 8.076110082133116652e-01
4.026691608256510790e+03 8.048434552161557454e-01
4.026712549141837826e+03 8.029183903092476093e-01
4.026733490136069122e+03 8.058758044930132147e-01
4.026754431239203313e+03 8.045462674100826161e-01
4.026775372451243129e+03 8.070027842472734525e-01
4.026796313772187204e+03 8.105206942483494936e-01
4.026817255202037359e+03 8.148123992307326757e-01
4.026838196740794046e+03 8.145496793717006412e-01
4.026859138388457723e+03 8.180591581159614156e-01
4.026880080145028387e+03 8.111332589808556426e-01
4.026901022010506949e+03 8.162055907889311790e-01
4.026921963984894319e+03 8.231944727628227598e-01
4.026942906068190950e+03 8.269125401667116737e-01
4.026963848260396844e+03 8.268161076312593449e-01
4.026984790561513364e+03 8.336785176854892843e-01
4.027005732971540510e+03 8.366785908282273754e-01
4.027026675490479192e+03 8.346451411987512170e-01
4.027047618118329865e+03 8.333813580312054992e-01
4.027068560855093438e+03 8.347433259396023209e-01
4.027089503700769455e+03 8.363406356163165523e-01
4.027110446655359283e+03 8.355195622624643770e-01
4.027131389718863829e+03 8.447060117855220707e-01
4.027152332891282185e+03 8.496136168855097370e-01
4.027173276172617079e+03 8.460233954236806575e-01
4.027194219562867147e+03 8.475082261977978648e-01
4.027215163062033753e+03 8.544491167865877479e-01
4.027236106670117351e+03 8.562049994803172526e-01
4.027257050387118852e+03 8.618955598913820015e-01
4.027277994213038710e+03 8.632876476140559641e-01
4.027298938147876925e+03 8.676799025617744077e-01
4.027319882191634406e+03 8.629163175402857489e-01
4.027340826344312063e+03 8.635539627616376501e-01
4.027361770605910351e+03 8.638922244301119324e-01
4.027382714976429270e+03 8.661685320706952185e-01
4.027403659455870184e+03 8.702397124561711550e-01
4.027424604044233092e+03 8.744928685736421681e-01
4.027445548741518451e+03 8.804702741802904464e-01
4.027466493547727623e+03 8.738364078116339639e-01
4.027487438462860155e+03 8.816837253595102286e-01
4.027508383486916955e+03 8.753291675335921340e-01
4.027529328619899388e+03 8.820160541736765669e-01
4.027550273861807000e+03 8.907689137121959089e-01
4.027571219212641154e+03 8.943904314880799511e-01
4.027592164672401395e+03 8.945223314372112711e-01
4.027613110241089089e+03 8.997736508692314450e-01
4.027634055918704689e+03 8.990500269218374418e-01
4.027655001705248651e+03 8.947953975430411599e-01
4.027675947600721429e+03 8.944075354223691710e-01
4.027696893605123933e+03 8.944835939372401956e-01
4.027717839718456617e+03 9.077200638268485555e-01
4.027738785940719936e+03 9.067282466958643816e-01
4.027759732271913890e+03 9.082533187356717219e-01
4.027780678712040299e+03 9.124585767267667791e-01
4.027801625261098707e+03 9.135419351165553481e-01
4.027822571919090024e+03 9.145882343600320041e-01
4.027843518686015159e+03 9.203868264789994980e-01
4.027864465561874567e+03 9.261384557813114871e-01
4.027885412546668249e+03 9.231356788781777123e-01
4.027906359640397113e+03 9.200132808911162252e-01
4.027927306843061615e+03 9.194746963617816959e-01
4.027948254154662663e+03 9.152708935424499481e-01
4.027969201575200259e+03 9.274307863960826737e-01
4.027990149104675311e+03 9.320057505704452128e-01
4.028011096743088729e+03 9.329366317489902194e-01
4.028032044490440967e+03 9.369078607867719066e-01
4.028052992346731571e+03 9.372743383237329695e-01
4.028073940311961906e+03 9.368488625555700944e-01
4.028094888386133334e+03 9.399322069911698607e-01
4.028115836569245403e+03 9.418739220003353729e-01
4.028136784861298565e+03 9.408673628702556302e-01
4.028157733262293732e+03 9.384004292426972871e-01
4.028178681772231357e+03 9.419900401378498156e-01
4.028199630391112350e+03 9.412772089791002772e-01
4.028220579118937621e+03 9.393661961309112129e-01
4.028241527955705806e+03 9.462211191112902542e-01
4.028262476901419632e+03 9.497796941895684242e-01
4.028283425956079100e+03 9.484148007971809902e-01
4.028304375119683755e+03 9.536840877071910416e-01
4.028325324392235416e+03 9.558802847114441503e-01
4.028346273773734083e+03 9.484539389895350059e-01
4.028367223264180666e+03 9.595894847019874607e-01
4.028388172863575164e+03 9.506615712688949449e-01
4.028409122571918033e+03 9.677664688167501028e-01
4.028430072389210636e+03 9.682694776191117514e-01
4.028451022315453429e+03 9.657334554169441088e-01
4.028471972350646411e+03 9.626743507615826978e-01
4.028492922494790491e+03 9.616232426129645017e-01
4.028513872747886126e+03 9.644201796608399269e-01
4.028534823109934223e+03 9.557551375793328363e-01
4.028555773580934783e+03 9.611911025391628449e-01
4.028576724160888716e+03 9.660580320227856177e-01
4.028597674849796931e+03 9.676424182414983255e-01
4.028618625647658973e+03 9.663035577510380447e-01
4.028639576554476662e+03 9.783078438680233857e-01
4.028660527570249087e+03 9.745041018782618636e-01
4.028681478694978523e+03 9.609889937341634658e-01
4.028702429928664515e+03 9.688659105089146850e-01
4.028723381271307517e+03 9.805829289098063617e-01
4.028744332722907984e+03 9.770421073740678253e-01
4.028765284283467736e+03 9.838820813942475985e-01
4.028786235952985862e+03 9.773819124377410850e-01
4.028807187731463728e+03 9.617921024424940235e-01
4.028828139618901787e+03 9.691913906366370624e-01
4.028849091615300495e+03 9.822800241612753558e-01
4.028870043720660306e+03 9.817789989643349591e-01
4.028890995934981675e+03 9.823847601254082074e-01
4.028911948258266420e+03 9.853532584850118736e-01
4.028932900690513634e+03 9.832955560103706638e-01
4.028953853231723770e+03 9.833677173986430375e-01
4.028974805881898646e+03 9.850563133734780985e-01
4.028995758641037810e+03 9.752368937060194032e-01
4.029016711509142624e+03 9.699831908965309557e-01
4.029037664486213089e+03 9.776731313251250111e-01
4.029058617572249659e+03 9.763064090734853151e-01
4.029079570767253244e+03 9.886305843089813195e-01
4.029100524071223845e+03 9.792043059077856215e-01
4.029121477484163279e+03 9.836204412637307160e-01
4.029142431006071092e+03 9.868195398090079395e-01
4.029163384636947740e+03 9.832083004101868084e-01
4.029184338376794585e+03 9.817346541562556039e-01
4.029205292225611629e+03 9.778351261678718265e-01
4.029226246183399326e+03 9.859851059879415347e-01
4.029247200250159040e+03 9.857094062995882533e-01
4.029268154425890316e+03 9.799107419627548499e-01
4.029289108710594064e+03 9.955787472755612821e-01
4.029310063104271194e+03 9.841957007435311322e-01
4.029331017606922160e+03 9.784129663428456913e-01
4.029351972218546962e+03 9.857187150559483246e-01
4.029372926939146964e+03 9.866741632300087828e-01
4.029393881768722622e+03 9.810202069874692787e-01
4.029414836707273935e+03 9.872039693414347283e-01
4.029435791754801812e+03 9.990859866083481311e-01
4.029456746911306709e+03 9.963258988048800946e-01
4.029477702176789080e+03 9.968890779303013483e-01
4.029498657551250290e+03 1.002621938967319659e+00
4.029519613034690337e+03 9.828503907934813544e-01
4.029540568627109224e+03 9.749440831741363889e-01
4.029561524328508312e+03 9.911269536549768278e-01
4.029582480138888059e+03 9.881760368684443518e-01
4.029603436058248917e+03 9.794927144566473176e-01
4.029624392086591342e+03 9.816421029234290163e-01
4.029645348223915789e+03 9.834909138709447829e-01
4.029666304470223167e+03 9.888254536988196897e-01
4.029687260825513931e+03 9.961562280984076478e-01
4.029708217289788536e+03 9.821520953139682986e-01
4.029729173863047436e+03 9.852141717693766454e-01
4.029750130545291540e+03 9.832088835647136982e-01
4.029771087336521305e+03 9.922809968140605674e-01
4.029792044236737638e+03 9.957465500827560323e-01
4.029813001245940086e+03 9.888824977279743189e-01
4.029833958364130467e+03 9.846215255118766496e-01
4.029854915591308327e+03 9.849008598468527165e-01
4.029875872927475029e+03 9.857276511915122885e-01
4.029896830372630120e+03 9.838560537807354844e-01
4.029917787926775418e+03 9.809218113931083005e-01
4.029938745589910468e+03 9.906208169905326155e-01
4.029959703362036180e+03 9.911124934430931566e-01
4.029980661243153463e+03 9.967594372334689368e-01
4.030001619233262318e+03 9.883598589111274313e-01
4.030022577332364108e+03 9.847061902300070502e-01
4.030043535540458379e+03 9.965698539491442132e-01
4.030064493857546495e+03 9.903102590686578832e-01
4.030085452283628456e+03 9.911192976032886515e-01
4.030106410818705172e+03 9.959278728176632622e-01
4.030127369462777551e+03 9.862684201423232988e-01
4.030148328215845140e+03 9.887122756048204453e-01
4.030169287077909303e+03 9.890495308581707112e-01
4.030190246048970494e+03 9.964275999626246438e-01
4.030211205129029167e+03 9.922425302438305783e-01
4.030232164318086234e+03 9.910662903952358604e-01
4.030253123616141693e+03 9.936590061575186761e-01
4.030274083023196454e+03 9.896964384024879990e-01
4.030295042539250971e+03 9.888157862269181253e-01
4.030316002164305701e+03 9.923885078457722608e-01
4.030336961898361551e+03 9.868870224707640970e-01
4.030357921741418977e+03 9.848222855773257622e-01
4.030378881693477979e+03 9.910980538714430077e-01
4.030399841754539921e+03 9.850952443350954324e-01
4.030420801924605257e+03 9.967997593506823240e-01
4.030441762203674443e+03 9.844584253206629665e-01
4.030462722591747479e+03 9.952294320086864099e-01
4.030483683088825273e+03 9.912825376501390728e-01
4.030504643694909191e+03 9.946884773732372897e-01
4.030525604409998778e+03 1.001249313040456945e+00
4.030546565234094942e+03 1.001248037325969120e+00
4.030567526167198139e+03 9.974762903637396372e-01
4.030588487209309278e+03 9.943329396292692746e-01
4.030609448360428814e+03 9.934507975165077776e-01
4.030630409620557202e+03 9.968087744589267940e-01
4.030651370989694897e+03 9.986927860762447873e-01
4.030672332467842352e+03 9.906356689898343504e-01
4.030693294055000479e+03 9.944931392702311967e-01
4.030714255751169731e+03 9.932448144166272641e-01
4.030735217556351017e+03 9.886493448681353824e-01
4.030756179470543884e+03 9.964875027695974108e-01
4.030777141493750150e+03 9.928799895471845938e-01
4.030798103625969816e+03 9.930993015564489879e-01
4.030819065867203335e+03 9.970182346765139592e-01
4.030840028217451163e+03 9.918974838070389044e-01
4.030860990676714209e+03 9.900629268627733071e-01
4.030881953244992928e+03 9.914561618677049104e-01
4.030902915922288230e+03 9.915725641965007497e-01
4.030923878708600114e+03 9.950425170767496219e-01
4.030944841603929035e+03 9.873011877079085341e-01
4.030965804608275903e+03 9.975776179456092851e-01
4.030986767721641627e+03 9.917025664682614927e-01
4.031007730944026207e+03 9.883227079912032531e-01
4.031028694275430553e+03 9.926455378566620968e-01
4.031049657715855574e+03 9.950955939646111137e-01
4.031070621265300815e+03 1.002977145266995995e+00
4.031091584923767186e+03 1.006248622817964122e+00
4.031112548691255597e+03 9.951859501514874751e-01
4.031133512567766502e+03 1.001424210778750101e+00
4.031154476553300356e+03 1.007665006069287328e+00
4.031175440647858068e+03 9.933442581936556826e-01
4.031196404851439638e+03 9.912223565490079213e-01
4.031217369164046431e+03 9.909978406819068830e-01
4.031238333585678447e+03 9.932286491291844044e-01
4.031259298116336140e+03 9.931426785286364689e-01
4.031280262756020420e+03 9.899763772444403198e-01
4.031301227504731287e+03 9.906351010270467716e-01
4.031322192362470105e+03 9.940624018600535683e-01
4.031343157329236874e+03 9.964691221597222759e-01
4.031364122405032049e+03 9.988690673879132564e-01
4.031385087589856994e+03 9.974831409493226664e-01
4.031406052883711254e+03 9.961498594515735272e-01
4.031427018286596649e+03 9.903634368468708926e-01
4.031447983798512723e+03 9.968844568960777419e-01
4.031468949419460387e+03 9.940195815195556062e-01
4.031489915149439639e+03 9.907391728628671679e-01
4.031510880988452300e+03 1.000471754524456136e+00
4.031531846936497459e+03 1.002047098928650293e+00
4.031552812993576936e+03 9.978988348310958711e-01
4.031573779159690730e+03 9.983786831236589610e-01
4.031594745434839297e+03 9.924409414750472447e-01
4.031615711819023090e+03 9.860333165275679823e-01
4.031636678312243930e+03 9.943568880520629039e-01
4.031657644914500452e+03 9.968009581327927915e-01
4.031678611625794929e+03 9.988985461102061203e-01
4.031699578446126907e+03 1.000067891931706976e+00
4.031720545375496840e+03 9.863282814803990828e-01
4.031741512413906094e+03 9.969021841669619688e-01
4.031762479561354667e+03 1.002999140770731046e+00
4.031783446817843469e+03 9.982888185558140837e-01
4.031804414183372501e+03 9.997651745432026837e-01
4.031825381657943126e+03 1.002904028400981806e+00
4.031846349241555345e+03 1.000338801088944019e+00
4.031867316934209612e+03 1.000576166021645008e+00
4.031888284735906836e+03 1.001886937177783210e+00
4.031909252646647928e+03 9.936869513358703720e-01
4.031930220666432888e+03 9.882799372930524129e-01
4.031951188795261714e+03 9.949738156186335170e-01
4.031972157033136227e+03 9.932901686503807781e-01
4.031993125380056881e+03 9.958310014557142376e-01
4.032014093836023676e+03 9.959726604204073297e-01
4.032035062401036612e+03 9.895237476232092710e-01
4.032056031075097508e+03 9.914998396205156883e-01
4.032076999858206364e+03 1.001006545463862141e+00
4.032097968750364089e+03 9.942950567031219045e-01
4.032118937751570684e+03 9.828385847258520602e-01
4.032139906861826148e+03 9.972546803061196341e-01
4.032160876081133210e+03 9.957163876517682866e-01
4.032181845409490052e+03 9.896756750387359913e-01
4.032202814846898946e+03 9.977195324806694687e-01
4.032223784393359438e+03 9.950556965066211790e-01
4.032244754048872437e+03 9.916914142748417538e-01
4.032265723813438399e+03 9.950255852662294176e-01
4.032286693687058687e+03 9.908081956421357361e-01
4.032307663669732392e+03 9.953650480675404477e-01
4.032328633761461333e+03 1.004201801514435166e+00
4.032349603962245510e+03 9.972863129502115287e-01
4.032370574272085832e+03 9.886538425872312130e-01
4.032391544690981846e+03 9.902411848501005975e-01
4.032412515218935823e+03 9.978844930542970504e-01
4.032433485855947310e+03 9.966799718906883543e-01
4.032454456602016762e+03 9.998323999541069984e-01
4.032475427457145088e+03 9.969170700413927388e-01
4.032496398421332742e+03 9.820622283591498025e-01
4.032517369494580180e+03 9.930000759571064872e-01
4.032538340676887856e+03 9.985740573295034395e-01
4.032559311968256679e+03 9.971073222080423237e-01
4.032580283368687560e+03 9.934737862802565100e-01
4.032601254878180498e+03 9.921177441814936770e-01
4.032622226496735493e+03 9.996390541004384067e-01
4.032643198224354364e+03 9.981708818672310191e-01
4.032664170061037112e+03 9.938774341115084177e-01
4.032685142006783735e+03 9.967515199364143097e-01
4.032706114061596054e+03 9.953726736113129858e-01
4.032727086225473613e+03 9.932317159093192460e-01
4.032748058498417322e+03 9.974888237260773893e-01
4.032769030880427636e+03 9.915314137018326202e-01
4.032790003371505463e+03 9.894132521247550605e-01
4.032810975971650805e+03 9.934776749725248157e-01
4.032831948680865025e+03 9.986469478866135674e-01
4.032852921499147669e+03 1.001854373443951562e+00
4.032873894426500101e+03 9.963520950645117225e-01
4.032894867462922321e+03 9.882809193132412462e-01
4.032915840608416147e+03 9.932496962133487983e-01
4.032936813862980216e+03 9.978335129379417578e-01
4.032957787226616347e+03 9.967761025089180160e-01
4.032978760699324994e+03 9.928151177427804175e-01
4.032999734281106612e+03 9.934191764712844153e-01
4.033020707971961656e+03 9.981099370630698298e-01
4.033041681771891035e+03 1.002220219327169204e+00
4.033062655680894750e+03 9.984609808046976953e-01
4.033083629698973709e+03 9.969146793780234717e-01
4.033104603826128823e+03 9.966769424695093305e-01
4.033125578062359637e+03 9.979729653539857193e-01
4.033146552407667514e+03 9.978182465438081294e-01
4.033167526862052910e+03 9.895812514822059924e-01
4.033188501425516733e+03 9.937382029397020533e-01
4.033209476098058531e+03 9.935444235966036652e-01
4.033230450879680120e+03 9.976702414715847844e-01
4.033251425770381047e+03 9.978183879832092096e-01
4.033272400770162221e+03 9.854365845038923766e-01
4.033293375879024552e+03 9.901454792596235954e-01
4.033314351096968039e+03 9.883905720823223939e-01
4.033335326423994047e+03 9.978180657978403811e-01
4.033356301860102576e+03 1.005985132973421070e+00
4.033377277405294080e+03 1.004145592585709457e+00
4.033398253059569015e+03 9.982543968584908223e-01
4.033419228822928744e+03 9.928008337667009187e-01
4.033440204695372813e+03 9.982524604173944605e-01
4.033461180676902586e+03 9.952739244861285028e-01
4.033482156767518063e+03 9.959797789382754951e-01
4.033503132967220154e+03 9.915227190933411094e-01
4.033524109276009767e+03 9.951172935907801609e-01
4.033545085693886904e+03 9.836462512846387840e-01
4.033566062220852018e+03 9.928369058525019497e-01
4.033587038856906474e+03 9.955435206187810415e-01
4.033608015602049818e+03 9.966967639592279049e-01
4.033628992456283413e+03 9.997107051836739977e-01
4.033649969419607714e+03 1.003832763313473375e+00
4.033670946492022267e+03 1.004094935681863143e+00
4.033691923673529345e+03 9.967449013567036831e-01
4.033712900964128494e+03 9.959923154792366118e-01
4.033733878363820168e+03 9.963325297051323082e-01
4.033754855872604821e+03 9.999323098195490589e-01
4.033775833490483819e+03 9.972445840637178538e-01
4.033796811217457616e+03 1.003712334394329053e+00
4.033817789053526667e+03 9.939057063529281866e-01
4.033838766998690517e+03 9.941943651350058087e-01
4.033859745052950984e+03 9.956155276297591339e-01
4.033880723216308525e+03 9.952185067188537015e-01
4.033901701488762683e+03 1.004308564036540119e+00
4.033922679870315278e+03 1.002910558362661630e+00
4.033943658360966310e+03 9.955786168790192736e-01
4.033964636960716234e+03 9.965849054227764459e-01
4.033985615669565959e+03 9.858585439967931796e-01
4.034006594487515486e+03 9.938287548397194415e-01
4.034027573414566177e+03 1.010342906624356107e+00
4.034048552450717580e+03 1.002374456386305290e+00
4.034069531595971057e+03 9.999776553341644947e-01
4.034090510850327519e+03 1.005076208175881947e+00
4.034111490213786510e+03 1.002642647737926440e+00
4.034132469686349395e+03 9.987766796542115744e-01
4.034153449268016175e+03 9.981010701392046824e-01
4.034174428958787303e+03 1.001341407582192922e+00
4.034195408758664598e+03 1.005275271850125440e+00
4.034216388667646697e+03 1.002624143964457648e+00
4.034237368685735873e+03 9.997286770825948299e-01
4.034258348812932127e+03 1.005217469812031528e+00
4.034279329049235457e+03 1.004410132970280811e+00
4.034300309394647229e+03 9.980863167333595687e-01
4.034321289849167897e+03 9.946428794482672364e-01
4.034342270412797461e+03 1.007100857005822414e+00
4.034363251085536831e+03 1.001637172402657372e+00
4.034384231867386461e+03 9.961073906915554055e-01
4.034405212758347261e+03 1.002603823881523359e+00
4.034426193758419686e+03 1.000602486419206016e+00
4.034447174867603735e+03 9.926797168348872047e-01
4.034468156085900773e+03 9.957040382501889386e-01
4.034489137413310800e+03 1.000913251843685181e+00
4.034510118849835180e+03 9.984021289088417239e-01
4.034531100395473459e+03 9.969232729615651323e-01
4.034552082050227000e+03 9.970450291056780490e-01
4.034573063814095804e+03 9.978170063804079337e-01
4.034594045687080779e+03 1.002118796560709235e+00
4.034615027669181927e+03 1.002819092743931328e+00
4.034636009760400611e+03 9.985699684232901552e-01
4.034656991960736832e+03 9.960760338039887918e-01
4.034677974270191498e+03 9.988973091801782722e-01
4.034698956688765520e+03 1.002405776185425701e+00
4.034719939216458442e+03 1.003091048185630330e+00
4.034740921853271175e+03 9.995123729201884633e-01
4.034761904599205081e+03 9.993017328955396961e-01
4.034782887454260162e+03 1.001054274502934049e+00
4.034803870418436418e+03 9.992912849242648887e-01
4.034824853491735666e+03 9.999071099447872646e-01
4.034845836674157454e+03 9.999446677134189443e-01
4.034866819965702689e+03 1.000821973939749920e+00
4.034887803366371827e+03 9.937818886706287769e-01
4.034908786876165777e+03 9.935090199944232037e-01
4.034929770495084540e+03 1.000678551830729512e+00
4.034950754223129479e+03 9.961835752410914679e-01
4.034971738060300140e+03 9.970226899572024459e-01
4.034992722006597887e+03 1.004317129735161851e+00
4.035013706062023175e+03 1.009276722209027755e+00
4.035034690226576004e+03 1.002605346678869358e+00
4.035055674500257737e+03 9.975952913903922692e-01
4.035076658883068831e+03 9.972813575243212325e-01
4.035097643375009284e+03 9.927000063498612192e-01
4.035118627976079551e+03 9.939606872025744666e-01
4.035139612686280998e+03 9.933491326022694246e-01
4.035160597505614078e+03 1.000675818599503497e+00
4.035181582434078791e+03 9.930208324993312630e-01
4.035202567471676502e+03 9.909895940757699195e-01
4.035223552618406757e+03 9.936809973403448737e-01
4.035244537874270918e+03 9.969531308159559346e-01
4.035265523239268987e+03 9.996347222054052795e-01
4.035286508713402327e+03 9.991787870956848616e-01
4.035307494296670484e+03 1.003800919888614418e+00
4.035328479989074822e+03 1.000599940285012535e+00
4.035349465790615795e+03 1.002409033068779154e+00
4.035370451701293860e+03 1.011566767485303497e+00
4.035391437721109014e+03 9.995851506728306024e-01
4.035412423850063078e+03 9.929731269086361500e-01
4.035433410088155142e+03 1.006874476258549755e+00
4.035454396435387480e+03 9.985054796308224789e-01
4.035475382891758727e+03 9.896913289860193030e-01
4.035496369457271157e+03 1.000036486753588472e+00
4.035517356131924316e+03 1.002614127722676773e+00
4.035538342915719113e+03 1.002306928417192822e+00
4.035559329808656003e+03 9.982480011287617749e-01
4.035580316810735894e+03 9.977991772417703631e-01
4.035601303921958788e+03 1.000368346236734984e+00
4.035622291142325139e+03 9.985778347549155720e-01
4.035643278471836766e+03 9.971955283534360559e-01
4.035664265910492759e+03 1.000013597448120795e+00
4.035685253458294937e+03 1.000352657727449968e+00
4.035706241115242392e+03 9.975678692067440068e-01
4.035727228881337396e+03 9.945436763715784778e-01
4.035748216756579495e+03 9.959987725176929763e-01
4.035769204740969144e+03 1.004909958882689747e+00
4.035790192834507252e+03 1.000752639659790111e+00
4.035811181037194729e+03 9.989195894363901429e-01
4.035832169349031119e+03 1.000436485810205722e+00
4.035853157770018242e+03 1.000193939587367575e+00
4.035874146300155644e+03 9.986944341345781462e-01
4.035895134939444233e+03 9.953168326063395188e-01
4.035916123687884919e+03 1.000413777725017495e+00
4.035937112545477703e+03 1.005358577322891689e+00
4.035958101512223493e+03 9.987548685085111400e-01
4.035979090588123199e+03 9.923537928855772350e-01
4.036000079773176367e+03 9.923100256819562537e-01
4.036021069067384360e+03 9.957525097360601096e-01
4.036042058470748088e+03 1.000758289224425557e+00
4.036063047983267097e+03 1.001701304295717021e+00
4.036084037604942750e+03 9.979160763051643235e-01
4.036105027335775048e+03 1.003566513759981405e+00
4.036126017175764900e+03 9.968766383623057781e-01
4.036147007124912761e+03 9.981394747418164126e-01
4.036167997183219541e+03 9.983683611029259275e-01
4.036188987350685238e+03 1.000739750281357532e+00
4.036209977627310764e+03 9.974756894161928011e-01
4.036230968013097026e+03 9.941321382612200441e-01
4.036251958508043572e+03 9.955558712086831630e-01
4.036272949112151764e+03 9.970348623802269827e-01
4.036293939825421603e+03 9.999000217536857527e-01
4.036314930647854908e+03 1.000321067425584687e+00
4.036335921579450769e+03 1.003328575966825120e+00
4.036356912620210551e+03 1.003586251589042355e+00
4.036377903770134708e+03 1.005728473004180668e+00
4.036398895029223695e+03 9.948260436006597374e-01
4.036419886397477512e+03 1.001238728449831195e+00
4.036440877874897978e+03 1.004137247023733082e+00
4.036461869461485094e+03 1.002474912375934224e+00
4.036482861157239313e+03 9.994657248461191745e-01
4.036503852962161091e+03 9.984800167470544441e-01
4.036524844876250881e+03 1.002667891686949364e+00
4.036545836899510050e+03 1.004198016324138187e+00
4.036566829031938141e+03 9.982158228639236297e-01
4.036587821273536520e+03 9.967177350782026046e-01
4.036608813624305640e+03 1.000818427180756309e+00
4.036629806084245502e+03 9.980852604315021415e-01
4.036650798653357015e+03 9.991017534921775578e-01
4.036671791331641089e+03 9.997690852340789247e-01
4.036692784119097269e+03 1.001858373810357028e+00
4.036713777015727374e+03 1.007271877781453773e+00
4.036734770021531858e+03 1.002805252147530357e+00
4.036755763136510268e+03 1.003535740316924052e+00
4.036776756360663967e+03 1.007124858271996715e+00
4.036797749693993410e+03 1.007088206330917446e+00
4.036818743136498597e+03 1.006338205818586795e+00
4.036839736688180892e+03 1.004718296158929602e+00
4.036860730349040750e+03 1.001026504221755431e+00
4.036881724119078171e+03 9.997593206741589578e-01
4.036902717998294520e+03 9.986428811919424442e-01
4.036923711986689796e+03 9.981926667254696905e-01
4.036944706084264908e+03 1.004108568883895325e+00
4.036965700291019402e+03 9.989902527928884446e-01
4.036986694606955098e+03 1.002336271552970226e+00
4.037007689032072449e+03 1.001819833541126137e+00
4.037028683566371456e+03 9.999547930602745716e-01
4.037049678209852573e+03 1.000776271040646703e+00
4.037070672962517165e+03 1.002997954658997326e+00
4.037091667824365231e+03 1.003034615132309959e+00
4.037112662795397682e+03 9.976818900024748693e-01
4.037133657875614517e+03 9.989296035236915339e-01
4.037154653065017555e+03 1.004034899972432449e+00
4.037175648363604978e+03 1.006810051998402233e+00
4.037196643771379968e+03 1.008846357334730159e+00
4.037217639288341616e+03 1.006346968911147499e+00
4.037238634914490831e+03 9.996896744509519150e-01
4.037259630649828068e+03 9.957816299173968266e-01
4.037280626494354692e+03 9.963349114255077854e-01
4.037301622448069793e+03 1.010474605326592279e+00
4.037322618510975190e+03 9.967550232159229084e-01
4.037343614683070882e+03 9.922712734446150762e-01
4.037364610964357780e+03 1.000698100126637957e+00
4.037385607354835884e+03 1.011328192512236601e+00
4.037406603854506102e+03 9.997485383020594529e-01
4.037427600463368890e+03 9.960490992971156032e-01
4.037448597181425612e+03 9.998940136307932214e-01
4.037469594008675358e+03 1.000274747285968990e+00
4.037490590945119948e+03 9.947945999918134108e-01
4.037511587990759381e+03 9.934619602909139369e-01
4.037532585145594567e+03 1.002757934245003035e+00
4.037553582409625506e+03 1.008775029931695988e+00
4.037574579782853561e+03 1.000609814841521672e+00
4.037595577265278280e+03 9.903285916353253837e-01
4.037616574856901025e+03 9.967329246487258709e-01
4.037637572557722251e+03 9.965331034689746126e-01
4.037658570367742414e+03 9.976880979771554081e-01
4.037679568286961967e+03 1.001059798652314425e+00
4.037700566315381820e+03 1.004957250880998298e+00
4.037721564453001974e+03 1.003664891196696329e+00
4.037742562699823793e+03 1.004518713539166885e+00
4.037763561055846822e+03 1.000998027861055295e+00
4.037784559521072424e+03 9.991514681281056243e-01
4.037805558095501056e+03 1.003554830333142966e+00
4.037826556779133170e+03 1.002857021244405455e+00
4.037847555571969224e+03 9.960853801871469848e-01
4.037868554474010125e+03 9.972444294819736710e-01
4.037889553485255874e+03 1.002326298529147675e+00
4.037910552605707835e+03 1.001062144451190905e+00
4.037931551835365553e+03 1.003396901532523255e+00
4.037952551174230393e+03 9.968890303774431416e-01
4.037973550622302810e+03 9.941711350640664024e-01
4.037994550179583257e+03 1.008745492114807130e+00
4.038015549846071735e+03 9.982695314445451107e-01
4.038036549621770064e+03 1.003461939276411696e+00
4.038057549506677788e+03 1.005391355906485096e+00
4.038078549500796271e+03 1.005314547228524091e+00
4.038099549604124604e+03 9.971442623609367839e-01
4.038120549816665516e+03 9.982612836681036272e-01
4.038141550138417642e+03 1.007567848180322523e+00
4.038162550569382802e+03 1.008105914396624003e+00
4.038183551109560995e+03 1.006313753157489721e+00
4.038204551758952675e+03 1.008224322995012745e+00
4.038225552517558754e+03 1.007870445783971336e+00
4.038246553385379684e+03 1.004884865914159375e+00
4.038267554362415922e+03 9.977381109551661797e-01
4.038288555448668376e+03 1.005595370229545260e+00
4.038309556644137501e+03 1.003803081203614500e+00
4.038330557948823298e+03 9.977990242010075228e-01
4.038351559362726675e+03 9.998889442066517530e-01
4.038372560885848998e+03 1.007780822559642075e+00
4.038393562518189810e+03 1.001109940245352048e+00
4.038414564259749568e+03 9.974281833871818659e-01
4.038435566110529635e+03 9.980481892285104628e-01
4.038456568070530011e+03 9.999082522267408457e-01
4.038477570139751606e+03 9.980463514585773410e-01
4.038498572318195329e+03 1.001420574123571328e+00
4.038519574605860726e+03 1.002863764573840299e+00
4.038540577002749160e+03 9.991814731707205910e-01
4.038561579508861087e+03 1.003994570707956280e+00
4.038582582124196051e+03 1.007298732557488696e+00
4.038603584848756327e+03 1.008297196033382415e+00
4.038624587682541915e+03 1.003856851543100337e+00
4.038645590625552359e+03 9.963965068744268239e-01
4.038666593677789479e+03 1.004210451960904749e+00
4.038687596839253274e+03 1.002352020655294940e+00
4.038708600109944200e+03 1.000683946676708347e+00
4.038729603489863621e+03 1.006626482171292025e+00
4.038750606979011081e+03 9.981909502581084448e-01
4.038771610577387037e+03 1.011161611883058420e+00
4.038792614284993761e+03 1.013728500092499596e+00
4.038813618101829434e+03 1.005962703978024564e+00
4.038834622027896785e+03 1.005875041379707069e+00
4.038855626063195359e+03 1.010098906084480941e+00
4.038876630207725611e+03 1.011697064979969030e+00
4.038897634461487996e+03 1.003386222940953587e+00
4.038918638824483423e+03 9.978627622245662687e-01
4.038939643296712802e+03 1.008941654295492540e+00
4.038960647878176587e+03 1.008801418526209304e+00
4.038981652568874779e+03 1.003451354036776877e+00
4.039002657368807832e+03 9.981011820979674987e-01
4.039023662277977110e+03 9.953935172389740682e-01
4.039044667296383068e+03 1.005037499845530924e+00
4.039065672424025706e+03 1.001660607511199563e+00
4.039086677660905934e+03 1.000609180766795170e+00
4.039107683007024661e+03 1.001066786724703173e+00
4.039128688462381888e+03 1.004395825672003362e+00
4.039149694026978068e+03 1.008592852423608743e+00
4.039170699700814112e+03 1.008270665721380688e+00
4.039191705483890473e+03 1.003958583713577601e+00
4.039212711376208063e+03 1.004423964884143983e+00
4.039233717377767789e+03 1.007483861087016042e+00
4.039254723488568743e+03 1.004391548332651762e+00
4.039275729708612744e+03 1.000172957765267601e+00
4.039296736037899791e+03 1.001592041102712827e+00
4.039317742476430794e+03 1.005067984240561874e+00
4.039338749024206209e+03 1.002059028727977363e+00
4.039359755681226034e+03 1.003313062491569596e+00
4.039380762447492089e+03 1.009528594796830214e+00
4.039401769323003919e+03 1.002789654415744636e+00
4.039422776307762433e+03 1.001496313007440353e+00
4.039443783401768087e+03 1.003033545164793372e+00
4.039464790605021335e+03 1.005085980638698029e+00
4.039485797917523541e+03 1.006733027834737282e+00
4.039506805339274706e+03 1.008007718831243960e+00
4.039527812870274374e+03 1.004219305913732541e+00
4.039548820510525275e+03 1.003029777630384034e+00
4.039569828260026043e+03 1.005914327355234006e+00
4.039590836118778043e+03 1.003146416833349042e+00
4.039611844086782185e+03 1.003970715021757387e+00
4.039632852164038468e+03 1.006812467133686884e+00
4.039653860350547802e+03 1.000130595432927816e+00
4.039674868646310188e+03 1.005110781414316534e+00
4.039695877051326534e+03 9.999718918415768654e-01
4.039716885565598204e+03 9.976436434850441959e-01
