# Corrected for radial velocity of 20.55 km/s
# 
# star name zetOri, line HEIHEII4026
# instrument: HERMES spectrograph @Mercator
# date of observation (midpoint)2018-10-15T06:16:00.872652
# BJD of observation (midpoint)2458406.7635159
# name of fits file: 00898175_HRF_OBJ_ext_CosmicsRemoved_log_merged_c.fits
# 
# wavelength(Angstrom,air) normalised_flux
4.013729201773125169e+03 1.008587486408536682e+00
4.013750075247213317e+03 1.000972512692184679e+00
4.013770948829855570e+03 9.962266417662234419e-01
4.013791822521051017e+03 1.005787351854428691e+00
4.013812696320799660e+03 1.000100660761413573e+00
4.013833570229103771e+03 9.951755017323994368e-01
4.013854444245962441e+03 1.001248620740131878e+00
4.013875318371377489e+03 9.945746650953647405e-01
4.013896192605348460e+03 9.937717423982926901e-01
4.013917066947875810e+03 9.885012466824140143e-01
4.013937941398961357e+03 9.984154086806971140e-01
4.013958815958604646e+03 9.975786037393051808e-01
4.013979690626806132e+03 9.864539512653782705e-01
4.014000565403567634e+03 9.987817712645152834e-01
4.014021440288887334e+03 1.000137584836856997e+00
4.014042315282768413e+03 1.007991169748594151e+00
4.014063190385209964e+03 1.003496170283846745e+00
4.014084065596212895e+03 9.902360731247658032e-01
4.014104940915777661e+03 1.000262959471125424e+00
4.014125816343904717e+03 1.009861498900743060e+00
4.014146691880595426e+03 9.922281513827279076e-01
4.014167567525849790e+03 9.961309276986507477e-01
4.014188443279667354e+03 1.004832320062166051e+00
4.014209319142050390e+03 1.000131571750590087e+00
4.014230195112998899e+03 9.979970528854055223e-01
4.014251071192512882e+03 1.010384895229569979e+00
4.014271947380593701e+03 1.001536130574782080e+00
4.014292823677241358e+03 9.986135176046572193e-01
4.014313700082456307e+03 9.980954630944620654e-01
4.014334576596239458e+03 9.980955050672006834e-01
4.014355453218591720e+03 9.980747252278224790e-01
4.014376329949513092e+03 9.997208202382712461e-01
4.014397206789004031e+03 1.001702760932648761e+00
4.014418083737065444e+03 9.948596658308517249e-01
4.014438960793698243e+03 9.901015971183962927e-01
4.014459837958901971e+03 9.917557703095375432e-01
4.014480715232677994e+03 1.000255599557414721e+00
4.014501592615026766e+03 1.004093154315198522e+00
4.014522470105948742e+03 9.905057819304357025e-01
4.014543347705444376e+03 9.850216920436892787e-01
4.014564225413514123e+03 1.002782117103621751e+00
4.014585103230159348e+03 9.989810138751624713e-01
4.014605981155380050e+03 9.980407012917836829e-01
4.014626859189176230e+03 1.005927887555373212e+00
4.014647737331549251e+03 1.005560843858081421e+00
4.014668615582500024e+03 9.974797380798301472e-01
4.014689493942028093e+03 1.001323352087309937e+00
4.014710372410134369e+03 1.000709326473930627e+00
4.014731250986819305e+03 1.003092488330404652e+00
4.014752129672083811e+03 1.003222520251015881e+00
4.014773008465928797e+03 1.000040106598180767e+00
4.014793887368353808e+03 9.981543519038797996e-01
4.014814766379359753e+03 1.005316780930187281e+00
4.014835645498947997e+03 1.002675562281983623e+00
4.014856524727118085e+03 9.957076647263718439e-01
4.014877404063871381e+03 9.949824777677040988e-01
4.014898283509207431e+03 9.912592620627491691e-01
4.014919163063128053e+03 1.000552564025302127e+00
4.014940042725632793e+03 1.011448486365329691e+00
4.014960922496722560e+03 9.964638322980911012e-01
4.014981802376398264e+03 9.855194477688898891e-01
4.015002682364660359e+03 9.986481237592959026e-01
4.015023562461508845e+03 1.004417779147589673e+00
4.015044442666944633e+03 9.936676289112055249e-01
4.015065322980968631e+03 9.974105082819297863e-01
4.015086203403580839e+03 1.002508009880976658e+00
4.015107083934782622e+03 9.993580513453378389e-01
4.015127964574573070e+03 1.001799642444414662e+00
4.015148845322954458e+03 9.993982839726335277e-01
4.015169726179926329e+03 9.994590538647748490e-01
4.015190607145489139e+03 1.002060953744026817e+00
4.015211488219644252e+03 1.001552369840796652e+00
4.015232369402391669e+03 9.938350845166419312e-01
4.015253250693731843e+03 1.002710373917851117e+00
4.015274132093665685e+03 1.003996862713524729e+00
4.015295013602193649e+03 1.012150158418280377e+00
4.015315895219316189e+03 9.974550857572330731e-01
4.015336776945034217e+03 1.007160297917347069e+00
4.015357658779348185e+03 1.005002149654947718e+00
4.015378540722258094e+03 1.000990781567077104e+00
4.015399422773765309e+03 9.833559439007957259e-01
4.015420304933869829e+03 9.959848736778308398e-01
4.015441187202572564e+03 1.005017863372819287e+00
4.015462069579873969e+03 9.940359214821906653e-01
4.015482952065774043e+03 1.003807453356417190e+00
4.015503834660274151e+03 9.896192681215854048e-01
4.015524717363374748e+03 9.893783412912237063e-01
4.015545600175076288e+03 9.992408834117058047e-01
4.015566483095378771e+03 1.002265114357210773e+00
4.015587366124284017e+03 1.002165062359739789e+00
4.015608249261791570e+03 9.947882244593011514e-01
4.015629132507901886e+03 9.974154057405474338e-01
4.015650015862616328e+03 1.002600149740489943e+00
4.015670899325934897e+03 1.002500049011358696e+00
4.015691782897858047e+03 1.003753819169200812e+00
4.015712666578387598e+03 9.945381696830603024e-01
4.015733550367522184e+03 9.907683296053995115e-01
4.015754434265263171e+03 1.000510566635842036e+00
4.015775318271611923e+03 9.984820424758641400e-01
4.015796202386567984e+03 1.001889616502205094e+00
4.015817086610132264e+03 9.996093257201580373e-01
4.015837970942305674e+03 1.002573749533227199e+00
4.015858855383087757e+03 1.001184058622207163e+00
4.015879739932480334e+03 1.013581482837569547e+00
4.015900624590483403e+03 1.006566831760788094e+00
4.015921509357097420e+03 9.914019036896664083e-01
4.015942394232322840e+03 9.943401496107322490e-01
4.015963279216161027e+03 1.009971605142083506e+00
4.015984164308611525e+03 1.008675535050844729e+00
4.016005049509675246e+03 1.011232705070930882e+00
4.016025934819353097e+03 1.006955774473828225e+00
4.016046820237645079e+03 1.016055258111850490e+00
4.016067705764552557e+03 1.006153904412909306e+00
4.016088591400075074e+03 9.973840887625039509e-01
4.016109477144213997e+03 9.993272680271561015e-01
4.016130362996969779e+03 1.002571772125549820e+00
4.016151248958342876e+03 1.001874446322946088e+00
4.016172135028333287e+03 1.000694539814538819e+00
4.016193021206942376e+03 1.001445847103482389e+00
4.016213907494171053e+03 1.003833554937921368e+00
4.016234793890018409e+03 9.957535644372424999e-01
4.016255680394486262e+03 1.007565245884500138e+00
4.016276567007574613e+03 9.978569010703918218e-01
4.016297453729283916e+03 9.917661323258547545e-01
4.016318340559615081e+03 9.996458562316322682e-01
4.016339227498569016e+03 1.009559682161347949e+00
4.016360114546146178e+03 1.008911705795457303e+00
4.016381001702346111e+03 1.003047365328873175e+00
4.016401888967170180e+03 9.958436675123956139e-01
4.016422776340619293e+03 9.980344556479656681e-01
4.016443663822692997e+03 1.001740113323989378e+00
4.016464551413392655e+03 9.959733359502780381e-01
4.016485439112718723e+03 9.904795045037696477e-01
4.016506326920671654e+03 1.001422401255761319e+00
4.016527214837251904e+03 1.010200881713586796e+00
4.016548102862460382e+03 1.001592856520755248e+00
4.016568990996297543e+03 1.003820257846958386e+00
4.016589879238763388e+03 1.005077407647784193e+00
4.016610767589858824e+03 9.996752489178014622e-01
4.016631656049585217e+03 9.983969836401835884e-01
4.016652544617942112e+03 1.001714461656725730e+00
4.016673433294930419e+03 9.979859369208100572e-01
4.016694322080550137e+03 9.940975689486758471e-01
4.016715210974803085e+03 9.967402802387650418e-01
4.016736099977688809e+03 9.925912788972431899e-01
4.016756989089208219e+03 1.005678798838062660e+00
4.016777878309361768e+03 9.971222015429453966e-01
4.016798767638150366e+03 9.989587281549384690e-01
4.016819657075574014e+03 1.010901095375750902e+00
4.016840546621634076e+03 1.005226942433131043e+00
4.016861436276330096e+03 9.933560642863050738e-01
4.016882326039662985e+03 1.003237972433727698e+00
4.016903215911634106e+03 9.988767849978770208e-01
4.016924105892243006e+03 1.000435259637622254e+00
4.016944995981490592e+03 1.001239874999521495e+00
4.016965886179377776e+03 1.003123873531597043e+00
4.016986776485904556e+03 9.970032397503438837e-01
4.017007666901072298e+03 9.880621022260118735e-01
4.017028557424880091e+03 1.009265633858315248e+00
4.017049448057330210e+03 1.013604307385849390e+00
4.017070338798422199e+03 9.918642595257662897e-01
4.017091229648156968e+03 9.968912005638318474e-01
4.017112120606534972e+03 9.982362033326083184e-01
4.017133011673556666e+03 9.908966200623905429e-01
4.017153902849222959e+03 1.000755965918660451e+00
4.017174794133534306e+03 1.006577970483615969e+00
4.017195685526490706e+03 9.958297868287938615e-01
4.017216577028093525e+03 9.935606955338823765e-01
4.017237468638342762e+03 1.000527024886600502e+00
4.017258360357239326e+03 1.002577607537338045e+00
4.017279252184783672e+03 1.013605147078390889e+00
4.017300144120976256e+03 9.989683879445837578e-01
4.017321036165817532e+03 9.995235071569945617e-01
4.017341928319308863e+03 1.002087631262923439e+00
4.017362820581450251e+03 9.999334581771025521e-01
4.017383712952242149e+03 9.933448154153582399e-01
4.017404605431684558e+03 1.005621575095839937e+00
4.017425498019779297e+03 1.007268270818735711e+00
4.017446390716525912e+03 1.001827650785476864e+00
4.017467283521926220e+03 1.012435196955672412e+00
4.017488176435979312e+03 9.972417742551470399e-01
4.017509069458686554e+03 9.977759478757598499e-01
4.017529962590047944e+03 9.938264986904844500e-01
4.017550855830064847e+03 9.988863720179848027e-01
4.017571749178737264e+03 1.005086885633719840e+00
4.017592642636066557e+03 1.000295631217107406e+00
4.017613536202051819e+03 9.956170199241213270e-01
4.017634429876694867e+03 1.000153262995568948e+00
4.017655323659995702e+03 1.004615469775116177e+00
4.017676217551955233e+03 1.009632427919409547e+00
4.017697111552573915e+03 1.005932259315489130e+00
4.017718005661852203e+03 9.999441476943866647e-01
4.017738899879790097e+03 1.001629557267079029e+00
4.017759794206389870e+03 1.002213476304454787e+00
4.017780688641649704e+03 9.905341245022237784e-01
4.017801583185572781e+03 9.934757574180336226e-01
4.017822477838157283e+03 1.002119772677789289e+00
4.017843372599405029e+03 1.002170140947897803e+00
4.017864267469316928e+03 1.009742057366663781e+00
4.017885162447892526e+03 1.006318249993883418e+00
4.017906057535132732e+03 1.013542620049155518e+00
4.017926952731038455e+03 1.004146751844142482e+00
4.017947848035610150e+03 9.958518429983092002e-01
4.017968743448847817e+03 1.002066014483418366e+00
4.017989638970752821e+03 1.007898758234062164e+00
4.018010534601325617e+03 1.001504874854310723e+00
4.018031430340566203e+03 1.004352411653854471e+00
4.018052326188475490e+03 1.004060979149960620e+00
4.018073222145053933e+03 1.001124446808610235e+00
4.018094118210301986e+03 9.959122618988882625e-01
4.018115014384221013e+03 9.902945994000876828e-01
4.018135910666810560e+03 9.885654307525498785e-01
4.018156807058071990e+03 1.002977964326961402e+00
4.018177703558005305e+03 1.005515739788903851e+00
4.018198600166611413e+03 9.960851632547945700e-01
4.018219496883890315e+03 1.007260678033506940e+00
4.018240393709843374e+03 1.001530690180379990e+00
4.018261290644470591e+03 9.949430915571417788e-01
4.018282187687772876e+03 9.990699210779648842e-01
4.018303084839750227e+03 9.941419365629475813e-01
4.018323982100404010e+03 1.000442957310740066e+00
4.018344879469734678e+03 9.913384830212181864e-01
4.018365776947741779e+03 1.014289996738309219e+00
4.018386674534426675e+03 1.008359632237670889e+00
4.018407572229790276e+03 1.005545187623914538e+00
4.018428470033832582e+03 9.899635707974433485e-01
4.018449367946554048e+03 9.990395013901841592e-01
4.018470265967955584e+03 1.015619200855524928e+00
4.018491164098038098e+03 9.921936688042746200e-01
4.018512062336801591e+03 9.999740226869420212e-01
4.018532960684246518e+03 9.996385358072155114e-01
4.018553859140373788e+03 9.950987688206692772e-01
4.018574757705184311e+03 9.942969728244519523e-01
4.018595656378677177e+03 9.980204505024493633e-01
4.018616555160854659e+03 1.006488364588421280e+00
4.018637454051716759e+03 1.004924577028013077e+00
4.018658353051263930e+03 9.996698074274552592e-01
4.018679252159496173e+03 1.005342040764535261e+00
4.018700151376415306e+03 9.949422825201463816e-01
4.018721050702020875e+03 9.980280134314059026e-01
4.018741950136313790e+03 1.002828743639246678e+00
4.018762849679294959e+03 1.013345765874763327e+00
4.018783749330963929e+03 1.002157349464467107e+00
4.018804649091322517e+03 1.000787945161805803e+00
4.018825548960370270e+03 1.001394049535937469e+00
4.018846448938108551e+03 9.974934313537542341e-01
4.018867349024537361e+03 1.001060207651502054e+00
4.018888249219657155e+03 1.016711943170864441e+00
4.018909149523469296e+03 9.949587302080574736e-01
4.018930049935973784e+03 9.898429355422936338e-01
4.018950950457171530e+03 1.006001491936322934e+00
4.018971851087062532e+03 1.006939575600124481e+00
4.018992751825647247e+03 1.001764315015531981e+00
4.019013652672927037e+03 1.002060173178298541e+00
4.019034553628901904e+03 1.003695514849751502e+00
4.019055454693573211e+03 1.003624390299527658e+00
4.019076355866940048e+03 9.948198490329951404e-01
4.019097257149004236e+03 1.001414996845101602e+00
4.019118158539765773e+03 1.010073549761141054e+00
4.019139060039225569e+03 9.963377924070573322e-01
4.019159961647384080e+03 9.970694456734414679e-01
4.019180863364241759e+03 1.005165356257885279e+00
4.019201765189799062e+03 1.000477134882756802e+00
4.019222667124056443e+03 9.942344055929174251e-01
4.019243569167015266e+03 9.996575506139031564e-01
4.019264471318675078e+03 1.004671792747022119e+00
4.019285373579037241e+03 9.993080318102580684e-01
4.019306275948101757e+03 1.006542256853503181e+00
4.019327178425869988e+03 1.009756197487064577e+00
4.019348081012341481e+03 9.989743617600077563e-01
4.019368983707517145e+03 1.002975733320992768e+00
4.019389886511397890e+03 1.006092238057083366e+00
4.019410789423984170e+03 1.000220735429661278e+00
4.019431692445275985e+03 1.006320384583154981e+00
4.019452595575274700e+03 1.006613437083893281e+00
4.019473498813980768e+03 1.000400820894000509e+00
4.019494402161394191e+03 9.902798136234469695e-01
4.019515305617515878e+03 9.991335933634966082e-01
4.019536209182346283e+03 1.002517103968904699e+00
4.019557112855886771e+03 1.004882181205654756e+00
4.019578016638135978e+03 1.009402787928606493e+00
4.019598920529097086e+03 1.002584294972037160e+00
4.019619824528768277e+03 9.998042326906211308e-01
4.019640728637151369e+03 9.974873039588917356e-01
4.019661632854246363e+03 1.002276483798524742e+00
4.019682537180054624e+03 1.007425857729381979e+00
4.019703441614576150e+03 9.989406802206796110e-01
4.019724346157811851e+03 1.000240050904036559e+00
4.019745250809761274e+03 1.006902368659639446e+00
4.019766155570426235e+03 1.006965950508249552e+00
4.019787060439806282e+03 1.005412795376783519e+00
4.019807965417903233e+03 1.002367955734765337e+00
4.019828870504716633e+03 1.011830029337821735e+00
4.019849775700247392e+03 1.001379331276831985e+00
4.019870681004495964e+03 9.955066913365239190e-01
4.019891586417462804e+03 9.943650615035096729e-01
4.019912491939148822e+03 1.001167366800095992e+00
4.019933397569554472e+03 1.017399595933160095e+00
4.019954303308679755e+03 1.002704960389813715e+00
4.019975209156526034e+03 9.952694898608972496e-01
4.019996115113093765e+03 9.998432981510826378e-01
4.020017021178382947e+03 9.899880970107551859e-01
4.020037927352394945e+03 9.958995227840218289e-01
4.020058833635129304e+03 1.010472066904752886e+00
4.020079740026587842e+03 1.001184563363271218e+00
4.020100646526770106e+03 9.941960604006080393e-01
4.020121553135677004e+03 9.968001654665296085e-01
4.020142459853309447e+03 9.963888343141819037e-01
4.020163366679667433e+03 1.002246969771615204e+00
4.020184273614751419e+03 9.992262270348157838e-01
4.020205180658562767e+03 9.915237826614832217e-01
4.020226087811101479e+03 1.002737848363183693e+00
4.020246995072368009e+03 9.986744729692506040e-01
4.020267902442363265e+03 1.002718542612877961e+00
4.020288809921087704e+03 9.935298259908857954e-01
4.020309717508542235e+03 9.929590198747768603e-01
4.020330625204726402e+03 9.923831767411978033e-01
4.020351533009642026e+03 9.958542533102340277e-01
4.020372440923288650e+03 9.969244741465719262e-01
4.020393348945667640e+03 9.989651764783086252e-01
4.020414257076778540e+03 9.893257965431000445e-01
4.020435165316623170e+03 1.009759921804643801e+00
4.020456073665201529e+03 1.013430908573149880e+00
4.020476982122513618e+03 9.943970379053964637e-01
4.020497890688561256e+03 9.868509431632380702e-01
4.020518799363343987e+03 1.003033628254623721e+00
4.020539708146862722e+03 1.000571623553078826e+00
4.020560617039117915e+03 1.010212622872749710e+00
4.020581526040110020e+03 9.907459595441617806e-01
4.020602435149839948e+03 9.920747362857404994e-01
4.020623344368307698e+03 1.001326034258998243e+00
4.020644253695514635e+03 9.948005796807048995e-01
4.020665163131461213e+03 9.953263159046273900e-01
4.020686072676147433e+03 9.967508251406188569e-01
4.020706982329574203e+03 9.999139915049601868e-01
4.020727892091741523e+03 9.967689668054240393e-01
4.020748801962651214e+03 9.899187279258284677e-01
4.020769711942302365e+03 1.002794555706017166e+00
4.020790622030696341e+03 9.994033776870901997e-01
4.020811532227834050e+03 9.924746854838233379e-01
4.020832442533715493e+03 9.892619751659418315e-01
4.020853352948341126e+03 9.960854184077213569e-01
4.020874263471712311e+03 1.002491076728716068e+00
4.020895174103828595e+03 9.949798611533238191e-01
4.020916084844691341e+03 9.974987607281252666e-01
4.020936995694300549e+03 9.907301013951214097e-01
4.020957906652656675e+03 9.888944049045661489e-01
4.020978817719761537e+03 9.854154261666894232e-01
4.020999728895614226e+03 9.895339743947609845e-01
4.021020640180215651e+03 9.967911137891275475e-01
4.021041551573566721e+03 1.004098292587758845e+00
4.021062463075668347e+03 9.967747745093009648e-01
4.021083374686520528e+03 9.899494063849296754e-01
4.021104286406123265e+03 9.951652578226825030e-01
4.021125198234478376e+03 1.001355515964791332e+00
4.021146110171585860e+03 9.958498425685461397e-01
4.021167022217446174e+03 9.936247443228549692e-01
4.021187934372059772e+03 9.961676820281017974e-01
4.021208846635427562e+03 9.930895478101707807e-01
4.021229759007550001e+03 9.945581678967417849e-01
4.021250671488427542e+03 9.967250838269775537e-01
4.021271584078060641e+03 9.950587048844672378e-01
4.021292496776450662e+03 9.985638842736274112e-01
4.021313409583597149e+03 1.003038956567070095e+00
4.021334322499501013e+03 9.992311435920500085e-01
4.021355235524163618e+03 1.010959996936518612e+00
4.021376148657584054e+03 1.006082595567981297e+00
4.021397061899763230e+03 1.000594182160492007e+00
4.021417975250703421e+03 9.822666650540652356e-01
4.021438888710402807e+03 9.804387155522562569e-01
4.021459802278863208e+03 9.921728701863843369e-01
4.021480715956085078e+03 9.963250368424911851e-01
4.021501629742069326e+03 9.978886697396657235e-01
4.021522543636815499e+03 9.962134534502478100e-01
4.021543457640325414e+03 9.934383161323148137e-01
4.021564371752598618e+03 9.819038730562564821e-01
4.021585285973636019e+03 1.001630237246904809e+00
4.021606200303438072e+03 1.003375840638123018e+00
4.021627114742006142e+03 9.867649529946556086e-01
4.021648029289339775e+03 9.832263063359975019e-01
4.021668943945439423e+03 9.984734432619479794e-01
4.021689858710306453e+03 9.961155602822442390e-01
4.021710773583941318e+03 9.962884427555251943e-01
4.021731688566344019e+03 9.941223819487166047e-01
4.021752603657515920e+03 9.937088436872940633e-01
4.021773518857457020e+03 9.986777984997085023e-01
4.021794434166167775e+03 9.804760062668399501e-01
4.021815349583649549e+03 9.772172460563194329e-01
4.021836265109901888e+03 9.894281127050427171e-01
4.021857180744925699e+03 9.908588469565405843e-01
4.021878096488721894e+03 9.854971963675458468e-01
4.021899012341290927e+03 9.925824706374024586e-01
4.021919928302633252e+03 9.916256573189792256e-01
4.021940844372748870e+03 9.857351855353391201e-01
4.021961760551639145e+03 9.783071460377179562e-01
4.021982676839304986e+03 9.864729408949138856e-01
4.022003593235745939e+03 9.932314976967787645e-01
4.022024509740962912e+03 1.001396510549342089e+00
4.022045426354956362e+03 9.882313499001862400e-01
4.022066343077727197e+03 9.908318359507806150e-01
4.022087259909276327e+03 9.868935515178223206e-01
4.022108176849603296e+03 9.920098188698420749e-01
4.022129093898709471e+03 9.896206401964600108e-01
4.022150011056594849e+03 9.916870083152551363e-01
4.022170928323260796e+03 9.841694714185680315e-01
4.022191845698707311e+03 9.920159711679520376e-01
4.022212763182934850e+03 9.924650196922515377e-01
4.022233680775943867e+03 9.952740978394933880e-01
4.022254598477735271e+03 9.898470859591490534e-01
4.022275516288309973e+03 9.838068918075605351e-01
4.022296434207667971e+03 9.981902834881564157e-01
4.022317352235810176e+03 9.957105117743053624e-01
4.022338270372736588e+03 9.903918092529856443e-01
4.022359188618448570e+03 9.781788734127819795e-01
4.022380106972945669e+03 9.824485101107360840e-01
4.022401025436229702e+03 9.864517831605591480e-01
4.022421944008300670e+03 9.785320779606861974e-01
4.022442862689158574e+03 9.942098689782367105e-01
4.022463781478804322e+03 9.814826063534113354e-01
4.022484700377239278e+03 9.831858782976452549e-01
4.022505619384462989e+03 9.884230024791996749e-01
4.022526538500476363e+03 9.833728133934811488e-01
4.022547457725280310e+03 9.730722030713884196e-01
4.022568377058874830e+03 9.822107282041105947e-01
4.022589296501260378e+03 9.873076304779606627e-01
4.022610216052438773e+03 9.827777117683337282e-01
4.022631135712409105e+03 9.886703472868592080e-01
4.022652055481172283e+03 9.787291916201905639e-01
4.022672975358729218e+03 9.751589017310227092e-01
4.022693895345080819e+03 9.850367118786420573e-01
4.022714815440227085e+03 9.917908278823664991e-01
4.022735735644168471e+03 9.899914558296155631e-01
4.022756655956905888e+03 9.840889219740470706e-01
4.022777576378440244e+03 9.821738017037137114e-01
4.022798496908771085e+03 9.833995345685115907e-01
4.022819417547899320e+03 9.802260892216902999e-01
4.022840338295825859e+03 9.828729143446861549e-01
4.022861259152551156e+03 9.770893453245306226e-01
4.022882180118076576e+03 9.740362856010402748e-01
4.022903101192401209e+03 9.788197276396709556e-01
4.022924022375525965e+03 9.678601365125139022e-01
4.022944943667451753e+03 9.827239212542766555e-01
4.022965865068179482e+03 9.818413670573545859e-01
4.022986786577709609e+03 9.761293786653343352e-01
4.023007708196042131e+03 9.795229030554190031e-01
4.023028629923177505e+03 9.829398321356992430e-01
4.023049551759117094e+03 9.893858898910959931e-01
4.023070473703861353e+03 9.692553229264545545e-01
4.023091395757410282e+03 9.630124937561411747e-01
4.023112317919764791e+03 9.715402379177180414e-01
4.023133240190925335e+03 9.736333815153256355e-01
4.023154162570892368e+03 9.672886262278390657e-01
4.023175085059666799e+03 9.811854429238617836e-01
4.023196007657249083e+03 9.839325004485084403e-01
4.023216930363639676e+03 9.745433460823726968e-01
4.023237853178839487e+03 9.654338513173820191e-01
4.023258776102848515e+03 9.683238553461227527e-01
4.023279699135667670e+03 9.737760360948358729e-01
4.023300622277297407e+03 9.723020719212047691e-01
4.023321545527738181e+03 9.693726889424253423e-01
4.023342468886991355e+03 9.720911203451640947e-01
4.023363392355056021e+03 9.669098203975040606e-01
4.023384315931933997e+03 9.678359017847751877e-01
4.023405239617625284e+03 9.617879401764279912e-01
4.023426163412130791e+03 9.643077149333940667e-01
4.023447087315450972e+03 9.562340436692817747e-01
4.023468011327585828e+03 9.648566144294584701e-01
4.023488935448536267e+03 9.679315407635521451e-01
4.023509859678303656e+03 9.657277540434532348e-01
4.023530784016887992e+03 9.641716231788028946e-01
4.023551708464288822e+03 9.567025560487453228e-01
4.023572633020508420e+03 9.516456377837170244e-01
4.023593557685546330e+03 9.597743268075968892e-01
4.023614482459403462e+03 9.565233743621218698e-01
4.023635407342079816e+03 9.517759095662489122e-01
4.023656332333577211e+03 9.577700376425477558e-01
4.023677257433894738e+03 9.497261847425977344e-01
4.023698182643034215e+03 9.530008889309988795e-01
4.023719107960995188e+03 9.609297175710601602e-01
4.023740033387779022e+03 9.550415873445169401e-01
4.023760958923385260e+03 9.512085036796414927e-01
4.023781884567815723e+03 9.587413666194222195e-01
4.023802810321070410e+03 9.613865022073492250e-01
4.023823736183149322e+03 9.480038201734578562e-01
4.023844662154054276e+03 9.497049319285517655e-01
4.023865588233784820e+03 9.469756667681082929e-01
4.023886514422341861e+03 9.417712722860811514e-01
4.023907440719725400e+03 9.376877081971441985e-01
4.023928367125937712e+03 9.414173183831940905e-01
4.023949293640976975e+03 9.281918014982630805e-01
4.023970220264845921e+03 9.319193655811817134e-01
4.023991146997543638e+03 9.406657562248104121e-01
4.024012073839071036e+03 9.318031974944065432e-01
4.024033000789429479e+03 9.389924140934279295e-01
4.024053927848618514e+03 9.310821760702246985e-01
4.024074855016639503e+03 9.360624973565321305e-01
4.024095782293491993e+03 9.153883137301513928e-01
4.024116709679177347e+03 9.128170063189549044e-01
4.024137637173696476e+03 9.301416347094774162e-01
4.024158564777048923e+03 9.272251008172545106e-01
4.024179492489236054e+03 9.242913952655841259e-01
4.024200420310258323e+03 9.238491716052116276e-01
4.024221348240115276e+03 9.257619975105099153e-01
4.024242276278809186e+03 9.259208285721520770e-01
4.024263204426339144e+03 9.192702097405899275e-01
4.024284132682706513e+03 9.261732602368301093e-01
4.024305061047912204e+03 9.263825635879369136e-01
4.024325989521955762e+03 9.164080545148427515e-01
4.024346918104838551e+03 9.109847550510947745e-01
4.024367846796560571e+03 9.213175296800490965e-01
4.024388775597122276e+03 9.223553345057202701e-01
4.024409704506525031e+03 9.062762672939308484e-01
4.024430633524768837e+03 9.051802000878105270e-01
4.024451562651854601e+03 9.000847566803721334e-01
4.024472491887782780e+03 9.010808069023333866e-01
4.024493421232553374e+03 9.069420330128643570e-01
4.024514350686167745e+03 9.012042202686488812e-01
4.024535280248626350e+03 9.016972810429634277e-01
4.024556209919929188e+03 8.930982537321817682e-01
4.024577139700077169e+03 9.057082472238723314e-01
4.024598069589070747e+03 8.955109773966385411e-01
4.024618999586910832e+03 8.946482193420927098e-01
4.024639929693597878e+03 8.923970362337479978e-01
4.024660859909132341e+03 8.887877410320068616e-01
4.024681790233514221e+03 8.993718451663416102e-01
4.024702720666744881e+03 8.886982742175795202e-01
4.024723651208825231e+03 8.895149697160588120e-01
4.024744581859754817e+03 8.869250232643376419e-01
4.024765512619535002e+03 8.885830320385007530e-01
4.024786443488165332e+03 8.871113679053649337e-01
4.024807374465647172e+03 8.776586099179244371e-01
4.024828305551981430e+03 8.861630872962955596e-01
4.024849236747167652e+03 8.809664573934763432e-01
4.024870168051207202e+03 8.862753741615970737e-01
4.024891099464100989e+03 8.827254682972497379e-01
4.024912030985848105e+03 8.769670702007953400e-01
4.024932962616449913e+03 8.748487154244710684e-01
4.024953894355907778e+03 8.757594290757277911e-01
4.024974826204220790e+03 8.695898614137033134e-01
4.024995758161391223e+03 8.691859597952614758e-01
4.025016690227418167e+03 8.731028533669412672e-01
4.025037622402302986e+03 8.688692308954268917e-01
4.025058554686045227e+03 8.590286632178721904e-01
4.025079487078646707e+03 8.545627403959711321e-01
4.025100419580107427e+03 8.536451227267641828e-01
4.025121352190428297e+03 8.575260765258593265e-01
4.025142284909609316e+03 8.522272690832036757e-01
4.025163217737651394e+03 8.529756871228385551e-01
4.025184150674554530e+03 8.550122723962459981e-01
4.025205083720320545e+03 8.552078571393221251e-01
4.025226016874948982e+03 8.432303884939893468e-01
4.025246950138440752e+03 8.433797570798158283e-01
4.025267883510795855e+03 8.410929954419092969e-01
4.025288816992016109e+03 8.409006592693102355e-01
4.025309750582101060e+03 8.279099980043753693e-01
4.025330684281051163e+03 8.406161946377681549e-01
4.025351618088868236e+03 8.390235337839789809e-01
4.025372552005551370e+03 8.330236228781184860e-01
4.025393486031101475e+03 8.295599895420652237e-01
4.025414420165519914e+03 8.277994749910461136e-01
4.025435354408806234e+03 8.328553541810559402e-01
4.025456288760961797e+03 8.277831179370634951e-01
4.025477223221986605e+03 8.215778278134251433e-01
4.025498157791881567e+03 8.237092033864396035e-01
4.025519092470647593e+03 8.227982280084394917e-01
4.025540027258284226e+03 8.278189010283227844e-01
4.025560962154792833e+03 8.212288144879011931e-01
4.025581897160173867e+03 8.165305704778096363e-01
4.025602832274427328e+03 8.126502424093537957e-01
4.025623767497554581e+03 8.126744369315100913e-01
4.025644702829556081e+03 8.055653974025159814e-01
4.025665638270431828e+03 8.121174371163445427e-01
4.025686573820182730e+03 8.126615205479623683e-01
4.025707509478810152e+03 8.037388430510258308e-01
4.025728445246312731e+03 8.044894855437195735e-01
4.025749381122692739e+03 8.089921136477427055e-01
4.025770317107949722e+03 8.049967710163242751e-01
4.025791253202085045e+03 7.945039990885665038e-01
4.025812189405099161e+03 7.951654975934270286e-01
4.025833125716992072e+03 7.991012934674419643e-01
4.025854062137764686e+03 7.958618297160415800e-01
4.025874998667417458e+03 7.978219945908511246e-01
4.025895935305951298e+03 7.984199866250576427e-01
4.025916872053366205e+03 7.964456513820697969e-01
4.025937808909663090e+03 7.945522293875155739e-01
4.025958745874842862e+03 7.964048513906341054e-01
4.025979682948905520e+03 7.940347777869506407e-01
4.026000620131851974e+03 7.950366518303835228e-01
4.026021557423682225e+03 7.910043194028066882e-01
4.026042494824397636e+03 7.877292135786732041e-01
4.026063432333998207e+03 7.899015792039807415e-01
4.026084369952484394e+03 7.862992013490905929e-01
4.026105307679857560e+03 7.895273497950472397e-01
4.026126245516117706e+03 7.999699977879695112e-01
4.026147183461265286e+03 7.892086414241881176e-01
4.026168121515301209e+03 7.810643582537352136e-01
4.026189059678225931e+03 7.943563449908946916e-01
4.026209997950039451e+03 7.949767787253856355e-01
4.026230936330743589e+03 7.903255104199232717e-01
4.026251874820337434e+03 7.941503693953112508e-01
4.026272813418822807e+03 7.922146949596757803e-01
4.026293752126199252e+03 7.831771851505217041e-01
4.026314690942468587e+03 7.871178408223170608e-01
4.026335629867630360e+03 7.964384565834005114e-01
4.026356568901685023e+03 7.964580885448468983e-01
4.026377508044633942e+03 7.943701263067832752e-01
4.026398447296476661e+03 7.937534668446767361e-01
4.026419386657215000e+03 7.861110634010456399e-01
4.026440326126848959e+03 7.823435889758356687e-01
4.026461265705378537e+03 7.912639057084298599e-01
4.026482205392804644e+03 7.902252299711284289e-01
4.026503145189128645e+03 7.923527047231213594e-01
4.026524085094350085e+03 7.924811247846138551e-01
4.026545025108469872e+03 8.009047031312261922e-01
4.026565965231488917e+03 8.058364146600429656e-01
4.026586905463407220e+03 8.049029508721901038e-01
4.026607845804225235e+03 8.040786490215026117e-01
4.026628786253944327e+03 8.027625017386913475e-01
4.026649726812564495e+03 8.070948890274405318e-01
4.026670667480086649e+03 8.119831403855083396e-01
4.026691608256510790e+03 8.151417681496332390e-01
4.026712549141837826e+03 8.100757295100532440e-01
4.026733490136069122e+03 8.214006993375183585e-01
4.026754431239203313e+03 8.160991009533075102e-01
4.026775372451243129e+03 8.106464543149377588e-01
4.026796313772187204e+03 8.193549331541019054e-01
4.026817255202037359e+03 8.187566195877837849e-01
4.026838196740794046e+03 8.164276702827499843e-01
4.026859138388457723e+03 8.237381030272348248e-01
4.026880080145028387e+03 8.263210078697276195e-01
4.026901022010506949e+03 8.343708559703927330e-01
4.026921963984894319e+03 8.380116667568766609e-01
4.026942906068190950e+03 8.403567046157673914e-01
4.026963848260396844e+03 8.376325435374206707e-01
4.026984790561513364e+03 8.476068424772046361e-01
4.027005732971540510e+03 8.335858008279052322e-01
4.027026675490479192e+03 8.422293315477880071e-01
4.027047618118329865e+03 8.495808074136307342e-01
4.027068560855093438e+03 8.452758496430994306e-01
4.027089503700769455e+03 8.453668516338742611e-01
4.027110446655359283e+03 8.498502986588967190e-01
4.027131389718863829e+03 8.573516056140340069e-01
4.027152332891282185e+03 8.681033997119809165e-01
4.027173276172617079e+03 8.597338476691018805e-01
4.027194219562867147e+03 8.646553455603768201e-01
4.027215163062033753e+03 8.728657179414970324e-01
4.027236106670117351e+03 8.689536506322296239e-01
4.027257050387118852e+03 8.718968604469478079e-01
4.027277994213038710e+03 8.734321076204997203e-01
4.027298938147876925e+03 8.685978888867391667e-01
4.027319882191634406e+03 8.681296421856642409e-01
4.027340826344312063e+03 8.756011770515885750e-01
4.027361770605910351e+03 8.877920138162945785e-01
4.027382714976429270e+03 8.777720932277095489e-01
4.027403659455870184e+03 8.859963490616474813e-01
4.027424604044233092e+03 8.832926570939850786e-01
4.027445548741518451e+03 8.828797421081017172e-01
4.027466493547727623e+03 8.949565209579899427e-01
4.027487438462860155e+03 9.034333067216078206e-01
4.027508383486916955e+03 9.033857652531159799e-01
4.027529328619899388e+03 9.053949860433961883e-01
4.027550273861807000e+03 8.983491623967345685e-01
4.027571219212641154e+03 8.981053099831739495e-01
4.027592164672401395e+03 8.971661587331748455e-01
4.027613110241089089e+03 9.149252438202353233e-01
4.027634055918704689e+03 9.114499582913784259e-01
4.027655001705248651e+03 9.050052773724949207e-01
4.027675947600721429e+03 8.998900894618556690e-01
4.027696893605123933e+03 9.117662728020298202e-01
4.027717839718456617e+03 9.259686700793169356e-01
4.027738785940719936e+03 9.251713524307112468e-01
4.027759732271913890e+03 9.190488049193199505e-01
4.027780678712040299e+03 9.120216052756384695e-01
4.027801625261098707e+03 9.302476835773486608e-01
4.027822571919090024e+03 9.225377517758064361e-01
4.027843518686015159e+03 9.173856986367380228e-01
4.027864465561874567e+03 9.294930188688812489e-01
4.027885412546668249e+03 9.225044506447871440e-01
4.027906359640397113e+03 9.238631398057998156e-01
4.027927306843061615e+03 9.225614508323570773e-01
4.027948254154662663e+03 9.323001257589963453e-01
4.027969201575200259e+03 9.434591430274731350e-01
4.027990149104675311e+03 9.355727507028783752e-01
4.028011096743088729e+03 9.450497715052791348e-01
4.028032044490440967e+03 9.377841914988767069e-01
4.028052992346731571e+03 9.400721025396568953e-01
4.028073940311961906e+03 9.431622058214182980e-01
4.028094888386133334e+03 9.384436134235522031e-01
4.028115836569245403e+03 9.370393141980222218e-01
4.028136784861298565e+03 9.401348377215057450e-01
4.028157733262293732e+03 9.348581942773722675e-01
4.028178681772231357e+03 9.385202275510435843e-01
4.028199630391112350e+03 9.535962606418496579e-01
4.028220579118937621e+03 9.485951277469802934e-01
4.028241527955705806e+03 9.473896481701717942e-01
4.028262476901419632e+03 9.558996803906767425e-01
4.028283425956079100e+03 9.689284477518095295e-01
4.028304375119683755e+03 9.475827197363627663e-01
4.028325324392235416e+03 9.530489835423215927e-01
4.028346273773734083e+03 9.607696916565975354e-01
4.028367223264180666e+03 9.569589639726471253e-01
4.028388172863575164e+03 9.664068310811892992e-01
4.028409122571918033e+03 9.751111284144071689e-01
4.028430072389210636e+03 9.650348377691009283e-01
4.028451022315453429e+03 9.713061011894106311e-01
4.028471972350646411e+03 9.748370907024297427e-01
4.028492922494790491e+03 9.724882538323075254e-01
4.028513872747886126e+03 9.694821521226606453e-01
4.028534823109934223e+03 9.687477820631987813e-01
4.028555773580934783e+03 9.745460231367473192e-01
4.028576724160888716e+03 9.884443585116514663e-01
4.028597674849796931e+03 9.936025898447877758e-01
4.028618625647658973e+03 9.795827821108459288e-01
4.028639576554476662e+03 9.625188346062973910e-01
4.028660527570249087e+03 9.674286246190380023e-01
4.028681478694978523e+03 9.892985481381931789e-01
4.028702429928664515e+03 9.742268484947395057e-01
4.028723381271307517e+03 9.739567034537548462e-01
4.028744332722907984e+03 9.750172146604486612e-01
4.028765284283467736e+03 9.750902778822860828e-01
4.028786235952985862e+03 9.738654311940529995e-01
4.028807187731463728e+03 9.711090575983267748e-01
4.028828139618901787e+03 9.732457126244685730e-01
4.028849091615300495e+03 9.802274365767336128e-01
4.028870043720660306e+03 9.823178902025343495e-01
4.028890995934981675e+03 9.785711272602265476e-01
4.028911948258266420e+03 9.774659595543810919e-01
4.028932900690513634e+03 9.837305741515719459e-01
4.028953853231723770e+03 9.804092355862021879e-01
4.028974805881898646e+03 9.703579431609714590e-01
4.028995758641037810e+03 9.887767700235847723e-01
4.029016711509142624e+03 9.833618944020092734e-01
4.029037664486213089e+03 9.795698125656003841e-01
4.029058617572249659e+03 9.818463383193999361e-01
4.029079570767253244e+03 9.764095297754507019e-01
4.029100524071223845e+03 9.761634256609517113e-01
4.029121477484163279e+03 9.829773489761723937e-01
4.029142431006071092e+03 9.856469803606178193e-01
4.029163384636947740e+03 9.849489970055754773e-01
4.029184338376794585e+03 9.785872731213625109e-01
4.029205292225611629e+03 9.915106951427014037e-01
4.029226246183399326e+03 9.927356164390698234e-01
4.029247200250159040e+03 9.703074945679641683e-01
4.029268154425890316e+03 9.722880611753201840e-01
4.029289108710594064e+03 9.862022883381716953e-01
4.029310063104271194e+03 9.864406103645215751e-01
4.029331017606922160e+03 9.808923180505683126e-01
4.029351972218546962e+03 9.771011048577987745e-01
4.029372926939146964e+03 9.880166543792588962e-01
4.029393881768722622e+03 9.890036795444366868e-01
4.029414836707273935e+03 9.688517319576130937e-01
4.029435791754801812e+03 9.870717201775818239e-01
4.029456746911306709e+03 9.816518807659694312e-01
4.029477702176789080e+03 9.919470333103266313e-01
4.029498657551250290e+03 9.951163092431544177e-01
4.029519613034690337e+03 9.917224773836018636e-01
4.029540568627109224e+03 9.920617297816767266e-01
4.029561524328508312e+03 9.931077212502814611e-01
4.029582480138888059e+03 9.963770325223080260e-01
4.029603436058248917e+03 9.896483934894194645e-01
4.029624392086591342e+03 9.962261455286726131e-01
4.029645348223915789e+03 9.989857107214532572e-01
4.029666304470223167e+03 9.825370418235490622e-01
4.029687260825513931e+03 9.819272776526367652e-01
4.029708217289788536e+03 9.824052181543074802e-01
4.029729173863047436e+03 9.874907815629878627e-01
4.029750130545291540e+03 9.958865328696777652e-01
4.029771087336521305e+03 9.949390052435086451e-01
4.029792044236737638e+03 9.859392154679939013e-01
4.029813001245940086e+03 9.806921878506311696e-01
4.029833958364130467e+03 9.815386743512980461e-01
4.029854915591308327e+03 9.879838905527912329e-01
4.029875872927475029e+03 9.970810563190448672e-01
4.029896830372630120e+03 9.706531987015705187e-01
4.029917787926775418e+03 9.820574827238597315e-01
4.029938745589910468e+03 9.814078525929957886e-01
4.029959703362036180e+03 9.859616387742509147e-01
4.029980661243153463e+03 9.887139492234970906e-01
4.030001619233262318e+03 9.875703578629659862e-01
4.030022577332364108e+03 9.892324691529315039e-01
4.030043535540458379e+03 9.849830821825067417e-01
4.030064493857546495e+03 9.822543626712388898e-01
4.030085452283628456e+03 9.825969793715965128e-01
4.030106410818705172e+03 9.667241387472013114e-01
4.030127369462777551e+03 9.921908847463524195e-01
4.030148328215845140e+03 9.923485404788289221e-01
4.030169287077909303e+03 9.970638780646422505e-01
4.030190246048970494e+03 9.910366727122710273e-01
4.030211205129029167e+03 9.951606333478717481e-01
4.030232164318086234e+03 9.996689264387226270e-01
4.030253123616141693e+03 9.923994027946189123e-01
4.030274083023196454e+03 9.952268600239592145e-01
4.030295042539250971e+03 1.002962456822067416e+00
4.030316002164305701e+03 9.934125608203694391e-01
4.030336961898361551e+03 9.901244906398319889e-01
4.030357921741418977e+03 9.983897878268127579e-01
4.030378881693477979e+03 9.849486999294827516e-01
4.030399841754539921e+03 9.954634799152961566e-01
4.030420801924605257e+03 9.937728834630802366e-01
4.030441762203674443e+03 9.948352511257751996e-01
4.030462722591747479e+03 9.886365826360821174e-01
4.030483683088825273e+03 9.884509958185764278e-01
4.030504643694909191e+03 1.000719816255855932e+00
4.030525604409998778e+03 9.995308415100901955e-01
4.030546565234094942e+03 1.002157503600816568e+00
4.030567526167198139e+03 1.003438649023151719e+00
4.030588487209309278e+03 9.882982356751804920e-01
4.030609448360428814e+03 9.965524682332531636e-01
4.030630409620557202e+03 1.000558328808145880e+00
4.030651370989694897e+03 9.865093215155086304e-01
4.030672332467842352e+03 9.956968372167182002e-01
4.030693294055000479e+03 1.002762458522334255e+00
4.030714255751169731e+03 9.841698382501600229e-01
4.030735217556351017e+03 9.794841271097285418e-01
4.030756179470543884e+03 9.942211651745737067e-01
4.030777141493750150e+03 9.917160859897707903e-01
4.030798103625969816e+03 9.902655602243238819e-01
4.030819065867203335e+03 9.799225824585834355e-01
4.030840028217451163e+03 9.889676753161389389e-01
4.030860990676714209e+03 9.878889368114434077e-01
4.030881953244992928e+03 9.991749551647307603e-01
4.030902915922288230e+03 9.984620732804445620e-01
4.030923878708600114e+03 9.843108017755767269e-01
4.030944841603929035e+03 9.814228704365348666e-01
4.030965804608275903e+03 9.893236676980645683e-01
4.030986767721641627e+03 9.928914150676864114e-01
4.031007730944026207e+03 9.891899725583945813e-01
4.031028694275430553e+03 9.915130273201677724e-01
4.031049657715855574e+03 1.016024280843912608e+00
4.031070621265300815e+03 1.000531008710350056e+00
4.031091584923767186e+03 9.988948072005487955e-01
4.031112548691255597e+03 9.893331594725836009e-01
4.031133512567766502e+03 9.932358433647742180e-01
4.031154476553300356e+03 1.007630469648782334e+00
4.031175440647858068e+03 1.001462034276346502e+00
4.031196404851439638e+03 9.960341700303918522e-01
4.031217369164046431e+03 9.975549414729927289e-01
4.031238333585678447e+03 1.002046745463511801e+00
4.031259298116336140e+03 1.010027125407755966e+00
4.031280262756020420e+03 9.948857945831548477e-01
4.031301227504731287e+03 9.920347927082173722e-01
4.031322192362470105e+03 9.988852405068598950e-01
4.031343157329236874e+03 1.002419563964851212e+00
4.031364122405032049e+03 9.968311784396635122e-01
4.031385087589856994e+03 9.769678183106639269e-01
4.031406052883711254e+03 9.851241831671551097e-01
4.031427018286596649e+03 9.946703903804701152e-01
4.031447983798512723e+03 9.864418658563074427e-01
4.031468949419460387e+03 9.856464075602061614e-01
4.031489915149439639e+03 9.922925739087182784e-01
4.031510880988452300e+03 9.887587900529615226e-01
4.031531846936497459e+03 9.922588121939206474e-01
4.031552812993576936e+03 1.001989194521320625e+00
4.031573779159690730e+03 9.898304332733262045e-01
4.031594745434839297e+03 1.001492226495384275e+00
4.031615711819023090e+03 9.832274555808983019e-01
4.031636678312243930e+03 9.947873418925797795e-01
4.031657644914500452e+03 9.865391072901871228e-01
4.031678611625794929e+03 9.935314191287674124e-01
4.031699578446126907e+03 1.006235750786921956e+00
4.031720545375496840e+03 1.001193615233064937e+00
4.031741512413906094e+03 9.950050778097755400e-01
4.031762479561354667e+03 9.923574930897388624e-01
4.031783446817843469e+03 1.004087672168619827e+00
4.031804414183372501e+03 1.017066189962069656e+00
4.031825381657943126e+03 9.835107564942063840e-01
4.031846349241555345e+03 9.925275226776871795e-01
4.031867316934209612e+03 9.991586175036555328e-01
4.031888284735906836e+03 9.900335296504215732e-01
4.031909252646647928e+03 9.998340601843475062e-01
4.031930220666432888e+03 1.000719571418761777e+00
4.031951188795261714e+03 9.950982797144463099e-01
4.031972157033136227e+03 9.901295948372025313e-01
4.031993125380056881e+03 9.838101790021696047e-01
4.032014093836023676e+03 9.885745459066315188e-01
4.032035062401036612e+03 9.929466812787641761e-01
4.032056031075097508e+03 9.948354544115164400e-01
4.032076999858206364e+03 9.914798577466762408e-01
4.032097968750364089e+03 9.906500852233217636e-01
4.032118937751570684e+03 9.921339450012875982e-01
4.032139906861826148e+03 9.981338117116003161e-01
4.032160876081133210e+03 9.872467501510140409e-01
4.032181845409490052e+03 9.905800817131890090e-01
4.032202814846898946e+03 9.975307426515415132e-01
4.032223784393359438e+03 9.959282117805686729e-01
4.032244754048872437e+03 9.921164553374264283e-01
4.032265723813438399e+03 9.870552485944774634e-01
4.032286693687058687e+03 9.909093298262310334e-01
4.032307663669732392e+03 9.941339569551177480e-01
4.032328633761461333e+03 9.983370401086553159e-01
4.032349603962245510e+03 1.004893312986240739e+00
4.032370574272085832e+03 9.992765997806294376e-01
4.032391544690981846e+03 1.001087404268695913e+00
4.032412515218935823e+03 1.001151237311945996e+00
4.032433485855947310e+03 9.917006045539376036e-01
4.032454456602016762e+03 9.904809726794291391e-01
4.032475427457145088e+03 9.949846865969533827e-01
4.032496398421332742e+03 9.940541316398866512e-01
4.032517369494580180e+03 9.929545792580536379e-01
4.032538340676887856e+03 9.972381611286273984e-01
4.032559311968256679e+03 1.006044344640218302e+00
4.032580283368687560e+03 1.001108418015000057e+00
4.032601254878180498e+03 9.881553683078696526e-01
4.032622226496735493e+03 9.958980919065282267e-01
4.032643198224354364e+03 1.005613901731373883e+00
4.032664170061037112e+03 9.975854436885602805e-01
4.032685142006783735e+03 9.964910307284430280e-01
4.032706114061596054e+03 9.939257948960107392e-01
4.032727086225473613e+03 1.007555506949686208e+00
4.032748058498417322e+03 1.010057323117071748e+00
4.032769030880427636e+03 9.890812606205521273e-01
4.032790003371505463e+03 9.929363165385600709e-01
4.032810975971650805e+03 1.000858834292479571e+00
4.032831948680865025e+03 9.957945173208825329e-01
4.032852921499147669e+03 1.002003213063838549e+00
4.032873894426500101e+03 9.866849634457253160e-01
4.032894867462922321e+03 9.943516045588831620e-01
4.032915840608416147e+03 9.917127380365154954e-01
4.032936813862980216e+03 1.003058260574939187e+00
4.032957787226616347e+03 9.868733576856553169e-01
4.032978760699324994e+03 9.759068059497111314e-01
4.032999734281106612e+03 9.970230522351682945e-01
4.033020707971961656e+03 1.008558628417609349e+00
4.033041681771891035e+03 9.962379296507001269e-01
4.033062655680894750e+03 9.933843871359564481e-01
4.033083629698973709e+03 9.995476484770169368e-01
4.033104603826128823e+03 9.825415899915487250e-01
4.033125578062359637e+03 9.878358396905230210e-01
4.033146552407667514e+03 9.998382907259067975e-01
4.033167526862052910e+03 9.954100931731294510e-01
4.033188501425516733e+03 9.979290310242977524e-01
4.033209476098058531e+03 1.005204069849349624e+00
4.033230450879680120e+03 9.994379822672813107e-01
4.033251425770381047e+03 9.889064479852311962e-01
4.033272400770162221e+03 9.906119886062009217e-01
4.033293375879024552e+03 9.925974175992916537e-01
4.033314351096968039e+03 9.863328825468427041e-01
4.033335326423994047e+03 9.902053808896656983e-01
4.033356301860102576e+03 1.000480702420680768e+00
4.033377277405294080e+03 1.002490504038742847e+00
4.033398253059569015e+03 9.922563413506346741e-01
4.033419228822928744e+03 9.874508518553395398e-01
4.033440204695372813e+03 9.850918378737764103e-01
4.033461180676902586e+03 9.857869728642538742e-01
4.033482156767518063e+03 9.986985455472355833e-01
4.033503132967220154e+03 1.001183726482718583e+00
4.033524109276009767e+03 9.957006236652472531e-01
4.033545085693886904e+03 9.917790432457750383e-01
4.033566062220852018e+03 9.963311218510836342e-01
4.033587038856906474e+03 1.001599286889436780e+00
4.033608015602049818e+03 9.906021714620502072e-01
4.033628992456283413e+03 9.979477936801529614e-01
4.033649969419607714e+03 1.003120729639762843e+00
4.033670946492022267e+03 9.911576644822117643e-01
4.033691923673529345e+03 9.955641072446590467e-01
4.033712900964128494e+03 9.932370836079810195e-01
4.033733878363820168e+03 9.874333423286919542e-01
4.033754855872604821e+03 1.000237835638675410e+00
4.033775833490483819e+03 1.003316858405123746e+00
4.033796811217457616e+03 9.925929905499034644e-01
4.033817789053526667e+03 9.932216259791323276e-01
4.033838766998690517e+03 1.003299214917424909e+00
4.033859745052950984e+03 1.003447875417907920e+00
4.033880723216308525e+03 9.975650206153084953e-01
4.033901701488762683e+03 1.003208343591891261e+00
4.033922679870315278e+03 1.006829356222564975e+00
4.033943658360966310e+03 9.952827968850287421e-01
4.033964636960716234e+03 9.978735724252699724e-01
4.033985615669565959e+03 1.001682601136694384e+00
4.034006594487515486e+03 9.958471812242186694e-01
4.034027573414566177e+03 9.858830855329906440e-01
4.034048552450717580e+03 9.960118362577546902e-01
4.034069531595971057e+03 9.994539832718215555e-01
4.034090510850327519e+03 9.915967104079465022e-01
4.034111490213786510e+03 9.973771775922847249e-01
4.034132469686349395e+03 9.967598372910488891e-01
4.034153449268016175e+03 9.866615016158881701e-01
4.034174428958787303e+03 1.007120538026516021e+00
4.034195408758664598e+03 1.006248333838486886e+00
4.034216388667646697e+03 1.005042420111651680e+00
4.034237368685735873e+03 9.937802238127730892e-01
4.034258348812932127e+03 9.906435864849920669e-01
4.034279329049235457e+03 9.962370313645417808e-01
4.034300309394647229e+03 9.914400896989034040e-01
4.034321289849167897e+03 9.901741089381043137e-01
4.034342270412797461e+03 9.968814012301974170e-01
4.034363251085536831e+03 9.994720373458237939e-01
4.034384231867386461e+03 1.004942713523259590e+00
4.034405212758347261e+03 1.003069881553999565e+00
4.034426193758419686e+03 9.858178039094297462e-01
4.034447174867603735e+03 9.941415200800995944e-01
4.034468156085900773e+03 1.004603458233021662e+00
4.034489137413310800e+03 1.000666725489069098e+00
4.034510118849835180e+03 1.001448075857011011e+00
4.034531100395473459e+03 9.904206026121971096e-01
4.034552082050227000e+03 9.928550214579622279e-01
4.034573063814095804e+03 1.004877853152166267e+00
4.034594045687080779e+03 1.002704607581027973e+00
4.034615027669181927e+03 9.928236660291127613e-01
4.034636009760400611e+03 9.933228929923951789e-01
4.034656991960736832e+03 9.997637392580601690e-01
4.034677974270191498e+03 1.003703484736397700e+00
4.034698956688765520e+03 1.005801833422432345e+00
4.034719939216458442e+03 1.005012635662617004e+00
4.034740921853271175e+03 1.002534114485880146e+00
4.034761904599205081e+03 9.929945931931164482e-01
4.034782887454260162e+03 9.964923232743495563e-01
4.034803870418436418e+03 9.998598354991860004e-01
4.034824853491735666e+03 9.955442660209715688e-01
4.034845836674157454e+03 9.994446335537682247e-01
4.034866819965702689e+03 9.966403416484000966e-01
4.034887803366371827e+03 9.925664580653394964e-01
4.034908786876165777e+03 1.000573978252444540e+00
4.034929770495084540e+03 9.988205030854094835e-01
4.034950754223129479e+03 9.931462174457167391e-01
4.034971738060300140e+03 1.000925821717604691e+00
4.034992722006597887e+03 9.992984477460298276e-01
4.035013706062023175e+03 9.925721103376815568e-01
4.035034690226576004e+03 9.999330372421080249e-01
4.035055674500257737e+03 9.914094456754215523e-01
4.035076658883068831e+03 9.912367456469730609e-01
4.035097643375009284e+03 9.941079457694407262e-01
4.035118627976079551e+03 9.894040793245298948e-01
4.035139612686280998e+03 9.904596634330716798e-01
4.035160597505614078e+03 1.002269498502625256e+00
4.035181582434078791e+03 1.001305884844515548e+00
4.035202567471676502e+03 9.978797639584332524e-01
4.035223552618406757e+03 9.956205536651451249e-01
4.035244537874270918e+03 9.922969710217041106e-01
4.035265523239268987e+03 9.962304000125205006e-01
4.035286508713402327e+03 9.989586298843191603e-01
4.035307494296670484e+03 9.971988087216304697e-01
4.035328479989074822e+03 9.961975820673792947e-01
4.035349465790615795e+03 9.783438474410632857e-01
4.035370451701293860e+03 9.985670937040145301e-01
4.035391437721109014e+03 1.004749938318938218e+00
4.035412423850063078e+03 9.970492056034463424e-01
4.035433410088155142e+03 9.993283776269764607e-01
4.035454396435387480e+03 9.967923148220476648e-01
4.035475382891758727e+03 9.902504657493265139e-01
4.035496369457271157e+03 9.899169048013813921e-01
4.035517356131924316e+03 1.001993465515816251e+00
4.035538342915719113e+03 1.009103496512605558e+00
4.035559329808656003e+03 9.993034574949631876e-01
4.035580316810735894e+03 9.976140348563689031e-01
4.035601303921958788e+03 1.003439897550946425e+00
4.035622291142325139e+03 9.874980603374148291e-01
4.035643278471836766e+03 9.955748386541442008e-01
4.035664265910492759e+03 9.879625068622623907e-01
4.035685253458294937e+03 9.921448235018935913e-01
4.035706241115242392e+03 1.011393481298922925e+00
4.035727228881337396e+03 9.922742272338190839e-01
4.035748216756579495e+03 9.896124709387121854e-01
4.035769204740969144e+03 1.000249706723319809e+00
4.035790192834507252e+03 1.003254325554378212e+00
4.035811181037194729e+03 9.964866630330644348e-01
4.035832169349031119e+03 9.966100686614196569e-01
4.035853157770018242e+03 1.000839577485886922e+00
4.035874146300155644e+03 1.001766772554650187e+00
4.035895134939444233e+03 1.010756500903281951e+00
4.035916123687884919e+03 9.983297940296304018e-01
4.035937112545477703e+03 9.981563506446075040e-01
4.035958101512223493e+03 9.996749468322461141e-01
4.035979090588123199e+03 9.956661569849298843e-01
4.036000079773176367e+03 1.008765128834478553e+00
4.036021069067384360e+03 1.009204106678095014e+00
4.036042058470748088e+03 1.009522792372360200e+00
4.036063047983267097e+03 9.984784493325973287e-01
4.036084037604942750e+03 9.928516054822456027e-01
4.036105027335775048e+03 9.965309735543278480e-01
4.036126017175764900e+03 9.995386635882427262e-01
4.036147007124912761e+03 1.008800700014565788e+00
4.036167997183219541e+03 1.011509141989493710e+00
4.036188987350685238e+03 1.002443526162008380e+00
4.036209977627310764e+03 1.010803636991596255e+00
4.036230968013097026e+03 9.970888868491802892e-01
4.036251958508043572e+03 1.000829521325099503e+00
4.036272949112151764e+03 9.954678727261521143e-01
4.036293939825421603e+03 9.909614774084759548e-01
4.036314930647854908e+03 1.005421471927144150e+00
4.036335921579450769e+03 1.000986233490996469e+00
4.036356912620210551e+03 1.012468205989683456e+00
4.036377903770134708e+03 1.015344515812457438e+00
4.036398895029223695e+03 1.008338537614046793e+00
4.036419886397477512e+03 1.004328050368376024e+00
4.036440877874897978e+03 1.001995445363318638e+00
4.036461869461485094e+03 1.000852760388735385e+00
4.036482861157239313e+03 1.000794354037906508e+00
4.036503852962161091e+03 1.003791801247528870e+00
4.036524844876250881e+03 1.005687386578226095e+00
4.036545836899510050e+03 1.005506834199757726e+00
4.036566829031938141e+03 1.009182712355565448e+00
4.036587821273536520e+03 1.007809993044831653e+00
4.036608813624305640e+03 9.984201397931332655e-01
4.036629806084245502e+03 9.922796264802947741e-01
4.036650798653357015e+03 1.011651712020447125e+00
4.036671791331641089e+03 9.965301524791962962e-01
4.036692784119097269e+03 9.997082819984208779e-01
4.036713777015727374e+03 1.009903333464253095e+00
4.036734770021531858e+03 1.002415645828675261e+00
4.036755763136510268e+03 1.000822227163393530e+00
4.036776756360663967e+03 1.008582284585857858e+00
4.036797749693993410e+03 1.008526897890769991e+00
4.036818743136498597e+03 1.003085199229152957e+00
4.036839736688180892e+03 1.015009744773171185e+00
4.036860730349040750e+03 1.002287089274955356e+00
4.036881724119078171e+03 1.005526830691346296e+00
4.036902717998294520e+03 9.993473307558981000e-01
4.036923711986689796e+03 1.007029199637781369e+00
4.036944706084264908e+03 1.000743819205927032e+00
4.036965700291019402e+03 1.009513684163053870e+00
4.036986694606955098e+03 1.003765391450995637e+00
4.037007689032072449e+03 1.008374499579185457e+00
4.037028683566371456e+03 1.010442251744097630e+00
4.037049678209852573e+03 9.973178811136540478e-01
4.037070672962517165e+03 9.976335620956929828e-01
4.037091667824365231e+03 1.003617226012425645e+00
4.037112662795397682e+03 1.001838774332920456e+00
4.037133657875614517e+03 1.002141370788776298e+00
4.037154653065017555e+03 9.851244679941543181e-01
4.037175648363604978e+03 9.997925691110230995e-01
4.037196643771379968e+03 9.965207218906337872e-01
4.037217639288341616e+03 1.002736681270331776e+00
4.037238634914490831e+03 1.004296871738824537e+00
4.037259630649828068e+03 1.013126945208670193e+00
4.037280626494354692e+03 1.003493614409100898e+00
4.037301622448069793e+03 9.998282393305104598e-01
4.037322618510975190e+03 9.986013867037665248e-01
4.037343614683070882e+03 1.005064642453396662e+00
4.037364610964357780e+03 1.001253527620538986e+00
4.037385607354835884e+03 9.954021467952780533e-01
4.037406603854506102e+03 1.004842646048256460e+00
4.037427600463368890e+03 1.007760340212165984e+00
4.037448597181425612e+03 1.003365524466488523e+00
4.037469594008675358e+03 1.000490241435324057e+00
4.037490590945119948e+03 9.941754225768507647e-01
4.037511587990759381e+03 1.005316721840429084e+00
4.037532585145594567e+03 1.015691431542541157e+00
4.037553582409625506e+03 1.004099958466114551e+00
4.037574579782853561e+03 9.949400873140745727e-01
4.037595577265278280e+03 1.013109517921296554e+00
4.037616574856901025e+03 1.004625588273245107e+00
4.037637572557722251e+03 1.010051480795923995e+00
4.037658570367742414e+03 1.008252670016739572e+00
4.037679568286961967e+03 9.997474164157829080e-01
4.037700566315381820e+03 1.005365073416361499e+00
4.037721564453001974e+03 1.007488814169073210e+00
4.037742562699823793e+03 1.004644299454992451e+00
4.037763561055846822e+03 1.009681184274426435e+00
4.037784559521072424e+03 1.006080273923933399e+00
4.037805558095501056e+03 9.942691196803995490e-01
4.037826556779133170e+03 9.923500052005936878e-01
4.037847555571969224e+03 9.976138740451966358e-01
4.037868554474010125e+03 1.007798367333396339e+00
4.037889553485255874e+03 1.006893449716662614e+00
4.037910552605707835e+03 9.975935523772548885e-01
4.037931551835365553e+03 1.000072720327943365e+00
4.037952551174230393e+03 1.003063371821393046e+00
4.037973550622302810e+03 1.002004470119509438e+00
4.037994550179583257e+03 1.002776106537355494e+00
4.038015549846071735e+03 1.005947958676090659e+00
4.038036549621770064e+03 1.005575738474598912e+00
4.038057549506677788e+03 1.002641593737757519e+00
4.038078549500796271e+03 1.004854890478266594e+00
4.038099549604124604e+03 1.007325750657281027e+00
4.038120549816665516e+03 9.980075204396061661e-01
4.038141550138417642e+03 9.895717418018744604e-01
4.038162550569382802e+03 1.000419440659068515e+00
4.038183551109560995e+03 1.005029901978198970e+00
4.038204551758952675e+03 1.014409906910979098e+00
4.038225552517558754e+03 1.003965564837529190e+00
4.038246553385379684e+03 9.835462443877537320e-01
4.038267554362415922e+03 9.993540156679190378e-01
4.038288555448668376e+03 1.002013454888191601e+00
4.038309556644137501e+03 1.008350756623753952e+00
4.038330557948823298e+03 1.004801692330331342e+00
4.038351559362726675e+03 1.000198992733255299e+00
4.038372560885848998e+03 1.002098561932328602e+00
4.038393562518189810e+03 1.007603442389684467e+00
4.038414564259749568e+03 1.003502899246112801e+00
4.038435566110529635e+03 9.880419527435678750e-01
4.038456568070530011e+03 9.963956882197625431e-01
4.038477570139751606e+03 1.003501890479485903e+00
4.038498572318195329e+03 9.962732195728454254e-01
4.038519574605860726e+03 1.002173815805158519e+00
4.038540577002749160e+03 9.982401765643763580e-01
4.038561579508861087e+03 1.001201403942997059e+00
4.038582582124196051e+03 9.968709682806210504e-01
4.038603584848756327e+03 9.994232432630816287e-01
4.038624587682541915e+03 1.008501865261715924e+00
4.038645590625552359e+03 9.990015692642710832e-01
4.038666593677789479e+03 9.960938763231556026e-01
4.038687596839253274e+03 1.004351174084015641e+00
4.038708600109944200e+03 1.006526126208915795e+00
4.038729603489863621e+03 1.009599847291912544e+00
4.038750606979011081e+03 1.017267199898028940e+00
4.038771610577387037e+03 1.007970005108326017e+00
4.038792614284993761e+03 9.992314008187791474e-01
4.038813618101829434e+03 1.014181363135935765e+00
4.038834622027896785e+03 9.989797732513948647e-01
4.038855626063195359e+03 1.003683418403155114e+00
4.038876630207725611e+03 1.000376786357901837e+00
4.038897634461487996e+03 1.009639848693149489e+00
4.038918638824483423e+03 9.977351663163813722e-01
4.038939643296712802e+03 1.005727437284849257e+00
4.038960647878176587e+03 1.001046966503572389e+00
4.038981652568874779e+03 1.009336187468159673e+00
4.039002657368807832e+03 1.003200647720117189e+00
4.039023662277977110e+03 9.974992682041593506e-01
4.039044667296383068e+03 1.009670393724777293e+00
4.039065672424025706e+03 1.008044506558062325e+00
4.039086677660905934e+03 1.001607578163904666e+00
4.039107683007024661e+03 1.008358794423522165e+00
4.039128688462381888e+03 1.004827510695226689e+00
4.039149694026978068e+03 9.981761984839216950e-01
4.039170699700814112e+03 1.003988871759212920e+00
4.039191705483890473e+03 1.008062425388878802e+00
4.039212711376208063e+03 1.001163841777571450e+00
4.039233717377767789e+03 1.008781678807596061e+00
4.039254723488568743e+03 1.004040538997374998e+00
4.039275729708612744e+03 1.014214941790986035e+00
4.039296736037899791e+03 1.007871130929486991e+00
4.039317742476430794e+03 1.003472999803026955e+00
4.039338749024206209e+03 1.002233161910422332e+00
4.039359755681226034e+03 1.000282916599683602e+00
4.039380762447492089e+03 1.003657495152416868e+00
4.039401769323003919e+03 9.986130243666986317e-01
4.039422776307762433e+03 9.960856881028778975e-01
4.039443783401768087e+03 1.011303205810089256e+00
4.039464790605021335e+03 1.012751520773972791e+00
4.039485797917523541e+03 1.000573501036366997e+00
4.039506805339274706e+03 1.006671692586712519e+00
4.039527812870274374e+03 1.005803276283306680e+00
4.039548820510525275e+03 1.001034104910784484e+00
4.039569828260026043e+03 1.009408140218545746e+00
4.039590836118778043e+03 1.003590364850749594e+00
4.039611844086782185e+03 9.997902843125795469e-01
4.039632852164038468e+03 9.996351076088285659e-01
4.039653860350547802e+03 9.999172595778252903e-01
4.039674868646310188e+03 1.002383679091729096e+00
4.039695877051326534e+03 1.005349726234291419e+00
4.039716885565598204e+03 9.979541646606449046e-01
