# Corrected for radial velocity of 20.55 km/s
# 
# star name zetOri, line HEIHEII4026
# instrument: HERMES spectrograph @Mercator
# date of observation (midpoint)2018-10-11T04:29:31.189689
# BJD of observation (midpoint)2458402.6892312
# name of fits file: 00897638_HRF_OBJ_ext_CosmicsRemoved_log_merged_c.fits
# 
# wavelength(Angstrom,air) normalised_flux
4.013729201773125169e+03 9.967287683771017814e-01
4.013750075247213317e+03 9.949681770486010768e-01
4.013770948829855570e+03 1.001797815977553352e+00
4.013791822521051017e+03 1.002533991529283686e+00
4.013812696320799660e+03 9.940089941076645230e-01
4.013833570229103771e+03 9.915379545444870102e-01
4.013854444245962441e+03 9.995844484110736339e-01
4.013875318371377489e+03 1.003786014866085985e+00
4.013896192605348460e+03 9.945056289433735763e-01
4.013917066947875810e+03 9.944411008821089082e-01
4.013937941398961357e+03 9.990501670743342499e-01
4.013958815958604646e+03 9.939630831020911383e-01
4.013979690626806132e+03 9.964490077978689353e-01
4.014000565403567634e+03 9.990279627388859440e-01
4.014021440288887334e+03 9.948721362312211713e-01
4.014042315282768413e+03 9.937833015676595938e-01
4.014063190385209964e+03 9.998918849608033899e-01
4.014084065596212895e+03 9.978882192678092400e-01
4.014104940915777661e+03 9.851268697465794810e-01
4.014125816343904717e+03 1.002776748403395368e+00
4.014146691880595426e+03 9.929160285902787209e-01
4.014167567525849790e+03 9.938778963597868499e-01
4.014188443279667354e+03 9.974137524212061123e-01
4.014209319142050390e+03 9.902156646614146407e-01
4.014230195112998899e+03 9.940408722326257163e-01
4.014251071192512882e+03 9.983171547862276229e-01
4.014271947380593701e+03 1.001900958564062583e+00
4.014292823677241358e+03 1.003807126579274733e+00
4.014313700082456307e+03 1.002490914052445614e+00
4.014334576596239458e+03 1.002499145143945114e+00
4.014355453218591720e+03 1.002074064877086057e+00
4.014376329949513092e+03 9.955937501996999783e-01
4.014397206789004031e+03 1.000553822115918257e+00
4.014418083737065444e+03 9.993347998990289582e-01
4.014438960793698243e+03 9.960398318636871640e-01
4.014459837958901971e+03 9.981415982478251125e-01
4.014480715232677994e+03 9.931025039642431551e-01
4.014501592615026766e+03 9.989067667505550085e-01
4.014522470105948742e+03 9.957393068072446507e-01
4.014543347705444376e+03 9.972122630568515111e-01
4.014564225413514123e+03 1.004468017315051753e+00
4.014585103230159348e+03 1.001512239974885699e+00
4.014605981155380050e+03 1.003125844164619140e+00
4.014626859189176230e+03 1.001781811135784128e+00
4.014647737331549251e+03 9.981636184764804964e-01
4.014668615582500024e+03 1.000315029380420384e+00
4.014689493942028093e+03 9.961834774360073252e-01
4.014710372410134369e+03 9.944712237891737416e-01
4.014731250986819305e+03 9.928376173936491744e-01
4.014752129672083811e+03 9.998929904694816573e-01
4.014773008465928797e+03 1.000911338313173582e+00
4.014793887368353808e+03 9.980283515276494599e-01
4.014814766379359753e+03 1.002552952796629260e+00
4.014835645498947997e+03 1.001567276497899561e+00
4.014856524727118085e+03 9.957444474362474596e-01
4.014877404063871381e+03 9.965103227583487211e-01
4.014898283509207431e+03 1.002310042206143281e+00
4.014919163063128053e+03 9.907290062418101506e-01
4.014940042725632793e+03 1.000571714661762757e+00
4.014960922496722560e+03 9.994656047195377147e-01
4.014981802376398264e+03 9.940505729246988942e-01
4.015002682364660359e+03 9.983760737366692561e-01
4.015023562461508845e+03 9.896866845426659509e-01
4.015044442666944633e+03 9.965968671968890025e-01
4.015065322980968631e+03 9.969893865208664385e-01
4.015086203403580839e+03 9.952467716922043239e-01
4.015107083934782622e+03 9.969403845458836289e-01
4.015127964574573070e+03 9.971391902095841919e-01
4.015148845322954458e+03 1.000926819994421457e+00
4.015169726179926329e+03 9.995014440973754022e-01
4.015190607145489139e+03 1.000362744899436551e+00
4.015211488219644252e+03 9.955651852328648577e-01
4.015232369402391669e+03 9.995854291650716483e-01
4.015253250693731843e+03 1.005352178023773746e+00
4.015274132093665685e+03 9.969150427438554507e-01
4.015295013602193649e+03 9.984940052419857270e-01
4.015315895219316189e+03 1.000954345984977900e+00
4.015336776945034217e+03 1.003534972806817471e+00
4.015357658779348185e+03 9.963392166340612199e-01
4.015378540722258094e+03 9.920201178418023291e-01
4.015399422773765309e+03 9.967525182971305187e-01
4.015420304933869829e+03 9.958394300662751775e-01
4.015441187202572564e+03 9.969355067057341646e-01
4.015462069579873969e+03 1.006110052231757201e+00
4.015482952065774043e+03 1.009484206811824825e+00
4.015503834660274151e+03 1.001330644353168653e+00
4.015524717363374748e+03 9.950367920972235103e-01
4.015545600175076288e+03 1.002637726676654184e+00
4.015566483095378771e+03 1.002117202839257759e+00
4.015587366124284017e+03 9.940727352621097079e-01
4.015608249261791570e+03 9.962578283535452606e-01
4.015629132507901886e+03 1.007170349195879222e+00
4.015650015862616328e+03 1.000386356552870781e+00
4.015670899325934897e+03 9.949267096061716886e-01
4.015691782897858047e+03 9.982985058897960728e-01
4.015712666578387598e+03 1.002460500443111746e+00
4.015733550367522184e+03 9.970244212481793600e-01
4.015754434265263171e+03 9.998220119318349530e-01
4.015775318271611923e+03 9.981221675148252981e-01
4.015796202386567984e+03 9.970470861960210041e-01
4.015817086610132264e+03 1.008511259530084248e+00
4.015837970942305674e+03 1.002903384765456707e+00
4.015858855383087757e+03 1.008518943997883666e+00
4.015879739932480334e+03 1.002444359108919381e+00
4.015900624590483403e+03 9.982292339243027390e-01
4.015921509357097420e+03 9.963615651240124160e-01
4.015942394232322840e+03 1.002264073510805487e+00
4.015963279216161027e+03 9.988008565837862562e-01
4.015984164308611525e+03 1.000205616589069813e+00
4.016005049509675246e+03 9.948696564652903529e-01
4.016025934819353097e+03 1.001094659502654860e+00
4.016046820237645079e+03 9.996696797588615624e-01
4.016067705764552557e+03 9.990601111155240632e-01
4.016088591400075074e+03 9.969996369138433012e-01
4.016109477144213997e+03 9.955042489922127924e-01
4.016130362996969779e+03 9.975096790213927589e-01
4.016151248958342876e+03 9.955710878447088241e-01
4.016172135028333287e+03 1.003531574964606543e+00
4.016193021206942376e+03 1.004472977420320934e+00
4.016213907494171053e+03 1.000301297701020387e+00
4.016234793890018409e+03 1.004772750314977259e+00
4.016255680394486262e+03 1.005402162536068511e+00
4.016276567007574613e+03 1.001959998243536987e+00
4.016297453729283916e+03 1.003103746479160341e+00
4.016318340559615081e+03 1.008567034395603690e+00
4.016339227498569016e+03 1.002359631020446340e+00
4.016360114546146178e+03 1.001922343008979199e+00
4.016381001702346111e+03 9.984426319479476897e-01
4.016401888967170180e+03 1.004578581169059515e+00
4.016422776340619293e+03 1.000153113993540455e+00
4.016443663822692997e+03 9.956917703750608473e-01
4.016464551413392655e+03 1.010601962171724599e+00
4.016485439112718723e+03 1.009802078851138374e+00
4.016506326920671654e+03 9.959506081112337039e-01
4.016527214837251904e+03 1.002368436825611830e+00
4.016548102862460382e+03 1.004417080712281640e+00
4.016568990996297543e+03 9.984811772487546255e-01
4.016589879238763388e+03 1.002234679419837793e+00
4.016610767589858824e+03 9.972275868450033443e-01
4.016631656049585217e+03 1.001876060127614432e+00
4.016652544617942112e+03 9.998841391179573712e-01
4.016673433294930419e+03 9.979061424910211642e-01
4.016694322080550137e+03 1.002120481379557670e+00
4.016715210974803085e+03 9.974794118685014199e-01
4.016736099977688809e+03 1.000129319253894700e+00
4.016756989089208219e+03 1.002628918322167495e+00
4.016777878309361768e+03 1.000896615339047724e+00
4.016798767638150366e+03 1.001231117512386248e+00
4.016819657075574014e+03 1.006949386657016943e+00
4.016840546621634076e+03 1.006063740693019071e+00
4.016861436276330096e+03 9.990076053330700923e-01
4.016882326039662985e+03 1.000775367473367705e+00
4.016903215911634106e+03 1.007066931635339557e+00
4.016924105892243006e+03 1.003709421029521209e+00
4.016944995981490592e+03 1.008514888174215196e+00
4.016965886179377776e+03 1.005019860328072445e+00
4.016986776485904556e+03 9.951469601897768857e-01
4.017007666901072298e+03 9.979979358101903619e-01
4.017028557424880091e+03 1.001455563237456214e+00
4.017049448057330210e+03 9.996364262842690751e-01
4.017070338798422199e+03 1.000956971599696432e+00
4.017091229648156968e+03 9.942627203636480449e-01
4.017112120606534972e+03 9.986289352020434329e-01
4.017133011673556666e+03 9.997909868889919283e-01
4.017153902849222959e+03 9.997405310955560509e-01
4.017174794133534306e+03 1.004148226153087187e+00
4.017195685526490706e+03 1.000660330348867033e+00
4.017216577028093525e+03 1.001280242684162491e+00
4.017237468638342762e+03 9.999663589423219978e-01
4.017258360357239326e+03 1.001895755214401440e+00
4.017279252184783672e+03 1.009823848186242268e+00
4.017300144120976256e+03 1.006057999377183210e+00
4.017321036165817532e+03 1.001550597086609873e+00
4.017341928319308863e+03 9.997613949464826399e-01
4.017362820581450251e+03 1.012702640085124672e+00
4.017383712952242149e+03 1.010589871481236912e+00
4.017404605431684558e+03 1.005684684604916779e+00
4.017425498019779297e+03 1.005443710581093164e+00
4.017446390716525912e+03 1.005059365563650386e+00
4.017467283521926220e+03 1.002775141641528478e+00
4.017488176435979312e+03 1.004643809433364510e+00
4.017509069458686554e+03 1.000955402332258659e+00
4.017529962590047944e+03 1.002032444833394598e+00
4.017550855830064847e+03 1.011763982712317489e+00
4.017571749178737264e+03 1.009519015431147304e+00
4.017592642636066557e+03 1.002696511776065114e+00
4.017613536202051819e+03 1.001929253186307101e+00
4.017634429876694867e+03 1.002797230848608834e+00
4.017655323659995702e+03 1.004072274854056923e+00
4.017676217551955233e+03 1.011395967994790368e+00
4.017697111552573915e+03 9.996499381566614773e-01
4.017718005661852203e+03 1.004401579370123754e+00
4.017738899879790097e+03 9.984677140023432429e-01
4.017759794206389870e+03 1.000714817745488316e+00
4.017780688641649704e+03 9.966936120028287993e-01
4.017801583185572781e+03 9.999401770160387670e-01
4.017822477838157283e+03 1.002439062782725987e+00
4.017843372599405029e+03 1.002586287512601926e+00
4.017864267469316928e+03 1.001029220433234057e+00
4.017885162447892526e+03 9.982879511121338645e-01
4.017906057535132732e+03 9.998145647823309945e-01
4.017926952731038455e+03 1.004871276095633315e+00
4.017947848035610150e+03 1.002785869260215845e+00
4.017968743448847817e+03 9.959859717632892906e-01
4.017989638970752821e+03 9.982229021215204279e-01
4.018010534601325617e+03 1.003379115548386880e+00
4.018031430340566203e+03 1.006114362263594186e+00
4.018052326188475490e+03 1.007044811039649046e+00
4.018073222145053933e+03 1.000428900504484853e+00
4.018094118210301986e+03 9.953311617331558336e-01
4.018115014384221013e+03 9.942343081501301416e-01
4.018135910666810560e+03 1.000099455792011094e+00
4.018156807058071990e+03 9.945629181939056318e-01
4.018177703558005305e+03 1.001149989815935726e+00
4.018198600166611413e+03 1.005279495272951129e+00
4.018219496883890315e+03 9.981245634732652805e-01
4.018240393709843374e+03 1.005294796577510530e+00
4.018261290644470591e+03 1.003629101513669797e+00
4.018282187687772876e+03 1.004556390063253479e+00
4.018303084839750227e+03 1.002253647637242118e+00
4.018323982100404010e+03 1.000439193750930267e+00
4.018344879469734678e+03 9.961220980892093735e-01
4.018365776947741779e+03 9.998463520299940566e-01
4.018386674534426675e+03 1.002096541364761118e+00
4.018407572229790276e+03 9.958155399908823480e-01
4.018428470033832582e+03 1.001962477543357100e+00
4.018449367946554048e+03 1.002208691882622515e+00
4.018470265967955584e+03 1.004283499321497741e+00
4.018491164098038098e+03 1.013496282739204890e+00
4.018512062336801591e+03 1.000705389206948848e+00
4.018532960684246518e+03 1.000336847627205872e+00
4.018553859140373788e+03 1.004288775317624838e+00
4.018574757705184311e+03 1.004261722373901433e+00
4.018595656378677177e+03 1.000718841316057484e+00
4.018616555160854659e+03 9.983329336228398132e-01
4.018637454051716759e+03 9.974434150076723071e-01
4.018658353051263930e+03 1.001386819129435501e+00
4.018679252159496173e+03 1.006703929783642426e+00
4.018700151376415306e+03 9.985777425334773083e-01
4.018721050702020875e+03 1.000058780040379514e+00
4.018741950136313790e+03 1.001135687976554278e+00
4.018762849679294959e+03 1.004902173891015105e+00
4.018783749330963929e+03 9.988103373833172594e-01
4.018804649091322517e+03 1.004772932371519767e+00
4.018825548960370270e+03 1.008763779720511344e+00
4.018846448938108551e+03 1.011123790192502536e+00
4.018867349024537361e+03 1.006569342373912601e+00
4.018888249219657155e+03 1.001554622544398532e+00
4.018909149523469296e+03 1.000553473895872569e+00
4.018930049935973784e+03 9.993470052060058340e-01
4.018950950457171530e+03 9.982329218379142333e-01
4.018971851087062532e+03 9.959794948653206692e-01
4.018992751825647247e+03 9.943443693386838644e-01
4.019013652672927037e+03 9.954508676950803991e-01
4.019034553628901904e+03 1.002271116144266117e+00
4.019055454693573211e+03 9.972956680182091249e-01
4.019076355866940048e+03 9.933801494875345028e-01
4.019097257149004236e+03 1.002327710535743099e+00
4.019118158539765773e+03 9.959411964310154186e-01
4.019139060039225569e+03 1.007350369517323152e+00
4.019159961647384080e+03 1.001944006401347176e+00
4.019180863364241759e+03 1.001280119864348617e+00
4.019201765189799062e+03 1.001202084032226214e+00
4.019222667124056443e+03 1.006182694953596579e+00
4.019243569167015266e+03 1.002661462979642870e+00
4.019264471318675078e+03 9.987731789002792793e-01
4.019285373579037241e+03 9.919308609203122407e-01
4.019306275948101757e+03 9.981319980892293664e-01
4.019327178425869988e+03 1.010404937538281978e+00
4.019348081012341481e+03 1.009937240553518301e+00
4.019368983707517145e+03 1.007863020786615715e+00
4.019389886511397890e+03 1.003988488385843869e+00
4.019410789423984170e+03 1.001319842782084857e+00
4.019431692445275985e+03 1.003417876802044306e+00
4.019452595575274700e+03 1.014437752282768113e+00
4.019473498813980768e+03 1.003113732233084532e+00
4.019494402161394191e+03 1.002560782070120116e+00
4.019515305617515878e+03 9.965250383462789241e-01
4.019536209182346283e+03 9.978807476379032426e-01
4.019557112855886771e+03 1.001693202739638799e+00
4.019578016638135978e+03 9.999964591861488783e-01
4.019598920529097086e+03 1.000363144501058787e+00
4.019619824528768277e+03 9.978125497193164328e-01
4.019640728637151369e+03 1.000959704801953398e+00
4.019661632854246363e+03 1.002712428551082002e+00
4.019682537180054624e+03 1.001191441962431039e+00
4.019703441614576150e+03 1.004880407742322124e+00
4.019724346157811851e+03 1.006705114428188441e+00
4.019745250809761274e+03 9.940396063981630226e-01
4.019766155570426235e+03 9.988270582177688484e-01
4.019787060439806282e+03 9.987262850559753824e-01
4.019807965417903233e+03 9.963916583283004558e-01
4.019828870504716633e+03 1.003128425202924667e+00
4.019849775700247392e+03 1.003724837521646318e+00
4.019870681004495964e+03 1.004509607357837897e+00
4.019891586417462804e+03 1.007950137908879995e+00
4.019912491939148822e+03 9.981850917124837075e-01
4.019933397569554472e+03 9.909508752538357390e-01
4.019954303308679755e+03 9.918835212396209799e-01
4.019975209156526034e+03 9.970188936938977342e-01
4.019996115113093765e+03 1.004868039542629266e+00
4.020017021178382947e+03 9.928054560884757018e-01
4.020037927352394945e+03 1.004262153615159470e+00
4.020058833635129304e+03 9.998107077360809392e-01
4.020079740026587842e+03 9.911849476827414573e-01
4.020100646526770106e+03 1.005841289838411257e+00
4.020121553135677004e+03 1.010233656465234997e+00
4.020142459853309447e+03 1.001645467716294036e+00
4.020163366679667433e+03 9.949639096345159750e-01
4.020184273614751419e+03 1.006800382920660208e+00
4.020205180658562767e+03 1.003107062374322789e+00
4.020226087811101479e+03 1.004420778250558755e+00
4.020246995072368009e+03 1.002774948849469494e+00
4.020267902442363265e+03 1.001494694566162025e+00
4.020288809921087704e+03 1.007790253818030113e+00
4.020309717508542235e+03 9.960143608468517984e-01
4.020330625204726402e+03 9.981481934317335547e-01
4.020351533009642026e+03 1.001777385739107684e+00
4.020372440923288650e+03 1.002663025738865565e+00
4.020393348945667640e+03 9.969841111536302813e-01
4.020414257076778540e+03 9.938904964729682323e-01
4.020435165316623170e+03 9.981958696626156424e-01
4.020456073665201529e+03 1.006840037596427928e+00
4.020476982122513618e+03 1.002648039103465338e+00
4.020497890688561256e+03 1.006402730288197711e+00
4.020518799363343987e+03 1.007696728921767981e+00
4.020539708146862722e+03 1.005696783289848906e+00
4.020560617039117915e+03 9.988956336573755479e-01
4.020581526040110020e+03 1.001795846704448545e+00
4.020602435149839948e+03 1.000217887746649659e+00
4.020623344368307698e+03 9.938411237057258596e-01
4.020644253695514635e+03 9.994859158394263643e-01
4.020665163131461213e+03 1.002179617833759862e+00
4.020686072676147433e+03 9.973077064026193428e-01
4.020706982329574203e+03 1.003317433258290148e+00
4.020727892091741523e+03 9.965441401143213529e-01
4.020748801962651214e+03 1.004340139042272151e+00
4.020769711942302365e+03 1.003819888402794902e+00
4.020790622030696341e+03 1.006207588626468086e+00
4.020811532227834050e+03 1.000138186407809382e+00
4.020832442533715493e+03 9.996695800216827132e-01
4.020853352948341126e+03 1.001122881788802044e+00
4.020874263471712311e+03 1.005753138891254395e+00
4.020895174103828595e+03 9.909789988438281183e-01
4.020916084844691341e+03 9.955987492767353064e-01
4.020936995694300549e+03 9.988442230072718253e-01
4.020957906652656675e+03 9.972726368095635729e-01
4.020978817719761537e+03 9.949465971171346235e-01
4.020999728895614226e+03 1.000357936587134455e+00
4.021020640180215651e+03 9.985575832693840415e-01
4.021041551573566721e+03 9.989215188895602671e-01
4.021062463075668347e+03 9.932539281499872530e-01
4.021083374686520528e+03 9.992683319763048244e-01
4.021104286406123265e+03 9.990086503874343604e-01
4.021125198234478376e+03 1.002002928293566297e+00
4.021146110171585860e+03 1.003988683213536515e+00
4.021167022217446174e+03 9.921139005802644961e-01
4.021187934372059772e+03 1.000625588633095919e+00
4.021208846635427562e+03 1.009675132952702059e+00
4.021229759007550001e+03 1.000581717088395051e+00
4.021250671488427542e+03 9.988475728478783955e-01
4.021271584078060641e+03 9.999113295255698253e-01
4.021292496776450662e+03 9.983710073495009052e-01
4.021313409583597149e+03 1.005261206472982449e+00
4.021334322499501013e+03 9.981726774595486296e-01
4.021355235524163618e+03 1.002211865451723805e+00
4.021376148657584054e+03 1.000081481245537196e+00
4.021397061899763230e+03 9.931263754693661072e-01
4.021417975250703421e+03 9.923705901738495427e-01
4.021438888710402807e+03 9.933661116556001813e-01
4.021459802278863208e+03 9.968130072703895728e-01
4.021480715956085078e+03 1.001107717036150868e+00
4.021501629742069326e+03 9.942604937966585954e-01
4.021522543636815499e+03 1.001599040594502332e+00
4.021543457640325414e+03 9.919928729929720079e-01
4.021564371752598618e+03 9.872392608381184154e-01
4.021585285973636019e+03 9.937927207346830549e-01
4.021606200303438072e+03 9.934266879990927279e-01
4.021627114742006142e+03 9.898653773007236589e-01
4.021648029289339775e+03 9.852820371013764067e-01
4.021668943945439423e+03 9.900754311434575294e-01
4.021689858710306453e+03 9.995664228949615593e-01
4.021710773583941318e+03 9.900979708284083358e-01
4.021731688566344019e+03 9.959293100080457428e-01
4.021752603657515920e+03 9.987278045756898814e-01
4.021773518857457020e+03 9.923126841156489908e-01
4.021794434166167775e+03 9.929776754674607409e-01
4.021815349583649549e+03 1.001624159168481576e+00
4.021836265109901888e+03 9.993345908313987502e-01
4.021857180744925699e+03 9.950650838956396349e-01
4.021878096488721894e+03 9.899611103562424574e-01
4.021899012341290927e+03 9.878012879174433714e-01
4.021919928302633252e+03 9.946960813312720751e-01
4.021940844372748870e+03 9.873558969813067687e-01
4.021961760551639145e+03 9.941619933445876578e-01
4.021982676839304986e+03 9.890221832817905900e-01
4.022003593235745939e+03 9.951720578286044061e-01
4.022024509740962912e+03 9.945938965741727422e-01
4.022045426354956362e+03 9.910085559910818409e-01
4.022066343077727197e+03 9.834568071266125422e-01
4.022087259909276327e+03 9.909008076705356771e-01
4.022108176849603296e+03 9.977773566548997497e-01
4.022129093898709471e+03 9.940844413033200766e-01
4.022150011056594849e+03 9.880509649615991652e-01
4.022170928323260796e+03 9.915442098843272323e-01
4.022191845698707311e+03 9.947485857785415275e-01
4.022212763182934850e+03 9.959119708996755360e-01
4.022233680775943867e+03 9.946870283466550111e-01
4.022254598477735271e+03 9.956091907637186766e-01
4.022275516288309973e+03 9.871056440573571233e-01
4.022296434207667971e+03 9.948655974141407121e-01
4.022317352235810176e+03 9.941555941531683427e-01
4.022338270372736588e+03 9.887880376453995757e-01
4.022359188618448570e+03 9.930913822894438248e-01
4.022380106972945669e+03 9.994155272254150457e-01
4.022401025436229702e+03 9.999825674111232354e-01
4.022421944008300670e+03 9.905507031717989408e-01
4.022442862689158574e+03 9.866905570823039096e-01
4.022463781478804322e+03 9.892536755424027328e-01
4.022484700377239278e+03 9.875635995288291058e-01
4.022505619384462989e+03 9.832340925032068135e-01
4.022526538500476363e+03 9.873471085500326039e-01
4.022547457725280310e+03 9.909715615606060624e-01
4.022568377058874830e+03 9.904462194616556747e-01
4.022589296501260378e+03 9.824761649643014572e-01
4.022610216052438773e+03 9.868852857943662960e-01
4.022631135712409105e+03 9.911644696013958145e-01
4.022652055481172283e+03 9.845975002496301087e-01
4.022672975358729218e+03 9.805451034895732443e-01
4.022693895345080819e+03 9.860274211240834807e-01
4.022714815440227085e+03 9.877807799305503567e-01
4.022735735644168471e+03 9.842040903035653709e-01
4.022756655956905888e+03 9.829142345876645814e-01
4.022777576378440244e+03 9.881881787731797706e-01
4.022798496908771085e+03 9.866187612813177576e-01
4.022819417547899320e+03 9.874020566279742006e-01
4.022840338295825859e+03 9.866560802349856329e-01
4.022861259152551156e+03 9.851033272348991288e-01
4.022882180118076576e+03 9.800195150398086641e-01
4.022903101192401209e+03 9.851739542147558426e-01
4.022924022375525965e+03 9.812251736817105829e-01
4.022944943667451753e+03 9.852797518275409061e-01
4.022965865068179482e+03 9.845635474433996892e-01
4.022986786577709609e+03 9.832387123150349018e-01
4.023007708196042131e+03 9.786724981512343602e-01
4.023028629923177505e+03 9.816026619050655100e-01
4.023049551759117094e+03 9.744010142559009768e-01
4.023070473703861353e+03 9.720656415954507246e-01
4.023091395757410282e+03 9.823904969301329171e-01
4.023112317919764791e+03 9.825975763211155511e-01
4.023133240190925335e+03 9.794932772448324831e-01
4.023154162570892368e+03 9.796296626453449008e-01
4.023175085059666799e+03 9.816474046362531070e-01
4.023196007657249083e+03 9.707500892294707029e-01
4.023216930363639676e+03 9.784423152753795039e-01
4.023237853178839487e+03 9.783872187104214468e-01
4.023258776102848515e+03 9.762151648412478178e-01
4.023279699135667670e+03 9.762451526168058891e-01
4.023300622277297407e+03 9.800746434128246865e-01
4.023321545527738181e+03 9.716274000675018119e-01
4.023342468886991355e+03 9.704896315132206519e-01
4.023363392355056021e+03 9.761242994821387464e-01
4.023384315931933997e+03 9.748907149839842745e-01
4.023405239617625284e+03 9.721482430733684454e-01
4.023426163412130791e+03 9.697635819131699142e-01
4.023447087315450972e+03 9.736974939979822219e-01
4.023468011327585828e+03 9.763058457426040393e-01
4.023488935448536267e+03 9.739001083738574316e-01
4.023509859678303656e+03 9.718726445020707816e-01
4.023530784016887992e+03 9.738928026207978039e-01
4.023551708464288822e+03 9.700996540932537160e-01
4.023572633020508420e+03 9.649674612378292826e-01
4.023593557685546330e+03 9.673666193075955988e-01
4.023614482459403462e+03 9.723203354468623605e-01
4.023635407342079816e+03 9.639613282097221347e-01
4.023656332333577211e+03 9.607897736959358781e-01
4.023677257433894738e+03 9.639050282274227444e-01
4.023698182643034215e+03 9.649466193324598429e-01
4.023719107960995188e+03 9.635697403436697117e-01
4.023740033387779022e+03 9.608184013479323937e-01
4.023760958923385260e+03 9.630616129577769247e-01
4.023781884567815723e+03 9.638953486341412802e-01
4.023802810321070410e+03 9.570323577228130318e-01
4.023823736183149322e+03 9.545633620667556274e-01
4.023844662154054276e+03 9.532319845422846383e-01
4.023865588233784820e+03 9.511729702346991555e-01
4.023886514422341861e+03 9.444939716934220852e-01
4.023907440719725400e+03 9.499316409589796395e-01
4.023928367125937712e+03 9.481595432388230105e-01
4.023949293640976975e+03 9.530812101275853987e-01
4.023970220264845921e+03 9.488986310397288237e-01
4.023991146997543638e+03 9.457340607758474293e-01
4.024012073839071036e+03 9.419061410435114468e-01
4.024033000789429479e+03 9.403996051958215530e-01
4.024053927848618514e+03 9.429458167658384404e-01
4.024074855016639503e+03 9.375585724155509615e-01
4.024095782293491993e+03 9.423167776988665700e-01
4.024116709679177347e+03 9.368346198012026393e-01
4.024137637173696476e+03 9.445110601329625988e-01
4.024158564777048923e+03 9.330526759445162410e-01
4.024179492489236054e+03 9.343611648942675707e-01
4.024200420310258323e+03 9.313751498424883701e-01
4.024221348240115276e+03 9.270991272002030437e-01
4.024242276278809186e+03 9.251981158214283019e-01
4.024263204426339144e+03 9.258909610213944541e-01
4.024284132682706513e+03 9.284934120464143348e-01
4.024305061047912204e+03 9.249421892829438052e-01
4.024325989521955762e+03 9.201808085141793825e-01
4.024346918104838551e+03 9.217952469296785134e-01
4.024367846796560571e+03 9.177126221384263038e-01
4.024388775597122276e+03 9.138862072001895376e-01
4.024409704506525031e+03 9.173676057158997033e-01
4.024430633524768837e+03 9.193552741701298547e-01
4.024451562651854601e+03 9.072541801608379197e-01
4.024472491887782780e+03 9.076474843474368059e-01
4.024493421232553374e+03 9.038763892040737602e-01
4.024514350686167745e+03 9.070496754577158649e-01
4.024535280248626350e+03 9.068463186779572860e-01
4.024556209919929188e+03 8.995107532197269551e-01
4.024577139700077169e+03 9.001431526410487161e-01
4.024598069589070747e+03 9.008760121914385355e-01
4.024618999586910832e+03 9.016947964312912456e-01
4.024639929693597878e+03 8.979226933862739513e-01
4.024660859909132341e+03 8.972540097592190955e-01
4.024681790233514221e+03 8.959652064941552307e-01
4.024702720666744881e+03 8.900761178313175703e-01
4.024723651208825231e+03 8.826854126761822794e-01
4.024744581859754817e+03 8.817501711074334780e-01
4.024765512619535002e+03 8.825733170304858044e-01
4.024786443488165332e+03 8.782625565787774979e-01
4.024807374465647172e+03 8.759743917678221026e-01
4.024828305551981430e+03 8.746251031767438011e-01
4.024849236747167652e+03 8.771243859137048959e-01
4.024870168051207202e+03 8.755010260443111259e-01
4.024891099464100989e+03 8.680540949989384858e-01
4.024912030985848105e+03 8.683509422214901186e-01
4.024932962616449913e+03 8.649624566196902897e-01
4.024953894355907778e+03 8.584665061898549832e-01
4.024974826204220790e+03 8.585335347911855486e-01
4.024995758161391223e+03 8.511946535442138639e-01
4.025016690227418167e+03 8.518742636564941018e-01
4.025037622402302986e+03 8.500330488362720649e-01
4.025058554686045227e+03 8.487365067685634923e-01
4.025079487078646707e+03 8.434538761384262617e-01
4.025100419580107427e+03 8.408815631067262375e-01
4.025121352190428297e+03 8.436644754459129425e-01
4.025142284909609316e+03 8.410940498060389681e-01
4.025163217737651394e+03 8.429812594965260253e-01
4.025184150674554530e+03 8.333336594797604580e-01
4.025205083720320545e+03 8.343980485353292842e-01
4.025226016874948982e+03 8.325417392910350323e-01
4.025246950138440752e+03 8.338129677395271777e-01
4.025267883510795855e+03 8.275080012393970508e-01
4.025288816992016109e+03 8.225047677213660480e-01
4.025309750582101060e+03 8.292714640400122850e-01
4.025330684281051163e+03 8.259764625768196700e-01
4.025351618088868236e+03 8.128401638454384459e-01
4.025372552005551370e+03 8.134960849654309101e-01
4.025393486031101475e+03 8.095003756677250362e-01
4.025414420165519914e+03 8.097023010601613890e-01
4.025435354408806234e+03 8.134901740604905118e-01
4.025456288760961797e+03 8.082804398405279978e-01
4.025477223221986605e+03 8.100059690338026197e-01
4.025498157791881567e+03 8.069690567346432530e-01
4.025519092470647593e+03 8.000284424625689894e-01
4.025540027258284226e+03 8.076925844129689835e-01
4.025560962154792833e+03 8.057924652007332211e-01
4.025581897160173867e+03 7.992390384834275885e-01
4.025602832274427328e+03 7.937539855698376723e-01
4.025623767497554581e+03 7.983725412462882032e-01
4.025644702829556081e+03 7.913799928651863436e-01
4.025665638270431828e+03 7.901494015100253288e-01
4.025686573820182730e+03 7.930055574169878607e-01
4.025707509478810152e+03 7.889399954201340437e-01
4.025728445246312731e+03 7.844131785547389102e-01
4.025749381122692739e+03 7.863313745120101839e-01
4.025770317107949722e+03 7.846506820874608046e-01
4.025791253202085045e+03 7.862159462421642875e-01
4.025812189405099161e+03 7.854954523620755191e-01
4.025833125716992072e+03 7.844601659092760304e-01
4.025854062137764686e+03 7.864843420606767443e-01
4.025874998667417458e+03 7.834741357814187790e-01
4.025895935305951298e+03 7.789587300472915476e-01
4.025916872053366205e+03 7.768781531543558216e-01
4.025937808909663090e+03 7.745082378516509047e-01
4.025958745874842862e+03 7.762677948674996387e-01
4.025979682948905520e+03 7.710639406781460981e-01
4.026000620131851974e+03 7.768044081840030923e-01
4.026021557423682225e+03 7.751793962536530636e-01
4.026042494824397636e+03 7.724741423459928757e-01
4.026063432333998207e+03 7.790521724600985021e-01
4.026084369952484394e+03 7.751946331454478978e-01
4.026105307679857560e+03 7.720324267365782367e-01
4.026126245516117706e+03 7.734177235592727406e-01
4.026147183461265286e+03 7.675664469676999335e-01
4.026168121515301209e+03 7.780571099889245223e-01
4.026189059678225931e+03 7.747367918383752938e-01
4.026209997950039451e+03 7.710069636955755312e-01
4.026230936330743589e+03 7.769646589110195123e-01
4.026251874820337434e+03 7.776523286427338144e-01
4.026272813418822807e+03 7.730214215178025094e-01
4.026293752126199252e+03 7.759959895054769907e-01
4.026314690942468587e+03 7.787967879137770444e-01
4.026335629867630360e+03 7.766133074770893430e-01
4.026356568901685023e+03 7.769619241228835627e-01
4.026377508044633942e+03 7.793588283811210271e-01
4.026398447296476661e+03 7.749653327893494259e-01
4.026419386657215000e+03 7.765829075346160071e-01
4.026440326126848959e+03 7.750482468792525559e-01
4.026461265705378537e+03 7.770040351529172717e-01
4.026482205392804644e+03 7.815019532205237374e-01
4.026503145189128645e+03 7.832274672855745745e-01
4.026524085094350085e+03 7.880191323706412510e-01
4.026545025108469872e+03 7.872742648883591654e-01
4.026565965231488917e+03 7.821181545545242697e-01
4.026586905463407220e+03 7.870850766288571831e-01
4.026607845804225235e+03 7.876537083468808653e-01
4.026628786253944327e+03 7.956479849161173235e-01
4.026649726812564495e+03 7.855849784968207405e-01
4.026670667480086649e+03 7.952586633605110977e-01
4.026691608256510790e+03 7.972560459829013402e-01
4.026712549141837826e+03 7.977448486571270259e-01
4.026733490136069122e+03 8.020577927142840124e-01
4.026754431239203313e+03 8.043652441436444089e-01
4.026775372451243129e+03 8.043063666446605975e-01
4.026796313772187204e+03 8.041334585308179683e-01
4.026817255202037359e+03 8.061625838976930192e-01
4.026838196740794046e+03 8.112444670245926304e-01
4.026859138388457723e+03 8.186678672333957962e-01
4.026880080145028387e+03 8.196628644031964672e-01
4.026901022010506949e+03 8.203593720161153069e-01
4.026921963984894319e+03 8.229543100967237068e-01
4.026942906068190950e+03 8.247060053444202898e-01
4.026963848260396844e+03 8.215007764218688058e-01
4.026984790561513364e+03 8.224582416163037646e-01
4.027005732971540510e+03 8.284797678970381440e-01
4.027026675490479192e+03 8.333540519185269613e-01
4.027047618118329865e+03 8.282215831653944038e-01
4.027068560855093438e+03 8.401717217653277281e-01
4.027089503700769455e+03 8.420897272439321624e-01
4.027110446655359283e+03 8.442930722639139240e-01
4.027131389718863829e+03 8.459450577054782316e-01
4.027152332891282185e+03 8.463590352290665253e-01
4.027173276172617079e+03 8.500225405340900986e-01
4.027194219562867147e+03 8.509492820363545595e-01
4.027215163062033753e+03 8.530549708750732041e-01
4.027236106670117351e+03 8.668806926226448883e-01
4.027257050387118852e+03 8.569155387608192731e-01
4.027277994213038710e+03 8.621368757371600244e-01
4.027298938147876925e+03 8.680817645328680054e-01
4.027319882191634406e+03 8.726088975796089109e-01
4.027340826344312063e+03 8.759934259473886042e-01
4.027361770605910351e+03 8.771239387419739186e-01
4.027382714976429270e+03 8.732494456456786347e-01
4.027403659455870184e+03 8.698698089168858116e-01
4.027424604044233092e+03 8.777319941533724412e-01
4.027445548741518451e+03 8.819650724603107506e-01
4.027466493547727623e+03 8.910510905555333316e-01
4.027487438462860155e+03 8.882288617575995193e-01
4.027508383486916955e+03 8.912743983518754964e-01
4.027529328619899388e+03 8.978972374196400041e-01
4.027550273861807000e+03 9.006198557996752951e-01
4.027571219212641154e+03 8.981710746286626357e-01
4.027592164672401395e+03 8.979805282615450635e-01
4.027613110241089089e+03 9.045319427729079376e-01
4.027634055918704689e+03 9.057662184779080583e-01
4.027655001705248651e+03 9.046200141248563753e-01
4.027675947600721429e+03 9.078593756894006717e-01
4.027696893605123933e+03 9.065410955578883101e-01
4.027717839718456617e+03 9.063021931895016703e-01
4.027738785940719936e+03 9.217355813606917803e-01
4.027759732271913890e+03 9.176254935015463188e-01
4.027780678712040299e+03 9.148520409899240091e-01
4.027801625261098707e+03 9.205747591695426779e-01
4.027822571919090024e+03 9.220561945713586782e-01
4.027843518686015159e+03 9.192468725561880882e-01
4.027864465561874567e+03 9.209585774823819682e-01
4.027885412546668249e+03 9.295719095218297756e-01
4.027906359640397113e+03 9.294036388776494295e-01
4.027927306843061615e+03 9.284899895313936113e-01
4.027948254154662663e+03 9.266124630904722936e-01
4.027969201575200259e+03 9.345247606343761726e-01
4.027990149104675311e+03 9.385290251215074875e-01
4.028011096743088729e+03 9.417285935108344885e-01
4.028032044490440967e+03 9.378518439919453220e-01
4.028052992346731571e+03 9.347007169333543253e-01
4.028073940311961906e+03 9.449404024599334928e-01
4.028094888386133334e+03 9.477218162956702052e-01
4.028115836569245403e+03 9.494545347624383513e-01
4.028136784861298565e+03 9.401778292695596173e-01
4.028157733262293732e+03 9.459107465891328781e-01
4.028178681772231357e+03 9.536294903935574885e-01
4.028199630391112350e+03 9.551783424104992593e-01
4.028220579118937621e+03 9.541478085141403831e-01
4.028241527955705806e+03 9.520281800016570095e-01
4.028262476901419632e+03 9.486777096754018812e-01
4.028283425956079100e+03 9.486873085744371714e-01
4.028304375119683755e+03 9.518698736859158016e-01
4.028325324392235416e+03 9.522745248761224079e-01
4.028346273773734083e+03 9.569389555769245437e-01
4.028367223264180666e+03 9.599355680167749316e-01
4.028388172863575164e+03 9.656836343544992207e-01
4.028409122571918033e+03 9.477680331474319653e-01
4.028430072389210636e+03 9.548867313835960324e-01
4.028451022315453429e+03 9.630521727180014757e-01
4.028471972350646411e+03 9.638783330219443668e-01
4.028492922494790491e+03 9.633270433473626326e-01
4.028513872747886126e+03 9.610958760195550399e-01
4.028534823109934223e+03 9.604782341368531817e-01
4.028555773580934783e+03 9.644094702034196054e-01
4.028576724160888716e+03 9.704778267741707154e-01
4.028597674849796931e+03 9.647914060461005858e-01
4.028618625647658973e+03 9.627800683952402183e-01
4.028639576554476662e+03 9.686690090417746646e-01
4.028660527570249087e+03 9.675278337373007798e-01
4.028681478694978523e+03 9.635381404422658225e-01
4.028702429928664515e+03 9.673383880840956683e-01
4.028723381271307517e+03 9.720622875695869025e-01
4.028744332722907984e+03 9.750161439115225814e-01
4.028765284283467736e+03 9.777707142255557260e-01
4.028786235952985862e+03 9.713528554654510261e-01
4.028807187731463728e+03 9.786787866404401681e-01
4.028828139618901787e+03 9.756440868559007606e-01
4.028849091615300495e+03 9.796678443662465430e-01
4.028870043720660306e+03 9.759108248166586952e-01
4.028890995934981675e+03 9.815658444216370793e-01
4.028911948258266420e+03 9.808449824535715456e-01
4.028932900690513634e+03 9.805302507623335773e-01
4.028953853231723770e+03 9.821079281435698416e-01
4.028974805881898646e+03 9.759473750539232606e-01
4.028995758641037810e+03 9.740142538293785623e-01
4.029016711509142624e+03 9.764341957718298826e-01
4.029037664486213089e+03 9.747874610104300119e-01
4.029058617572249659e+03 9.790438470148200567e-01
4.029079570767253244e+03 9.806100780317406063e-01
4.029100524071223845e+03 9.807153379944968385e-01
4.029121477484163279e+03 9.787807391388383405e-01
4.029142431006071092e+03 9.813863105495245209e-01
4.029163384636947740e+03 9.861974004268919680e-01
4.029184338376794585e+03 9.855352324199845304e-01
4.029205292225611629e+03 9.794613424381527489e-01
4.029226246183399326e+03 9.763389340079102752e-01
4.029247200250159040e+03 9.816042917053109385e-01
4.029268154425890316e+03 9.830527869868050939e-01
4.029289108710594064e+03 9.831782350307471940e-01
4.029310063104271194e+03 9.817610343061194955e-01
4.029331017606922160e+03 9.907450541327738058e-01
4.029351972218546962e+03 9.910372201024769678e-01
4.029372926939146964e+03 9.861770329387585798e-01
4.029393881768722622e+03 9.830199758701938517e-01
4.029414836707273935e+03 9.822220841139454039e-01
4.029435791754801812e+03 9.829772579974733748e-01
4.029456746911306709e+03 9.824439123684048925e-01
4.029477702176789080e+03 9.830265957306140168e-01
4.029498657551250290e+03 9.893773185494726397e-01
4.029519613034690337e+03 9.972610285309408962e-01
4.029540568627109224e+03 9.843748941025450838e-01
4.029561524328508312e+03 9.837687914522065258e-01
4.029582480138888059e+03 9.896459507899854069e-01
4.029603436058248917e+03 9.893268228693489208e-01
4.029624392086591342e+03 9.851950066464845168e-01
4.029645348223915789e+03 9.835715933467632510e-01
4.029666304470223167e+03 9.845417962406466383e-01
4.029687260825513931e+03 9.882048804332377312e-01
4.029708217289788536e+03 9.929234599904446235e-01
4.029729173863047436e+03 9.887093363410316416e-01
4.029750130545291540e+03 9.951746799689292766e-01
4.029771087336521305e+03 9.968795636429009788e-01
4.029792044236737638e+03 9.887682968972764108e-01
4.029813001245940086e+03 9.848299703336718114e-01
4.029833958364130467e+03 9.890320349021655133e-01
4.029854915591308327e+03 9.891339057621623132e-01
4.029875872927475029e+03 9.886067336878499034e-01
4.029896830372630120e+03 9.904542104514774126e-01
4.029917787926775418e+03 9.851797379627338369e-01
4.029938745589910468e+03 9.828567390634818102e-01
4.029959703362036180e+03 9.936750348268681421e-01
4.029980661243153463e+03 9.869969501581309368e-01
4.030001619233262318e+03 9.856772934306564649e-01
4.030022577332364108e+03 9.804558461883068343e-01
4.030043535540458379e+03 9.895697202081158439e-01
4.030064493857546495e+03 9.917108276917454557e-01
4.030085452283628456e+03 9.876325304589455012e-01
4.030106410818705172e+03 9.866442014434885222e-01
4.030127369462777551e+03 9.891599376986038861e-01
4.030148328215845140e+03 9.922750252853350661e-01
4.030169287077909303e+03 9.879729110269743764e-01
4.030190246048970494e+03 9.803996417593509038e-01
4.030211205129029167e+03 9.926293171894172707e-01
4.030232164318086234e+03 9.853595082658276327e-01
4.030253123616141693e+03 9.864430467761508003e-01
4.030274083023196454e+03 9.913343262204378226e-01
4.030295042539250971e+03 9.954288767581057629e-01
4.030316002164305701e+03 9.891637940374848892e-01
4.030336961898361551e+03 9.861696499066842092e-01
4.030357921741418977e+03 9.905115121270425815e-01
4.030378881693477979e+03 9.929282286049164741e-01
4.030399841754539921e+03 9.923132092924606962e-01
4.030420801924605257e+03 9.851500099447307868e-01
4.030441762203674443e+03 9.879018859882104930e-01
4.030462722591747479e+03 9.869491291828985657e-01
4.030483683088825273e+03 9.913441685112773794e-01
4.030504643694909191e+03 9.960463715360184933e-01
4.030525604409998778e+03 9.999112139695042201e-01
4.030546565234094942e+03 1.000019584715448495e+00
4.030567526167198139e+03 9.968927846719966013e-01
4.030588487209309278e+03 9.884372936446826907e-01
4.030609448360428814e+03 9.897894468031706028e-01
4.030630409620557202e+03 1.002274501265382867e+00
4.030651370989694897e+03 9.970420880690235022e-01
4.030672332467842352e+03 9.916190458824214460e-01
4.030693294055000479e+03 9.943724675209359987e-01
4.030714255751169731e+03 9.935296806021630678e-01
4.030735217556351017e+03 9.924811937609336887e-01
4.030756179470543884e+03 9.936049420370116625e-01
4.030777141493750150e+03 9.936330959064690882e-01
4.030798103625969816e+03 9.915439681480774370e-01
4.030819065867203335e+03 9.933212155072929095e-01
4.030840028217451163e+03 9.958218083273678856e-01
4.030860990676714209e+03 9.936773762525353826e-01
4.030881953244992928e+03 9.942335699588671361e-01
4.030902915922288230e+03 9.994201439852973268e-01
4.030923878708600114e+03 9.973154618018902351e-01
4.030944841603929035e+03 9.937366787682526681e-01
4.030965804608275903e+03 9.953512849983324751e-01
4.030986767721641627e+03 9.898683956308905740e-01
4.031007730944026207e+03 9.944455299772436696e-01
4.031028694275430553e+03 9.926171756364161602e-01
4.031049657715855574e+03 9.930822372380826435e-01
4.031070621265300815e+03 9.943244610260566496e-01
4.031091584923767186e+03 9.926569234003558284e-01
4.031112548691255597e+03 9.924140134421434167e-01
4.031133512567766502e+03 9.929409802401791829e-01
4.031154476553300356e+03 1.001704727816722817e+00
4.031175440647858068e+03 9.922462995105384431e-01
4.031196404851439638e+03 9.997199694884123522e-01
4.031217369164046431e+03 9.963159594663979490e-01
4.031238333585678447e+03 9.924662876587172500e-01
4.031259298116336140e+03 1.002451161562706972e+00
4.031280262756020420e+03 9.972868447472758024e-01
4.031301227504731287e+03 9.885807138775288827e-01
4.031322192362470105e+03 9.919952687369401056e-01
4.031343157329236874e+03 9.946209360386020215e-01
4.031364122405032049e+03 9.913943206831405952e-01
4.031385087589856994e+03 9.933336313263485540e-01
4.031406052883711254e+03 9.991772231936540960e-01
4.031427018286596649e+03 9.849306089950188303e-01
4.031447983798512723e+03 9.937110913102180643e-01
4.031468949419460387e+03 1.000715325096372954e+00
4.031489915149439639e+03 9.965590462508169267e-01
4.031510880988452300e+03 9.930126290090929286e-01
4.031531846936497459e+03 1.001850134790918556e+00
4.031552812993576936e+03 9.973592534788940922e-01
4.031573779159690730e+03 9.883480101519653838e-01
4.031594745434839297e+03 9.889644777493636907e-01
4.031615711819023090e+03 9.879476876616015701e-01
4.031636678312243930e+03 9.913424569791594587e-01
4.031657644914500452e+03 9.906883206564205402e-01
4.031678611625794929e+03 9.958502951292131922e-01
4.031699578446126907e+03 1.004048474421406434e+00
4.031720545375496840e+03 1.003216139969561604e+00
4.031741512413906094e+03 1.001334175617305311e+00
4.031762479561354667e+03 1.001872803084936203e+00
4.031783446817843469e+03 9.912424105489912041e-01
4.031804414183372501e+03 9.900211068957612826e-01
4.031825381657943126e+03 9.929333169579117602e-01
4.031846349241555345e+03 9.935106743904000837e-01
4.031867316934209612e+03 9.974648364991668403e-01
4.031888284735906836e+03 9.912695645106779363e-01
4.031909252646647928e+03 9.966725185536680076e-01
4.031930220666432888e+03 9.912784669707319640e-01
4.031951188795261714e+03 9.988848770728229187e-01
4.031972157033136227e+03 9.934905158879508980e-01
4.031993125380056881e+03 9.973753317765440274e-01
4.032014093836023676e+03 9.919458727788879049e-01
4.032035062401036612e+03 9.903848325507965678e-01
4.032056031075097508e+03 9.962214467538296203e-01
4.032076999858206364e+03 9.968008740662995804e-01
4.032097968750364089e+03 9.960240695463189464e-01
4.032118937751570684e+03 1.000394500439254042e+00
4.032139906861826148e+03 1.001356266270787998e+00
4.032160876081133210e+03 9.976029380421815862e-01
4.032181845409490052e+03 9.880358793522137084e-01
4.032202814846898946e+03 9.922937170424622755e-01
4.032223784393359438e+03 9.997875084887702934e-01
4.032244754048872437e+03 9.943698870628555619e-01
4.032265723813438399e+03 9.970573469184536020e-01
4.032286693687058687e+03 9.993481858374215765e-01
4.032307663669732392e+03 9.980373632963602804e-01
4.032328633761461333e+03 9.976053417700062598e-01
4.032349603962245510e+03 9.982563478823770486e-01
4.032370574272085832e+03 9.965509883046769213e-01
4.032391544690981846e+03 9.966601809143406099e-01
4.032412515218935823e+03 1.004596766744781045e+00
4.032433485855947310e+03 9.989108530379504636e-01
4.032454456602016762e+03 9.940428536027101636e-01
4.032475427457145088e+03 9.950677333725664875e-01
4.032496398421332742e+03 9.961982839325990158e-01
4.032517369494580180e+03 9.947542276367484781e-01
4.032538340676887856e+03 9.976172068562485507e-01
4.032559311968256679e+03 9.953588084578826045e-01
4.032580283368687560e+03 9.959595238709099130e-01
4.032601254878180498e+03 9.938088853623326946e-01
4.032622226496735493e+03 9.885470989799266528e-01
4.032643198224354364e+03 9.959063788189707056e-01
4.032664170061037112e+03 9.972052620709456194e-01
4.032685142006783735e+03 9.863910783703567775e-01
4.032706114061596054e+03 9.927845606533310940e-01
4.032727086225473613e+03 9.963790667916241350e-01
4.032748058498417322e+03 9.993815191713085744e-01
4.032769030880427636e+03 9.933065504888611841e-01
4.032790003371505463e+03 9.949297424035127291e-01
4.032810975971650805e+03 9.962235012155901126e-01
4.032831948680865025e+03 9.921214543018287424e-01
4.032852921499147669e+03 9.978104889844994219e-01
4.032873894426500101e+03 1.002438938071720242e+00
4.032894867462922321e+03 9.987589810956952752e-01
4.032915840608416147e+03 1.001914528653271130e+00
4.032936813862980216e+03 9.966030789444442206e-01
4.032957787226616347e+03 1.002420675078008916e+00
4.032978760699324994e+03 1.003070926806978180e+00
4.032999734281106612e+03 9.965380780073606060e-01
4.033020707971961656e+03 9.965845954363067305e-01
4.033041681771891035e+03 9.931474627144383227e-01
4.033062655680894750e+03 9.944124593222993802e-01
4.033083629698973709e+03 9.970767277097397630e-01
4.033104603826128823e+03 9.981360433159914836e-01
4.033125578062359637e+03 9.988251286814959773e-01
4.033146552407667514e+03 1.000193903988879196e+00
4.033167526862052910e+03 1.000901245016175611e+00
4.033188501425516733e+03 9.993197115379640616e-01
4.033209476098058531e+03 9.998565571947477526e-01
4.033230450879680120e+03 9.965522134966009471e-01
4.033251425770381047e+03 9.927357511151814196e-01
4.033272400770162221e+03 9.931701128795542566e-01
4.033293375879024552e+03 9.943189868424180400e-01
4.033314351096968039e+03 9.956387533264916545e-01
4.033335326423994047e+03 9.948239175845636773e-01
4.033356301860102576e+03 9.888447923656524807e-01
4.033377277405294080e+03 9.955528569913250081e-01
4.033398253059569015e+03 9.985989166489420699e-01
4.033419228822928744e+03 9.925114282682112599e-01
4.033440204695372813e+03 9.964814955485534753e-01
4.033461180676902586e+03 9.938485504328923303e-01
4.033482156767518063e+03 1.002751297851757872e+00
4.033503132967220154e+03 9.974580763557068241e-01
4.033524109276009767e+03 1.004424296341533074e+00
4.033545085693886904e+03 9.964086063104178326e-01
4.033566062220852018e+03 9.968162420054587081e-01
4.033587038856906474e+03 9.969150429417623638e-01
4.033608015602049818e+03 9.965402507395780818e-01
4.033628992456283413e+03 9.917628198512432602e-01
4.033649969419607714e+03 9.907100605823535577e-01
4.033670946492022267e+03 1.001735889784036271e+00
4.033691923673529345e+03 1.005698321084537827e+00
4.033712900964128494e+03 9.956079013800253064e-01
4.033733878363820168e+03 9.959148376719919593e-01
4.033754855872604821e+03 9.966977456427585924e-01
4.033775833490483819e+03 9.931704768278927231e-01
4.033796811217457616e+03 9.998517467372649570e-01
4.033817789053526667e+03 9.986922057214611126e-01
4.033838766998690517e+03 9.966694178050655717e-01
4.033859745052950984e+03 9.997339833780908291e-01
4.033880723216308525e+03 1.000760235060620618e+00
4.033901701488762683e+03 9.993934577026127863e-01
4.033922679870315278e+03 9.968108522045279196e-01
4.033943658360966310e+03 9.939301733167207331e-01
4.033964636960716234e+03 9.946941192794559461e-01
4.033985615669565959e+03 9.962757097319061561e-01
4.034006594487515486e+03 9.943911931894477974e-01
4.034027573414566177e+03 9.979116788491068091e-01
4.034048552450717580e+03 1.000912407832235340e+00
4.034069531595971057e+03 9.999883532982023482e-01
4.034090510850327519e+03 9.970400129359197061e-01
4.034111490213786510e+03 9.891066237873105127e-01
4.034132469686349395e+03 9.928285218650501065e-01
4.034153449268016175e+03 9.993967668690824091e-01
4.034174428958787303e+03 9.978933115291929168e-01
4.034195408758664598e+03 9.970042390967703838e-01
4.034216388667646697e+03 9.982625327881747834e-01
4.034237368685735873e+03 9.962227686507698632e-01
4.034258348812932127e+03 9.987890880187347831e-01
4.034279329049235457e+03 1.000297723020355134e+00
4.034300309394647229e+03 9.867670868128376460e-01
4.034321289849167897e+03 9.978422029406751603e-01
4.034342270412797461e+03 9.892945967175316158e-01
4.034363251085536831e+03 9.906289385745460363e-01
4.034384231867386461e+03 1.005310043781315832e+00
4.034405212758347261e+03 1.001589095049892242e+00
4.034426193758419686e+03 9.934824752381549162e-01
4.034447174867603735e+03 9.902560469330567994e-01
4.034468156085900773e+03 9.952558063994636495e-01
4.034489137413310800e+03 9.957495352707261826e-01
4.034510118849835180e+03 9.910365225626158736e-01
4.034531100395473459e+03 9.936863777799064268e-01
4.034552082050227000e+03 9.968337397643992626e-01
4.034573063814095804e+03 9.951224160681667597e-01
4.034594045687080779e+03 9.927381815332360082e-01
4.034615027669181927e+03 9.909891215574214707e-01
4.034636009760400611e+03 9.972528284859190073e-01
4.034656991960736832e+03 9.969482661875118668e-01
4.034677974270191498e+03 9.934577620435702805e-01
4.034698956688765520e+03 9.965521981060520007e-01
4.034719939216458442e+03 9.991747190423458935e-01
4.034740921853271175e+03 1.000639534674186981e+00
4.034761904599205081e+03 9.985747981059166500e-01
4.034782887454260162e+03 9.943149263717089292e-01
4.034803870418436418e+03 9.950917073893725817e-01
4.034824853491735666e+03 9.998525434389625710e-01
4.034845836674157454e+03 9.997743211956993115e-01
4.034866819965702689e+03 9.940265475220398939e-01
4.034887803366371827e+03 9.975249083925716853e-01
4.034908786876165777e+03 9.943134795990526964e-01
4.034929770495084540e+03 1.000773407532755899e+00
4.034950754223129479e+03 1.001513089034918425e+00
4.034971738060300140e+03 1.004113096059355614e+00
4.034992722006597887e+03 9.968195364931101699e-01
4.035013706062023175e+03 9.969717614279559603e-01
4.035034690226576004e+03 1.005596462545282899e+00
4.035055674500257737e+03 1.000367589088529741e+00
4.035076658883068831e+03 9.935918065235878061e-01
4.035097643375009284e+03 9.932425724570091985e-01
4.035118627976079551e+03 9.905061544036966037e-01
4.035139612686280998e+03 1.000515564847865191e+00
4.035160597505614078e+03 9.997148929670871542e-01
4.035181582434078791e+03 9.974910887238246371e-01
4.035202567471676502e+03 9.948796811990082700e-01
4.035223552618406757e+03 1.002651046337742935e+00
4.035244537874270918e+03 1.000565919769710321e+00
4.035265523239268987e+03 1.004508937635335331e+00
4.035286508713402327e+03 1.000032625098895567e+00
4.035307494296670484e+03 1.002306824063738278e+00
4.035328479989074822e+03 9.978208098328223974e-01
4.035349465790615795e+03 9.901745629796205872e-01
4.035370451701293860e+03 9.967641444424031327e-01
4.035391437721109014e+03 1.002061477826564406e+00
4.035412423850063078e+03 9.984899857244216026e-01
4.035433410088155142e+03 9.987314435704097715e-01
4.035454396435387480e+03 9.942402290354153127e-01
4.035475382891758727e+03 9.961613890935304694e-01
4.035496369457271157e+03 9.906835022070241692e-01
4.035517356131924316e+03 9.952686844413288769e-01
4.035538342915719113e+03 9.996092320675403764e-01
4.035559329808656003e+03 9.977058123133588641e-01
4.035580316810735894e+03 9.998933868844872563e-01
4.035601303921958788e+03 9.979556517287464512e-01
4.035622291142325139e+03 9.957192556808780459e-01
4.035643278471836766e+03 1.000891248017203639e+00
4.035664265910492759e+03 1.006446369418675602e+00
4.035685253458294937e+03 1.005869399289653687e+00
4.035706241115242392e+03 1.001072207394572811e+00
4.035727228881337396e+03 9.987480029646330637e-01
4.035748216756579495e+03 1.003804339788819000e+00
4.035769204740969144e+03 9.956431519013164699e-01
4.035790192834507252e+03 9.976882934001269909e-01
4.035811181037194729e+03 1.002458921469308262e+00
4.035832169349031119e+03 9.992159815785353061e-01
4.035853157770018242e+03 9.971242337464183425e-01
4.035874146300155644e+03 9.996741463004775730e-01
4.035895134939444233e+03 9.988883238076130544e-01
4.035916123687884919e+03 9.986000214763275373e-01
4.035937112545477703e+03 9.999869103391336722e-01
4.035958101512223493e+03 9.976413946387718834e-01
4.035979090588123199e+03 9.999784128218763835e-01
4.036000079773176367e+03 1.005342238490700035e+00
4.036021069067384360e+03 9.994600502920175655e-01
4.036042058470748088e+03 9.990014808598145502e-01
4.036063047983267097e+03 1.001883372770330682e+00
4.036084037604942750e+03 9.999989745800573759e-01
4.036105027335775048e+03 1.003493452285481258e+00
4.036126017175764900e+03 1.001432555188775719e+00
4.036147007124912761e+03 9.939519450634922704e-01
4.036167997183219541e+03 9.973341870728178460e-01
4.036188987350685238e+03 9.999183728955362005e-01
4.036209977627310764e+03 1.003450684054109088e+00
4.036230968013097026e+03 1.003232725002360715e+00
4.036251958508043572e+03 1.000241372051336342e+00
4.036272949112151764e+03 1.002251815378053523e+00
4.036293939825421603e+03 1.004652746844418632e+00
4.036314930647854908e+03 1.002841127784945607e+00
4.036335921579450769e+03 1.000192210514700086e+00
4.036356912620210551e+03 9.984883054751287901e-01
4.036377903770134708e+03 1.000750272541570007e+00
4.036398895029223695e+03 9.974443757578904668e-01
4.036419886397477512e+03 1.000187834802865883e+00
4.036440877874897978e+03 9.948076275826316373e-01
4.036461869461485094e+03 9.942896752180552244e-01
4.036482861157239313e+03 1.000989709636161296e+00
4.036503852962161091e+03 9.968540502379682477e-01
4.036524844876250881e+03 9.971208338143444649e-01
4.036545836899510050e+03 1.004614595987429304e+00
4.036566829031938141e+03 1.004130519646998287e+00
4.036587821273536520e+03 9.976511763703884705e-01
4.036608813624305640e+03 1.000157078186235671e+00
4.036629806084245502e+03 1.006112698795966542e+00
4.036650798653357015e+03 1.000802663727627051e+00
4.036671791331641089e+03 1.008575092443937393e+00
4.036692784119097269e+03 1.010045463658945986e+00
4.036713777015727374e+03 1.003700487359822535e+00
4.036734770021531858e+03 1.004265518497536869e+00
4.036755763136510268e+03 9.998767283937318728e-01
4.036776756360663967e+03 1.004505260220005081e+00
4.036797749693993410e+03 9.987072439646959010e-01
4.036818743136498597e+03 9.975191964124122679e-01
4.036839736688180892e+03 1.001424659586254817e+00
4.036860730349040750e+03 1.003810994237972931e+00
4.036881724119078171e+03 1.001588934184754587e+00
4.036902717998294520e+03 9.996854995687179946e-01
4.036923711986689796e+03 9.995801109556701203e-01
4.036944706084264908e+03 9.995529274990869739e-01
4.036965700291019402e+03 1.009308288362258388e+00
4.036986694606955098e+03 1.004599036790827071e+00
4.037007689032072449e+03 9.969388525734229622e-01
4.037028683566371456e+03 9.968919230322074165e-01
4.037049678209852573e+03 9.966891003507619695e-01
4.037070672962517165e+03 9.975161600120349137e-01
4.037091667824365231e+03 1.002122681479914235e+00
4.037112662795397682e+03 1.000259657703391092e+00
4.037133657875614517e+03 1.001336195532134266e+00
4.037154653065017555e+03 9.986476168472672166e-01
4.037175648363604978e+03 9.980552106582336602e-01
4.037196643771379968e+03 1.002828924904385799e+00
4.037217639288341616e+03 1.001473431014084703e+00
4.037238634914490831e+03 9.992732858686864672e-01
4.037259630649828068e+03 1.003146865983140623e+00
4.037280626494354692e+03 1.002624884073172851e+00
4.037301622448069793e+03 1.003048554494416766e+00
4.037322618510975190e+03 1.005496741760120161e+00
4.037343614683070882e+03 1.004413321062269882e+00
4.037364610964357780e+03 1.014627502498782752e+00
4.037385607354835884e+03 1.005020293009339261e+00
4.037406603854506102e+03 9.998296905543019308e-01
4.037427600463368890e+03 9.979484714030935066e-01
4.037448597181425612e+03 1.001613710135720092e+00
4.037469594008675358e+03 9.992513189711312860e-01
4.037490590945119948e+03 9.972788414222965026e-01
4.037511587990759381e+03 1.001405793474799077e+00
4.037532585145594567e+03 1.001410651562917309e+00
4.037553582409625506e+03 1.002397324787938082e+00
4.037574579782853561e+03 1.007363813192474922e+00
4.037595577265278280e+03 1.006672041193496181e+00
4.037616574856901025e+03 1.010313800879719670e+00
4.037637572557722251e+03 1.002236199449447085e+00
4.037658570367742414e+03 1.002022168716496076e+00
4.037679568286961967e+03 1.003933249604565203e+00
4.037700566315381820e+03 1.002900341765452952e+00
4.037721564453001974e+03 1.005953004460619526e+00
4.037742562699823793e+03 1.004086249521890517e+00
4.037763561055846822e+03 1.008177225006019251e+00
4.037784559521072424e+03 1.004974781804649275e+00
4.037805558095501056e+03 9.993394519613592042e-01
4.037826556779133170e+03 1.003125546677048785e+00
4.037847555571969224e+03 1.007688509532817633e+00
4.037868554474010125e+03 1.008154246245116514e+00
4.037889553485255874e+03 1.005803642382522289e+00
4.037910552605707835e+03 1.003490076201517978e+00
4.037931551835365553e+03 1.006236919927083306e+00
4.037952551174230393e+03 9.981697560053413021e-01
4.037973550622302810e+03 9.958143136419820296e-01
4.037994550179583257e+03 1.002433813278740260e+00
4.038015549846071735e+03 9.996871772846813720e-01
4.038036549621770064e+03 1.005803013623188358e+00
4.038057549506677788e+03 1.001272654254449224e+00
4.038078549500796271e+03 1.001186905959589479e+00
4.038099549604124604e+03 9.991447744622690141e-01
4.038120549816665516e+03 9.966723701022089932e-01
4.038141550138417642e+03 1.000037410680302497e+00
4.038162550569382802e+03 1.005870688272300306e+00
4.038183551109560995e+03 1.003870428247938706e+00
4.038204551758952675e+03 9.998703607681279637e-01
4.038225552517558754e+03 1.002891485917367653e+00
4.038246553385379684e+03 9.985205795674066964e-01
4.038267554362415922e+03 9.915524163053047735e-01
4.038288555448668376e+03 1.004510433490878984e+00
4.038309556644137501e+03 9.963074385413152045e-01
4.038330557948823298e+03 1.001086039342114598e+00
4.038351559362726675e+03 9.997823225441915262e-01
4.038372560885848998e+03 1.004655408657359805e+00
4.038393562518189810e+03 1.010527943091171776e+00
4.038414564259749568e+03 1.006238212545207844e+00
4.038435566110529635e+03 1.003576688047539855e+00
4.038456568070530011e+03 9.964929836726271750e-01
4.038477570139751606e+03 9.930381232943228387e-01
4.038498572318195329e+03 9.997677968160185724e-01
4.038519574605860726e+03 1.004533042697715928e+00
4.038540577002749160e+03 1.000625368846105978e+00
4.038561579508861087e+03 9.984427479828678065e-01
4.038582582124196051e+03 1.001773841415222632e+00
4.038603584848756327e+03 1.003659689662847576e+00
4.038624587682541915e+03 1.005026399476029120e+00
4.038645590625552359e+03 1.003526803653538524e+00
4.038666593677789479e+03 1.005462339664854987e+00
4.038687596839253274e+03 1.010198600567653093e+00
4.038708600109944200e+03 9.984898344218511301e-01
4.038729603489863621e+03 1.009528575546966733e+00
4.038750606979011081e+03 1.006427786404756386e+00
4.038771610577387037e+03 1.005290364458067076e+00
4.038792614284993761e+03 1.005181749558312854e+00
4.038813618101829434e+03 1.009940489126852192e+00
4.038834622027896785e+03 1.006688724255260681e+00
4.038855626063195359e+03 9.995649119461654797e-01
4.038876630207725611e+03 1.000246040236354217e+00
4.038897634461487996e+03 1.005487243595299063e+00
4.038918638824483423e+03 1.007399694557189918e+00
4.038939643296712802e+03 1.004227509269632668e+00
4.038960647878176587e+03 1.003868859933866320e+00
4.038981652568874779e+03 1.005062850618011039e+00
4.039002657368807832e+03 1.004758418226565420e+00
4.039023662277977110e+03 1.001939048798302423e+00
4.039044667296383068e+03 1.004354413808838942e+00
4.039065672424025706e+03 1.000246110788368004e+00
4.039086677660905934e+03 1.006745422311975835e+00
4.039107683007024661e+03 1.002627010067437485e+00
4.039128688462381888e+03 1.007077872897570892e+00
4.039149694026978068e+03 1.005761608959386821e+00
4.039170699700814112e+03 1.008428776857208220e+00
4.039191705483890473e+03 1.011654850348192136e+00
4.039212711376208063e+03 1.004644623183423624e+00
4.039233717377767789e+03 1.000007140270045891e+00
4.039254723488568743e+03 1.006898117397137415e+00
4.039275729708612744e+03 1.006621040399142908e+00
4.039296736037899791e+03 9.998459782571612608e-01
4.039317742476430794e+03 1.005147513204720289e+00
4.039338749024206209e+03 1.002063622305388257e+00
4.039359755681226034e+03 1.009302251524546445e+00
4.039380762447492089e+03 1.000906352917798836e+00
4.039401769323003919e+03 1.001821408642421529e+00
4.039422776307762433e+03 1.005936687681877606e+00
4.039443783401768087e+03 1.006105026149958670e+00
4.039464790605021335e+03 1.002578436714069987e+00
4.039485797917523541e+03 1.007700136143078407e+00
4.039506805339274706e+03 1.005799364791297945e+00
4.039527812870274374e+03 1.000957837249006888e+00
4.039548820510525275e+03 1.002170490557335203e+00
4.039569828260026043e+03 1.001135052578857820e+00
4.039590836118778043e+03 1.002229956219597096e+00
4.039611844086782185e+03 1.000558394727687705e+00
4.039632852164038468e+03 9.982950333512051744e-01
4.039653860350547802e+03 1.008675428095197946e+00
4.039674868646310188e+03 1.007952396459127042e+00
4.039695877051326534e+03 1.000232497078120453e+00
4.039716885565598204e+03 1.007227361387256437e+00
